SimulationV04.py[0, [0, 16, 16, 0, 0, 0]]
[1, [0, 32, 32, 0, 0, 0]]
[2, [48, 48, 48, 0, 0, 0]]
[3, [48, 64, 64, 0, 0, 0]]
[4, [48, 80, 80, 0, 0, 0]]
[5, [96, 96, 96, 0, 0, 0]]
[6, [96, 112, 112, 0, 0, 0]]
[7, [96, 128, 128, 0, 0, 0]]
[8, [144, 144, 144, 0, 0, 0]]
[9, [144, 160, 160, 0, 0, 0]]
[10, [144, 176, 176, 0, 0, 0]]
[11, [192, 192, 192, 0, 0, 0]]
[12, [192, 208, 208, 0, 0, 0]]
[13, [192, 224, 224, 0, 0, 0]]
[14, [240, 240, 240, 0, 0, 0]]
[15, [240, 256, 256, 0, 0, 0]]
[16, [240, 272, 272, 0, 0, 0]]
[17, [288, 288, 288, 0, 0, 0]]
[18, [288, 304, 304, 0, 0, 0]]
[19, [288, 320, 320, 315, 0, 0]]
[20, [336, 336, 336, 27, 288, 0]]
[21, [266, 282, 282, 27, 210, 8]]
[22, [186, 218, 218, 27, 132, 6]]
[23, [154, 154, 154, 27, 54, 4]]
[24, [104, 120, 120, 27, 0, 8]]
[25, [104, 136, 136, 27, 0, 8]]
[26, [152, 152, 152, 27, 0, 8]]
[27, [152, 168, 168, 27, 0, 8]]
[28, [152, 184, 184, 27, 0, 8]]
[29, [200, 200, 200, 27, 0, 8]]
[30, [200, 216, 216, 42, 0, 8]]
[31, [200, 232, 232, 42, 0, 8]]
[32, [248, 248, 248, 42, 0, 8]]
[33, [248, 264, 264, 42, 0, 8]]
[34, [248, 280, 280, 42, 0, 8]]
[35, [296, 296, 296, 42, 0, 8]]
[36, [296, 312, 312, 42, 0, 8]]
[37, [296, 328, 328, 42, 0, 8]]
[38, [344, 344, 344, 42, 0, 8]]
[39, [344, 360, 360, 357, 0, 8]]
[40, [344, 376, 376, 69, 288, 8]]
[41, [312, 312, 312, 69, 210, 6]]
[42, [232, 248, 248, 69, 132, 4]]
[43, [152, 184, 184, 69, 54, 2]]
[44, [150, 150, 150, 69, 0, 6]]
[45, [150, 166, 166, 69, 0, 6]]
[46, [150, 182, 182, 69, 0, 6]]
[47, [198, 198, 198, 69, 0, 6]]
[48, [198, 214, 214, 69, 0, 6]]
[49, [198, 230, 230, 69, 0, 6]]
[50, [246, 246, 246, 84, 0, 6]]
[51, [246, 262, 262, 84, 0, 6]]
[52, [246, 278, 278, 84, 0, 6]]
[53, [294, 294, 294, 84, 0, 6]]
[54, [294, 310, 310, 84, 0, 6]]
[55, [294, 326, 326, 84, 0, 6]]
[56, [342, 342, 342, 84, 0, 6]]
[57, [342, 358, 358, 84, 0, 6]]
[58, [342, 374, 374, 84, 0, 6]]
[59, [390, 390, 390, 399, 0, 6]]
[60, [390, 406, 406, 111, 288, 6]]
[61, [310, 342, 342, 111, 210, 4]]
[62, [278, 278, 278, 111, 132, 2]]
[63, [198, 214, 214, 111, 54, 0]]
[64, [148, 180, 180, 111, 0, 4]]
[65, [196, 196, 196, 111, 0, 4]]
[66, [196, 212, 212, 111, 0, 4]]
[67, [196, 228, 228, 111, 0, 4]]
[68, [244, 244, 244, 111, 0, 4]]
[69, [244, 260, 260, 111, 0, 4]]
[70, [244, 276, 276, 126, 0, 4]]
[71, [292, 292, 292, 126, 0, 4]]
[72, [292, 308, 308, 126, 0, 4]]
[73, [292, 324, 324, 126, 0, 4]]
[74, [340, 340, 340, 126, 0, 4]]
[75, [340, 356, 356, 126, 0, 4]]
[76, [340, 372, 372, 126, 0, 4]]
[77, [388, 388, 388, 126, 0, 4]]
[78, [388, 404, 404, 126, 0, 4]]
[79, [388, 420, 420, 426, 0, 4]]
[80, [436, 436, 436, 138, 288, 4]]
[81, [356, 372, 372, 138, 210, 2]]
[82, [276, 308, 308, 138, 132, 0]]
[83, [254, 254, 254, 138, 54, 8]]
[84, [194, 210, 210, 138, 0, 2]]
[85, [194, 226, 226, 138, 0, 2]]
[86, [242, 242, 242, 138, 0, 2]]
[87, [242, 258, 258, 138, 0, 2]]
[88, [242, 274, 274, 138, 0, 2]]
[89, [290, 290, 290, 153, 0, 2]]
[90, [290, 306, 306, 24, 144, 2]]
[91, [210, 242, 242, 24, 66, 0]]
[92, [198, 198, 198, 24, 0, 6]]
[93, [198, 214, 214, 24, 0, 6]]
[94, [198, 230, 230, 24, 0, 6]]
[95, [246, 246, 246, 24, 0, 6]]
[96, [246, 262, 262, 24, 0, 6]]
[97, [246, 278, 278, 24, 0, 6]]
[98, [294, 294, 294, 24, 0, 6]]
[99, [294, 310, 310, 309, 0, 6]]
[100, [294, 326, 326, 36, 288, 6]]
[101, [262, 262, 262, 36, 210, 4]]
[102, [182, 198, 198, 36, 132, 2]]
[103, [102, 134, 134, 36, 54, 0]]
[104, [100, 100, 100, 36, 0, 4]]
[105, [100, 116, 116, 36, 0, 4]]
[106, [100, 132, 132, 36, 0, 4]]
[107, [148, 148, 148, 36, 0, 4]]
[108, [148, 164, 164, 36, 0, 4]]
[109, [148, 180, 180, 51, 0, 4]]
[110, [196, 196, 196, 66, 0, 4]]
[111, [196, 212, 212, 66, 0, 4]]
[112, [196, 228, 228, 66, 0, 4]]
[113, [244, 244, 244, 66, 0, 4]]
[114, [244, 260, 260, 66, 0, 4]]
[115, [244, 276, 276, 66, 0, 4]]
[116, [292, 292, 292, 66, 0, 4]]
[117, [292, 308, 308, 66, 0, 4]]
[118, [292, 324, 324, 66, 0, 4]]
[119, [340, 340, 340, 351, 0, 4]]
[120, [340, 356, 356, 78, 288, 4]]
[121, [260, 292, 292, 78, 210, 2]]
[122, [228, 228, 228, 78, 132, 0]]
[123, [158, 174, 174, 78, 54, 8]]
[124, [138, 170, 170, 78, 0, 42]]
[125, [186, 186, 186, 78, 0, 42]]
[126, [186, 202, 202, 78, 0, 42]]
[127, [186, 218, 218, 78, 0, 42]]
[128, [234, 234, 234, 78, 0, 42]]
[129, [234, 250, 250, 93, 0, 42]]
[130, [234, 266, 266, 108, 0, 42]]
[131, [262, 262, 262, 108, 0, 22]]
[132, [262, 278, 278, 108, 0, 22]]
[133, [262, 294, 294, 108, 0, 22]]
[134, [300, 300, 300, 108, 0, 12]]
[135, [300, 316, 316, 108, 0, 12]]
[136, [300, 332, 332, 108, 0, 12]]
[137, [338, 338, 338, 108, 0, 2]]
[138, [338, 354, 354, 108, 0, 2]]
[139, [338, 370, 370, 378, 0, 2]]
[140, [386, 386, 386, 120, 288, 2]]
[141, [336, 352, 352, 120, 210, 30]]
[142, [306, 338, 338, 120, 132, 78]]
[143, [344, 344, 344, 120, 54, 146]]
[144, [334, 350, 350, 120, 0, 190]]
[145, [324, 356, 356, 120, 0, 180]]
[146, [342, 342, 342, 120, 0, 150]]
[147, [322, 338, 338, 120, 0, 130]]
[148, [292, 324, 324, 120, 0, 100]]
[149, [240, 240, 240, 135, 0, 0]]
[150, [240, 256, 256, 150, 0, 0]]
[151, [240, 272, 272, 6, 144, 0]]
[152, [218, 218, 218, 6, 66, 8]]
[153, [148, 164, 164, 6, 0, 4]]
[154, [148, 180, 180, 6, 0, 4]]
[155, [196, 196, 196, 6, 0, 4]]
[156, [196, 212, 212, 6, 0, 4]]
[157, [196, 228, 228, 6, 0, 4]]
[158, [244, 244, 244, 6, 0, 4]]
[159, [244, 260, 260, 261, 0, 4]]
[160, [244, 276, 276, 147, 144, 4]]
[161, [212, 212, 212, 18, 210, 2]]
[162, [162, 178, 178, 18, 132, 30]]
[163, [152, 184, 184, 18, 54, 98]]
[164, [170, 170, 170, 18, 0, 122]]
[165, [150, 166, 166, 18, 0, 102]]
[166, [120, 152, 152, 18, 0, 72]]
[167, [98, 98, 98, 18, 0, 2]]
[168, [98, 114, 114, 18, 0, 2]]
[169, [98, 130, 130, 33, 0, 2]]
[170, [146, 146, 146, 48, 0, 2]]
[171, [146, 162, 162, 48, 0, 2]]
[172, [146, 178, 178, 48, 0, 2]]
[173, [194, 194, 194, 48, 0, 2]]
[174, [194, 210, 210, 48, 0, 2]]
[175, [194, 226, 226, 48, 0, 2]]
[176, [242, 242, 242, 48, 0, 2]]
[177, [242, 258, 258, 48, 0, 2]]
[178, [242, 274, 274, 48, 0, 2]]
[179, [290, 290, 290, 288, 0, 2]]
[180, [290, 306, 306, 30, 288, 2]]
[181, [210, 242, 242, 45, 210, 0]]
[182, [188, 188, 188, 45, 132, 8]]
[183, [108, 124, 124, 45, 54, 6]]
[184, [48, 80, 80, 45, 0, 0]]
[185, [96, 96, 96, 45, 0, 0]]
[186, [96, 112, 112, 45, 0, 0]]
[187, [96, 128, 128, 45, 0, 0]]
[188, [144, 144, 144, 45, 0, 0]]
[189, [144, 160, 160, 60, 0, 0]]
[190, [144, 176, 176, 75, 0, 0]]
[191, [192, 192, 192, 75, 0, 0]]
[192, [192, 208, 208, 75, 0, 0]]
[193, [192, 224, 224, 90, 0, 0]]
[194, [240, 240, 240, 90, 0, 0]]
[195, [240, 256, 256, 90, 0, 0]]
[196, [240, 272, 272, 90, 0, 0]]
[197, [288, 288, 288, 90, 0, 0]]
[198, [288, 304, 304, 90, 0, 0]]
[199, [288, 320, 320, 315, 0, 0]]
[200, [336, 336, 336, 57, 288, 0]]
[201, [266, 282, 282, 72, 210, 8]]
[202, [186, 218, 218, 72, 132, 6]]
[203, [154, 154, 154, 72, 54, 4]]
[204, [104, 120, 120, 72, 0, 8]]
[205, [104, 136, 136, 72, 0, 8]]
[206, [152, 152, 152, 72, 0, 8]]
[207, [152, 168, 168, 72, 0, 8]]
[208, [152, 184, 184, 87, 0, 8]]
[209, [200, 200, 200, 102, 0, 8]]
[210, [200, 216, 216, 117, 0, 8]]
[211, [200, 232, 232, 117, 0, 8]]
[212, [248, 248, 248, 117, 0, 8]]
[213, [248, 264, 264, 132, 0, 8]]
[214, [248, 280, 280, 132, 0, 8]]
[215, [296, 296, 296, 132, 0, 8]]
[216, [296, 312, 312, 132, 0, 8]]
[217, [296, 328, 328, 132, 0, 8]]
[218, [344, 344, 344, 132, 0, 8]]
[219, [344, 360, 360, 342, 0, 8]]
[220, [344, 376, 376, 84, 288, 8]]
[221, [312, 312, 312, 114, 210, 6]]
[222, [232, 248, 248, 114, 132, 4]]
[223, [152, 184, 184, 114, 54, 2]]
[224, [150, 150, 150, 114, 0, 6]]
[225, [150, 166, 166, 114, 0, 6]]
[226, [150, 182, 182, 114, 0, 6]]
[227, [198, 198, 198, 114, 0, 6]]
[228, [198, 214, 214, 129, 0, 6]]
[229, [198, 230, 230, 144, 0, 6]]
[230, [246, 246, 246, 15, 144, 6]]
[231, [166, 182, 182, 15, 66, 4]]
[232, [96, 128, 128, 15, 0, 0]]
[233, [144, 144, 144, 30, 0, 0]]
[234, [144, 160, 160, 30, 0, 0]]
[235, [144, 176, 176, 30, 0, 0]]
[236, [192, 192, 192, 30, 0, 0]]
[237, [192, 208, 208, 30, 0, 0]]
[238, [192, 224, 224, 30, 0, 0]]
[239, [240, 240, 240, 240, 0, 0]]
[240, [240, 256, 256, 126, 144, 0]]
[241, [170, 202, 202, 156, 66, 8]]
[242, [148, 148, 148, 12, 144, 4]]
[243, [68, 84, 84, 12, 66, 2]]
[244, [8, 40, 40, 12, 0, 8]]
[245, [56, 56, 56, 12, 0, 8]]
[246, [56, 72, 72, 12, 0, 8]]
[247, [56, 88, 88, 12, 0, 8]]
[248, [104, 104, 104, 27, 0, 8]]
[249, [104, 120, 120, 42, 0, 8]]
[250, [104, 136, 136, 57, 0, 8]]
[251, [152, 152, 152, 57, 0, 8]]
[252, [152, 168, 168, 57, 0, 8]]
[253, [152, 184, 184, 72, 0, 8]]
[254, [200, 200, 200, 72, 0, 8]]
[255, [200, 216, 216, 72, 0, 8]]
[256, [200, 232, 232, 72, 0, 8]]
[257, [248, 248, 248, 72, 0, 8]]
[258, [248, 264, 264, 72, 0, 8]]
[259, [248, 280, 280, 267, 0, 8]]
[260, [296, 296, 296, 153, 144, 8]]
[261, [216, 232, 232, 54, 210, 6]]
[262, [136, 168, 168, 54, 132, 4]]
[263, [104, 104, 104, 54, 54, 2]]
[264, [54, 70, 70, 54, 0, 6]]
[265, [54, 86, 86, 54, 0, 6]]
[266, [102, 102, 102, 54, 0, 6]]
[267, [102, 118, 118, 54, 0, 6]]
[268, [102, 134, 134, 69, 0, 6]]
[269, [150, 150, 150, 84, 0, 6]]
[270, [150, 166, 166, 99, 0, 6]]
[271, [150, 182, 182, 99, 0, 6]]
[272, [198, 198, 198, 99, 0, 6]]
[273, [198, 214, 214, 114, 0, 6]]
[274, [198, 230, 230, 114, 0, 6]]
[275, [246, 246, 246, 114, 0, 6]]
[276, [246, 262, 262, 114, 0, 6]]
[277, [246, 278, 278, 114, 0, 6]]
[278, [294, 294, 294, 114, 0, 6]]
[279, [294, 310, 310, 294, 0, 6]]
[280, [294, 326, 326, 51, 288, 6]]
[281, [262, 262, 262, 96, 210, 4]]
[282, [182, 198, 198, 96, 132, 2]]
[283, [182, 214, 214, 96, 54, 80]]
[284, [230, 230, 230, 96, 0, 134]]
[285, [230, 246, 246, 96, 0, 134]]
[286, [210, 242, 242, 96, 0, 114]]
[287, [238, 238, 238, 96, 0, 94]]
[288, [228, 244, 244, 111, 0, 84]]
[289, [188, 220, 220, 126, 0, 44]]
[290, [216, 216, 216, 141, 0, 24]]
[291, [196, 212, 212, 141, 0, 4]]
[292, [196, 228, 228, 141, 0, 4]]
[293, [244, 244, 244, 156, 0, 4]]
[294, [244, 260, 260, 12, 144, 4]]
[295, [214, 246, 246, 12, 66, 52]]
[296, [232, 232, 232, 12, 0, 88]]
[297, [222, 238, 238, 12, 0, 78]]
[298, [222, 254, 254, 12, 0, 78]]
[299, [210, 210, 210, 192, 0, 18]]
[300, [200, 216, 216, 93, 144, 8]]
[301, [190, 222, 222, 138, 66, 76]]
[302, [218, 218, 218, 138, 0, 122]]
[303, [218, 234, 234, 138, 0, 122]]
[304, [198, 230, 230, 138, 0, 102]]
[305, [226, 226, 226, 138, 0, 82]]
[306, [216, 232, 232, 138, 0, 72]]
[307, [176, 208, 208, 138, 0, 32]]
[308, [194, 194, 194, 153, 0, 2]]
[309, [194, 210, 210, 24, 144, 2]]
[310, [114, 146, 146, 39, 66, 0]]
[311, [102, 102, 102, 39, 0, 6]]
[312, [102, 118, 118, 39, 0, 6]]
[313, [102, 134, 134, 54, 0, 6]]
[314, [150, 150, 150, 54, 0, 6]]
[315, [150, 166, 166, 54, 0, 6]]
[316, [150, 182, 182, 54, 0, 6]]
[317, [198, 198, 198, 54, 0, 6]]
[318, [198, 214, 214, 54, 0, 6]]
[319, [198, 230, 230, 234, 0, 6]]
[320, [246, 246, 246, 135, 144, 6]]
[321, [166, 182, 182, 180, 66, 4]]
[322, [96, 128, 128, 36, 144, 0]]
[323, [74, 74, 74, 36, 66, 8]]
[324, [4, 20, 20, 36, 0, 4]]
[325, [4, 36, 36, 36, 0, 4]]
[326, [52, 52, 52, 36, 0, 4]]
[327, [52, 68, 68, 36, 0, 4]]
[328, [52, 84, 84, 36, 0, 4]]
[329, [100, 100, 100, 51, 0, 4]]
[330, [100, 116, 116, 81, 0, 4]]
[331, [100, 132, 132, 81, 0, 4]]
[332, [148, 148, 148, 81, 0, 4]]
[333, [148, 164, 164, 96, 0, 4]]
[334, [148, 180, 180, 96, 0, 4]]
[335, [196, 196, 196, 96, 0, 4]]
[336, [196, 212, 212, 96, 0, 4]]
[337, [196, 228, 228, 96, 0, 4]]
[338, [244, 244, 244, 96, 0, 4]]
[339, [244, 260, 260, 261, 0, 4]]
[340, [244, 276, 276, 162, 144, 4]]
[341, [212, 212, 212, 48, 210, 2]]
[342, [132, 148, 148, 48, 132, 0]]
[343, [62, 94, 94, 48, 54, 8]]
[344, [50, 50, 50, 48, 0, 2]]
[345, [50, 66, 66, 63, 0, 2]]
[346, [50, 82, 82, 63, 0, 2]]
[347, [98, 98, 98, 63, 0, 2]]
[348, [98, 114, 114, 63, 0, 2]]
[349, [98, 130, 130, 93, 0, 2]]
[350, [146, 146, 146, 108, 0, 2]]
[351, [146, 162, 162, 108, 0, 2]]
[352, [146, 178, 178, 108, 0, 2]]
[353, [194, 194, 194, 123, 0, 2]]
[354, [194, 210, 210, 138, 0, 2]]
[355, [194, 226, 226, 138, 0, 2]]
[356, [242, 242, 242, 138, 0, 2]]
[357, [242, 258, 258, 138, 0, 2]]
[358, [242, 274, 274, 138, 0, 2]]
[359, [290, 290, 290, 273, 0, 2]]
[360, [290, 306, 306, 174, 144, 2]]
[361, [210, 242, 242, 60, 210, 0]]
[362, [188, 188, 188, 60, 132, 8]]
[363, [108, 124, 124, 75, 54, 6]]
[364, [48, 80, 80, 75, 0, 0]]
[365, [96, 96, 96, 90, 0, 0]]
[366, [96, 112, 112, 90, 0, 0]]
[367, [96, 128, 128, 90, 0, 0]]
[368, [144, 144, 144, 90, 0, 0]]
[369, [144, 160, 160, 120, 0, 0]]
[370, [144, 176, 176, 135, 0, 0]]
[371, [192, 192, 192, 150, 0, 0]]
[372, [192, 208, 208, 6, 144, 0]]
[373, [122, 154, 154, 21, 66, 8]]
[374, [100, 100, 100, 36, 0, 4]]
[375, [100, 116, 116, 36, 0, 4]]
[376, [100, 132, 132, 36, 0, 4]]
[377, [148, 148, 148, 36, 0, 4]]
[378, [148, 164, 164, 36, 0, 4]]
[379, [148, 180, 180, 171, 0, 4]]
[380, [196, 196, 196, 72, 144, 4]]
[381, [116, 132, 132, 102, 66, 2]]
[382, [56, 88, 88, 102, 0, 8]]
[383, [104, 104, 104, 117, 0, 8]]
[384, [104, 120, 120, 117, 0, 8]]
[385, [104, 136, 136, 132, 0, 8]]
[386, [152, 152, 152, 132, 0, 8]]
[387, [152, 168, 168, 132, 0, 8]]
[388, [152, 184, 184, 132, 0, 8]]
[389, [200, 200, 200, 162, 0, 8]]
[390, [200, 216, 216, 33, 144, 8]]
[391, [120, 152, 152, 48, 66, 6]]
[392, [98, 98, 98, 48, 0, 2]]
[393, [98, 114, 114, 63, 0, 2]]
[394, [98, 130, 130, 78, 0, 2]]
[395, [146, 146, 146, 78, 0, 2]]
[396, [146, 162, 162, 78, 0, 2]]
[397, [146, 178, 178, 78, 0, 2]]
[398, [194, 194, 194, 78, 0, 2]]
[399, [194, 210, 210, 198, 0, 2]]
[400, [194, 226, 226, 84, 144, 2]]
[401, [162, 162, 162, 114, 66, 0]]
[402, [102, 118, 118, 114, 0, 6]]
[403, [102, 134, 134, 129, 0, 6]]
[404, [150, 150, 150, 144, 0, 6]]
[405, [150, 166, 166, 15, 144, 6]]
[406, [70, 102, 102, 15, 66, 4]]
[407, [48, 48, 48, 15, 0, 0]]
[408, [48, 64, 64, 15, 0, 0]]
[409, [48, 80, 80, 60, 0, 0]]
[410, [96, 96, 96, 75, 0, 0]]
[411, [96, 112, 112, 90, 0, 0]]
[412, [96, 128, 128, 90, 0, 0]]
[413, [144, 144, 144, 105, 0, 0]]
[414, [144, 160, 160, 120, 0, 0]]
[415, [144, 176, 176, 120, 0, 0]]
[416, [192, 192, 192, 120, 0, 0]]
[417, [192, 208, 208, 120, 0, 0]]
[418, [192, 224, 224, 120, 0, 0]]
[419, [240, 240, 240, 240, 0, 0]]
[420, [240, 256, 256, 126, 144, 0]]
[421, [170, 202, 202, 156, 66, 8]]
[422, [148, 148, 148, 12, 144, 4]]
[423, [68, 84, 84, 27, 66, 2]]
[424, [28, 60, 60, 42, 0, 28]]
[425, [56, 56, 56, 57, 0, 8]]
[426, [56, 72, 72, 57, 0, 8]]
[427, [56, 88, 88, 57, 0, 8]]
[428, [104, 104, 104, 57, 0, 8]]
[429, [104, 120, 120, 102, 0, 8]]
[430, [104, 136, 136, 117, 0, 8]]
[431, [152, 152, 152, 132, 0, 8]]
[432, [152, 168, 168, 132, 0, 8]]
[433, [152, 184, 184, 147, 0, 8]]
[434, [200, 200, 200, 18, 144, 8]]
[435, [120, 136, 136, 18, 66, 6]]
[436, [120, 152, 152, 18, 0, 72]]
[437, [168, 168, 168, 18, 0, 72]]
[438, [128, 144, 144, 18, 0, 32]]
[439, [98, 130, 130, 108, 0, 2]]
[440, [146, 146, 146, 138, 0, 2]]
[441, [146, 162, 162, 168, 0, 2]]
[442, [146, 178, 178, 24, 144, 2]]
[443, [114, 114, 114, 39, 66, 0]]
[444, [74, 90, 90, 54, 0, 26]]
[445, [74, 106, 106, 69, 0, 26]]
[446, [122, 122, 122, 84, 0, 26]]
[447, [112, 128, 128, 84, 0, 16]]
[448, [102, 134, 134, 84, 0, 6]]
[449, [150, 150, 150, 129, 0, 6]]
[450, [150, 166, 166, 144, 0, 6]]
[451, [150, 182, 182, 15, 144, 6]]
[452, [118, 118, 118, 15, 66, 4]]
[453, [48, 64, 64, 30, 0, 0]]
[454, [48, 80, 80, 45, 0, 0]]
[455, [96, 96, 96, 45, 0, 0]]
[456, [96, 112, 112, 45, 0, 0]]
[457, [96, 128, 128, 45, 0, 0]]
[458, [144, 144, 144, 45, 0, 0]]
[459, [144, 160, 160, 120, 0, 0]]
[460, [144, 176, 176, 135, 0, 0]]
[461, [192, 192, 192, 165, 0, 0]]
[462, [192, 208, 208, 21, 144, 0]]
[463, [122, 154, 154, 51, 66, 8]]
[464, [100, 100, 100, 66, 0, 4]]
[465, [100, 116, 116, 96, 0, 4]]
[466, [100, 132, 132, 111, 0, 4]]
[467, [148, 148, 148, 111, 0, 4]]
[468, [148, 164, 164, 111, 0, 4]]
[469, [148, 180, 180, 156, 0, 4]]
[470, [196, 196, 196, 27, 144, 4]]
[471, [116, 132, 132, 42, 66, 2]]
[472, [56, 88, 88, 42, 0, 8]]
[473, [104, 104, 104, 57, 0, 8]]
[474, [104, 120, 120, 72, 0, 8]]
[475, [104, 136, 136, 72, 0, 8]]
[476, [152, 152, 152, 72, 0, 8]]
[477, [152, 168, 168, 72, 0, 8]]
[478, [152, 184, 184, 72, 0, 8]]
[479, [200, 200, 200, 147, 0, 8]]
[480, [200, 216, 216, 33, 144, 8]]
[481, [120, 152, 152, 63, 66, 6]]
[482, [98, 98, 98, 63, 0, 2]]
[483, [98, 114, 114, 93, 0, 2]]
[484, [98, 130, 130, 108, 0, 2]]
[485, [146, 146, 146, 138, 0, 2]]
[486, [146, 162, 162, 153, 0, 2]]
[487, [146, 178, 178, 9, 144, 2]]
[488, [114, 114, 114, 9, 66, 0]]
[489, [54, 70, 70, 54, 0, 6]]
[490, [54, 86, 86, 69, 0, 6]]
[491, [102, 102, 102, 84, 0, 6]]
[492, [102, 118, 118, 84, 0, 6]]
[493, [102, 134, 134, 99, 0, 6]]
[494, [150, 150, 150, 114, 0, 6]]
[495, [150, 166, 166, 114, 0, 6]]
[496, [150, 182, 182, 114, 0, 6]]
[497, [198, 198, 198, 114, 0, 6]]
[498, [198, 214, 214, 114, 0, 6]]
[499, [198, 230, 230, 189, 0, 6]]
[500, [246, 246, 246, 75, 144, 6]]
[501, [166, 182, 182, 105, 66, 4]]
[502, [96, 128, 128, 105, 0, 0]]
[503, [144, 144, 144, 135, 0, 0]]
[504, [144, 160, 160, 150, 0, 0]]
[505, [144, 176, 176, 36, 144, 0]]
[506, [122, 122, 122, 51, 66, 8]]
[507, [52, 68, 68, 51, 0, 4]]
[508, [52, 84, 84, 51, 0, 4]]
[509, [100, 100, 100, 96, 0, 4]]
[510, [100, 116, 116, 111, 0, 4]]
[511, [100, 132, 132, 126, 0, 4]]
[512, [148, 148, 148, 126, 0, 4]]
[513, [148, 164, 164, 141, 0, 4]]
[514, [148, 180, 180, 156, 0, 4]]
[515, [196, 196, 196, 12, 144, 4]]
[516, [116, 132, 132, 12, 66, 2]]
[517, [56, 88, 88, 12, 0, 8]]
[518, [104, 104, 104, 12, 0, 8]]
[519, [104, 120, 120, 72, 0, 8]]
[520, [104, 136, 136, 117, 0, 8]]
[521, [152, 152, 152, 147, 0, 8]]
[522, [152, 168, 168, 3, 144, 8]]
[523, [72, 104, 104, 18, 66, 6]]
[524, [50, 50, 50, 33, 0, 2]]
[525, [50, 66, 66, 63, 0, 2]]
[526, [50, 82, 82, 78, 0, 2]]
[527, [98, 98, 98, 78, 0, 2]]
[528, [98, 114, 114, 78, 0, 2]]
[529, [98, 130, 130, 123, 0, 2]]
[530, [146, 146, 146, 138, 0, 2]]
[531, [146, 162, 162, 153, 0, 2]]
[532, [146, 178, 178, 9, 144, 2]]
[533, [114, 114, 114, 24, 66, 0]]
[534, [54, 70, 70, 54, 0, 6]]
[535, [54, 86, 86, 54, 0, 6]]
[536, [102, 102, 102, 54, 0, 6]]
[537, [102, 118, 118, 54, 0, 6]]
[538, [102, 134, 134, 54, 0, 6]]
[539, [150, 150, 150, 114, 0, 6]]
[540, [150, 166, 166, 144, 0, 6]]
[541, [150, 182, 182, 30, 144, 6]]
[542, [118, 118, 118, 30, 66, 4]]
[543, [48, 64, 64, 60, 0, 0]]
[544, [48, 80, 80, 75, 0, 0]]
[545, [96, 96, 96, 105, 0, 0]]
[546, [96, 112, 112, 120, 0, 0]]
[547, [96, 128, 128, 120, 0, 0]]
[548, [144, 144, 144, 120, 0, 0]]
[549, [144, 160, 160, 150, 0, 0]]
[550, [144, 176, 176, 21, 144, 0]]
[551, [122, 122, 122, 36, 66, 8]]
[552, [52, 68, 68, 36, 0, 4]]
[553, [52, 84, 84, 51, 0, 4]]
[554, [100, 100, 100, 81, 0, 4]]
[555, [100, 116, 116, 81, 0, 4]]
[556, [100, 132, 132, 81, 0, 4]]
[557, [148, 148, 148, 96, 0, 4]]
[558, [148, 164, 164, 96, 0, 4]]
[559, [148, 180, 180, 156, 0, 4]]
[560, [196, 196, 196, 42, 144, 4]]
[561, [116, 132, 132, 72, 66, 2]]
[562, [56, 88, 88, 72, 0, 8]]
[563, [104, 104, 104, 102, 0, 8]]
[564, [104, 120, 120, 102, 0, 8]]
[565, [104, 136, 136, 132, 0, 8]]
[566, [152, 152, 152, 147, 0, 8]]
[567, [152, 168, 168, 3, 144, 8]]
[568, [72, 104, 104, 3, 66, 6]]
[569, [50, 50, 50, 33, 0, 2]]
[570, [50, 66, 66, 48, 0, 2]]
[571, [50, 82, 82, 63, 0, 2]]
[572, [98, 98, 98, 78, 0, 2]]
[573, [98, 114, 114, 93, 0, 2]]
[574, [98, 130, 130, 123, 0, 2]]
[575, [146, 146, 146, 123, 0, 2]]
[576, [146, 162, 162, 123, 0, 2]]
[577, [146, 178, 178, 138, 0, 2]]
[578, [194, 194, 194, 138, 0, 2]]
[579, [194, 210, 210, 198, 0, 2]]
[580, [194, 226, 226, 84, 144, 2]]
[581, [162, 162, 162, 114, 66, 0]]
[582, [102, 118, 118, 114, 0, 6]]
[583, [102, 134, 134, 144, 0, 6]]
[584, [150, 150, 150, 0, 144, 6]]
[585, [110, 126, 126, 30, 66, 44]]
[586, [70, 102, 102, 30, 0, 70]]
[587, [78, 78, 78, 30, 0, 30]]
[588, [68, 84, 84, 30, 0, 20]]
[589, [48, 80, 80, 60, 0, 0]]
[590, [96, 96, 96, 75, 0, 0]]
[591, [96, 112, 112, 90, 0, 0]]
[592, [96, 128, 128, 105, 0, 0]]
[593, [144, 144, 144, 120, 0, 0]]
[594, [144, 160, 160, 150, 0, 0]]
[595, [144, 176, 176, 21, 144, 0]]
[596, [122, 122, 122, 21, 66, 8]]
[597, [92, 108, 108, 36, 0, 44]]
[598, [52, 84, 84, 36, 0, 4]]
[599, [100, 100, 100, 96, 0, 4]]
[600, [100, 116, 116, 126, 0, 4]]
[601, [100, 132, 132, 156, 0, 4]]
[602, [148, 148, 148, 12, 144, 4]]
[603, [68, 84, 84, 42, 66, 2]]
[604, [8, 40, 40, 42, 0, 8]]
[605, [56, 56, 56, 72, 0, 8]]
[606, [56, 72, 72, 72, 0, 8]]
[607, [56, 88, 88, 72, 0, 8]]
[608, [104, 104, 104, 72, 0, 8]]
[609, [104, 120, 120, 102, 0, 8]]
[610, [104, 136, 136, 117, 0, 8]]
[611, [152, 152, 152, 132, 0, 8]]
[612, [152, 168, 168, 147, 0, 8]]
[613, [152, 184, 184, 18, 144, 8]]
[614, [120, 120, 120, 48, 66, 6]]
[615, [50, 66, 66, 63, 0, 2]]
[616, [50, 82, 82, 63, 0, 2]]
[617, [98, 98, 98, 78, 0, 2]]
[618, [98, 114, 114, 78, 0, 2]]
[619, [98, 130, 130, 138, 0, 2]]
[620, [146, 146, 146, 168, 0, 2]]
[621, [146, 162, 162, 54, 144, 2]]
[622, [66, 98, 98, 54, 66, 0]]
[623, [54, 54, 54, 84, 0, 6]]
[624, [54, 70, 70, 84, 0, 6]]
[625, [54, 86, 86, 114, 0, 6]]
[626, [102, 102, 102, 114, 0, 6]]
[627, [102, 118, 118, 114, 0, 6]]
[628, [102, 134, 134, 114, 0, 6]]
[629, [150, 150, 150, 144, 0, 6]]
[630, [150, 166, 166, 15, 144, 6]]
[631, [70, 102, 102, 30, 66, 4]]
[632, [48, 48, 48, 45, 0, 0]]
[633, [48, 64, 64, 60, 0, 0]]
[634, [48, 80, 80, 90, 0, 0]]
[635, [96, 96, 96, 105, 0, 0]]
[636, [96, 112, 112, 105, 0, 0]]
[637, [96, 128, 128, 120, 0, 0]]
[638, [144, 144, 144, 120, 0, 0]]
[639, [144, 160, 160, 180, 0, 0]]
[640, [144, 176, 176, 66, 144, 0]]
[641, [122, 122, 122, 96, 66, 8]]
[642, [52, 68, 68, 96, 0, 4]]
[643, [52, 84, 84, 126, 0, 4]]
[644, [100, 100, 100, 126, 0, 4]]
[645, [100, 116, 116, 156, 0, 4]]
[646, [100, 132, 132, 12, 144, 4]]
[647, [68, 68, 68, 12, 66, 2]]
[648, [8, 24, 24, 12, 0, 8]]
[649, [8, 40, 40, 42, 0, 8]]
[650, [56, 56, 56, 57, 0, 8]]
[651, [56, 72, 72, 72, 0, 8]]
[652, [56, 88, 88, 87, 0, 8]]
[653, [104, 104, 104, 102, 0, 8]]
[654, [104, 120, 120, 132, 0, 8]]
[655, [104, 136, 136, 147, 0, 8]]
[656, [152, 152, 152, 3, 144, 8]]
[657, [72, 88, 88, 18, 66, 6]]
[658, [2, 34, 34, 18, 0, 2]]
[659, [50, 50, 50, 78, 0, 2]]
[660, [50, 66, 66, 108, 0, 2]]
[661, [50, 82, 82, 138, 0, 2]]
[662, [98, 98, 98, 138, 0, 2]]
[663, [98, 114, 114, 168, 0, 2]]
[664, [98, 130, 130, 24, 144, 2]]
[665, [66, 66, 66, 39, 66, 0]]
[666, [6, 22, 22, 39, 0, 6]]
[667, [6, 38, 38, 39, 0, 6]]
[668, [54, 54, 54, 39, 0, 6]]
[669, [54, 70, 70, 69, 0, 6]]
[670, [54, 86, 86, 84, 0, 6]]
[671, [102, 102, 102, 99, 0, 6]]
[672, [102, 118, 118, 114, 0, 6]]
[673, [102, 134, 134, 129, 0, 6]]
[674, [150, 150, 150, 159, 0, 6]]
[675, [150, 166, 166, 30, 144, 6]]
[676, [70, 102, 102, 30, 66, 4]]
[677, [48, 48, 48, 45, 0, 0]]
[678, [48, 64, 64, 45, 0, 0]]
[679, [48, 80, 80, 90, 0, 0]]
[680, [96, 96, 96, 120, 0, 0]]
[681, [96, 112, 112, 150, 0, 0]]
[682, [96, 128, 128, 6, 144, 0]]
[683, [74, 74, 74, 36, 66, 8]]
[684, [4, 20, 20, 36, 0, 4]]
[685, [4, 36, 36, 51, 0, 4]]
[686, [52, 52, 52, 51, 0, 4]]
[687, [52, 68, 68, 66, 0, 4]]
[688, [52, 84, 84, 66, 0, 4]]
[689, [100, 100, 100, 96, 0, 4]]
[690, [100, 116, 116, 111, 0, 4]]
[691, [100, 132, 132, 126, 0, 4]]
[692, [148, 148, 148, 141, 0, 4]]
[693, [148, 164, 164, 156, 0, 4]]
[694, [148, 180, 180, 42, 144, 4]]
[695, [116, 116, 116, 57, 66, 2]]
[696, [56, 72, 72, 72, 0, 8]]
[697, [56, 88, 88, 87, 0, 8]]
[698, [104, 104, 104, 87, 0, 8]]
[699, [104, 120, 120, 132, 0, 8]]
[700, [104, 136, 136, 162, 0, 8]]
[701, [152, 152, 152, 48, 144, 8]]
[702, [72, 88, 88, 48, 66, 6]]
[703, [2, 34, 34, 78, 0, 2]]
[704, [50, 50, 50, 78, 0, 2]]
[705, [50, 66, 66, 93, 0, 2]]
[706, [50, 82, 82, 93, 0, 2]]
[707, [98, 98, 98, 108, 0, 2]]
[708, [98, 114, 114, 108, 0, 2]]
[709, [98, 130, 130, 138, 0, 2]]
[710, [146, 146, 146, 153, 0, 2]]
[711, [146, 162, 162, 24, 144, 2]]
[712, [66, 98, 98, 39, 66, 0]]
[713, [54, 54, 54, 54, 0, 6]]
[714, [54, 70, 70, 84, 0, 6]]
[715, [54, 86, 86, 99, 0, 6]]
[716, [102, 102, 102, 114, 0, 6]]
[717, [102, 118, 118, 129, 0, 6]]
[718, [102, 134, 134, 129, 0, 6]]
[719, [150, 150, 150, 174, 0, 6]]
[720, [150, 166, 166, 45, 144, 6]]
[721, [70, 102, 102, 75, 66, 4]]
[722, [48, 48, 48, 75, 0, 0]]
[723, [48, 64, 64, 105, 0, 0]]
[724, [48, 80, 80, 105, 0, 0]]
[725, [96, 96, 96, 120, 0, 0]]
[726, [96, 112, 112, 135, 0, 0]]
[727, [96, 128, 128, 150, 0, 0]]
[728, [144, 144, 144, 6, 144, 0]]
[729, [74, 90, 90, 21, 66, 8]]
[730, [4, 36, 36, 36, 0, 4]]
[731, [52, 52, 52, 51, 0, 4]]
[732, [52, 68, 68, 81, 0, 4]]
[733, [52, 84, 84, 96, 0, 4]]
[734, [100, 100, 100, 126, 0, 4]]
[735, [100, 116, 116, 141, 0, 4]]
[736, [100, 132, 132, 156, 0, 4]]
[737, [148, 148, 148, 27, 144, 4]]
[738, [68, 84, 84, 27, 66, 2]]
[739, [8, 40, 40, 72, 0, 8]]
[740, [56, 56, 56, 87, 0, 8]]
[741, [56, 72, 72, 117, 0, 8]]
[742, [56, 88, 88, 117, 0, 8]]
[743, [104, 104, 104, 147, 0, 8]]
[744, [104, 120, 120, 3, 144, 8]]
[745, [24, 56, 56, 18, 66, 6]]
[746, [2, 2, 2, 33, 0, 2]]
[747, [2, 18, 18, 48, 0, 2]]
[748, [2, 34, 34, 48, 0, 2]]
[749, [50, 50, 50, 63, 0, 2]]
[750, [50, 66, 66, 78, 0, 2]]
[751, [50, 82, 82, 93, 0, 2]]
[752, [98, 98, 98, 123, 0, 2]]
[753, [98, 114, 114, 138, 0, 2]]
[754, [98, 130, 130, 168, 0, 2]]
[755, [146, 146, 146, 39, 144, 2]]
[756, [66, 82, 82, 54, 66, 0]]
[757, [6, 38, 38, 69, 0, 6]]
[758, [54, 54, 54, 69, 0, 6]]
[759, [54, 70, 70, 114, 0, 6]]
[760, [54, 86, 86, 129, 0, 6]]
[761, [102, 102, 102, 159, 0, 6]]
[762, [102, 118, 118, 15, 144, 6]]
[763, [22, 54, 54, 45, 66, 4]]
[764, [0, 0, 0, 45, 0, 0]]
[765, [0, 16, 16, 60, 0, 0]]
[766, [0, 32, 32, 75, 0, 0]]
[767, [48, 48, 48, 90, 0, 0]]
[768, [48, 64, 64, 90, 0, 0]]
[769, [48, 80, 80, 105, 0, 0]]
[770, [96, 96, 96, 120, 0, 0]]
[771, [96, 112, 112, 135, 0, 0]]
[772, [96, 128, 128, 165, 0, 0]]
[773, [144, 144, 144, 36, 144, 0]]
[774, [74, 90, 90, 66, 66, 8]]
[775, [4, 36, 36, 81, 0, 4]]
[776, [52, 52, 52, 96, 0, 4]]
[777, [52, 68, 68, 111, 0, 4]]
[778, [52, 84, 84, 111, 0, 4]]
[779, [100, 100, 100, 156, 0, 4]]
[780, [100, 116, 116, 27, 144, 4]]
[781, [20, 52, 52, 57, 66, 2]]
[782, [8, 8, 8, 57, 0, 8]]
[783, [8, 24, 24, 87, 0, 8]]
[784, [8, 40, 40, 87, 0, 8]]
[785, [56, 56, 56, 102, 0, 8]]
[786, [56, 72, 72, 117, 0, 8]]
[787, [56, 88, 88, 132, 0, 8]]
[788, [104, 104, 104, 132, 0, 8]]
[789, [104, 120, 120, 147, 0, 8]]
[790, [104, 136, 136, 18, 144, 8]]
[791, [72, 72, 72, 33, 66, 6]]
[792, [2, 18, 18, 63, 0, 2]]
[793, [2, 34, 34, 78, 0, 2]]
[794, [50, 50, 50, 108, 0, 2]]
[795, [50, 66, 66, 123, 0, 2]]
[796, [50, 82, 82, 138, 0, 2]]
[797, [98, 98, 98, 153, 0, 2]]
[798, [98, 114, 114, 9, 144, 2]]
[799, [18, 50, 50, 39, 66, 0]]
[800, [6, 6, 6, 54, 0, 6]]
[801, [6, 22, 22, 99, 0, 6]]
[802, [6, 38, 38, 99, 0, 6]]
[803, [54, 54, 54, 129, 0, 6]]
[804, [54, 70, 70, 129, 0, 6]]
[805, [54, 86, 86, 144, 0, 6]]
[806, [102, 102, 102, 15, 144, 6]]
[807, [22, 38, 38, 30, 66, 4]]
[808, [2, 34, 34, 30, 0, 50]]
[809, [0, 0, 0, 45, 0, 0]]
[810, [0, 16, 16, 60, 0, 0]]
[811, [0, 32, 32, 75, 0, 0]]
[812, [48, 48, 48, 105, 0, 0]]
[813, [48, 64, 64, 120, 0, 0]]
[814, [48, 80, 80, 150, 0, 0]]
[815, [96, 96, 96, 6, 144, 0]]
[816, [26, 42, 42, 21, 66, 8]]
[817, [6, 38, 38, 36, 0, 54]]
[818, [4, 4, 4, 51, 0, 4]]
[819, [4, 20, 20, 81, 0, 4]]
[820, [4, 36, 36, 96, 0, 4]]
[821, [52, 52, 52, 141, 0, 4]]
[822, [52, 68, 68, 141, 0, 4]]
[823, [52, 84, 84, 171, 0, 4]]
[824, [100, 100, 100, 27, 144, 4]]
[825, [20, 36, 36, 42, 66, 2]]
[826, [0, 32, 32, 57, 0, 48]]
[827, [8, 8, 8, 72, 0, 8]]
[828, [8, 24, 24, 72, 0, 8]]
[829, [8, 40, 40, 87, 0, 8]]
[830, [56, 56, 56, 102, 0, 8]]
[831, [56, 72, 72, 117, 0, 8]]
[832, [56, 88, 88, 147, 0, 8]]
[833, [104, 104, 104, 18, 144, 8]]
[834, [24, 40, 40, 48, 66, 6]]
[835, [4, 36, 36, 48, 0, 52]]
[836, [2, 2, 2, 63, 0, 2]]
[837, [2, 18, 18, 78, 0, 2]]
[838, [2, 34, 34, 93, 0, 2]]
[839, [50, 50, 50, 123, 0, 2]]
[840, [50, 66, 66, 138, 0, 2]]
[841, [50, 82, 82, 183, 0, 2]]
[842, [98, 98, 98, 39, 144, 2]]
[843, [18, 34, 34, 69, 66, 0]]
[844, [8, 40, 40, 69, 0, 56]]
[845, [6, 6, 6, 84, 0, 6]]
[846, [6, 22, 22, 84, 0, 6]]
[847, [6, 38, 38, 99, 0, 6]]
[848, [54, 54, 54, 99, 0, 6]]
[849, [54, 70, 70, 114, 0, 6]]
[850, [54, 86, 86, 129, 0, 6]]
[851, [102, 102, 102, 144, 0, 6]]
[852, [102, 118, 118, 30, 144, 6]]
[853, [22, 54, 54, 45, 66, 4]]
[854, [0, 0, 0, 75, 0, 0]]
[855, [0, 16, 16, 75, 0, 0]]
[856, [0, 32, 32, 105, 0, 0]]
[857, [48, 48, 48, 120, 0, 0]]
[858, [48, 64, 64, 135, 0, 0]]
[859, [48, 80, 80, 165, 0, 0]]
[860, [96, 96, 96, 36, 144, 0]]
[861, [26, 42, 42, 81, 66, 8]]
[862, [6, 38, 38, 81, 0, 54]]
[863, [4, 4, 4, 111, 0, 4]]
[864, [4, 20, 20, 111, 0, 4]]
[865, [4, 36, 36, 126, 0, 4]]
[866, [52, 52, 52, 126, 0, 4]]
[867, [52, 68, 68, 141, 0, 4]]
[868, [52, 84, 84, 141, 0, 4]]
[869, [100, 100, 100, 156, 0, 4]]
[870, [100, 116, 116, 27, 144, 4]]
[871, [20, 52, 52, 42, 66, 2]]
[872, [8, 8, 8, 72, 0, 8]]
[873, [8, 24, 24, 87, 0, 8]]
[874, [8, 40, 40, 117, 0, 8]]
[875, [56, 56, 56, 117, 0, 8]]
[876, [56, 72, 72, 147, 0, 8]]
[877, [56, 88, 88, 18, 144, 8]]
[878, [24, 24, 24, 33, 66, 6]]
[879, [4, 20, 20, 63, 0, 52]]
[880, [4, 36, 36, 78, 0, 52]]
[881, [2, 2, 2, 123, 0, 2]]
[882, [2, 18, 18, 123, 0, 2]]
[883, [2, 34, 34, 153, 0, 2]]
[884, [50, 50, 50, 9, 144, 2]]
[885, [0, 16, 16, 9, 66, 30]]
[886, [0, 32, 32, 9, 0, 96]]
[887, [8, 8, 8, 24, 0, 56]]
[888, [8, 24, 24, 24, 0, 56]]
[889, [8, 40, 40, 39, 0, 56]]
[890, [6, 6, 6, 54, 0, 6]]
[891, [6, 22, 22, 54, 0, 6]]
[892, [6, 38, 38, 84, 0, 6]]
[893, [54, 54, 54, 99, 0, 6]]
[894, [54, 70, 70, 129, 0, 6]]
[895, [54, 86, 86, 129, 0, 6]]
[896, [102, 102, 102, 174, 0, 6]]
[897, [102, 118, 118, 45, 144, 6]]
[898, [22, 54, 54, 60, 66, 4]]
[899, [0, 0, 0, 90, 0, 0]]
[900, [0, 16, 16, 105, 0, 0]]
[901, [0, 32, 32, 150, 0, 0]]
[902, [48, 48, 48, 6, 144, 0]]
[903, [8, 24, 24, 51, 66, 38]]
[904, [8, 40, 40, 51, 0, 104]]
[905, [6, 6, 6, 51, 0, 54]]
[906, [6, 22, 22, 51, 0, 54]]
[907, [6, 38, 38, 66, 0, 54]]
[908, [4, 4, 4, 66, 0, 4]]
[909, [4, 20, 20, 81, 0, 4]]
[910, [4, 36, 36, 96, 0, 4]]
[911, [52, 52, 52, 96, 0, 4]]
[912, [52, 68, 68, 126, 0, 4]]
[913, [52, 84, 84, 141, 0, 4]]
[914, [100, 100, 100, 171, 0, 4]]
[915, [100, 116, 116, 27, 144, 4]]
[916, [20, 52, 52, 72, 66, 2]]
[917, [8, 8, 8, 87, 0, 8]]
[918, [8, 24, 24, 102, 0, 8]]
[919, [8, 40, 40, 132, 0, 8]]
[920, [56, 56, 56, 147, 0, 8]]
[921, [56, 72, 72, 48, 144, 8]]
[922, [6, 38, 38, 48, 66, 36]]
[923, [4, 4, 4, 93, 0, 52]]
[924, [4, 20, 20, 93, 0, 52]]
[925, [4, 36, 36, 93, 0, 52]]
[926, [2, 2, 2, 93, 0, 2]]
[927, [2, 18, 18, 108, 0, 2]]
[928, [2, 34, 34, 108, 0, 2]]
[929, [50, 50, 50, 123, 0, 2]]
[930, [50, 66, 66, 138, 0, 2]]
[931, [50, 82, 82, 138, 0, 2]]
[932, [98, 98, 98, 168, 0, 2]]
[933, [98, 114, 114, 39, 144, 2]]
[934, [18, 50, 50, 69, 66, 0]]
[935, [6, 6, 6, 69, 0, 6]]
[936, [6, 22, 22, 114, 0, 6]]
[937, [6, 38, 38, 129, 0, 6]]
[938, [54, 54, 54, 144, 0, 6]]
[939, [54, 70, 70, 30, 144, 6]]
[940, [4, 36, 36, 45, 66, 34]]
[941, [2, 2, 2, 90, 0, 50]]
[942, [2, 18, 18, 90, 0, 50]]
[943, [2, 34, 34, 135, 0, 50]]
[944, [0, 0, 0, 135, 0, 0]]
[945, [0, 16, 16, 135, 0, 0]]
[946, [0, 32, 32, 135, 0, 0]]
[947, [48, 48, 48, 150, 0, 0]]
[948, [48, 64, 64, 6, 144, 0]]
[949, [8, 40, 40, 21, 66, 38]]
[950, [6, 6, 6, 36, 0, 54]]
[951, [6, 22, 22, 36, 0, 54]]
[952, [6, 38, 38, 66, 0, 54]]
[953, [4, 4, 4, 81, 0, 4]]
[954, [4, 20, 20, 111, 0, 4]]
[955, [4, 36, 36, 111, 0, 4]]
[956, [52, 52, 52, 156, 0, 4]]
[957, [52, 68, 68, 27, 144, 4]]
[958, [2, 34, 34, 42, 66, 32]]
[959, [0, 0, 0, 72, 0, 48]]
