SimulationV09.py[0, [0, 10, 10, 0, 0, 0]]
[1, [0, 20, 20, 0, 0, 0]]
[2, [28, 30, 30, 0, 0, 0]]
[3, [28, 40, 40, 0, 0, 0]]
[4, [28, 50, 50, 0, 0, 0]]
[5, [56, 60, 60, 0, 0, 0]]
[6, [56, 70, 70, 0, 0, 0]]
[7, [56, 80, 80, 0, 0, 0]]
[8, [84, 90, 90, 0, 0, 0]]
[9, [84, 100, 100, 0, 0, 0]]
[10, [84, 110, 110, 0, 0, 0]]
[11, [112, 120, 120, 0, 0, 0]]
[12, [112, 130, 130, 0, 0, 0]]
[13, [112, 140, 140, 0, 0, 0]]
[14, [140, 150, 150, 0, 0, 0]]
[15, [140, 160, 160, 0, 0, 0]]
[16, [140, 170, 170, 0, 0, 0]]
[17, [168, 180, 180, 0, 0, 0]]
[18, [168, 190, 190, 0, 0, 0]]
[19, [168, 200, 200, 150, 0, 0]]
[20, [196, 210, 210, 6, 144, 0]]
[21, [188, 212, 212, 6, 135, 1]]
[22, [178, 212, 212, 6, 126, 0]]
[23, [198, 214, 214, 6, 117, 1]]
[24, [188, 214, 214, 6, 108, 0]]
[25, [180, 216, 216, 6, 99, 1]]
[26, [198, 216, 216, 6, 90, 0]]
[27, [190, 218, 218, 6, 81, 1]]
[28, [180, 218, 218, 21, 72, 0]]
[29, [200, 220, 220, 21, 63, 1]]
[30, [190, 220, 220, 21, 54, 0]]
[31, [182, 222, 222, 21, 45, 1]]
[32, [200, 222, 222, 21, 36, 0]]
[33, [192, 224, 224, 21, 27, 1]]
[34, [182, 224, 224, 21, 18, 0]]
[35, [202, 226, 226, 21, 9, 1]]
[36, [192, 226, 226, 21, 0, 0]]
[37, [192, 236, 236, 21, 0, 0]]
[38, [220, 246, 246, 21, 0, 0]]
[39, [220, 256, 256, 171, 0, 0]]
[40, [220, 266, 266, 27, 144, 0]]
[41, [240, 268, 268, 27, 135, 1]]
[42, [230, 268, 268, 27, 126, 0]]
[43, [222, 270, 270, 27, 117, 1]]
[44, [240, 270, 270, 42, 108, 0]]
[45, [232, 272, 272, 42, 99, 1]]
[46, [222, 272, 272, 42, 90, 0]]
[47, [242, 274, 274, 42, 81, 1]]
[48, [232, 274, 274, 57, 72, 0]]
[49, [224, 276, 276, 57, 63, 1]]
[50, [242, 276, 276, 57, 54, 0]]
[51, [234, 278, 278, 57, 45, 1]]
[52, [224, 278, 278, 57, 36, 0]]
[53, [244, 280, 280, 57, 27, 1]]
[54, [234, 280, 280, 57, 18, 0]]
[55, [226, 282, 282, 57, 9, 1]]
[56, [244, 282, 282, 57, 0, 0]]
[57, [244, 292, 292, 57, 0, 0]]
[58, [244, 302, 302, 57, 0, 0]]
[59, [272, 312, 312, 207, 0, 0]]
[60, [272, 322, 322, 63, 144, 0]]
[61, [264, 324, 324, 63, 135, 1]]
[62, [282, 324, 324, 63, 126, 0]]
[63, [274, 326, 326, 63, 117, 1]]
[64, [264, 326, 326, 78, 108, 0]]
[65, [284, 328, 328, 78, 99, 1]]
[66, [274, 328, 328, 78, 90, 0]]
[67, [266, 330, 330, 78, 81, 1]]
[68, [284, 330, 330, 93, 72, 0]]
[69, [276, 332, 332, 93, 63, 1]]
[70, [266, 332, 332, 93, 54, 0]]
[71, [286, 334, 334, 93, 45, 1]]
[72, [276, 334, 334, 93, 36, 0]]
[73, [268, 336, 336, 93, 27, 1]]
[74, [286, 336, 336, 93, 18, 0]]
[75, [278, 338, 338, 93, 9, 1]]
[76, [268, 338, 338, 93, 0, 0]]
[77, [296, 348, 348, 93, 0, 0]]
[78, [296, 358, 358, 93, 0, 0]]
[79, [296, 368, 368, 243, 0, 0]]
[80, [324, 378, 378, 99, 144, 0]]
[81, [316, 380, 380, 99, 135, 1]]
[82, [306, 380, 380, 99, 126, 0]]
[83, [326, 382, 382, 99, 117, 1]]
[84, [316, 382, 382, 114, 108, 0]]
[85, [308, 384, 384, 114, 99, 1]]
[86, [326, 384, 384, 114, 90, 0]]
[87, [318, 386, 386, 114, 81, 1]]
[88, [308, 386, 386, 129, 72, 0]]
[89, [328, 388, 388, 129, 63, 1]]
[90, [318, 388, 388, 129, 54, 0]]
[91, [310, 390, 390, 129, 45, 1]]
[92, [328, 390, 390, 129, 36, 0]]
[93, [320, 392, 392, 129, 27, 1]]
[94, [310, 392, 392, 129, 18, 0]]
[95, [330, 394, 394, 129, 9, 1]]
[96, [320, 394, 394, 129, 0, 0]]
[97, [320, 404, 404, 129, 0, 0]]
[98, [348, 414, 414, 129, 0, 0]]
[99, [348, 424, 424, 279, 0, 0]]
[100, [348, 434, 434, 135, 144, 0]]
[101, [368, 436, 436, 135, 135, 1]]
[102, [358, 436, 436, 135, 126, 0]]
[103, [350, 438, 438, 135, 117, 1]]
[104, [368, 438, 438, 150, 108, 0]]
[105, [360, 440, 440, 6, 243, 1]]
[106, [350, 440, 440, 6, 234, 0]]
[107, [370, 442, 442, 6, 225, 1]]
[108, [360, 442, 442, 21, 216, 0]]
[109, [352, 444, 444, 21, 207, 1]]
[110, [370, 444, 444, 21, 198, 0]]
[111, [362, 446, 446, 21, 189, 1]]
[112, [352, 446, 446, 21, 180, 0]]
[113, [372, 448, 448, 21, 171, 1]]
[114, [362, 448, 448, 21, 162, 0]]
[115, [354, 450, 450, 21, 153, 1]]
[116, [378, 456, 456, 21, 144, 6]]
[117, [372, 460, 460, 21, 135, 9]]
[118, [368, 466, 466, 21, 126, 14]]
[119, [392, 472, 472, 156, 117, 19]]
[120, [388, 478, 478, 12, 252, 24]]
[121, [380, 480, 480, 12, 243, 25]]
[122, [406, 488, 488, 12, 234, 32]]
[123, [402, 494, 494, 12, 225, 37]]
[124, [400, 502, 502, 27, 216, 44]]
[125, [426, 510, 510, 27, 207, 51]]
[126, [424, 518, 518, 42, 198, 58]]
[127, [422, 526, 526, 42, 189, 65]]
[128, [448, 534, 534, 57, 180, 72]]
[129, [448, 544, 544, 57, 171, 81]]
[130, [448, 554, 554, 57, 162, 90]]
[131, [474, 562, 562, 57, 153, 97]]
[132, [472, 570, 570, 57, 144, 104]]
[133, [472, 580, 580, 57, 135, 113]]
[134, [500, 590, 590, 57, 126, 122]]
[135, [500, 600, 600, 57, 117, 131]]
[136, [500, 610, 610, 57, 108, 140]]
[137, [528, 620, 620, 57, 99, 149]]
[138, [528, 630, 630, 57, 90, 158]]
[139, [528, 640, 640, 192, 81, 167]]
[140, [552, 646, 646, 48, 216, 172]]
[141, [550, 654, 654, 48, 207, 179]]
[142, [548, 662, 662, 48, 198, 186]]
[143, [576, 672, 672, 48, 189, 195]]
[144, [574, 680, 680, 63, 180, 202]]
[145, [570, 686, 686, 63, 171, 207]]
[146, [594, 692, 692, 78, 162, 212]]
[147, [586, 694, 694, 78, 153, 213]]
[148, [578, 696, 696, 78, 144, 214]]
[149, [600, 700, 700, 78, 135, 217]]
[150, [598, 708, 708, 78, 126, 224]]
[151, [590, 710, 710, 78, 117, 225]]
[152, [614, 716, 716, 78, 108, 230]]
[153, [606, 718, 718, 78, 99, 231]]
[154, [596, 718, 718, 78, 90, 230]]
[155, [614, 718, 718, 78, 81, 229]]
[156, [606, 720, 720, 78, 72, 230]]
[157, [598, 722, 722, 78, 63, 231]]
[158, [616, 722, 722, 93, 54, 230]]
[159, [608, 724, 724, 228, 45, 231]]
[160, [600, 726, 726, 84, 180, 232]]
[161, [618, 726, 726, 84, 171, 231]]
[162, [606, 724, 724, 84, 162, 228]]
[163, [596, 724, 724, 84, 153, 227]]
[164, [614, 724, 724, 84, 144, 226]]
[165, [604, 724, 724, 84, 135, 225]]
[166, [596, 726, 726, 99, 126, 226]]
[167, [614, 726, 726, 99, 117, 225]]
[168, [602, 724, 724, 99, 108, 222]]
[169, [590, 722, 722, 99, 99, 219]]
[170, [608, 722, 722, 99, 90, 218]]
[171, [598, 722, 722, 99, 81, 217]]
[172, [588, 722, 722, 99, 72, 216]]
[173, [608, 724, 724, 99, 63, 217]]
[174, [598, 724, 724, 99, 54, 216]]
[175, [586, 722, 722, 99, 45, 213]]
[176, [602, 720, 720, 99, 36, 210]]
[177, [592, 720, 720, 99, 27, 209]]
[178, [582, 720, 720, 114, 18, 208]]
[179, [600, 720, 720, 249, 9, 207]]
[180, [592, 722, 722, 105, 144, 208]]
[181, [582, 722, 722, 105, 135, 207]]
[182, [598, 720, 720, 105, 126, 204]]
[183, [586, 718, 718, 105, 117, 201]]
[184, [576, 718, 718, 105, 108, 200]]
[185, [594, 718, 718, 120, 99, 199]]
[186, [584, 718, 718, 135, 90, 198]]
[187, [576, 720, 720, 135, 81, 199]]
[188, [594, 720, 720, 135, 72, 198]]
[189, [582, 718, 718, 135, 63, 195]]
[190, [570, 716, 716, 135, 54, 192]]
[191, [588, 716, 716, 135, 45, 191]]
[192, [578, 716, 716, 135, 36, 190]]
[193, [568, 716, 716, 135, 27, 189]]
[194, [588, 718, 718, 135, 18, 190]]
[195, [578, 718, 718, 135, 9, 189]]
[196, [566, 716, 716, 135, 0, 186]]
[197, [582, 714, 714, 135, 0, 174]]
[198, [572, 714, 714, 150, 0, 164]]
[199, [562, 714, 714, 126, 144, 154]]
[200, [580, 714, 714, 141, 135, 153]]
[201, [572, 716, 716, 141, 126, 154]]
[202, [562, 716, 716, 141, 117, 153]]
[203, [578, 714, 714, 141, 108, 150]]
[204, [566, 712, 712, 141, 99, 147]]
[205, [556, 712, 712, 156, 90, 146]]
[206, [574, 712, 712, 27, 225, 145]]
[207, [564, 712, 712, 27, 216, 144]]
[208, [556, 714, 714, 27, 207, 145]]
[209, [574, 714, 714, 27, 198, 144]]
[210, [562, 712, 712, 27, 189, 141]]
[211, [550, 710, 710, 27, 180, 138]]
[212, [568, 710, 710, 27, 171, 137]]
[213, [558, 710, 710, 27, 162, 136]]
[214, [548, 710, 710, 27, 153, 135]]
[215, [568, 712, 712, 27, 144, 136]]
[216, [558, 712, 712, 27, 135, 135]]
[217, [546, 710, 710, 27, 126, 132]]
[218, [562, 708, 708, 42, 117, 129]]
[219, [552, 708, 708, 162, 108, 128]]
[220, [542, 708, 708, 33, 243, 127]]
[221, [560, 708, 708, 33, 234, 126]]
[222, [552, 710, 710, 33, 225, 127]]
[223, [542, 710, 710, 33, 216, 126]]
[224, [558, 708, 708, 33, 207, 123]]
[225, [546, 706, 706, 48, 198, 120]]
[226, [536, 706, 706, 63, 189, 119]]
[227, [554, 706, 706, 63, 180, 118]]
[228, [544, 706, 706, 63, 171, 117]]
[229, [536, 708, 708, 63, 162, 118]]
[230, [554, 708, 708, 63, 153, 117]]
[231, [542, 706, 706, 63, 144, 114]]
[232, [530, 704, 704, 63, 135, 111]]
[233, [548, 704, 704, 63, 126, 110]]
[234, [538, 704, 704, 63, 117, 109]]
[235, [528, 704, 704, 63, 108, 108]]
[236, [548, 706, 706, 63, 99, 109]]
[237, [538, 706, 706, 63, 90, 108]]
[238, [526, 704, 704, 78, 81, 105]]
[239, [542, 702, 702, 198, 72, 102]]
[240, [532, 702, 702, 69, 207, 101]]
[241, [522, 702, 702, 69, 198, 100]]
[242, [540, 702, 702, 69, 189, 99]]
[243, [532, 704, 704, 69, 180, 100]]
[244, [522, 704, 704, 69, 171, 99]]
[245, [538, 702, 702, 84, 162, 96]]
[246, [526, 700, 700, 99, 153, 93]]
[247, [516, 700, 700, 99, 144, 92]]
[248, [534, 700, 700, 99, 135, 91]]
[249, [524, 700, 700, 99, 126, 90]]
[250, [516, 702, 702, 99, 117, 91]]
[251, [534, 702, 702, 99, 108, 90]]
[252, [524, 702, 702, 99, 99, 89]]
[253, [514, 702, 702, 99, 90, 88]]
[254, [532, 702, 702, 99, 81, 87]]
[255, [522, 702, 702, 99, 72, 86]]
[256, [512, 702, 702, 99, 63, 85]]
[257, [532, 704, 704, 99, 54, 86]]
[258, [522, 704, 704, 114, 45, 85]]
[259, [516, 708, 708, 219, 36, 88]]
[260, [534, 708, 708, 90, 171, 87]]
[261, [528, 712, 712, 90, 162, 90]]
[262, [518, 712, 712, 90, 153, 89]]
[263, [536, 712, 712, 90, 144, 88]]
[264, [528, 714, 714, 105, 135, 89]]
[265, [520, 716, 716, 120, 126, 90]]
[266, [544, 722, 722, 135, 117, 95]]
[267, [538, 726, 726, 135, 108, 98]]
[268, [532, 730, 730, 135, 99, 101]]
[269, [554, 734, 734, 135, 90, 104]]
[270, [546, 736, 736, 135, 81, 105]]
[271, [540, 740, 740, 135, 72, 108]]
[272, [564, 746, 746, 135, 63, 113]]
[273, [562, 754, 754, 135, 54, 120]]
[274, [560, 762, 762, 135, 45, 127]]
[275, [584, 768, 768, 135, 36, 132]]
[276, [584, 778, 778, 135, 27, 141]]
[277, [582, 786, 786, 135, 18, 148]]
[278, [604, 790, 790, 150, 9, 151]]
[279, [604, 800, 800, 111, 144, 160]]
[280, [602, 808, 808, 126, 135, 167]]
[281, [626, 814, 814, 126, 126, 172]]
[282, [622, 820, 820, 126, 117, 177]]
[283, [622, 830, 830, 126, 108, 186]]
[284, [650, 840, 840, 141, 99, 195]]
[285, [646, 846, 846, 156, 90, 200]]
[286, [646, 856, 856, 27, 225, 209]]
[287, [672, 864, 864, 27, 216, 216]]
[288, [666, 868, 868, 27, 207, 219]]
[289, [664, 876, 876, 27, 198, 226]]
[290, [688, 882, 882, 27, 189, 231]]
[291, [688, 892, 892, 27, 180, 240]]
[292, [688, 902, 902, 27, 171, 249]]
[293, [716, 912, 912, 27, 162, 258]]
[294, [714, 920, 920, 27, 153, 265]]
[295, [706, 922, 922, 27, 144, 266]]
[296, [728, 926, 926, 27, 135, 269]]
[297, [724, 932, 932, 27, 126, 274]]
[298, [720, 938, 938, 42, 117, 279]]
[299, [746, 946, 946, 147, 108, 286]]
[300, [744, 954, 954, 18, 243, 293]]
[301, [738, 958, 958, 18, 234, 296]]
[302, [756, 958, 958, 18, 225, 295]]
[303, [746, 958, 958, 18, 216, 294]]
[304, [740, 962, 962, 33, 207, 297]]
[305, [758, 962, 962, 48, 198, 296]]
[306, [750, 964, 964, 63, 189, 297]]
[307, [748, 972, 972, 63, 180, 304]]
[308, [766, 972, 972, 63, 171, 303]]
[309, [756, 972, 972, 63, 162, 302]]
[310, [746, 972, 972, 63, 153, 301]]
[311, [766, 974, 974, 63, 144, 302]]
[312, [756, 974, 974, 63, 135, 301]]
[313, [746, 974, 974, 63, 126, 300]]
[314, [770, 980, 980, 63, 117, 305]]
[315, [760, 980, 980, 63, 108, 304]]
[316, [750, 980, 980, 63, 99, 303]]
[317, [766, 978, 978, 63, 90, 300]]
[318, [756, 978, 978, 78, 81, 299]]
[319, [746, 978, 978, 183, 72, 298]]
[320, [764, 978, 978, 54, 207, 297]]
[321, [756, 980, 980, 54, 198, 298]]
[322, [746, 980, 980, 54, 189, 297]]
[323, [762, 978, 978, 54, 180, 294]]
[324, [750, 976, 976, 69, 171, 291]]
[325, [740, 976, 976, 84, 162, 290]]
[326, [758, 976, 976, 99, 153, 289]]
[327, [748, 976, 976, 99, 144, 288]]
[328, [740, 978, 978, 99, 135, 289]]
[329, [758, 978, 978, 99, 126, 288]]
[330, [746, 976, 976, 99, 117, 285]]
[331, [734, 974, 974, 99, 108, 282]]
[332, [752, 974, 974, 99, 99, 281]]
[333, [742, 974, 974, 99, 90, 280]]
[334, [732, 974, 974, 99, 81, 279]]
[335, [752, 976, 976, 99, 72, 280]]
[336, [742, 976, 976, 99, 63, 279]]
[337, [730, 974, 974, 99, 54, 276]]
[338, [746, 972, 972, 114, 45, 273]]
[339, [736, 972, 972, 204, 36, 272]]
[340, [726, 972, 972, 75, 171, 271]]
[341, [744, 972, 972, 75, 162, 270]]
[342, [736, 974, 974, 90, 153, 271]]
[343, [726, 974, 974, 90, 144, 270]]
[344, [742, 972, 972, 105, 135, 267]]
[345, [730, 970, 970, 120, 126, 264]]
[346, [720, 970, 970, 135, 117, 263]]
[347, [738, 970, 970, 135, 108, 262]]
[348, [728, 970, 970, 135, 99, 261]]
[349, [720, 972, 972, 135, 90, 262]]
[350, [738, 972, 972, 135, 81, 261]]
[351, [726, 970, 970, 135, 72, 258]]
[352, [714, 968, 968, 135, 63, 255]]
[353, [732, 968, 968, 135, 54, 254]]
[354, [722, 968, 968, 135, 45, 253]]
[355, [712, 968, 968, 135, 36, 252]]
[356, [732, 970, 970, 135, 27, 253]]
[357, [722, 970, 970, 135, 18, 252]]
[358, [710, 968, 968, 150, 9, 249]]
[359, [726, 966, 966, 96, 144, 246]]
[360, [716, 966, 966, 111, 135, 245]]
[361, [706, 966, 966, 111, 126, 244]]
[362, [724, 966, 966, 126, 117, 243]]
[363, [716, 968, 968, 126, 108, 244]]
[364, [706, 968, 968, 141, 99, 243]]
[365, [722, 966, 966, 156, 90, 240]]
[366, [710, 964, 964, 27, 225, 237]]
[367, [700, 964, 964, 27, 216, 236]]
[368, [718, 964, 964, 27, 207, 235]]
[369, [708, 964, 964, 27, 198, 234]]
[370, [700, 966, 966, 27, 189, 235]]
[371, [718, 966, 966, 27, 180, 234]]
[372, [706, 964, 964, 27, 171, 231]]
[373, [694, 962, 962, 27, 162, 228]]
[374, [712, 962, 962, 27, 153, 227]]
[375, [702, 962, 962, 27, 144, 226]]
[376, [692, 962, 962, 27, 135, 225]]
[377, [712, 964, 964, 27, 126, 226]]
[378, [702, 964, 964, 42, 117, 225]]
[379, [690, 962, 962, 132, 108, 222]]
[380, [706, 960, 960, 147, 99, 219]]
[381, [696, 960, 960, 3, 234, 218]]
[382, [686, 960, 960, 18, 225, 217]]
[383, [704, 960, 960, 18, 216, 216]]
[384, [696, 962, 962, 33, 207, 217]]
[385, [686, 962, 962, 48, 198, 216]]
[386, [702, 960, 960, 63, 189, 213]]
[387, [690, 958, 958, 63, 180, 210]]
[388, [680, 958, 958, 63, 171, 209]]
[389, [698, 958, 958, 63, 162, 208]]
[390, [688, 958, 958, 63, 153, 207]]
[391, [680, 960, 960, 63, 144, 208]]
[392, [698, 960, 960, 63, 135, 207]]
[393, [688, 960, 960, 63, 126, 206]]
[394, [676, 958, 958, 63, 117, 203]]
[395, [694, 958, 958, 63, 108, 202]]
[396, [684, 958, 958, 63, 99, 201]]
[397, [674, 958, 958, 63, 90, 200]]
[398, [694, 960, 960, 78, 81, 201]]
[399, [684, 960, 960, 168, 72, 200]]
[400, [676, 962, 962, 39, 207, 201]]
[401, [692, 960, 960, 39, 198, 198]]
[402, [684, 962, 962, 54, 189, 199]]
[403, [674, 962, 962, 54, 180, 198]]
[404, [692, 962, 962, 69, 171, 197]]
[405, [684, 964, 964, 84, 162, 198]]
[406, [678, 968, 968, 99, 153, 201]]
[407, [700, 972, 972, 99, 144, 204]]
[408, [694, 976, 976, 99, 135, 207]]
[409, [686, 978, 978, 99, 126, 208]]
[410, [704, 978, 978, 99, 117, 207]]
[411, [694, 978, 978, 99, 108, 206]]
[412, [688, 982, 982, 99, 99, 209]]
[413, [710, 986, 986, 99, 90, 212]]
[414, [708, 994, 994, 99, 81, 219]]
[415, [702, 998, 998, 99, 72, 222]]
[416, [722, 1000, 1000, 99, 63, 223]]
[417, [718, 1006, 1006, 99, 54, 228]]
[418, [708, 1006, 1006, 114, 45, 227]]
[419, [732, 1012, 1012, 204, 36, 232]]
[420, [730, 1020, 1020, 75, 171, 239]]
[421, [728, 1028, 1028, 75, 162, 246]]
[422, [750, 1032, 1032, 90, 153, 249]]
[423, [748, 1040, 1040, 90, 144, 256]]
[424, [744, 1046, 1046, 105, 135, 261]]
[425, [768, 1052, 1052, 120, 126, 266]]
[426, [764, 1058, 1058, 135, 117, 271]]
[427, [764, 1068, 1068, 135, 108, 280]]
[428, [790, 1076, 1076, 135, 99, 287]]
[429, [784, 1080, 1080, 135, 90, 290]]
[430, [782, 1088, 1088, 135, 81, 297]]
[431, [806, 1094, 1094, 135, 72, 302]]
[432, [804, 1102, 1102, 135, 63, 309]]
[433, [800, 1108, 1108, 135, 54, 314]]
[434, [828, 1118, 1118, 135, 45, 323]]
[435, [824, 1124, 1124, 135, 36, 328]]
[436, [816, 1126, 1126, 135, 27, 329]]
[437, [838, 1130, 1130, 135, 18, 332]]
[438, [836, 1138, 1138, 150, 9, 339]]
[439, [836, 1148, 1148, 96, 144, 348]]
[440, [862, 1156, 1156, 111, 135, 355]]
[441, [860, 1164, 1164, 111, 126, 362]]
[442, [856, 1170, 1170, 126, 117, 367]]
[443, [874, 1170, 1170, 126, 108, 366]]
[444, [868, 1174, 1174, 141, 99, 369]]
[445, [866, 1182, 1182, 156, 90, 376]]
[446, [888, 1186, 1186, 27, 225, 379]]
[447, [888, 1196, 1196, 27, 216, 388]]
[448, [884, 1202, 1202, 27, 207, 393]]
[449, [904, 1204, 1204, 27, 198, 394]]
[450, [894, 1204, 1204, 27, 189, 393]]
[451, [886, 1206, 1206, 27, 180, 394]]
[452, [906, 1208, 1208, 27, 171, 395]]
[453, [900, 1212, 1212, 27, 162, 398]]
[454, [894, 1216, 1216, 27, 153, 401]]
[455, [918, 1222, 1222, 27, 144, 406]]
[456, [908, 1222, 1222, 27, 135, 405]]
[457, [898, 1222, 1222, 27, 126, 404]]
[458, [916, 1222, 1222, 42, 117, 403]]
[459, [908, 1224, 1224, 117, 108, 404]]
[460, [900, 1226, 1226, 132, 99, 405]]
[461, [920, 1228, 1228, 132, 90, 406]]
[462, [916, 1234, 1234, 147, 81, 411]]
[463, [906, 1234, 1234, 3, 216, 410]]
[464, [922, 1232, 1232, 18, 207, 407]]
[465, [912, 1232, 1232, 48, 198, 406]]
[466, [902, 1232, 1232, 63, 189, 405]]
[467, [920, 1232, 1232, 63, 180, 404]]
[468, [910, 1232, 1232, 63, 171, 403]]
[469, [904, 1236, 1236, 63, 162, 406]]
[470, [922, 1236, 1236, 63, 153, 405]]
[471, [910, 1234, 1234, 63, 144, 402]]
[472, [898, 1232, 1232, 63, 135, 399]]
[473, [916, 1232, 1232, 63, 126, 398]]
[474, [906, 1232, 1232, 63, 117, 397]]
[475, [896, 1232, 1232, 63, 108, 396]]
[476, [916, 1234, 1234, 63, 99, 397]]
[477, [906, 1234, 1234, 63, 90, 396]]
[478, [894, 1232, 1232, 78, 81, 393]]
[479, [910, 1230, 1230, 153, 72, 390]]
[480, [900, 1230, 1230, 24, 207, 389]]
[481, [890, 1230, 1230, 24, 198, 388]]
[482, [908, 1230, 1230, 39, 189, 387]]
[483, [900, 1232, 1232, 39, 180, 388]]
[484, [890, 1232, 1232, 54, 171, 387]]
[485, [906, 1230, 1230, 69, 162, 384]]
[486, [894, 1228, 1228, 84, 153, 381]]
[487, [884, 1228, 1228, 84, 144, 380]]
[488, [902, 1228, 1228, 84, 135, 379]]
[489, [892, 1228, 1228, 84, 126, 378]]
[490, [884, 1230, 1230, 84, 117, 379]]
[491, [902, 1230, 1230, 84, 108, 378]]
[492, [890, 1228, 1228, 84, 99, 375]]
[493, [878, 1226, 1226, 84, 90, 372]]
[494, [896, 1226, 1226, 84, 81, 371]]
[495, [886, 1226, 1226, 84, 72, 370]]
[496, [876, 1226, 1226, 84, 63, 369]]
[497, [896, 1228, 1228, 84, 54, 370]]
[498, [886, 1228, 1228, 114, 45, 369]]
[499, [874, 1226, 1226, 189, 36, 366]]
[500, [890, 1224, 1224, 60, 171, 363]]
[501, [880, 1224, 1224, 60, 162, 362]]
[502, [870, 1224, 1224, 75, 153, 361]]
[503, [888, 1224, 1224, 75, 144, 360]]
[504, [880, 1226, 1226, 90, 135, 361]]
[505, [870, 1226, 1226, 105, 126, 360]]
[506, [886, 1224, 1224, 120, 117, 357]]
[507, [874, 1222, 1222, 120, 108, 354]]
[508, [864, 1222, 1222, 120, 99, 353]]
[509, [882, 1222, 1222, 120, 90, 352]]
[510, [872, 1222, 1222, 120, 81, 351]]
[511, [864, 1224, 1224, 120, 72, 352]]
[512, [882, 1224, 1224, 120, 63, 351]]
[513, [870, 1222, 1222, 120, 54, 348]]
[514, [858, 1220, 1220, 120, 45, 345]]
[515, [876, 1220, 1220, 120, 36, 344]]
[516, [866, 1220, 1220, 120, 27, 343]]
[517, [856, 1220, 1220, 120, 18, 342]]
[518, [876, 1222, 1222, 150, 9, 343]]
[519, [866, 1222, 1222, 81, 144, 342]]
[520, [854, 1220, 1220, 96, 135, 339]]
[521, [870, 1218, 1218, 96, 126, 336]]
[522, [860, 1218, 1218, 111, 117, 335]]
[523, [850, 1218, 1218, 111, 108, 334]]
[524, [868, 1218, 1218, 111, 99, 333]]
[525, [860, 1220, 1220, 126, 90, 334]]
[526, [850, 1220, 1220, 141, 81, 333]]
[527, [866, 1218, 1218, 141, 72, 330]]
[528, [854, 1216, 1216, 141, 63, 327]]
[529, [844, 1216, 1216, 141, 54, 326]]
[530, [862, 1216, 1216, 141, 45, 325]]
[531, [852, 1216, 1216, 156, 36, 324]]
[532, [844, 1218, 1218, 12, 171, 325]]
[533, [862, 1218, 1218, 12, 162, 324]]
[534, [850, 1216, 1216, 12, 153, 321]]
[535, [838, 1214, 1214, 12, 144, 318]]
[536, [856, 1214, 1214, 12, 135, 317]]
[537, [846, 1214, 1214, 12, 126, 316]]
[538, [836, 1214, 1214, 42, 117, 315]]
[539, [856, 1216, 1216, 117, 108, 316]]
[540, [846, 1216, 1216, 132, 99, 315]]
[541, [836, 1216, 1216, 132, 90, 314]]
[542, [852, 1214, 1214, 147, 81, 311]]
[543, [842, 1214, 1214, 3, 216, 310]]
[544, [832, 1214, 1214, 3, 207, 309]]
[545, [850, 1214, 1214, 18, 198, 308]]
[546, [842, 1216, 1216, 33, 189, 309]]
[547, [834, 1218, 1218, 33, 180, 310]]
[548, [852, 1218, 1218, 33, 171, 309]]
[549, [840, 1216, 1216, 33, 162, 306]]
[550, [832, 1218, 1218, 33, 153, 307]]
[551, [850, 1218, 1218, 48, 144, 306]]
[552, [840, 1218, 1218, 48, 135, 305]]
[553, [834, 1222, 1222, 48, 126, 308]]
[554, [854, 1224, 1224, 48, 117, 309]]
[555, [848, 1228, 1228, 48, 108, 312]]
[556, [838, 1228, 1228, 48, 99, 311]]
[557, [858, 1230, 1230, 48, 90, 312]]
[558, [848, 1230, 1230, 78, 81, 311]]
[559, [838, 1230, 1230, 153, 72, 310]]
[560, [860, 1234, 1234, 24, 207, 313]]
[561, [856, 1240, 1240, 24, 198, 318]]
[562, [852, 1246, 1246, 39, 189, 323]]
[563, [874, 1250, 1250, 39, 180, 326]]
[564, [870, 1256, 1256, 39, 171, 331]]
[565, [862, 1258, 1258, 54, 162, 332]]
[566, [880, 1258, 1258, 69, 153, 331]]
[567, [874, 1262, 1262, 69, 144, 334]]
[568, [870, 1268, 1268, 69, 135, 339]]
[569, [896, 1276, 1276, 69, 126, 346]]
[570, [890, 1280, 1280, 69, 117, 349]]
[571, [886, 1286, 1286, 84, 108, 354]]
[572, [912, 1294, 1294, 84, 99, 361]]
[573, [906, 1298, 1298, 84, 90, 364]]
[574, [900, 1302, 1302, 84, 81, 367]]
[575, [924, 1308, 1308, 84, 72, 372]]
[576, [920, 1314, 1314, 84, 63, 377]]
[577, [914, 1318, 1318, 84, 54, 380]]
[578, [940, 1326, 1326, 114, 45, 387]]
[579, [938, 1334, 1334, 174, 36, 394]]
[580, [932, 1338, 1338, 45, 171, 397]]
[581, [956, 1344, 1344, 45, 162, 402]]
[582, [954, 1352, 1352, 60, 153, 409]]
[583, [952, 1360, 1360, 60, 144, 416]]
[584, [972, 1362, 1362, 60, 135, 417]]
[585, [968, 1368, 1368, 75, 126, 422]]
[586, [966, 1376, 1376, 105, 117, 429]]
[587, [992, 1384, 1384, 105, 108, 436]]
[588, [988, 1390, 1390, 105, 99, 441]]
[589, [986, 1398, 1398, 105, 90, 448]]
[590, [1008, 1402, 1402, 105, 81, 451]]
[591, [1000, 1404, 1404, 120, 72, 452]]
[592, [992, 1406, 1406, 120, 63, 453]]
[593, [1014, 1410, 1410, 120, 54, 456]]
[594, [1010, 1416, 1416, 120, 45, 461]]
[595, [1008, 1424, 1424, 120, 36, 468]]
[596, [1034, 1432, 1432, 120, 27, 475]]
[597, [1028, 1436, 1436, 120, 18, 478]]
[598, [1018, 1436, 1436, 150, 9, 477]]
[599, [1038, 1438, 1438, 66, 144, 478]]
[600, [1032, 1442, 1442, 66, 135, 481]]
[601, [1024, 1444, 1444, 66, 126, 482]]
[602, [1048, 1450, 1450, 81, 117, 487]]
[603, [1046, 1458, 1458, 81, 108, 494]]
[604, [1040, 1462, 1462, 81, 99, 497]]
[605, [1058, 1462, 1462, 96, 90, 496]]
[606, [1050, 1464, 1464, 111, 81, 497]]
[607, [1042, 1466, 1466, 111, 72, 498]]
[608, [1060, 1466, 1466, 111, 63, 497]]
[609, [1056, 1472, 1472, 111, 54, 502]]
[610, [1052, 1478, 1478, 111, 45, 507]]
[611, [1070, 1478, 1478, 126, 36, 506]]
[612, [1058, 1476, 1476, 126, 27, 503]]
[613, [1048, 1476, 1476, 126, 18, 502]]
[614, [1068, 1478, 1478, 126, 9, 503]]
[615, [1058, 1478, 1478, 126, 0, 502]]
[616, [1050, 1480, 1480, 126, 0, 494]]
[617, [1074, 1486, 1486, 126, 0, 490]]
[618, [1064, 1486, 1486, 156, 0, 480]]
[619, [1052, 1484, 1484, 57, 144, 468]]
[620, [1068, 1482, 1482, 72, 135, 465]]
[621, [1060, 1484, 1484, 72, 126, 466]]
[622, [1050, 1484, 1484, 87, 117, 465]]
[623, [1070, 1486, 1486, 102, 108, 466]]
[624, [1064, 1490, 1490, 102, 99, 469]]
[625, [1054, 1490, 1490, 132, 90, 468]]
[626, [1070, 1488, 1488, 147, 81, 465]]
[627, [1058, 1486, 1486, 3, 216, 462]]
[628, [1048, 1486, 1486, 3, 207, 461]]
[629, [1066, 1486, 1486, 3, 198, 460]]
[630, [1056, 1486, 1486, 3, 189, 459]]
[631, [1048, 1488, 1488, 18, 180, 460]]
[632, [1066, 1488, 1488, 18, 171, 459]]
[633, [1054, 1486, 1486, 18, 162, 456]]
[634, [1042, 1484, 1484, 18, 153, 453]]
[635, [1060, 1484, 1484, 18, 144, 452]]
[636, [1050, 1484, 1484, 18, 135, 451]]
[637, [1040, 1484, 1484, 18, 126, 450]]
[638, [1060, 1486, 1486, 48, 117, 451]]
[639, [1050, 1486, 1486, 93, 108, 450]]
[640, [1038, 1484, 1484, 108, 99, 447]]
[641, [1054, 1482, 1482, 108, 90, 444]]
[642, [1044, 1482, 1482, 123, 81, 443]]
[643, [1034, 1482, 1482, 138, 72, 442]]
[644, [1052, 1482, 1482, 138, 63, 441]]
[645, [1044, 1484, 1484, 168, 54, 442]]
[646, [1034, 1484, 1484, 39, 189, 441]]
[647, [1050, 1482, 1482, 39, 180, 438]]
[648, [1038, 1480, 1480, 39, 171, 435]]
[649, [1028, 1480, 1480, 39, 162, 434]]
[650, [1046, 1480, 1480, 39, 153, 433]]
[651, [1036, 1480, 1480, 54, 144, 432]]
[652, [1028, 1482, 1482, 54, 135, 433]]
[653, [1046, 1482, 1482, 54, 126, 432]]
[654, [1034, 1480, 1480, 54, 117, 429]]
[655, [1022, 1478, 1478, 54, 108, 426]]
[656, [1040, 1478, 1478, 54, 99, 425]]
[657, [1030, 1478, 1478, 54, 90, 424]]
[658, [1020, 1478, 1478, 84, 81, 423]]
[659, [1040, 1480, 1480, 129, 72, 424]]
[660, [1030, 1480, 1480, 144, 63, 423]]
[661, [1018, 1478, 1478, 0, 198, 420]]
[662, [1034, 1476, 1476, 15, 189, 417]]
[663, [1024, 1476, 1476, 30, 180, 416]]
[664, [1014, 1476, 1476, 30, 171, 415]]
[665, [1032, 1476, 1476, 60, 162, 414]]
[666, [1024, 1478, 1478, 75, 153, 415]]
[667, [1014, 1478, 1478, 75, 144, 414]]
[668, [1030, 1476, 1476, 75, 135, 411]]
[669, [1018, 1474, 1474, 75, 126, 408]]
[670, [1008, 1474, 1474, 75, 117, 407]]
[671, [1026, 1474, 1474, 90, 108, 406]]
[672, [1016, 1474, 1474, 90, 99, 405]]
[673, [1008, 1476, 1476, 90, 90, 406]]
[674, [1026, 1476, 1476, 90, 81, 405]]
[675, [1014, 1474, 1474, 90, 72, 402]]
[676, [1002, 1472, 1472, 90, 63, 399]]
[677, [1020, 1472, 1472, 90, 54, 398]]
[678, [1010, 1472, 1472, 120, 45, 397]]
[679, [1000, 1472, 1472, 165, 36, 396]]
[680, [1020, 1474, 1474, 36, 171, 397]]
[681, [1010, 1474, 1474, 36, 162, 396]]
[682, [998, 1472, 1472, 51, 153, 393]]
[683, [1014, 1470, 1470, 66, 144, 390]]
[684, [1004, 1470, 1470, 66, 135, 389]]
[685, [994, 1470, 1470, 96, 126, 388]]
[686, [1012, 1470, 1470, 111, 117, 387]]
[687, [1004, 1472, 1472, 111, 108, 388]]
[688, [994, 1472, 1472, 111, 99, 387]]
[689, [1010, 1470, 1470, 111, 90, 384]]
[690, [998, 1468, 1468, 111, 81, 381]]
[691, [988, 1468, 1468, 126, 72, 380]]
[692, [1006, 1468, 1468, 126, 63, 379]]
[693, [996, 1468, 1468, 126, 54, 378]]
[694, [988, 1470, 1470, 126, 45, 379]]
[695, [1006, 1470, 1470, 126, 36, 378]]
[696, [994, 1468, 1468, 126, 27, 375]]
[697, [982, 1466, 1466, 126, 18, 372]]
[698, [1000, 1466, 1466, 156, 9, 371]]
[699, [990, 1466, 1466, 57, 144, 370]]
[700, [980, 1466, 1466, 72, 135, 369]]
[701, [1000, 1468, 1468, 72, 126, 370]]
[702, [990, 1468, 1468, 87, 117, 369]]
[703, [978, 1466, 1466, 102, 108, 366]]
[704, [994, 1464, 1464, 102, 99, 363]]
[705, [984, 1464, 1464, 132, 90, 362]]
[706, [974, 1464, 1464, 147, 81, 361]]
[707, [992, 1464, 1464, 3, 216, 360]]
[708, [984, 1466, 1466, 3, 207, 361]]
[709, [974, 1466, 1466, 3, 198, 360]]
[710, [990, 1464, 1464, 3, 189, 357]]
[711, [978, 1462, 1462, 18, 180, 354]]
[712, [968, 1462, 1462, 18, 171, 353]]
[713, [986, 1462, 1462, 18, 162, 352]]
[714, [976, 1462, 1462, 18, 153, 351]]
[715, [968, 1464, 1464, 18, 144, 352]]
[716, [986, 1464, 1464, 18, 135, 351]]
[717, [974, 1462, 1462, 18, 126, 348]]
[718, [962, 1460, 1460, 33, 117, 345]]
[719, [980, 1460, 1460, 78, 108, 344]]
[720, [970, 1460, 1460, 108, 99, 343]]
[721, [960, 1460, 1460, 108, 90, 342]]
[722, [980, 1462, 1462, 123, 81, 343]]
[723, [970, 1462, 1462, 138, 72, 342]]
[724, [958, 1460, 1460, 138, 63, 339]]
[725, [974, 1458, 1458, 168, 54, 336]]
[726, [964, 1458, 1458, 39, 189, 335]]
[727, [954, 1458, 1458, 39, 180, 334]]
[728, [972, 1458, 1458, 39, 171, 333]]
[729, [964, 1460, 1460, 39, 162, 334]]
[730, [954, 1460, 1460, 39, 153, 333]]
[731, [970, 1458, 1458, 54, 144, 330]]
[732, [958, 1456, 1456, 54, 135, 327]]
[733, [948, 1456, 1456, 54, 126, 326]]
[734, [966, 1456, 1456, 54, 117, 325]]
[735, [956, 1456, 1456, 54, 108, 324]]
[736, [948, 1458, 1458, 54, 99, 325]]
[737, [966, 1458, 1458, 54, 90, 324]]
[738, [954, 1456, 1456, 69, 81, 321]]
[739, [942, 1454, 1454, 114, 72, 318]]
[740, [960, 1454, 1454, 144, 63, 317]]
[741, [950, 1454, 1454, 0, 198, 316]]
[742, [940, 1454, 1454, 15, 189, 315]]
[743, [960, 1456, 1456, 30, 180, 316]]
[744, [950, 1456, 1456, 30, 171, 315]]
[745, [938, 1454, 1454, 60, 162, 312]]
[746, [954, 1452, 1452, 75, 153, 309]]
[747, [944, 1452, 1452, 75, 144, 308]]
[748, [934, 1452, 1452, 75, 135, 307]]
[749, [952, 1452, 1452, 75, 126, 306]]
[750, [944, 1454, 1454, 75, 117, 307]]
[751, [934, 1454, 1454, 90, 108, 306]]
[752, [950, 1452, 1452, 90, 99, 303]]
[753, [938, 1450, 1450, 90, 90, 300]]
[754, [928, 1450, 1450, 90, 81, 299]]
[755, [946, 1450, 1450, 90, 72, 298]]
[756, [936, 1450, 1450, 90, 63, 297]]
[757, [928, 1452, 1452, 90, 54, 298]]
[758, [946, 1452, 1452, 105, 45, 297]]
[759, [934, 1450, 1450, 150, 36, 294]]
[760, [922, 1448, 1448, 36, 171, 291]]
[761, [940, 1448, 1448, 36, 162, 290]]
[762, [930, 1448, 1448, 51, 153, 289]]
[763, [920, 1448, 1448, 66, 144, 288]]
[764, [940, 1450, 1450, 66, 135, 289]]
[765, [930, 1450, 1450, 96, 126, 288]]
[766, [918, 1448, 1448, 111, 117, 285]]
[767, [934, 1446, 1446, 111, 108, 282]]
[768, [924, 1446, 1446, 111, 99, 281]]
[769, [914, 1446, 1446, 111, 90, 280]]
[770, [932, 1446, 1446, 111, 81, 279]]
[771, [924, 1448, 1448, 126, 72, 280]]
[772, [914, 1448, 1448, 126, 63, 279]]
[773, [930, 1446, 1446, 126, 54, 276]]
[774, [918, 1444, 1444, 126, 45, 273]]
[775, [908, 1444, 1444, 126, 36, 272]]
[776, [926, 1444, 1444, 126, 27, 271]]
[777, [916, 1444, 1444, 126, 18, 270]]
[778, [908, 1446, 1446, 141, 9, 271]]
[779, [926, 1446, 1446, 186, 0, 270]]
[780, [914, 1444, 1444, 72, 144, 258]]
[781, [902, 1442, 1442, 72, 135, 255]]
[782, [920, 1442, 1442, 87, 126, 254]]
[783, [910, 1442, 1442, 102, 117, 253]]
[784, [900, 1442, 1442, 102, 108, 252]]
[785, [920, 1444, 1444, 117, 99, 253]]
[786, [910, 1444, 1444, 132, 90, 252]]
[787, [898, 1442, 1442, 132, 81, 249]]
[788, [914, 1440, 1440, 132, 72, 246]]
[789, [904, 1440, 1440, 132, 63, 245]]
[790, [894, 1440, 1440, 132, 54, 244]]
[791, [912, 1440, 1440, 147, 45, 243]]
[792, [904, 1442, 1442, 3, 180, 244]]
[793, [894, 1442, 1442, 3, 171, 243]]
[794, [910, 1440, 1440, 3, 162, 240]]
[795, [898, 1438, 1438, 3, 153, 237]]
[796, [888, 1438, 1438, 3, 144, 236]]
[797, [906, 1438, 1438, 3, 135, 235]]
[798, [896, 1438, 1438, 18, 126, 234]]
[799, [888, 1440, 1440, 63, 117, 235]]
[800, [906, 1440, 1440, 93, 108, 234]]
[801, [894, 1438, 1438, 93, 99, 231]]
[802, [882, 1436, 1436, 108, 90, 228]]
[803, [900, 1436, 1436, 123, 81, 227]]
[804, [890, 1436, 1436, 123, 72, 226]]
[805, [880, 1436, 1436, 138, 63, 225]]
[806, [900, 1438, 1438, 153, 54, 226]]
[807, [890, 1438, 1438, 9, 189, 225]]
[808, [878, 1436, 1436, 9, 180, 222]]
[809, [894, 1434, 1434, 9, 171, 219]]
[810, [884, 1434, 1434, 24, 162, 218]]
[811, [874, 1434, 1434, 39, 153, 217]]
[812, [892, 1434, 1434, 39, 144, 216]]
[813, [884, 1436, 1436, 39, 135, 217]]
[814, [874, 1436, 1436, 39, 126, 216]]
[815, [890, 1434, 1434, 39, 117, 213]]
[816, [878, 1432, 1432, 39, 108, 210]]
[817, [868, 1432, 1432, 39, 99, 209]]
[818, [886, 1432, 1432, 54, 90, 208]]
[819, [876, 1432, 1432, 99, 81, 207]]
[820, [868, 1434, 1434, 129, 72, 208]]
[821, [886, 1434, 1434, 129, 63, 207]]
[822, [874, 1432, 1432, 129, 54, 204]]
[823, [862, 1430, 1430, 129, 45, 201]]
[824, [880, 1430, 1430, 129, 36, 200]]
[825, [870, 1430, 1430, 129, 27, 199]]
[826, [860, 1430, 1430, 159, 18, 198]]
[827, [880, 1432, 1432, 15, 153, 199]]
[828, [870, 1432, 1432, 15, 144, 198]]
[829, [858, 1430, 1430, 30, 135, 195]]
[830, [874, 1428, 1428, 45, 126, 192]]
[831, [864, 1428, 1428, 60, 117, 191]]
[832, [854, 1428, 1428, 60, 108, 190]]
[833, [872, 1428, 1428, 60, 99, 189]]
[834, [864, 1430, 1430, 60, 90, 190]]
[835, [854, 1430, 1430, 60, 81, 189]]
[836, [870, 1428, 1428, 60, 72, 186]]
[837, [858, 1426, 1426, 60, 63, 183]]
[838, [848, 1426, 1426, 60, 54, 182]]
[839, [866, 1426, 1426, 105, 45, 181]]
[840, [856, 1426, 1426, 135, 36, 180]]
[841, [848, 1428, 1428, 135, 27, 181]]
[842, [866, 1428, 1428, 135, 18, 180]]
[843, [854, 1426, 1426, 135, 9, 177]]
[844, [842, 1424, 1424, 135, 0, 174]]
[845, [860, 1424, 1424, 135, 0, 164]]
[846, [850, 1424, 1424, 165, 0, 154]]
[847, [840, 1424, 1424, 36, 144, 144]]
[848, [860, 1426, 1426, 36, 135, 145]]
[849, [850, 1426, 1426, 51, 126, 144]]
[850, [838, 1424, 1424, 66, 117, 141]]
[851, [854, 1422, 1422, 81, 108, 138]]
[852, [844, 1422, 1422, 81, 99, 137]]
[853, [834, 1422, 1422, 81, 90, 136]]
[854, [852, 1422, 1422, 81, 81, 135]]
[855, [844, 1424, 1424, 81, 72, 136]]
[856, [834, 1424, 1424, 81, 63, 135]]
[857, [850, 1422, 1422, 81, 54, 132]]
[858, [838, 1420, 1420, 81, 45, 129]]
[859, [828, 1420, 1420, 126, 36, 128]]
[860, [846, 1420, 1420, 156, 27, 127]]
[861, [836, 1420, 1420, 12, 162, 126]]
[862, [828, 1422, 1422, 12, 153, 127]]
[863, [846, 1422, 1422, 12, 144, 126]]
[864, [834, 1420, 1420, 12, 135, 123]]
[865, [822, 1418, 1418, 12, 126, 120]]
[866, [840, 1418, 1418, 42, 117, 119]]
[867, [830, 1418, 1418, 57, 108, 118]]
[868, [820, 1418, 1418, 57, 99, 117]]
[869, [840, 1420, 1420, 72, 90, 118]]
[870, [830, 1420, 1420, 87, 81, 117]]
[871, [818, 1418, 1418, 102, 72, 114]]
[872, [834, 1416, 1416, 102, 63, 111]]
[873, [824, 1416, 1416, 102, 54, 110]]
[874, [814, 1416, 1416, 102, 45, 109]]
[875, [832, 1416, 1416, 102, 36, 108]]
[876, [824, 1418, 1418, 102, 27, 109]]
[877, [814, 1418, 1418, 102, 18, 108]]
[878, [830, 1416, 1416, 102, 9, 105]]
[879, [818, 1414, 1414, 162, 0, 102]]
[880, [808, 1414, 1414, 48, 144, 92]]
[881, [826, 1414, 1414, 48, 135, 91]]
[882, [816, 1414, 1414, 48, 126, 90]]
[883, [808, 1416, 1416, 48, 117, 91]]
[884, [826, 1416, 1416, 48, 108, 90]]
[885, [814, 1414, 1414, 48, 99, 87]]
[886, [802, 1412, 1412, 78, 90, 84]]
[887, [820, 1412, 1412, 93, 81, 83]]
[888, [810, 1412, 1412, 93, 72, 82]]
[889, [800, 1412, 1412, 108, 63, 81]]
[890, [820, 1414, 1414, 123, 54, 82]]
[891, [810, 1414, 1414, 138, 45, 81]]
[892, [798, 1412, 1412, 138, 36, 78]]
[893, [814, 1410, 1410, 138, 27, 75]]
[894, [804, 1410, 1410, 138, 18, 74]]
[895, [794, 1410, 1410, 138, 9, 73]]
[896, [812, 1410, 1410, 138, 0, 72]]
[897, [804, 1412, 1412, 138, 0, 64]]
[898, [794, 1412, 1412, 138, 0, 54]]
[899, [810, 1410, 1410, 198, 0, 42]]
[900, [798, 1408, 1408, 84, 144, 30]]
[901, [788, 1408, 1408, 84, 135, 29]]
[902, [806, 1408, 1408, 84, 126, 28]]
[903, [796, 1408, 1408, 84, 117, 27]]
[904, [788, 1410, 1410, 84, 108, 28]]
[905, [806, 1410, 1410, 84, 99, 27]]
[906, [794, 1408, 1408, 114, 90, 24]]
[907, [782, 1406, 1406, 129, 81, 21]]
[908, [800, 1406, 1406, 129, 72, 20]]
[909, [790, 1406, 1406, 144, 63, 19]]
[910, [780, 1406, 1406, 15, 198, 18]]
[911, [800, 1408, 1408, 30, 189, 19]]
[912, [790, 1408, 1408, 30, 180, 18]]
[913, [778, 1406, 1406, 30, 171, 15]]
[914, [794, 1404, 1404, 30, 162, 12]]
[915, [784, 1404, 1404, 30, 153, 11]]
[916, [774, 1404, 1404, 30, 144, 10]]
[917, [792, 1404, 1404, 30, 135, 9]]
[918, [784, 1406, 1406, 30, 126, 10]]
[919, [774, 1406, 1406, 90, 117, 9]]
[920, [790, 1404, 1404, 120, 108, 6]]
[921, [778, 1402, 1402, 120, 99, 3]]
[922, [768, 1402, 1402, 120, 90, 2]]
[923, [786, 1402, 1402, 120, 81, 1]]
[924, [776, 1402, 1402, 120, 72, 0]]
[925, [768, 1404, 1404, 120, 63, 1]]
[926, [786, 1404, 1404, 150, 54, 0]]
[927, [778, 1406, 1406, 21, 189, 1]]
[928, [768, 1406, 1406, 21, 180, 0]]
[929, [788, 1408, 1408, 36, 171, 1]]
[930, [778, 1408, 1408, 51, 162, 0]]
[931, [770, 1410, 1410, 66, 153, 1]]
[932, [788, 1410, 1410, 66, 144, 0]]
[933, [780, 1412, 1412, 66, 135, 1]]
[934, [770, 1412, 1412, 66, 126, 0]]
[935, [790, 1414, 1414, 66, 117, 1]]
[936, [780, 1414, 1414, 66, 108, 0]]
[937, [772, 1416, 1416, 66, 99, 1]]
[938, [790, 1416, 1416, 66, 90, 0]]
[939, [782, 1418, 1418, 126, 81, 1]]
[940, [772, 1418, 1418, 156, 72, 0]]
[941, [792, 1420, 1420, 12, 207, 1]]
[942, [782, 1420, 1420, 12, 198, 0]]
[943, [774, 1422, 1422, 12, 189, 1]]
[944, [792, 1422, 1422, 12, 180, 0]]
[945, [784, 1424, 1424, 12, 171, 1]]
[946, [774, 1424, 1424, 42, 162, 0]]
[947, [794, 1426, 1426, 57, 153, 1]]
[948, [784, 1426, 1426, 57, 144, 0]]
[949, [776, 1428, 1428, 72, 135, 1]]
[950, [794, 1428, 1428, 87, 126, 0]]
[951, [786, 1430, 1430, 102, 117, 1]]
[952, [776, 1430, 1430, 102, 108, 0]]
[953, [796, 1432, 1432, 102, 99, 1]]
[954, [786, 1432, 1432, 102, 90, 0]]
[955, [778, 1434, 1434, 102, 81, 1]]
[956, [796, 1434, 1434, 102, 72, 0]]
[957, [788, 1436, 1436, 102, 63, 1]]
[958, [778, 1436, 1436, 102, 54, 0]]
[959, [798, 1438, 1438, 162, 45, 1]]
