SimulationV012.py[0, [0, 6, 6, 0, 0, 0]]
[1, [0, 12, 12, 0, 0, 0]]
[2, [20, 18, 18, 0, 0, 0]]
[3, [20, 24, 24, 0, 0, 0]]
[4, [20, 30, 30, 0, 0, 0]]
[5, [40, 36, 36, 0, 0, 0]]
[6, [40, 42, 42, 0, 0, 0]]
[7, [40, 48, 48, 0, 0, 0]]
[8, [60, 54, 54, 0, 0, 0]]
[9, [60, 60, 60, 0, 0, 0]]
[10, [60, 66, 66, 0, 0, 0]]
[11, [80, 72, 72, 0, 0, 0]]
[12, [80, 78, 78, 0, 0, 0]]
[13, [80, 84, 84, 0, 0, 0]]
[14, [100, 90, 90, 0, 0, 0]]
[15, [100, 96, 96, 0, 0, 0]]
[16, [100, 102, 102, 0, 0, 0]]
[17, [120, 108, 108, 0, 0, 0]]
[18, [120, 114, 114, 0, 0, 0]]
[19, [120, 120, 120, 120, 0, 0]]
[20, [140, 126, 126, 120, 0, 0]]
[21, [140, 132, 132, 120, 0, 0]]
[22, [140, 138, 138, 120, 0, 0]]
[23, [160, 144, 144, 120, 0, 0]]
[24, [160, 150, 150, 120, 0, 0]]
[25, [160, 156, 156, 120, 0, 0]]
[26, [180, 162, 162, 120, 0, 0]]
[27, [180, 168, 168, 120, 0, 0]]
[28, [180, 174, 174, 120, 0, 0]]
[29, [200, 180, 180, 120, 0, 0]]
[30, [200, 186, 186, 120, 0, 0]]
[31, [200, 192, 192, 120, 0, 0]]
[32, [220, 198, 198, 120, 0, 0]]
[33, [220, 204, 204, 120, 0, 0]]
[34, [220, 210, 210, 120, 0, 0]]
[35, [240, 216, 216, 120, 0, 0]]
[36, [240, 222, 222, 120, 0, 0]]
[37, [240, 228, 228, 120, 0, 0]]
[38, [260, 234, 234, 120, 0, 0]]
[39, [260, 240, 240, 240, 0, 0]]
[40, [260, 246, 246, 96, 144, 0]]
[41, [280, 252, 252, 96, 138, 6]]
[42, [270, 248, 248, 96, 132, 2]]
[43, [270, 254, 254, 96, 126, 8]]
[44, [280, 250, 250, 96, 120, 4]]
[45, [270, 246, 246, 96, 114, 0]]
[46, [270, 252, 252, 96, 108, 6]]
[47, [280, 248, 248, 96, 102, 2]]
[48, [280, 254, 254, 96, 96, 8]]
[49, [270, 250, 250, 96, 90, 4]]
[50, [280, 246, 246, 96, 84, 0]]
[51, [280, 252, 252, 96, 78, 6]]
[52, [270, 248, 248, 96, 72, 2]]
[53, [290, 254, 254, 96, 66, 8]]
[54, [280, 250, 250, 96, 60, 4]]
[55, [270, 246, 246, 96, 54, 0]]
[56, [290, 252, 252, 96, 48, 6]]
[57, [280, 248, 248, 96, 42, 2]]
[58, [280, 254, 254, 96, 36, 8]]
[59, [290, 250, 250, 216, 30, 4]]
[60, [280, 246, 246, 72, 168, 0]]
[61, [280, 252, 252, 72, 162, 6]]
[62, [290, 248, 248, 72, 156, 2]]
[63, [290, 254, 254, 72, 150, 8]]
[64, [280, 250, 250, 72, 144, 4]]
[65, [290, 246, 246, 72, 138, 0]]
[66, [290, 252, 252, 72, 132, 6]]
[67, [280, 248, 248, 72, 126, 2]]
[68, [300, 254, 254, 72, 120, 8]]
[69, [290, 250, 250, 72, 114, 4]]
[70, [280, 246, 246, 72, 108, 0]]
[71, [300, 252, 252, 72, 102, 6]]
[72, [290, 248, 248, 72, 96, 2]]
[73, [290, 254, 254, 72, 90, 8]]
[74, [300, 250, 250, 72, 84, 4]]
[75, [290, 246, 246, 72, 78, 0]]
[76, [290, 252, 252, 72, 72, 6]]
[77, [300, 248, 248, 72, 66, 2]]
[78, [300, 254, 254, 72, 60, 8]]
[79, [290, 250, 250, 177, 54, 4]]
[80, [300, 246, 246, 33, 192, 0]]
[81, [300, 252, 252, 33, 186, 6]]
[82, [290, 248, 248, 33, 180, 2]]
[83, [310, 254, 254, 33, 174, 8]]
[84, [300, 250, 250, 33, 168, 4]]
[85, [290, 246, 246, 48, 162, 0]]
[86, [310, 252, 252, 48, 156, 6]]
[87, [300, 248, 248, 48, 150, 2]]
[88, [300, 254, 254, 48, 144, 8]]
[89, [310, 250, 250, 48, 138, 4]]
[90, [300, 246, 246, 48, 132, 0]]
[91, [300, 252, 252, 48, 126, 6]]
[92, [310, 248, 248, 48, 120, 2]]
[93, [310, 254, 254, 48, 114, 8]]
[94, [300, 250, 250, 48, 108, 4]]
[95, [310, 246, 246, 48, 102, 0]]
[96, [310, 252, 252, 48, 96, 6]]
[97, [300, 248, 248, 48, 90, 2]]
[98, [320, 254, 254, 48, 84, 8]]
[99, [310, 250, 250, 153, 78, 4]]
[100, [300, 246, 246, 9, 216, 0]]
[101, [320, 252, 252, 9, 210, 6]]
[102, [310, 248, 248, 9, 204, 2]]
[103, [310, 254, 254, 9, 198, 8]]
[104, [320, 250, 250, 9, 192, 4]]
[105, [310, 246, 246, 24, 186, 0]]
[106, [310, 252, 252, 24, 180, 6]]
[107, [320, 248, 248, 24, 174, 2]]
[108, [320, 254, 254, 24, 168, 8]]
[109, [310, 250, 250, 24, 162, 4]]
[110, [320, 246, 246, 24, 156, 0]]
[111, [320, 252, 252, 24, 150, 6]]
[112, [310, 248, 248, 24, 144, 2]]
[113, [330, 254, 254, 24, 138, 8]]
[114, [330, 260, 260, 24, 132, 14]]
[115, [320, 256, 256, 24, 126, 10]]
[116, [340, 262, 262, 24, 120, 16]]
[117, [340, 268, 268, 24, 114, 22]]
[118, [340, 274, 274, 24, 108, 28]]
[119, [360, 280, 280, 129, 102, 34]]
[120, [360, 286, 286, 129, 96, 40]]
[121, [360, 292, 292, 129, 90, 46]]
[122, [370, 288, 288, 129, 84, 42]]
[123, [360, 284, 284, 129, 78, 38]]
[124, [360, 290, 290, 129, 72, 44]]
[125, [380, 296, 296, 144, 66, 50]]
[126, [380, 302, 302, 0, 204, 56]]
[127, [380, 308, 308, 0, 198, 62]]
[128, [400, 314, 314, 0, 192, 68]]
[129, [400, 320, 320, 0, 186, 74]]
[130, [400, 326, 326, 0, 180, 80]]
[131, [420, 332, 332, 0, 174, 86]]
[132, [420, 338, 338, 0, 168, 92]]
[133, [420, 344, 344, 0, 162, 98]]
[134, [440, 350, 350, 0, 156, 104]]
[135, [440, 356, 356, 0, 150, 110]]
[136, [440, 362, 362, 0, 144, 116]]
[137, [460, 368, 368, 0, 138, 122]]
[138, [460, 374, 374, 0, 132, 128]]
[139, [460, 380, 380, 90, 126, 134]]
[140, [480, 386, 386, 90, 120, 140]]
[141, [480, 392, 392, 90, 114, 146]]
[142, [470, 388, 388, 90, 108, 142]]
[143, [480, 384, 384, 105, 102, 138]]
[144, [480, 390, 390, 105, 96, 144]]
[145, [480, 396, 396, 120, 90, 150]]
[146, [490, 392, 392, 120, 84, 146]]
[147, [480, 388, 388, 120, 78, 142]]
[148, [480, 394, 394, 120, 72, 148]]
[149, [490, 390, 390, 120, 66, 144]]
[150, [490, 396, 396, 120, 60, 150]]
[151, [490, 402, 402, 120, 54, 156]]
[152, [510, 408, 408, 120, 48, 162]]
[153, [510, 414, 414, 120, 42, 168]]
[154, [500, 410, 410, 120, 36, 164]]
[155, [520, 416, 416, 120, 30, 170]]
[156, [510, 412, 412, 120, 24, 166]]
[157, [500, 408, 408, 120, 18, 162]]
[158, [520, 414, 414, 120, 12, 168]]
[159, [510, 410, 410, 195, 6, 164]]
[160, [500, 406, 406, 51, 144, 160]]
[161, [510, 402, 402, 51, 138, 156]]
[162, [500, 398, 398, 51, 132, 152]]
[163, [500, 404, 404, 66, 126, 158]]
[164, [510, 400, 400, 66, 120, 154]]
[165, [500, 396, 396, 81, 114, 150]]
[166, [500, 402, 402, 96, 108, 156]]
[167, [510, 398, 398, 96, 102, 152]]
[168, [510, 404, 404, 96, 96, 158]]
[169, [500, 400, 400, 96, 90, 154]]
[170, [510, 396, 396, 96, 84, 150]]
[171, [510, 402, 402, 96, 78, 156]]
[172, [500, 398, 398, 96, 72, 152]]
[173, [520, 404, 404, 96, 66, 158]]
[174, [510, 400, 400, 96, 60, 154]]
[175, [500, 396, 396, 96, 54, 150]]
[176, [520, 402, 402, 96, 48, 156]]
[177, [510, 398, 398, 96, 42, 152]]
[178, [500, 394, 394, 96, 36, 148]]
[179, [510, 390, 390, 171, 30, 144]]
[180, [500, 386, 386, 27, 168, 140]]
[181, [500, 392, 392, 27, 162, 146]]
[182, [510, 388, 388, 27, 156, 142]]
[183, [500, 384, 384, 42, 150, 138]]
[184, [500, 390, 390, 42, 144, 144]]
[185, [510, 386, 386, 57, 138, 140]]
[186, [510, 392, 392, 72, 132, 146]]
[187, [500, 388, 388, 72, 126, 142]]
[188, [510, 384, 384, 72, 120, 138]]
[189, [510, 390, 390, 72, 114, 144]]
[190, [500, 386, 386, 72, 108, 140]]
[191, [520, 392, 392, 72, 102, 146]]
[192, [510, 388, 388, 72, 96, 142]]
[193, [500, 384, 384, 72, 90, 138]]
[194, [520, 390, 390, 72, 84, 144]]
[195, [510, 386, 386, 72, 78, 140]]
[196, [500, 382, 382, 72, 72, 136]]
[197, [510, 378, 378, 72, 66, 132]]
[198, [500, 374, 374, 72, 60, 128]]
[199, [500, 380, 380, 147, 54, 134]]
[200, [510, 376, 376, 3, 192, 130]]
[201, [500, 372, 372, 3, 186, 126]]
[202, [500, 378, 378, 3, 180, 132]]
[203, [510, 374, 374, 18, 174, 128]]
[204, [510, 380, 380, 18, 168, 134]]
[205, [500, 376, 376, 33, 162, 130]]
[206, [510, 372, 372, 48, 156, 126]]
[207, [510, 378, 378, 48, 150, 132]]
[208, [500, 374, 374, 48, 144, 128]]
[209, [520, 380, 380, 48, 138, 134]]
[210, [510, 376, 376, 48, 132, 130]]
[211, [500, 372, 372, 48, 126, 126]]
[212, [520, 378, 378, 48, 120, 132]]
[213, [510, 374, 374, 48, 114, 128]]
[214, [500, 370, 370, 48, 108, 124]]
[215, [510, 366, 366, 48, 102, 120]]
[216, [500, 362, 362, 48, 96, 116]]
[217, [500, 368, 368, 48, 90, 122]]
[218, [510, 364, 364, 48, 84, 118]]
[219, [500, 360, 360, 123, 78, 114]]
[220, [500, 366, 366, 123, 72, 120]]
[221, [510, 362, 362, 123, 66, 116]]
[222, [510, 368, 368, 123, 60, 122]]
[223, [500, 364, 364, 138, 54, 118]]
[224, [510, 360, 360, 138, 48, 114]]
[225, [510, 366, 366, 153, 42, 120]]
[226, [500, 362, 362, 24, 180, 116]]
[227, [520, 368, 368, 24, 174, 122]]
[228, [510, 364, 364, 24, 168, 118]]
[229, [500, 360, 360, 24, 162, 114]]
[230, [520, 366, 366, 24, 156, 120]]
[231, [510, 362, 362, 24, 150, 116]]
[232, [500, 358, 358, 24, 144, 112]]
[233, [510, 354, 354, 24, 138, 108]]
[234, [500, 350, 350, 24, 132, 104]]
[235, [500, 356, 356, 24, 126, 110]]
[236, [510, 352, 352, 24, 120, 106]]
[237, [500, 348, 348, 24, 114, 102]]
[238, [500, 354, 354, 24, 108, 108]]
[239, [510, 350, 350, 99, 102, 104]]
[240, [510, 356, 356, 99, 96, 110]]
[241, [500, 352, 352, 99, 90, 106]]
[242, [510, 348, 348, 99, 84, 102]]
[243, [510, 354, 354, 99, 78, 108]]
[244, [500, 350, 350, 99, 72, 104]]
[245, [520, 356, 356, 114, 66, 110]]
[246, [510, 352, 352, 129, 60, 106]]
[247, [500, 348, 348, 129, 54, 102]]
[248, [520, 354, 354, 129, 48, 108]]
[249, [510, 350, 350, 129, 42, 104]]
[250, [500, 346, 346, 129, 36, 100]]
[251, [510, 342, 342, 129, 30, 96]]
[252, [500, 338, 338, 129, 24, 92]]
[253, [500, 344, 344, 144, 18, 98]]
[254, [510, 340, 340, 0, 156, 94]]
[255, [500, 336, 336, 0, 150, 90]]
[256, [500, 342, 342, 0, 144, 96]]
[257, [510, 338, 338, 0, 138, 92]]
[258, [510, 344, 344, 0, 132, 98]]
[259, [500, 340, 340, 75, 126, 94]]
[260, [510, 336, 336, 75, 120, 90]]
[261, [510, 342, 342, 75, 114, 96]]
[262, [500, 338, 338, 75, 108, 92]]
[263, [520, 344, 344, 75, 102, 98]]
[264, [510, 340, 340, 75, 96, 94]]
[265, [510, 346, 346, 90, 90, 100]]
[266, [530, 352, 352, 105, 84, 106]]
[267, [520, 348, 348, 105, 78, 102]]
[268, [520, 354, 354, 105, 72, 108]]
[269, [540, 360, 360, 105, 66, 114]]
[270, [530, 356, 356, 105, 60, 110]]
[271, [530, 362, 362, 105, 54, 116]]
[272, [550, 368, 368, 105, 48, 122]]
[273, [550, 374, 374, 120, 42, 128]]
[274, [550, 380, 380, 120, 36, 134]]
[275, [570, 386, 386, 120, 30, 140]]
[276, [570, 392, 392, 120, 24, 146]]
[277, [560, 388, 388, 120, 18, 142]]
[278, [570, 384, 384, 120, 12, 138]]
[279, [570, 390, 390, 195, 6, 144]]
[280, [570, 396, 396, 51, 144, 150]]
[281, [590, 402, 402, 51, 138, 156]]
[282, [590, 408, 408, 51, 132, 162]]
[283, [590, 414, 414, 51, 126, 168]]
[284, [610, 420, 420, 51, 120, 174]]
[285, [610, 426, 426, 66, 114, 180]]
[286, [610, 432, 432, 81, 108, 186]]
[287, [630, 438, 438, 81, 102, 192]]
[288, [630, 444, 444, 81, 96, 198]]
[289, [630, 450, 450, 81, 90, 204]]
[290, [650, 456, 456, 81, 84, 210]]
[291, [650, 462, 462, 81, 78, 216]]
[292, [650, 468, 468, 81, 72, 222]]
[293, [670, 474, 474, 96, 66, 228]]
[294, [660, 470, 470, 96, 60, 224]]
[295, [660, 476, 476, 96, 54, 230]]
[296, [680, 482, 482, 96, 48, 236]]
[297, [670, 478, 478, 96, 42, 232]]
[298, [660, 474, 474, 96, 36, 228]]
[299, [680, 480, 480, 171, 30, 234]]
[300, [680, 486, 486, 27, 168, 240]]
[301, [670, 482, 482, 27, 162, 236]]
[302, [680, 478, 478, 27, 156, 232]]
[303, [680, 484, 484, 27, 150, 238]]
[304, [670, 480, 480, 27, 144, 234]]
[305, [690, 486, 486, 42, 138, 240]]
[306, [690, 492, 492, 57, 132, 246]]
[307, [690, 498, 498, 57, 126, 252]]
[308, [710, 504, 504, 57, 120, 258]]
[309, [700, 500, 500, 57, 114, 254]]
[310, [700, 506, 506, 57, 108, 260]]
[311, [710, 502, 502, 57, 102, 256]]
[312, [700, 498, 498, 57, 96, 252]]
[313, [700, 504, 504, 57, 90, 258]]
[314, [710, 500, 500, 57, 84, 254]]
[315, [700, 496, 496, 57, 78, 250]]
[316, [690, 492, 492, 72, 72, 246]]
[317, [700, 488, 488, 72, 66, 242]]
[318, [700, 494, 494, 72, 60, 248]]
[319, [690, 490, 490, 147, 54, 244]]
[320, [700, 486, 486, 3, 192, 240]]
[321, [700, 492, 492, 3, 186, 246]]
[322, [690, 488, 488, 3, 180, 242]]
[323, [710, 494, 494, 3, 174, 248]]
[324, [700, 490, 490, 3, 168, 244]]
[325, [690, 486, 486, 18, 162, 240]]
[326, [710, 492, 492, 33, 156, 246]]
[327, [700, 488, 488, 33, 150, 242]]
[328, [700, 494, 494, 33, 144, 248]]
[329, [710, 490, 490, 33, 138, 244]]
[330, [700, 486, 486, 33, 132, 240]]
[331, [700, 492, 492, 33, 126, 246]]
[332, [710, 488, 488, 33, 120, 242]]
[333, [700, 484, 484, 33, 114, 238]]
[334, [690, 480, 480, 33, 108, 234]]
[335, [700, 476, 476, 33, 102, 230]]
[336, [700, 482, 482, 48, 96, 236]]
[337, [690, 478, 478, 48, 90, 232]]
[338, [700, 474, 474, 48, 84, 228]]
[339, [700, 480, 480, 123, 78, 234]]
[340, [690, 476, 476, 123, 72, 230]]
[341, [710, 482, 482, 123, 66, 236]]
[342, [700, 478, 478, 123, 60, 232]]
[343, [690, 474, 474, 123, 54, 228]]
[344, [710, 480, 480, 123, 48, 234]]
[345, [700, 476, 476, 138, 42, 230]]
[346, [700, 482, 482, 153, 36, 236]]
[347, [710, 478, 478, 9, 174, 232]]
[348, [700, 474, 474, 9, 168, 228]]
[349, [700, 480, 480, 9, 162, 234]]
[350, [710, 476, 476, 9, 156, 230]]
[351, [700, 472, 472, 9, 150, 226]]
[352, [690, 468, 468, 9, 144, 222]]
[353, [700, 464, 464, 9, 138, 218]]
[354, [700, 470, 470, 9, 132, 224]]
[355, [690, 466, 466, 9, 126, 220]]
[356, [700, 462, 462, 24, 120, 216]]
[357, [700, 468, 468, 24, 114, 222]]
[358, [690, 464, 464, 24, 108, 218]]
[359, [710, 470, 470, 99, 102, 224]]
[360, [700, 466, 466, 99, 96, 220]]
[361, [690, 462, 462, 99, 90, 216]]
[362, [710, 468, 468, 99, 84, 222]]
[363, [700, 464, 464, 99, 78, 218]]
[364, [700, 470, 470, 99, 72, 224]]
[365, [710, 466, 466, 114, 66, 220]]
[366, [700, 462, 462, 129, 60, 216]]
[367, [700, 468, 468, 129, 54, 222]]
[368, [710, 464, 464, 129, 48, 218]]
[369, [700, 460, 460, 129, 42, 214]]
[370, [690, 456, 456, 129, 36, 210]]
[371, [700, 452, 452, 129, 30, 206]]
[372, [700, 458, 458, 129, 24, 212]]
[373, [690, 454, 454, 129, 18, 208]]
[374, [700, 450, 450, 129, 12, 204]]
[375, [700, 456, 456, 129, 6, 210]]
[376, [690, 452, 452, 144, 0, 206]]
[377, [710, 458, 458, 0, 144, 206]]
[378, [700, 454, 454, 0, 138, 202]]
[379, [690, 450, 450, 75, 132, 198]]
[380, [710, 456, 456, 75, 126, 204]]
[381, [700, 452, 452, 75, 120, 200]]
[382, [700, 458, 458, 75, 114, 206]]
[383, [710, 454, 454, 75, 108, 202]]
[384, [700, 450, 450, 75, 102, 198]]
[385, [700, 456, 456, 90, 96, 204]]
[386, [710, 452, 452, 105, 90, 200]]
[387, [700, 448, 448, 105, 84, 196]]
[388, [690, 444, 444, 105, 78, 192]]
[389, [700, 440, 440, 105, 72, 188]]
[390, [700, 446, 446, 105, 66, 194]]
[391, [690, 442, 442, 105, 60, 190]]
[392, [700, 438, 438, 105, 54, 186]]
[393, [700, 444, 444, 105, 48, 192]]
[394, [690, 440, 440, 105, 42, 188]]
[395, [710, 446, 446, 105, 36, 194]]
[396, [700, 442, 442, 120, 30, 190]]
[397, [690, 438, 438, 120, 24, 186]]
[398, [710, 444, 444, 120, 18, 192]]
[399, [700, 440, 440, 195, 12, 188]]
[400, [700, 446, 446, 51, 150, 194]]
[401, [710, 442, 442, 51, 144, 190]]
[402, [700, 438, 438, 51, 138, 186]]
[403, [700, 444, 444, 51, 132, 192]]
[404, [710, 440, 440, 51, 126, 188]]
[405, [700, 436, 436, 66, 120, 184]]
[406, [700, 442, 442, 81, 114, 190]]
[407, [710, 438, 438, 81, 108, 186]]
[408, [710, 444, 444, 81, 102, 192]]
[409, [700, 440, 440, 81, 96, 188]]
[410, [720, 446, 446, 81, 90, 194]]
[411, [720, 452, 452, 81, 84, 200]]
[412, [720, 458, 458, 81, 78, 206]]
[413, [740, 464, 464, 81, 72, 212]]
[414, [730, 460, 460, 81, 66, 208]]
[415, [720, 456, 456, 81, 60, 204]]
[416, [740, 462, 462, 96, 54, 210]]
[417, [740, 468, 468, 96, 48, 216]]
[418, [740, 474, 474, 96, 42, 222]]
[419, [760, 480, 480, 171, 36, 228]]
[420, [760, 486, 486, 27, 174, 234]]
[421, [760, 492, 492, 27, 168, 240]]
[422, [780, 498, 498, 27, 162, 246]]
[423, [780, 504, 504, 27, 156, 252]]
[424, [780, 510, 510, 27, 150, 258]]
[425, [790, 506, 506, 42, 144, 254]]
[426, [790, 512, 512, 57, 138, 260]]
[427, [790, 518, 518, 57, 132, 266]]
[428, [810, 524, 524, 57, 126, 272]]
[429, [810, 530, 530, 57, 120, 278]]
[430, [810, 536, 536, 57, 114, 284]]
[431, [830, 542, 542, 57, 108, 290]]
[432, [820, 538, 538, 57, 102, 286]]
[433, [820, 544, 544, 57, 96, 292]]
[434, [840, 550, 550, 57, 90, 298]]
[435, [830, 546, 546, 57, 84, 294]]
[436, [830, 552, 552, 72, 78, 300]]
[437, [850, 558, 558, 72, 72, 306]]
[438, [850, 564, 564, 72, 66, 312]]
[439, [840, 560, 560, 147, 60, 308]]
[440, [860, 566, 566, 3, 198, 314]]
[441, [850, 562, 562, 3, 192, 310]]
[442, [850, 568, 568, 3, 186, 316]]
[443, [870, 574, 574, 3, 180, 322]]
[444, [870, 580, 580, 3, 174, 328]]
[445, [870, 586, 586, 18, 168, 334]]
[446, [880, 582, 582, 33, 162, 330]]
[447, [880, 588, 588, 33, 156, 336]]
[448, [870, 584, 584, 33, 150, 332]]
[449, [880, 580, 580, 33, 144, 328]]
[450, [880, 586, 586, 33, 138, 334]]
[451, [870, 582, 582, 33, 132, 330]]
[452, [880, 578, 578, 33, 126, 326]]
[453, [870, 574, 574, 33, 120, 322]]
[454, [870, 580, 580, 33, 114, 328]]
[455, [890, 586, 586, 33, 108, 334]]
[456, [880, 582, 582, 48, 102, 330]]
[457, [870, 578, 578, 48, 96, 326]]
[458, [890, 584, 584, 48, 90, 332]]
[459, [880, 580, 580, 123, 84, 328]]
[460, [880, 586, 586, 123, 78, 334]]
[461, [900, 592, 592, 123, 72, 340]]
[462, [890, 588, 588, 123, 66, 336]]
[463, [890, 594, 594, 123, 60, 342]]
[464, [900, 590, 590, 123, 54, 338]]
[465, [900, 596, 596, 138, 48, 344]]
[466, [890, 592, 592, 153, 42, 340]]
[467, [900, 588, 588, 9, 180, 336]]
[468, [900, 594, 594, 9, 174, 342]]
[469, [890, 590, 590, 9, 168, 338]]
[470, [900, 586, 586, 9, 162, 334]]
[471, [890, 582, 582, 9, 156, 330]]
[472, [880, 578, 578, 9, 150, 326]]
[473, [900, 584, 584, 9, 144, 332]]
[474, [890, 580, 580, 9, 138, 328]]
[475, [880, 576, 576, 9, 132, 324]]
[476, [900, 582, 582, 9, 126, 330]]
[477, [890, 578, 578, 24, 120, 326]]
[478, [890, 584, 584, 24, 114, 332]]
[479, [900, 580, 580, 99, 108, 328]]
[480, [890, 576, 576, 99, 102, 324]]
[481, [890, 582, 582, 99, 96, 330]]
[482, [900, 578, 578, 99, 90, 326]]
[483, [900, 584, 584, 99, 84, 332]]
[484, [890, 580, 580, 99, 78, 328]]
[485, [900, 576, 576, 114, 72, 324]]
[486, [900, 582, 582, 129, 66, 330]]
[487, [890, 578, 578, 129, 60, 326]]
[488, [900, 574, 574, 129, 54, 322]]
[489, [890, 570, 570, 129, 48, 318]]
[490, [880, 566, 566, 129, 42, 314]]
[491, [900, 572, 572, 129, 36, 320]]
[492, [890, 568, 568, 129, 30, 316]]
[493, [880, 564, 564, 129, 24, 312]]
[494, [900, 570, 570, 129, 18, 318]]
[495, [890, 566, 566, 129, 12, 314]]
[496, [890, 572, 572, 129, 6, 320]]
[497, [900, 568, 568, 144, 0, 316]]
[498, [890, 564, 564, 0, 144, 306]]
[499, [890, 570, 570, 75, 138, 312]]
[500, [900, 566, 566, 75, 132, 308]]
[501, [900, 572, 572, 75, 126, 314]]
[502, [890, 568, 568, 75, 120, 310]]
[503, [900, 564, 564, 75, 114, 306]]
[504, [900, 570, 570, 75, 108, 312]]
[505, [890, 566, 566, 90, 102, 308]]
[506, [900, 562, 562, 105, 96, 304]]
[507, [890, 558, 558, 105, 90, 300]]
[508, [880, 554, 554, 105, 84, 296]]
[509, [900, 560, 560, 105, 78, 302]]
[510, [890, 556, 556, 105, 72, 298]]
[511, [880, 552, 552, 105, 66, 294]]
[512, [900, 558, 558, 105, 60, 300]]
[513, [890, 554, 554, 105, 54, 296]]
[514, [890, 560, 560, 105, 48, 302]]
[515, [900, 556, 556, 105, 42, 298]]
[516, [890, 552, 552, 105, 36, 294]]
[517, [890, 558, 558, 120, 30, 300]]
[518, [900, 554, 554, 120, 24, 296]]
[519, [900, 560, 560, 165, 18, 302]]
[520, [890, 556, 556, 21, 156, 298]]
[521, [900, 552, 552, 36, 150, 294]]
[522, [900, 558, 558, 51, 144, 300]]
[523, [890, 554, 554, 51, 138, 296]]
[524, [900, 550, 550, 51, 132, 292]]
[525, [890, 546, 546, 66, 126, 288]]
[526, [880, 542, 542, 81, 120, 284]]
[527, [900, 548, 548, 81, 114, 290]]
[528, [890, 544, 544, 81, 108, 286]]
[529, [880, 540, 540, 81, 102, 282]]
[530, [900, 546, 546, 81, 96, 288]]
[531, [890, 542, 542, 81, 90, 284]]
[532, [890, 548, 548, 81, 84, 290]]
[533, [900, 544, 544, 81, 78, 286]]
[534, [890, 540, 540, 81, 72, 282]]
[535, [890, 546, 546, 81, 66, 288]]
[536, [900, 542, 542, 81, 60, 284]]
[537, [900, 548, 548, 96, 54, 290]]
[538, [890, 544, 544, 96, 48, 286]]
[539, [900, 540, 540, 141, 42, 282]]
[540, [900, 546, 546, 141, 36, 288]]
[541, [890, 542, 542, 156, 30, 284]]
[542, [900, 538, 538, 27, 168, 280]]
[543, [890, 534, 534, 27, 162, 276]]
[544, [880, 530, 530, 27, 156, 272]]
[545, [900, 536, 536, 42, 150, 278]]
[546, [890, 532, 532, 57, 144, 274]]
[547, [880, 528, 528, 57, 138, 270]]
[548, [900, 534, 534, 57, 132, 276]]
[549, [890, 530, 530, 57, 126, 272]]
[550, [890, 536, 536, 57, 120, 278]]
[551, [900, 532, 532, 57, 114, 274]]
[552, [890, 528, 528, 57, 108, 270]]
[553, [890, 534, 534, 57, 102, 276]]
[554, [900, 530, 530, 57, 96, 272]]
[555, [900, 536, 536, 57, 90, 278]]
[556, [900, 542, 542, 57, 84, 284]]
[557, [920, 548, 548, 72, 78, 290]]
[558, [920, 554, 554, 72, 72, 296]]
[559, [920, 560, 560, 117, 66, 302]]
[560, [930, 556, 556, 117, 60, 298]]
[561, [920, 552, 552, 132, 54, 294]]
[562, [910, 548, 548, 147, 48, 290]]
[563, [930, 554, 554, 3, 186, 296]]
[564, [930, 560, 560, 3, 180, 302]]
[565, [930, 566, 566, 18, 174, 308]]
[566, [950, 572, 572, 33, 168, 314]]
[567, [950, 578, 578, 33, 162, 320]]
[568, [950, 584, 584, 33, 156, 326]]
[569, [960, 580, 580, 33, 150, 322]]
[570, [950, 576, 576, 33, 144, 318]]
[571, [950, 582, 582, 33, 138, 324]]
[572, [970, 588, 588, 33, 132, 330]]
[573, [970, 594, 594, 33, 126, 336]]
[574, [970, 600, 600, 33, 120, 342]]
[575, [990, 606, 606, 33, 114, 348]]
[576, [990, 612, 612, 33, 108, 354]]
[577, [990, 618, 618, 48, 102, 360]]
[578, [1000, 614, 614, 48, 96, 356]]
[579, [1000, 620, 620, 93, 90, 362]]
[580, [990, 616, 616, 93, 84, 358]]
[581, [1010, 622, 622, 108, 78, 364]]
[582, [1010, 628, 628, 123, 72, 370]]
[583, [1010, 634, 634, 123, 66, 376]]
[584, [1030, 640, 640, 123, 60, 382]]
[585, [1020, 636, 636, 138, 54, 378]]
[586, [1010, 632, 632, 153, 48, 374]]
[587, [1020, 628, 628, 9, 186, 370]]
[588, [1010, 624, 624, 9, 180, 366]]
[589, [1010, 630, 630, 9, 174, 372]]
[590, [1030, 636, 636, 9, 168, 378]]
[591, [1030, 642, 642, 9, 162, 384]]
[592, [1030, 648, 648, 9, 156, 390]]
[593, [1040, 644, 644, 9, 150, 386]]
[594, [1030, 640, 640, 9, 144, 382]]
[595, [1030, 646, 646, 9, 138, 388]]
[596, [1040, 642, 642, 9, 132, 384]]
[597, [1040, 648, 648, 24, 126, 390]]
[598, [1040, 654, 654, 24, 120, 396]]
[599, [1060, 660, 660, 69, 114, 402]]
[600, [1060, 666, 666, 69, 108, 408]]
[601, [1050, 662, 662, 84, 102, 404]]
[602, [1070, 668, 668, 99, 96, 410]]
[603, [1060, 664, 664, 99, 90, 406]]
[604, [1050, 660, 660, 99, 84, 402]]
[605, [1060, 656, 656, 114, 78, 398]]
[606, [1050, 652, 652, 129, 72, 394]]
[607, [1050, 658, 658, 129, 66, 400]]
[608, [1060, 654, 654, 129, 60, 396]]
[609, [1060, 660, 660, 129, 54, 402]]
[610, [1060, 666, 666, 129, 48, 408]]
[611, [1070, 662, 662, 129, 42, 404]]
[612, [1060, 658, 658, 129, 36, 400]]
[613, [1060, 664, 664, 129, 30, 406]]
[614, [1070, 660, 660, 129, 24, 402]]
[615, [1070, 666, 666, 129, 18, 408]]
[616, [1070, 672, 672, 129, 12, 414]]
[617, [1080, 668, 668, 144, 6, 410]]
[618, [1080, 674, 674, 0, 144, 416]]
[619, [1070, 670, 670, 45, 138, 412]]
[620, [1090, 676, 676, 45, 132, 418]]
[621, [1080, 672, 672, 60, 126, 414]]
[622, [1070, 668, 668, 75, 120, 410]]
[623, [1090, 674, 674, 75, 114, 416]]
[624, [1080, 670, 670, 75, 108, 412]]
[625, [1070, 666, 666, 90, 102, 408]]
[626, [1080, 662, 662, 105, 96, 404]]
[627, [1070, 658, 658, 105, 90, 400]]
[628, [1070, 664, 664, 105, 84, 406]]
[629, [1080, 660, 660, 105, 78, 402]]
[630, [1070, 656, 656, 105, 72, 398]]
[631, [1070, 662, 662, 105, 66, 404]]
[632, [1080, 658, 658, 105, 60, 400]]
[633, [1080, 664, 664, 105, 54, 406]]
[634, [1080, 670, 670, 105, 48, 412]]
[635, [1090, 666, 666, 105, 42, 408]]
[636, [1090, 672, 672, 105, 36, 414]]
[637, [1080, 668, 668, 120, 30, 410]]
[638, [1100, 674, 674, 120, 24, 416]]
[639, [1090, 670, 670, 165, 18, 412]]
[640, [1080, 666, 666, 21, 156, 408]]
[641, [1100, 672, 672, 36, 150, 414]]
[642, [1090, 668, 668, 51, 144, 410]]
[643, [1080, 664, 664, 51, 138, 406]]
[644, [1090, 660, 660, 51, 132, 402]]
[645, [1080, 656, 656, 66, 126, 398]]
[646, [1080, 662, 662, 81, 120, 404]]
[647, [1090, 658, 658, 81, 114, 400]]
[648, [1080, 654, 654, 81, 108, 396]]
[649, [1080, 660, 660, 81, 102, 402]]
[650, [1090, 656, 656, 81, 96, 398]]
[651, [1090, 662, 662, 81, 90, 404]]
[652, [1080, 658, 658, 81, 84, 400]]
[653, [1090, 654, 654, 81, 78, 396]]
[654, [1090, 660, 660, 81, 72, 402]]
[655, [1080, 656, 656, 81, 66, 398]]
[656, [1100, 662, 662, 81, 60, 404]]
[657, [1090, 658, 658, 96, 54, 400]]
[658, [1080, 654, 654, 96, 48, 396]]
[659, [1100, 660, 660, 141, 42, 402]]
[660, [1090, 656, 656, 141, 36, 398]]
[661, [1080, 652, 652, 156, 30, 394]]
[662, [1090, 648, 648, 27, 168, 390]]
[663, [1080, 644, 644, 27, 162, 386]]
[664, [1080, 650, 650, 27, 156, 392]]
[665, [1090, 646, 646, 42, 150, 388]]
[666, [1080, 642, 642, 57, 144, 384]]
[667, [1080, 648, 648, 57, 138, 390]]
[668, [1090, 644, 644, 57, 132, 386]]
[669, [1090, 650, 650, 57, 126, 392]]
[670, [1080, 646, 646, 57, 120, 388]]
[671, [1090, 642, 642, 57, 114, 384]]
[672, [1090, 648, 648, 57, 108, 390]]
[673, [1080, 644, 644, 57, 102, 386]]
[674, [1100, 650, 650, 57, 96, 392]]
[675, [1090, 646, 646, 57, 90, 388]]
[676, [1080, 642, 642, 57, 84, 384]]
[677, [1100, 648, 648, 72, 78, 390]]
[678, [1090, 644, 644, 72, 72, 386]]
[679, [1080, 640, 640, 117, 66, 382]]
[680, [1090, 636, 636, 117, 60, 378]]
[681, [1080, 632, 632, 117, 54, 374]]
[682, [1080, 638, 638, 132, 48, 380]]
[683, [1090, 634, 634, 132, 42, 376]]
[684, [1080, 630, 630, 132, 36, 372]]
[685, [1080, 636, 636, 162, 30, 378]]
[686, [1090, 632, 632, 33, 168, 374]]
[687, [1090, 638, 638, 33, 162, 380]]
[688, [1080, 634, 634, 33, 156, 376]]
[689, [1090, 630, 630, 33, 150, 372]]
[690, [1090, 636, 636, 33, 144, 378]]
[691, [1080, 632, 632, 33, 138, 374]]
[692, [1100, 638, 638, 33, 132, 380]]
[693, [1090, 634, 634, 33, 126, 376]]
[694, [1090, 640, 640, 33, 120, 382]]
[695, [1110, 646, 646, 33, 114, 388]]
[696, [1100, 642, 642, 33, 108, 384]]
[697, [1090, 638, 638, 48, 102, 380]]
[698, [1100, 634, 634, 48, 96, 376]]
[699, [1090, 630, 630, 78, 90, 372]]
[700, [1090, 636, 636, 93, 84, 378]]
[701, [1100, 632, 632, 93, 78, 374]]
[702, [1090, 628, 628, 108, 72, 370]]
[703, [1090, 634, 634, 108, 66, 376]]
[704, [1110, 640, 640, 108, 60, 382]]
[705, [1110, 646, 646, 138, 54, 388]]
[706, [1100, 642, 642, 153, 48, 384]]
[707, [1110, 638, 638, 9, 186, 380]]
[708, [1110, 644, 644, 9, 180, 386]]
[709, [1110, 650, 650, 9, 174, 392]]
[710, [1130, 656, 656, 9, 168, 398]]
[711, [1130, 662, 662, 9, 162, 404]]
[712, [1130, 668, 668, 9, 156, 410]]
[713, [1150, 674, 674, 9, 150, 416]]
[714, [1140, 670, 670, 9, 144, 412]]
[715, [1130, 666, 666, 9, 138, 408]]
[716, [1140, 662, 662, 9, 132, 404]]
[717, [1130, 658, 658, 24, 126, 400]]
[718, [1130, 664, 664, 24, 120, 406]]
[719, [1150, 670, 670, 54, 114, 412]]
[720, [1140, 666, 666, 69, 108, 408]]
[721, [1140, 672, 672, 69, 102, 414]]
[722, [1160, 678, 678, 84, 96, 420]]
[723, [1150, 674, 674, 84, 90, 416]]
[724, [1140, 670, 670, 84, 84, 412]]
[725, [1160, 676, 676, 114, 78, 418]]
[726, [1160, 682, 682, 129, 72, 424]]
[727, [1160, 688, 688, 129, 66, 430]]
[728, [1180, 694, 694, 129, 60, 436]]
[729, [1180, 700, 700, 129, 54, 442]]
[730, [1180, 706, 706, 129, 48, 448]]
[731, [1200, 712, 712, 129, 42, 454]]
[732, [1200, 718, 718, 129, 36, 460]]
[733, [1190, 714, 714, 129, 30, 456]]
[734, [1210, 720, 720, 129, 24, 462]]
[735, [1200, 716, 716, 129, 18, 458]]
[736, [1200, 722, 722, 129, 12, 464]]
[737, [1220, 728, 728, 144, 6, 470]]
[738, [1210, 724, 724, 0, 144, 466]]
[739, [1210, 730, 730, 30, 138, 472]]
[740, [1220, 726, 726, 45, 132, 468]]
[741, [1210, 722, 722, 45, 126, 464]]
[742, [1200, 718, 718, 60, 120, 460]]
[743, [1220, 724, 724, 60, 114, 466]]
[744, [1220, 730, 730, 60, 108, 472]]
[745, [1220, 736, 736, 90, 102, 478]]
[746, [1240, 742, 742, 105, 96, 484]]
[747, [1240, 748, 748, 105, 90, 490]]
[748, [1230, 744, 744, 105, 84, 486]]
[749, [1250, 750, 750, 105, 78, 492]]
[750, [1250, 756, 756, 105, 72, 498]]
[751, [1240, 752, 752, 105, 66, 494]]
[752, [1260, 758, 758, 105, 60, 500]]
[753, [1260, 764, 764, 105, 54, 506]]
[754, [1250, 760, 760, 105, 48, 502]]
[755, [1270, 766, 766, 105, 42, 508]]
[756, [1260, 762, 762, 105, 36, 504]]
[757, [1260, 768, 768, 120, 30, 510]]
[758, [1270, 764, 764, 120, 24, 506]]
[759, [1260, 760, 760, 150, 18, 502]]
[760, [1260, 766, 766, 21, 156, 508]]
[761, [1270, 762, 762, 21, 150, 504]]
[762, [1260, 758, 758, 36, 144, 500]]
[763, [1250, 754, 754, 36, 138, 496]]
[764, [1270, 760, 760, 36, 132, 502]]
[765, [1270, 766, 766, 66, 126, 508]]
[766, [1260, 762, 762, 81, 120, 504]]
[767, [1270, 758, 758, 81, 114, 500]]
[768, [1270, 764, 764, 81, 108, 506]]
[769, [1260, 760, 760, 81, 102, 502]]
[770, [1280, 766, 766, 81, 96, 508]]
[771, [1280, 772, 772, 81, 90, 514]]
[772, [1270, 768, 768, 81, 84, 510]]
[773, [1290, 774, 774, 81, 78, 516]]
[774, [1280, 770, 770, 81, 72, 512]]
[775, [1280, 776, 776, 81, 66, 518]]
[776, [1290, 772, 772, 81, 60, 514]]
[777, [1280, 768, 768, 96, 54, 510]]
[778, [1280, 774, 774, 96, 48, 516]]
[779, [1290, 770, 770, 126, 42, 512]]
[780, [1280, 766, 766, 141, 36, 508]]
[781, [1270, 762, 762, 141, 30, 504]]
[782, [1280, 758, 758, 156, 24, 500]]
[783, [1280, 764, 764, 12, 162, 506]]
[784, [1270, 760, 760, 12, 156, 502]]
[785, [1280, 756, 756, 42, 150, 498]]
[786, [1280, 762, 762, 57, 144, 504]]
[787, [1270, 758, 758, 57, 138, 500]]
[788, [1290, 764, 764, 57, 132, 506]]
[789, [1280, 760, 760, 57, 126, 502]]
[790, [1270, 756, 756, 57, 120, 498]]
[791, [1290, 762, 762, 57, 114, 504]]
[792, [1280, 758, 758, 57, 108, 500]]
[793, [1280, 764, 764, 57, 102, 506]]
[794, [1290, 760, 760, 57, 96, 502]]
[795, [1280, 756, 756, 57, 90, 498]]
[796, [1280, 762, 762, 57, 84, 504]]
[797, [1290, 758, 758, 72, 78, 500]]
[798, [1280, 754, 754, 72, 72, 496]]
[799, [1270, 750, 750, 102, 66, 492]]
[800, [1280, 746, 746, 117, 60, 488]]
[801, [1280, 752, 752, 117, 54, 494]]
[802, [1270, 748, 748, 132, 48, 490]]
[803, [1280, 744, 744, 132, 42, 486]]
[804, [1280, 750, 750, 132, 36, 492]]
[805, [1270, 746, 746, 162, 30, 488]]
[806, [1290, 752, 752, 33, 168, 494]]
[807, [1280, 748, 748, 33, 162, 490]]
[808, [1270, 744, 744, 33, 156, 486]]
[809, [1290, 750, 750, 33, 150, 492]]
[810, [1280, 746, 746, 33, 144, 488]]
[811, [1280, 752, 752, 33, 138, 494]]
[812, [1290, 748, 748, 33, 132, 490]]
[813, [1280, 744, 744, 33, 126, 486]]
[814, [1280, 750, 750, 33, 120, 492]]
[815, [1290, 746, 746, 33, 114, 488]]
[816, [1280, 742, 742, 33, 108, 484]]
[817, [1270, 738, 738, 48, 102, 480]]
[818, [1280, 734, 734, 48, 96, 476]]
[819, [1280, 740, 740, 78, 90, 482]]
[820, [1270, 736, 736, 93, 84, 478]]
[821, [1280, 732, 732, 93, 78, 474]]
[822, [1280, 738, 738, 108, 72, 480]]
[823, [1270, 734, 734, 108, 66, 476]]
[824, [1290, 740, 740, 108, 60, 482]]
[825, [1280, 736, 736, 138, 54, 478]]
[826, [1270, 732, 732, 153, 48, 474]]
[827, [1290, 738, 738, 9, 186, 480]]
[828, [1280, 734, 734, 9, 180, 476]]
[829, [1280, 740, 740, 9, 174, 482]]
[830, [1290, 736, 736, 9, 168, 478]]
[831, [1280, 732, 732, 9, 162, 474]]
[832, [1280, 738, 738, 9, 156, 480]]
[833, [1290, 734, 734, 9, 150, 476]]
[834, [1280, 730, 730, 9, 144, 472]]
[835, [1270, 726, 726, 9, 138, 468]]
[836, [1280, 722, 722, 9, 132, 464]]
[837, [1280, 728, 728, 24, 126, 470]]
[838, [1270, 724, 724, 24, 120, 466]]
[839, [1280, 720, 720, 54, 114, 462]]
[840, [1280, 726, 726, 69, 108, 468]]
[841, [1270, 722, 722, 69, 102, 464]]
[842, [1290, 728, 728, 84, 96, 470]]
[843, [1280, 724, 724, 84, 90, 466]]
[844, [1270, 720, 720, 84, 84, 462]]
[845, [1290, 726, 726, 114, 78, 468]]
[846, [1280, 722, 722, 129, 72, 464]]
[847, [1280, 728, 728, 129, 66, 470]]
[848, [1290, 724, 724, 129, 60, 466]]
[849, [1290, 730, 730, 129, 54, 472]]
[850, [1290, 736, 736, 129, 48, 478]]
[851, [1300, 732, 732, 129, 42, 474]]
[852, [1290, 728, 728, 129, 36, 470]]
[853, [1280, 724, 724, 129, 30, 466]]
[854, [1290, 720, 720, 129, 24, 462]]
[855, [1290, 726, 726, 129, 18, 468]]
[856, [1280, 722, 722, 129, 12, 464]]
[857, [1290, 718, 718, 144, 6, 460]]
[858, [1290, 724, 724, 0, 144, 466]]
[859, [1280, 720, 720, 30, 138, 462]]
[860, [1300, 726, 726, 45, 132, 468]]
[861, [1290, 722, 722, 45, 126, 464]]
[862, [1290, 728, 728, 60, 120, 470]]
[863, [1310, 734, 734, 60, 114, 476]]
[864, [1310, 740, 740, 60, 108, 482]]
[865, [1310, 746, 746, 90, 102, 488]]
[866, [1330, 752, 752, 105, 96, 494]]
[867, [1330, 758, 758, 105, 90, 500]]
[868, [1330, 764, 764, 105, 84, 506]]
[869, [1350, 770, 770, 105, 78, 512]]
[870, [1350, 776, 776, 105, 72, 518]]
[871, [1340, 772, 772, 105, 66, 514]]
[872, [1350, 768, 768, 105, 60, 510]]
[873, [1350, 774, 774, 105, 54, 516]]
[874, [1350, 780, 780, 105, 48, 522]]
[875, [1370, 786, 786, 105, 42, 528]]
[876, [1370, 792, 792, 105, 36, 534]]
[877, [1370, 798, 798, 120, 30, 540]]
[878, [1380, 794, 794, 120, 24, 536]]
[879, [1370, 790, 790, 150, 18, 532]]
[880, [1370, 796, 796, 6, 156, 538]]
[881, [1390, 802, 802, 6, 150, 544]]
[882, [1390, 808, 808, 21, 144, 550]]
[883, [1390, 814, 814, 21, 138, 556]]
[884, [1410, 820, 820, 36, 132, 562]]
[885, [1410, 826, 826, 66, 126, 568]]
[886, [1410, 832, 832, 81, 120, 574]]
[887, [1430, 838, 838, 81, 114, 580]]
[888, [1430, 844, 844, 81, 108, 586]]
[889, [1430, 850, 850, 81, 102, 592]]
[890, [1450, 856, 856, 81, 96, 598]]
[891, [1440, 852, 852, 81, 90, 594]]
[892, [1440, 858, 858, 81, 84, 600]]
[893, [1450, 854, 854, 81, 78, 596]]
[894, [1450, 860, 860, 81, 72, 602]]
[895, [1440, 856, 856, 81, 66, 598]]
[896, [1450, 852, 852, 81, 60, 594]]
[897, [1440, 848, 848, 96, 54, 590]]
[898, [1430, 844, 844, 96, 48, 586]]
[899, [1440, 840, 840, 126, 42, 582]]
[900, [1440, 846, 846, 126, 36, 588]]
[901, [1440, 852, 852, 126, 30, 594]]
[902, [1460, 858, 858, 141, 24, 600]]
[903, [1450, 854, 854, 141, 18, 596]]
[904, [1440, 850, 850, 156, 12, 592]]
[905, [1460, 856, 856, 42, 150, 598]]
[906, [1450, 852, 852, 57, 144, 594]]
[907, [1450, 858, 858, 57, 138, 600]]
[908, [1470, 864, 864, 57, 132, 606]]
[909, [1460, 860, 860, 57, 126, 602]]
[910, [1460, 866, 866, 57, 120, 608]]
[911, [1470, 862, 862, 57, 114, 604]]
[912, [1470, 868, 868, 57, 108, 610]]
[913, [1460, 864, 864, 57, 102, 606]]
[914, [1470, 860, 860, 57, 96, 602]]
[915, [1470, 866, 866, 57, 90, 608]]
[916, [1460, 862, 862, 57, 84, 604]]
[917, [1470, 858, 858, 72, 78, 600]]
[918, [1460, 854, 854, 72, 72, 596]]
[919, [1450, 850, 850, 102, 66, 592]]
[920, [1470, 856, 856, 102, 60, 598]]
[921, [1460, 852, 852, 102, 54, 594]]
[922, [1450, 848, 848, 117, 48, 590]]
[923, [1470, 854, 854, 117, 42, 596]]
[924, [1460, 850, 850, 132, 36, 592]]
[925, [1460, 856, 856, 162, 30, 598]]
[926, [1480, 862, 862, 33, 168, 604]]
[927, [1470, 858, 858, 33, 162, 600]]
[928, [1470, 864, 864, 33, 156, 606]]
[929, [1480, 860, 860, 33, 150, 602]]
[930, [1480, 866, 866, 33, 144, 608]]
[931, [1470, 862, 862, 33, 138, 604]]
[932, [1480, 858, 858, 33, 132, 600]]
[933, [1480, 864, 864, 33, 126, 606]]
[934, [1470, 860, 860, 33, 120, 602]]
[935, [1480, 856, 856, 33, 114, 598]]
[936, [1470, 852, 852, 33, 108, 594]]
[937, [1460, 848, 848, 48, 102, 590]]
[938, [1480, 854, 854, 48, 96, 596]]
[939, [1470, 850, 850, 78, 90, 592]]
[940, [1460, 846, 846, 78, 84, 588]]
[941, [1480, 852, 852, 78, 78, 594]]
[942, [1470, 848, 848, 93, 72, 590]]
[943, [1470, 854, 854, 93, 66, 596]]
[944, [1480, 850, 850, 108, 60, 592]]
[945, [1470, 846, 846, 138, 54, 588]]
[946, [1470, 852, 852, 153, 48, 594]]
[947, [1480, 848, 848, 9, 186, 590]]
[948, [1480, 854, 854, 9, 180, 596]]
[949, [1470, 850, 850, 9, 174, 592]]
[950, [1480, 846, 846, 9, 168, 588]]
[951, [1480, 852, 852, 9, 162, 594]]
[952, [1470, 848, 848, 9, 156, 590]]
[953, [1480, 844, 844, 9, 150, 586]]
[954, [1470, 840, 840, 9, 144, 582]]
[955, [1460, 836, 836, 9, 138, 578]]
[956, [1480, 842, 842, 9, 132, 584]]
[957, [1470, 838, 838, 24, 126, 580]]
[958, [1460, 834, 834, 24, 120, 576]]
[959, [1480, 840, 840, 54, 114, 582]]
[960, [1470, 836, 836, 54, 108, 578]]
[961, [1470, 842, 842, 54, 102, 584]]
[962, [1480, 838, 838, 69, 96, 580]]
[963, [1470, 834, 834, 69, 90, 576]]
[964, [1470, 840, 840, 84, 84, 582]]
[965, [1480, 836, 836, 99, 78, 578]]
[966, [1480, 842, 842, 114, 72, 584]]
[967, [1470, 838, 838, 114, 66, 580]]
[968, [1480, 834, 834, 114, 60, 576]]
[969, [1480, 840, 840, 114, 54, 582]]
[970, [1470, 836, 836, 114, 48, 578]]
[971, [1480, 832, 832, 114, 42, 574]]
[972, [1470, 828, 828, 114, 36, 570]]
[973, [1460, 824, 824, 114, 30, 566]]
[974, [1480, 830, 830, 114, 24, 572]]
[975, [1470, 826, 826, 114, 18, 568]]
[976, [1460, 822, 822, 114, 12, 564]]
[977, [1480, 828, 828, 144, 6, 570]]
[978, [1470, 824, 824, 0, 144, 566]]
[979, [1470, 830, 830, 30, 138, 572]]
[980, [1480, 826, 826, 30, 132, 568]]
[981, [1470, 822, 822, 30, 126, 564]]
[982, [1470, 828, 828, 45, 120, 570]]
[983, [1480, 824, 824, 45, 114, 566]]
[984, [1480, 830, 830, 60, 108, 572]]
[985, [1470, 826, 826, 75, 102, 568]]
[986, [1480, 822, 822, 90, 96, 564]]
[987, [1480, 828, 828, 90, 90, 570]]
[988, [1470, 824, 824, 90, 84, 566]]
[989, [1480, 820, 820, 90, 78, 562]]
[990, [1470, 816, 816, 90, 72, 558]]
[991, [1460, 812, 812, 90, 66, 554]]
[992, [1480, 818, 818, 90, 60, 560]]
[993, [1470, 814, 814, 90, 54, 556]]
[994, [1460, 810, 810, 90, 48, 552]]
[995, [1480, 816, 816, 90, 42, 558]]
[996, [1470, 812, 812, 90, 36, 554]]
[997, [1470, 818, 818, 120, 30, 560]]
[998, [1480, 814, 814, 120, 24, 556]]
[999, [1470, 810, 810, 150, 18, 552]]
[1000, [1470, 816, 816, 6, 156, 558]]
[1001, [1480, 812, 812, 6, 150, 554]]
[1002, [1480, 818, 818, 21, 144, 560]]
[1003, [1470, 814, 814, 21, 138, 556]]
[1004, [1480, 810, 810, 36, 132, 552]]
[1005, [1480, 816, 816, 51, 126, 558]]
[1006, [1470, 812, 812, 66, 120, 554]]
[1007, [1480, 808, 808, 66, 114, 550]]
[1008, [1470, 804, 804, 66, 108, 546]]
[1009, [1460, 800, 800, 66, 102, 542]]
[1010, [1480, 806, 806, 66, 96, 548]]
[1011, [1470, 802, 802, 66, 90, 544]]
[1012, [1460, 798, 798, 66, 84, 540]]
[1013, [1480, 804, 804, 66, 78, 546]]
[1014, [1470, 800, 800, 66, 72, 542]]
[1015, [1470, 806, 806, 66, 66, 548]]
[1016, [1480, 802, 802, 66, 60, 544]]
[1017, [1470, 798, 798, 81, 54, 540]]
[1018, [1470, 804, 804, 81, 48, 546]]
[1019, [1480, 800, 800, 111, 42, 542]]
[1020, [1480, 806, 806, 111, 36, 548]]
[1021, [1470, 802, 802, 111, 30, 544]]
[1022, [1480, 798, 798, 126, 24, 540]]
[1023, [1480, 804, 804, 126, 18, 546]]
[1024, [1470, 800, 800, 141, 12, 542]]
[1025, [1480, 796, 796, 141, 6, 538]]
[1026, [1470, 792, 792, 156, 0, 534]]
[1027, [1460, 788, 788, 12, 144, 524]]
[1028, [1480, 794, 794, 12, 138, 530]]
[1029, [1470, 790, 790, 12, 132, 526]]
[1030, [1460, 786, 786, 12, 126, 522]]
[1031, [1480, 792, 792, 12, 120, 528]]
[1032, [1470, 788, 788, 12, 114, 524]]
[1033, [1470, 794, 794, 27, 108, 530]]
[1034, [1480, 790, 790, 27, 102, 526]]
[1035, [1470, 786, 786, 27, 96, 522]]
[1036, [1470, 792, 792, 27, 90, 528]]
[1037, [1480, 788, 788, 42, 84, 524]]
[1038, [1480, 794, 794, 42, 78, 530]]
[1039, [1470, 790, 790, 87, 72, 526]]
[1040, [1480, 786, 786, 87, 66, 522]]
[1041, [1480, 792, 792, 87, 60, 528]]
[1042, [1470, 788, 788, 102, 54, 524]]
[1043, [1480, 784, 784, 102, 48, 520]]
[1044, [1470, 780, 780, 117, 42, 516]]
[1045, [1460, 776, 776, 117, 36, 512]]
[1046, [1480, 782, 782, 132, 30, 518]]
[1047, [1470, 778, 778, 132, 24, 514]]
[1048, [1460, 774, 774, 132, 18, 510]]
[1049, [1480, 780, 780, 132, 12, 516]]
[1050, [1470, 776, 776, 132, 6, 512]]
[1051, [1470, 782, 782, 132, 0, 518]]
[1052, [1480, 778, 778, 132, 0, 508]]
[1053, [1470, 774, 774, 147, 0, 498]]
[1054, [1470, 780, 780, 3, 144, 498]]
[1055, [1480, 776, 776, 3, 138, 494]]
[1056, [1480, 782, 782, 3, 132, 500]]
[1057, [1470, 778, 778, 18, 126, 496]]
[1058, [1480, 774, 774, 18, 120, 492]]
[1059, [1480, 780, 780, 48, 114, 498]]
[1060, [1470, 776, 776, 48, 108, 494]]
[1061, [1480, 772, 772, 48, 102, 490]]
[1062, [1470, 768, 768, 63, 96, 486]]
[1063, [1460, 764, 764, 63, 90, 482]]
[1064, [1480, 770, 770, 78, 84, 488]]
[1065, [1470, 766, 766, 78, 78, 484]]
[1066, [1460, 762, 762, 93, 72, 480]]
[1067, [1480, 768, 768, 93, 66, 486]]
[1068, [1470, 764, 764, 93, 60, 482]]
[1069, [1470, 770, 770, 93, 54, 488]]
[1070, [1480, 766, 766, 93, 48, 484]]
[1071, [1470, 762, 762, 93, 42, 480]]
[1072, [1470, 768, 768, 93, 36, 486]]
[1073, [1480, 764, 764, 108, 30, 482]]
[1074, [1480, 770, 770, 108, 24, 488]]
[1075, [1470, 766, 766, 108, 18, 484]]
[1076, [1480, 762, 762, 108, 12, 480]]
[1077, [1480, 768, 768, 138, 6, 486]]
[1078, [1470, 764, 764, 138, 0, 482]]
[1079, [1480, 760, 760, 168, 0, 472]]
[1080, [1470, 756, 756, 24, 144, 462]]
[1081, [1460, 752, 752, 24, 138, 458]]
[1082, [1480, 758, 758, 39, 132, 464]]
[1083, [1470, 754, 754, 39, 126, 460]]
[1084, [1460, 750, 750, 54, 120, 456]]
[1085, [1480, 756, 756, 54, 114, 462]]
[1086, [1470, 752, 752, 69, 108, 458]]
[1087, [1470, 758, 758, 69, 102, 464]]
[1088, [1480, 754, 754, 69, 96, 460]]
[1089, [1470, 750, 750, 69, 90, 456]]
[1090, [1470, 756, 756, 69, 84, 462]]
[1091, [1480, 752, 752, 69, 78, 458]]
[1092, [1480, 758, 758, 69, 72, 464]]
[1093, [1470, 754, 754, 84, 66, 460]]
[1094, [1480, 750, 750, 84, 60, 456]]
[1095, [1480, 756, 756, 84, 54, 462]]
[1096, [1470, 752, 752, 84, 48, 458]]
[1097, [1480, 748, 748, 114, 42, 454]]
[1098, [1470, 744, 744, 114, 36, 450]]
[1099, [1460, 740, 740, 144, 30, 446]]
[1100, [1480, 746, 746, 0, 168, 452]]
[1101, [1470, 742, 742, 0, 162, 448]]
[1102, [1460, 738, 738, 15, 156, 444]]
[1103, [1480, 744, 744, 15, 150, 450]]
[1104, [1470, 740, 740, 30, 144, 446]]
[1105, [1470, 746, 746, 30, 138, 452]]
[1106, [1480, 742, 742, 45, 132, 448]]
[1107, [1470, 738, 738, 45, 126, 444]]
[1108, [1470, 744, 744, 45, 120, 450]]
[1109, [1480, 740, 740, 45, 114, 446]]
[1110, [1480, 746, 746, 45, 108, 452]]
[1111, [1470, 742, 742, 45, 102, 448]]
[1112, [1480, 738, 738, 45, 96, 444]]
[1113, [1480, 744, 744, 60, 90, 450]]
[1114, [1470, 740, 740, 60, 84, 446]]
[1115, [1480, 736, 736, 60, 78, 442]]
[1116, [1470, 732, 732, 60, 72, 438]]
[1117, [1460, 728, 728, 90, 66, 434]]
[1118, [1480, 734, 734, 90, 60, 440]]
[1119, [1470, 730, 730, 120, 54, 436]]
[1120, [1460, 726, 726, 120, 48, 432]]
[1121, [1480, 732, 732, 120, 42, 438]]
[1122, [1470, 728, 728, 135, 36, 434]]
[1123, [1470, 734, 734, 135, 30, 440]]
[1124, [1480, 730, 730, 150, 24, 436]]
[1125, [1470, 726, 726, 6, 162, 432]]
[1126, [1470, 732, 732, 21, 156, 438]]
[1127, [1480, 728, 728, 21, 150, 434]]
[1128, [1480, 734, 734, 21, 144, 440]]
[1129, [1470, 730, 730, 21, 138, 436]]
[1130, [1480, 726, 726, 21, 132, 432]]
[1131, [1480, 732, 732, 21, 126, 438]]
[1132, [1470, 728, 728, 21, 120, 434]]
[1133, [1480, 724, 724, 36, 114, 430]]
[1134, [1470, 720, 720, 36, 108, 426]]
[1135, [1460, 716, 716, 36, 102, 422]]
[1136, [1480, 722, 722, 36, 96, 428]]
[1137, [1470, 718, 718, 66, 90, 424]]
[1138, [1460, 714, 714, 66, 84, 420]]
[1139, [1480, 720, 720, 96, 78, 426]]
[1140, [1470, 716, 716, 96, 72, 422]]
[1141, [1470, 722, 722, 96, 66, 428]]
[1142, [1480, 718, 718, 111, 60, 424]]
[1143, [1470, 714, 714, 111, 54, 420]]
[1144, [1470, 720, 720, 126, 48, 426]]
[1145, [1480, 716, 716, 126, 42, 422]]
[1146, [1480, 722, 722, 141, 36, 428]]
[1147, [1470, 718, 718, 141, 30, 424]]
[1148, [1480, 714, 714, 141, 24, 420]]
[1149, [1480, 720, 720, 141, 18, 426]]
[1150, [1470, 716, 716, 141, 12, 422]]
[1151, [1480, 712, 712, 141, 6, 418]]
[1152, [1470, 708, 708, 141, 0, 414]]
[1153, [1460, 704, 704, 156, 0, 404]]
[1154, [1480, 710, 710, 12, 144, 404]]
[1155, [1470, 706, 706, 12, 138, 400]]
[1156, [1460, 702, 702, 12, 132, 396]]
[1157, [1480, 708, 708, 42, 126, 402]]
[1158, [1470, 704, 704, 42, 120, 398]]
[1159, [1470, 710, 710, 72, 114, 404]]
[1160, [1480, 706, 706, 72, 108, 400]]
[1161, [1470, 702, 702, 72, 102, 396]]
[1162, [1470, 708, 708, 87, 96, 402]]
[1163, [1480, 704, 704, 87, 90, 398]]
[1164, [1480, 710, 710, 102, 84, 404]]
[1165, [1470, 706, 706, 102, 78, 400]]
[1166, [1480, 702, 702, 117, 72, 396]]
[1167, [1480, 708, 708, 117, 66, 402]]
[1168, [1470, 704, 704, 117, 60, 398]]
[1169, [1480, 700, 700, 117, 54, 394]]
[1170, [1470, 696, 696, 117, 48, 390]]
[1171, [1460, 692, 692, 117, 42, 386]]
[1172, [1480, 698, 698, 117, 36, 392]]
[1173, [1470, 694, 694, 117, 30, 388]]
[1174, [1460, 690, 690, 117, 24, 384]]
[1175, [1480, 696, 696, 117, 18, 390]]
[1176, [1470, 692, 692, 117, 12, 386]]
[1177, [1470, 698, 698, 147, 6, 392]]
[1178, [1480, 694, 694, 3, 144, 388]]
[1179, [1470, 690, 690, 33, 138, 384]]
[1180, [1470, 696, 696, 33, 132, 390]]
[1181, [1480, 692, 692, 48, 126, 386]]
[1182, [1480, 698, 698, 48, 120, 392]]
[1183, [1470, 694, 694, 48, 114, 388]]
[1184, [1480, 690, 690, 63, 108, 384]]
[1185, [1480, 696, 696, 63, 102, 390]]
[1186, [1470, 692, 692, 78, 96, 386]]
[1187, [1480, 688, 688, 78, 90, 382]]
[1188, [1470, 684, 684, 78, 84, 378]]
[1189, [1460, 680, 680, 78, 78, 374]]
[1190, [1480, 686, 686, 78, 72, 380]]
[1191, [1470, 682, 682, 78, 66, 376]]
[1192, [1460, 678, 678, 78, 60, 372]]
[1193, [1480, 684, 684, 78, 54, 378]]
[1194, [1470, 680, 680, 78, 48, 374]]
[1195, [1470, 686, 686, 78, 42, 380]]
[1196, [1480, 682, 682, 78, 36, 376]]
[1197, [1470, 678, 678, 108, 30, 372]]
[1198, [1470, 684, 684, 108, 24, 378]]
[1199, [1480, 680, 680, 138, 18, 374]]
[1200, [1480, 686, 686, 153, 12, 380]]
[1201, [1470, 682, 682, 24, 150, 376]]
[1202, [1480, 678, 678, 24, 144, 372]]
[1203, [1480, 684, 684, 24, 138, 378]]
[1204, [1470, 680, 680, 39, 132, 374]]
[1205, [1480, 676, 676, 39, 126, 370]]
[1206, [1470, 672, 672, 54, 120, 366]]
[1207, [1460, 668, 668, 54, 114, 362]]
[1208, [1480, 674, 674, 54, 108, 368]]
[1209, [1470, 670, 670, 54, 102, 364]]
[1210, [1460, 666, 666, 54, 96, 360]]
[1211, [1480, 672, 672, 54, 90, 366]]
[1212, [1470, 668, 668, 54, 84, 362]]
[1213, [1470, 674, 674, 54, 78, 368]]
[1214, [1480, 670, 670, 54, 72, 364]]
[1215, [1470, 666, 666, 54, 66, 360]]
[1216, [1470, 672, 672, 54, 60, 366]]
[1217, [1480, 668, 668, 84, 54, 362]]
[1218, [1480, 674, 674, 84, 48, 368]]
[1219, [1470, 670, 670, 114, 42, 364]]
[1220, [1480, 666, 666, 114, 36, 360]]
[1221, [1480, 672, 672, 129, 30, 366]]
[1222, [1470, 668, 668, 129, 24, 362]]
[1223, [1480, 664, 664, 129, 18, 358]]
[1224, [1470, 660, 660, 144, 12, 354]]
[1225, [1460, 656, 656, 0, 150, 350]]
[1226, [1480, 662, 662, 15, 144, 356]]
[1227, [1470, 658, 658, 15, 138, 352]]
[1228, [1460, 654, 654, 15, 132, 348]]
[1229, [1480, 660, 660, 15, 126, 354]]
[1230, [1470, 656, 656, 15, 120, 350]]
[1231, [1470, 662, 662, 15, 114, 356]]
[1232, [1480, 658, 658, 15, 108, 352]]
[1233, [1470, 654, 654, 15, 102, 348]]
[1234, [1470, 660, 660, 15, 96, 354]]
[1235, [1480, 656, 656, 15, 90, 350]]
[1236, [1480, 662, 662, 15, 84, 356]]
[1237, [1470, 658, 658, 45, 78, 352]]
[1238, [1480, 654, 654, 45, 72, 348]]
[1239, [1480, 660, 660, 75, 66, 354]]
[1240, [1470, 656, 656, 75, 60, 350]]
[1241, [1480, 652, 652, 90, 54, 346]]
[1242, [1470, 648, 648, 90, 48, 342]]
[1243, [1460, 644, 644, 90, 42, 338]]
[1244, [1480, 650, 650, 105, 36, 344]]
[1245, [1470, 646, 646, 105, 30, 340]]
[1246, [1460, 642, 642, 135, 24, 336]]
[1247, [1480, 648, 648, 135, 18, 342]]
[1248, [1470, 644, 644, 135, 12, 338]]
[1249, [1470, 650, 650, 135, 6, 344]]
[1250, [1480, 646, 646, 135, 0, 340]]
[1251, [1470, 642, 642, 135, 0, 330]]
[1252, [1470, 648, 648, 135, 0, 330]]
[1253, [1480, 644, 644, 135, 0, 320]]
[1254, [1480, 650, 650, 135, 0, 320]]
[1255, [1470, 646, 646, 135, 0, 310]]
[1256, [1480, 642, 642, 135, 0, 300]]
[1257, [1480, 648, 648, 165, 0, 300]]
[1258, [1470, 644, 644, 21, 144, 290]]
[1259, [1480, 640, 640, 51, 138, 286]]
[1260, [1470, 636, 636, 51, 132, 282]]
[1261, [1460, 632, 632, 66, 126, 278]]
[1262, [1480, 638, 638, 66, 120, 284]]
[1263, [1470, 634, 634, 66, 114, 280]]
[1264, [1460, 630, 630, 81, 108, 276]]
[1265, [1480, 636, 636, 81, 102, 282]]
[1266, [1470, 632, 632, 111, 96, 278]]
[1267, [1470, 638, 638, 111, 90, 284]]
[1268, [1480, 634, 634, 111, 84, 280]]
[1269, [1470, 630, 630, 111, 78, 276]]
[1270, [1470, 636, 636, 111, 72, 282]]
[1271, [1480, 632, 632, 111, 66, 278]]
[1272, [1480, 638, 638, 111, 60, 284]]
[1273, [1470, 634, 634, 111, 54, 280]]
[1274, [1480, 630, 630, 111, 48, 276]]
[1275, [1480, 636, 636, 111, 42, 282]]
[1276, [1470, 632, 632, 111, 36, 278]]
[1277, [1480, 628, 628, 141, 30, 274]]
[1278, [1470, 624, 624, 141, 24, 270]]
[1279, [1460, 620, 620, 171, 18, 266]]
[1280, [1480, 626, 626, 27, 156, 272]]
[1281, [1470, 622, 622, 42, 150, 268]]
[1282, [1460, 618, 618, 42, 144, 264]]
[1283, [1480, 624, 624, 42, 138, 270]]
[1284, [1470, 620, 620, 57, 132, 266]]
[1285, [1470, 626, 626, 57, 126, 272]]
[1286, [1480, 622, 622, 87, 120, 268]]
[1287, [1470, 618, 618, 87, 114, 264]]
[1288, [1470, 624, 624, 87, 108, 270]]
[1289, [1480, 620, 620, 87, 102, 266]]
[1290, [1480, 626, 626, 87, 96, 272]]
[1291, [1470, 622, 622, 87, 90, 268]]
[1292, [1480, 618, 618, 87, 84, 264]]
[1293, [1480, 624, 624, 87, 78, 270]]
[1294, [1470, 620, 620, 87, 72, 266]]
[1295, [1480, 616, 616, 87, 66, 262]]
[1296, [1470, 612, 612, 87, 60, 258]]
[1297, [1460, 608, 608, 102, 54, 254]]
[1298, [1480, 614, 614, 102, 48, 260]]
[1299, [1470, 610, 610, 132, 42, 256]]
[1300, [1460, 606, 606, 132, 36, 252]]
[1301, [1480, 612, 612, 147, 30, 258]]
[1302, [1470, 608, 608, 3, 168, 254]]
[1303, [1470, 614, 614, 3, 162, 260]]
[1304, [1480, 610, 610, 18, 156, 256]]
[1305, [1470, 606, 606, 18, 150, 252]]
[1306, [1470, 612, 612, 48, 144, 258]]
[1307, [1480, 608, 608, 48, 138, 254]]
[1308, [1480, 614, 614, 48, 132, 260]]
[1309, [1470, 610, 610, 48, 126, 256]]
[1310, [1480, 606, 606, 63, 120, 252]]
[1311, [1480, 612, 612, 63, 114, 258]]
[1312, [1470, 608, 608, 63, 108, 254]]
[1313, [1480, 604, 604, 63, 102, 250]]
[1314, [1470, 600, 600, 63, 96, 246]]
[1315, [1460, 596, 596, 63, 90, 242]]
[1316, [1480, 602, 602, 63, 84, 248]]
[1317, [1470, 598, 598, 78, 78, 244]]
[1318, [1460, 594, 594, 78, 72, 240]]
[1319, [1480, 600, 600, 108, 66, 246]]
[1320, [1470, 596, 596, 108, 60, 242]]
[1321, [1470, 602, 602, 123, 54, 248]]
[1322, [1480, 598, 598, 123, 48, 244]]
[1323, [1470, 594, 594, 123, 42, 240]]
[1324, [1470, 600, 600, 138, 36, 246]]
[1325, [1480, 596, 596, 138, 30, 242]]
[1326, [1480, 602, 602, 168, 24, 248]]
[1327, [1470, 598, 598, 24, 162, 244]]
[1328, [1480, 594, 594, 24, 156, 240]]
[1329, [1480, 600, 600, 24, 150, 246]]
[1330, [1470, 596, 596, 39, 144, 242]]
[1331, [1480, 592, 592, 39, 138, 238]]
[1332, [1470, 588, 588, 39, 132, 234]]
[1333, [1460, 584, 584, 39, 126, 230]]
[1334, [1480, 590, 590, 39, 120, 236]]
[1335, [1470, 586, 586, 39, 114, 232]]
[1336, [1460, 582, 582, 39, 108, 228]]
[1337, [1480, 588, 588, 54, 102, 234]]
[1338, [1470, 584, 584, 54, 96, 230]]
[1339, [1470, 590, 590, 84, 90, 236]]
[1340, [1480, 586, 586, 84, 84, 232]]
[1341, [1470, 582, 582, 99, 78, 228]]
[1342, [1470, 588, 588, 99, 72, 234]]
[1343, [1480, 584, 584, 99, 66, 230]]
[1344, [1480, 590, 590, 114, 60, 236]]
[1345, [1470, 586, 586, 114, 54, 232]]
[1346, [1480, 582, 582, 144, 48, 228]]
[1347, [1480, 588, 588, 0, 186, 234]]
[1348, [1470, 584, 584, 0, 180, 230]]
[1349, [1480, 580, 580, 0, 174, 226]]
[1350, [1470, 576, 576, 15, 168, 222]]
[1351, [1460, 572, 572, 15, 162, 218]]
[1352, [1480, 578, 578, 15, 156, 224]]
[1353, [1470, 574, 574, 15, 150, 220]]
[1354, [1460, 570, 570, 15, 144, 216]]
[1355, [1480, 576, 576, 15, 138, 222]]
[1356, [1470, 572, 572, 15, 132, 218]]
[1357, [1470, 578, 578, 30, 126, 224]]
[1358, [1480, 574, 574, 30, 120, 220]]
[1359, [1470, 570, 570, 60, 114, 216]]
[1360, [1470, 576, 576, 60, 108, 222]]
[1361, [1480, 572, 572, 75, 102, 218]]
[1362, [1480, 578, 578, 75, 96, 224]]
[1363, [1470, 574, 574, 75, 90, 220]]
[1364, [1480, 570, 570, 90, 84, 216]]
[1365, [1480, 576, 576, 90, 78, 222]]
[1366, [1470, 572, 572, 120, 72, 218]]
[1367, [1480, 568, 568, 120, 66, 214]]
[1368, [1470, 564, 564, 120, 60, 210]]
[1369, [1460, 560, 560, 120, 54, 206]]
[1370, [1480, 566, 566, 135, 48, 212]]
[1371, [1470, 562, 562, 135, 42, 208]]
[1372, [1460, 558, 558, 135, 36, 204]]
[1373, [1480, 564, 564, 135, 30, 210]]
[1374, [1470, 560, 560, 135, 24, 206]]
[1375, [1470, 566, 566, 135, 18, 212]]
[1376, [1480, 562, 562, 135, 12, 208]]
[1377, [1470, 558, 558, 150, 6, 204]]
[1378, [1470, 564, 564, 6, 144, 210]]
[1379, [1480, 560, 560, 21, 138, 206]]
[1380, [1480, 566, 566, 21, 132, 212]]
[1381, [1470, 562, 562, 36, 126, 208]]
[1382, [1480, 558, 558, 36, 120, 204]]
[1383, [1480, 564, 564, 36, 114, 210]]
[1384, [1470, 560, 560, 51, 108, 206]]
[1385, [1480, 556, 556, 51, 102, 202]]
[1386, [1470, 552, 552, 81, 96, 198]]
[1387, [1460, 548, 548, 81, 90, 194]]
[1388, [1480, 554, 554, 81, 84, 200]]
[1389, [1470, 550, 550, 81, 78, 196]]
[1390, [1460, 546, 546, 96, 72, 192]]
[1391, [1480, 552, 552, 96, 66, 198]]
[1392, [1470, 548, 548, 96, 60, 194]]
[1393, [1470, 554, 554, 96, 54, 200]]
[1394, [1480, 550, 550, 96, 48, 196]]
[1395, [1470, 546, 546, 96, 42, 192]]
[1396, [1470, 552, 552, 96, 36, 198]]
[1397, [1480, 548, 548, 111, 30, 194]]
[1398, [1480, 554, 554, 111, 24, 200]]
[1399, [1470, 550, 550, 126, 18, 196]]
[1400, [1480, 546, 546, 126, 12, 192]]
[1401, [1480, 552, 552, 141, 6, 198]]
[1402, [1470, 548, 548, 141, 0, 194]]
[1403, [1480, 544, 544, 141, 0, 184]]
[1404, [1470, 540, 540, 156, 0, 174]]
[1405, [1460, 536, 536, 12, 144, 164]]
[1406, [1480, 542, 542, 42, 138, 170]]
[1407, [1470, 538, 538, 57, 132, 166]]
[1408, [1460, 534, 534, 57, 126, 162]]
[1409, [1480, 540, 540, 57, 120, 168]]
[1410, [1470, 536, 536, 72, 114, 164]]
[1411, [1470, 542, 542, 72, 108, 170]]
[1412, [1480, 538, 538, 72, 102, 166]]
[1413, [1470, 534, 534, 72, 96, 162]]
[1414, [1470, 540, 540, 72, 90, 168]]
[1415, [1480, 536, 536, 72, 84, 164]]
[1416, [1480, 542, 542, 72, 78, 170]]
[1417, [1470, 538, 538, 87, 72, 166]]
[1418, [1480, 534, 534, 87, 66, 162]]
[1419, [1480, 540, 540, 102, 60, 168]]
[1420, [1470, 536, 536, 102, 54, 164]]
[1421, [1480, 532, 532, 117, 48, 160]]
[1422, [1470, 528, 528, 117, 42, 156]]
[1423, [1460, 524, 524, 117, 36, 152]]
[1424, [1480, 530, 530, 132, 30, 158]]
[1425, [1470, 526, 526, 132, 24, 154]]
[1426, [1460, 522, 522, 162, 18, 150]]
[1427, [1480, 528, 528, 33, 156, 156]]
[1428, [1470, 524, 524, 33, 150, 152]]
[1429, [1470, 530, 530, 33, 144, 158]]
[1430, [1480, 526, 526, 48, 138, 154]]
[1431, [1470, 522, 522, 48, 132, 150]]
[1432, [1470, 528, 528, 48, 126, 156]]
[1433, [1480, 524, 524, 48, 120, 152]]
[1434, [1480, 530, 530, 48, 114, 158]]
[1435, [1470, 526, 526, 48, 108, 154]]
[1436, [1480, 522, 522, 48, 102, 150]]
[1437, [1480, 528, 528, 63, 96, 156]]
[1438, [1470, 524, 524, 63, 90, 152]]
[1439, [1480, 520, 520, 78, 84, 148]]
