SimulationV07.py[0, [0, 18, 18, 0, 0, 0]]
[1, [0, 36, 36, 0, 0, 0]]
[2, [52, 54, 54, 0, 0, 0]]
[3, [52, 72, 72, 0, 0, 0]]
[4, [52, 90, 90, 0, 0, 0]]
[5, [104, 108, 108, 0, 0, 0]]
[6, [104, 126, 126, 0, 0, 0]]
[7, [104, 144, 144, 0, 0, 0]]
[8, [156, 162, 162, 0, 0, 0]]
[9, [156, 180, 180, 0, 0, 0]]
[10, [156, 198, 198, 0, 0, 0]]
[11, [208, 216, 216, 0, 0, 0]]
[12, [208, 234, 234, 0, 0, 0]]
[13, [208, 252, 252, 0, 0, 0]]
[14, [260, 270, 270, 0, 0, 0]]
[15, [260, 288, 288, 0, 0, 0]]
[16, [260, 306, 306, 0, 0, 0]]
[17, [312, 324, 324, 0, 0, 0]]
[18, [312, 342, 342, 0, 0, 0]]
[19, [312, 360, 360, 330, 0, 0]]
[20, [364, 378, 378, 186, 144, 0]]
[21, [344, 376, 376, 42, 267, 1]]
[22, [322, 372, 372, 42, 246, 0]]
[23, [354, 370, 370, 42, 225, 1]]
[24, [332, 366, 366, 42, 204, 0]]
[25, [312, 364, 364, 57, 183, 1]]
[26, [342, 360, 360, 57, 162, 0]]
[27, [322, 358, 358, 57, 141, 1]]
[28, [300, 354, 354, 57, 120, 0]]
[29, [332, 352, 352, 57, 99, 1]]
[30, [310, 348, 348, 72, 78, 0]]
[31, [290, 346, 346, 72, 57, 1]]
[32, [320, 342, 342, 72, 36, 0]]
[33, [300, 340, 340, 72, 15, 1]]
[34, [284, 342, 342, 72, 0, 0]]
[35, [336, 360, 360, 72, 0, 0]]
[36, [336, 378, 378, 72, 0, 0]]
[37, [336, 396, 396, 72, 0, 0]]
[38, [388, 414, 414, 72, 0, 0]]
[39, [388, 432, 432, 402, 0, 0]]
[40, [388, 450, 450, 258, 144, 0]]
[41, [420, 448, 448, 114, 267, 1]]
[42, [398, 444, 444, 114, 246, 0]]
[43, [378, 442, 442, 114, 225, 1]]
[44, [408, 438, 438, 114, 204, 0]]
[45, [388, 436, 436, 129, 183, 1]]
[46, [366, 432, 432, 129, 162, 0]]
[47, [398, 430, 430, 129, 141, 1]]
[48, [376, 426, 426, 129, 120, 0]]
[49, [356, 424, 424, 129, 99, 1]]
[50, [386, 420, 420, 144, 78, 0]]
[51, [366, 418, 418, 0, 201, 1]]
[52, [344, 414, 414, 0, 180, 0]]
[53, [376, 412, 412, 0, 159, 1]]
[54, [354, 408, 408, 0, 138, 0]]
[55, [334, 406, 406, 0, 117, 1]]
[56, [364, 402, 402, 0, 96, 0]]
[57, [344, 400, 400, 0, 75, 1]]
[58, [322, 396, 396, 0, 54, 0]]
[59, [354, 394, 394, 315, 33, 1]]
[60, [332, 390, 390, 171, 156, 0]]
[61, [312, 388, 388, 27, 279, 1]]
[62, [342, 384, 384, 27, 258, 0]]
[63, [322, 382, 382, 27, 237, 1]]
[64, [300, 378, 378, 42, 216, 0]]
[65, [332, 376, 376, 57, 195, 1]]
[66, [310, 372, 372, 57, 174, 0]]
[67, [290, 370, 370, 57, 153, 1]]
[68, [320, 366, 366, 57, 132, 0]]
[69, [300, 364, 364, 57, 111, 1]]
[70, [278, 360, 360, 72, 90, 0]]
[71, [310, 358, 358, 72, 69, 1]]
[72, [288, 354, 354, 72, 48, 0]]
[73, [268, 352, 352, 72, 27, 1]]
[74, [298, 348, 348, 72, 6, 0]]
[75, [292, 360, 360, 72, 0, 0]]
[76, [292, 378, 378, 72, 0, 0]]
[77, [344, 396, 396, 72, 0, 0]]
[78, [344, 414, 414, 72, 0, 0]]
[79, [344, 432, 432, 357, 0, 0]]
[80, [396, 450, 450, 213, 144, 0]]
[81, [376, 448, 448, 69, 267, 1]]
[82, [354, 444, 444, 69, 246, 0]]
[83, [386, 442, 442, 69, 225, 1]]
[84, [364, 438, 438, 69, 204, 0]]
[85, [344, 436, 436, 99, 183, 1]]
[86, [374, 432, 432, 99, 162, 0]]
[87, [354, 430, 430, 99, 141, 1]]
[88, [332, 426, 426, 99, 120, 0]]
[89, [364, 424, 424, 99, 99, 1]]
[90, [342, 420, 420, 114, 78, 0]]
[91, [322, 418, 418, 114, 57, 1]]
[92, [352, 414, 414, 114, 36, 0]]
[93, [332, 412, 412, 114, 15, 1]]
[94, [316, 414, 414, 114, 0, 0]]
[95, [368, 432, 432, 114, 0, 0]]
[96, [368, 450, 450, 114, 0, 0]]
[97, [368, 468, 468, 114, 0, 0]]
[98, [420, 486, 486, 114, 0, 0]]
[99, [420, 504, 504, 399, 0, 0]]
[100, [420, 522, 522, 255, 144, 0]]
[101, [452, 520, 520, 111, 267, 1]]
[102, [430, 516, 516, 111, 246, 0]]
[103, [410, 514, 514, 111, 225, 1]]
[104, [440, 510, 510, 111, 204, 0]]
[105, [420, 508, 508, 141, 183, 1]]
[106, [398, 504, 504, 141, 162, 0]]
[107, [432, 504, 504, 156, 141, 3]]
[108, [414, 504, 504, 12, 264, 6]]
[109, [392, 500, 500, 12, 243, 5]]
[110, [428, 502, 502, 27, 222, 10]]
[111, [410, 502, 502, 42, 201, 13]]
[112, [390, 500, 500, 42, 180, 14]]
[113, [422, 498, 498, 42, 159, 15]]
[114, [406, 500, 500, 42, 138, 20]]
[115, [392, 504, 504, 42, 117, 27]]
[116, [426, 504, 504, 42, 96, 30]]
[117, [420, 516, 516, 42, 75, 45]]
[118, [406, 520, 520, 42, 54, 52]]
[119, [452, 532, 532, 327, 33, 67]]
[120, [444, 542, 542, 183, 156, 80]]
[121, [432, 548, 548, 39, 279, 89]]
[122, [474, 556, 556, 39, 258, 100]]
[123, [466, 566, 566, 39, 237, 113]]
[124, [462, 580, 580, 39, 216, 130]]
[125, [510, 594, 594, 69, 195, 147]]
[126, [508, 610, 610, 69, 174, 166]]
[127, [504, 624, 624, 84, 153, 183]]
[128, [552, 638, 638, 84, 132, 200]]
[129, [550, 654, 654, 84, 111, 219]]
[130, [544, 666, 666, 99, 90, 234]]
[131, [596, 684, 684, 114, 69, 255]]
[132, [592, 698, 698, 114, 48, 272]]
[133, [588, 712, 712, 114, 27, 289]]
[134, [638, 728, 728, 114, 6, 308]]
[135, [638, 746, 746, 114, 0, 314]]
[136, [638, 764, 764, 114, 0, 314]]
[137, [688, 780, 780, 114, 0, 312]]
[138, [688, 798, 798, 114, 0, 312]]
[139, [680, 808, 808, 354, 0, 304]]
[140, [726, 820, 820, 210, 144, 298]]
[141, [726, 838, 838, 66, 267, 319]]
[142, [724, 854, 854, 66, 246, 338]]
[143, [774, 870, 870, 66, 225, 357]]
[144, [768, 882, 882, 66, 204, 372]]
[145, [764, 896, 896, 111, 183, 389]]
[146, [798, 896, 896, 111, 162, 392]]
[147, [788, 904, 904, 156, 141, 403]]
[148, [774, 908, 908, 12, 264, 410]]
[149, [812, 912, 912, 12, 243, 417]]
[150, [806, 924, 924, 27, 222, 432]]
[151, [796, 932, 932, 42, 201, 443]]
[152, [834, 936, 936, 42, 180, 450]]
[153, [814, 934, 934, 42, 159, 451]]
[154, [794, 932, 932, 42, 138, 452]]
[155, [828, 932, 932, 42, 117, 455]]
[156, [810, 932, 932, 42, 96, 458]]
[157, [796, 936, 936, 42, 75, 465]]
[158, [830, 936, 936, 42, 54, 468]]
[159, [814, 938, 938, 282, 33, 473]]
[160, [790, 932, 932, 138, 156, 470]]
[161, [818, 926, 926, 138, 135, 467]]
[162, [800, 926, 926, 138, 114, 470]]
[163, [780, 924, 924, 138, 93, 471]]
[164, [814, 924, 924, 138, 72, 474]]
[165, [794, 922, 922, 183, 51, 475]]
[166, [772, 918, 918, 39, 174, 474]]
[167, [800, 912, 912, 84, 153, 471]]
[168, [776, 906, 906, 84, 132, 468]]
[169, [756, 904, 904, 84, 111, 469]]
[170, [786, 900, 900, 99, 90, 468]]
[171, [768, 900, 900, 114, 69, 471]]
[172, [748, 898, 898, 114, 48, 472]]
[173, [778, 894, 894, 114, 27, 471]]
[174, [754, 888, 888, 114, 6, 468]]
[175, [730, 882, 882, 114, 0, 450]]
[176, [762, 880, 880, 114, 0, 430]]
[177, [740, 876, 876, 114, 0, 408]]
[178, [722, 876, 876, 114, 0, 390]]
[179, [754, 874, 874, 354, 0, 370]]
[180, [732, 870, 870, 210, 144, 348]]
[181, [708, 864, 864, 66, 267, 345]]
[182, [736, 858, 858, 66, 246, 342]]
[183, [716, 856, 856, 66, 225, 343]]
[184, [694, 852, 852, 66, 204, 342]]
[185, [728, 852, 852, 111, 183, 345]]
[186, [708, 850, 850, 111, 162, 346]]
[187, [686, 846, 846, 156, 141, 345]]
[188, [714, 840, 840, 12, 264, 342]]
[189, [690, 834, 834, 12, 243, 339]]
[190, [670, 832, 832, 27, 222, 340]]
[191, [700, 828, 828, 42, 201, 339]]
[192, [682, 828, 828, 42, 180, 342]]
[193, [662, 826, 826, 42, 159, 343]]
[194, [692, 822, 822, 42, 138, 342]]
[195, [668, 816, 816, 42, 117, 339]]
[196, [644, 810, 810, 42, 96, 336]]
[197, [676, 808, 808, 42, 75, 337]]
[198, [654, 804, 804, 42, 54, 336]]
[199, [636, 804, 804, 282, 33, 339]]
[200, [668, 802, 802, 138, 156, 340]]
[201, [646, 798, 798, 138, 135, 339]]
[202, [622, 792, 792, 138, 114, 336]]
[203, [650, 786, 786, 138, 93, 333]]
[204, [630, 784, 784, 138, 72, 334]]
[205, [608, 780, 780, 183, 51, 333]]
[206, [642, 780, 780, 39, 174, 336]]
[207, [622, 778, 778, 84, 153, 337]]
[208, [600, 774, 774, 84, 132, 336]]
[209, [628, 768, 768, 84, 111, 333]]
[210, [604, 762, 762, 99, 90, 330]]
[211, [584, 760, 760, 114, 69, 331]]
[212, [614, 756, 756, 114, 48, 330]]
[213, [596, 756, 756, 114, 27, 333]]
[214, [576, 754, 754, 114, 6, 334]]
[215, [606, 750, 750, 114, 0, 318]]
[216, [582, 744, 744, 114, 0, 294]]
[217, [558, 738, 738, 114, 0, 270]]
[218, [590, 736, 736, 114, 0, 250]]
[219, [568, 732, 732, 354, 0, 228]]
[220, [550, 732, 732, 210, 144, 210]]
[221, [582, 730, 730, 66, 267, 211]]
[222, [560, 726, 726, 66, 246, 210]]
[223, [536, 720, 720, 66, 225, 207]]
[224, [564, 714, 714, 66, 204, 204]]
[225, [544, 712, 712, 111, 183, 205]]
[226, [522, 708, 708, 111, 162, 204]]
[227, [556, 708, 708, 156, 141, 207]]
[228, [536, 706, 706, 12, 264, 208]]
[229, [514, 702, 702, 12, 243, 207]]
[230, [542, 696, 696, 27, 222, 204]]
[231, [518, 690, 690, 42, 201, 201]]
[232, [498, 688, 688, 42, 180, 202]]
[233, [528, 684, 684, 42, 159, 201]]
[234, [510, 684, 684, 42, 138, 204]]
[235, [490, 682, 682, 42, 117, 205]]
[236, [520, 678, 678, 42, 96, 204]]
[237, [496, 672, 672, 42, 75, 201]]
[238, [472, 666, 666, 42, 54, 198]]
[239, [504, 664, 664, 282, 33, 199]]
[240, [482, 660, 660, 138, 156, 198]]
[241, [464, 660, 660, 138, 135, 201]]
[242, [496, 658, 658, 138, 114, 202]]
[243, [476, 656, 656, 138, 93, 203]]
[244, [454, 652, 652, 138, 72, 202]]
[245, [482, 646, 646, 183, 51, 199]]
[246, [462, 644, 644, 39, 174, 200]]
[247, [440, 640, 640, 84, 153, 199]]
[248, [474, 640, 640, 84, 132, 202]]
[249, [454, 638, 638, 84, 111, 203]]
[250, [434, 636, 636, 99, 90, 204]]
[251, [466, 634, 634, 114, 69, 205]]
[252, [444, 630, 630, 114, 48, 204]]
[253, [426, 630, 630, 114, 27, 207]]
[254, [456, 626, 626, 114, 6, 206]]
[255, [438, 626, 626, 114, 0, 194]]
[256, [418, 624, 624, 114, 0, 174]]
[257, [452, 624, 624, 114, 0, 156]]
[258, [436, 626, 626, 114, 0, 140]]
[259, [416, 624, 624, 354, 0, 120]]
[260, [452, 626, 626, 210, 144, 104]]
[261, [432, 624, 624, 66, 267, 105]]
[262, [414, 624, 624, 66, 246, 108]]
[263, [452, 628, 628, 66, 225, 115]]
[264, [436, 630, 630, 66, 204, 120]]
[265, [430, 642, 642, 111, 183, 135]]
[266, [466, 644, 644, 111, 162, 140]]
[267, [454, 650, 650, 156, 141, 149]]
[268, [440, 654, 654, 12, 264, 156]]
[269, [482, 662, 662, 12, 243, 167]]
[270, [468, 666, 666, 27, 222, 174]]
[271, [458, 674, 674, 42, 201, 185]]
[272, [506, 688, 688, 42, 180, 202]]
[273, [494, 694, 694, 42, 159, 211]]
[274, [490, 708, 708, 42, 138, 228]]
[275, [536, 720, 720, 42, 117, 243]]
[276, [526, 728, 728, 42, 96, 254]]
[277, [518, 738, 738, 42, 75, 267]]
[278, [562, 748, 748, 42, 54, 280]]
[279, [560, 764, 764, 282, 33, 299]]
[280, [548, 770, 770, 138, 156, 308]]
[281, [594, 782, 782, 138, 135, 323]]
[282, [590, 796, 796, 138, 114, 340]]
[283, [588, 812, 812, 138, 93, 359]]
[284, [636, 826, 826, 138, 72, 376]]
[285, [630, 838, 838, 183, 51, 391]]
[286, [626, 852, 852, 39, 174, 408]]
[287, [666, 858, 858, 84, 153, 417]]
[288, [660, 870, 870, 84, 132, 432]]
[289, [654, 882, 882, 84, 111, 447]]
[290, [704, 898, 898, 99, 90, 466]]
[291, [704, 916, 916, 114, 69, 487]]
[292, [698, 928, 928, 114, 48, 502]]
[293, [744, 940, 940, 114, 27, 517]]
[294, [726, 940, 940, 114, 6, 520]]
[295, [718, 950, 950, 114, 0, 518]]
[296, [762, 960, 960, 114, 0, 510]]
[297, [754, 970, 970, 114, 0, 502]]
[298, [746, 980, 980, 114, 0, 494]]
[299, [792, 992, 992, 339, 0, 488]]
[300, [780, 998, 998, 195, 144, 476]]
[301, [758, 994, 994, 51, 267, 475]]
[302, [796, 998, 998, 51, 246, 482]]
[303, [780, 1000, 1000, 51, 225, 487]]
[304, [764, 1002, 1002, 66, 204, 492]]
[305, [808, 1012, 1012, 111, 183, 505]]
[306, [796, 1018, 1018, 111, 162, 514]]
[307, [782, 1022, 1022, 156, 141, 521]]
[308, [810, 1016, 1016, 12, 264, 518]]
[309, [794, 1018, 1018, 12, 243, 523]]
[310, [778, 1020, 1020, 27, 222, 528]]
[311, [810, 1018, 1018, 27, 201, 529]]
[312, [794, 1020, 1020, 27, 180, 534]]
[313, [778, 1022, 1022, 27, 159, 539]]
[314, [814, 1024, 1024, 27, 138, 544]]
[315, [790, 1018, 1018, 27, 117, 541]]
[316, [770, 1016, 1016, 27, 96, 542]]
[317, [804, 1016, 1016, 27, 75, 545]]
[318, [784, 1014, 1014, 27, 54, 546]]
[319, [766, 1014, 1014, 252, 33, 549]]
[320, [798, 1012, 1012, 108, 156, 550]]
[321, [776, 1008, 1008, 108, 135, 549]]
[322, [752, 1002, 1002, 108, 114, 546]]
[323, [780, 996, 996, 108, 93, 543]]
[324, [760, 994, 994, 138, 72, 544]]
[325, [738, 990, 990, 183, 51, 543]]
[326, [772, 990, 990, 39, 174, 546]]
[327, [752, 988, 988, 84, 153, 547]]
[328, [730, 984, 984, 84, 132, 546]]
[329, [758, 978, 978, 84, 111, 543]]
[330, [734, 972, 972, 99, 90, 540]]
[331, [714, 970, 970, 99, 69, 541]]
[332, [744, 966, 966, 99, 48, 540]]
[333, [726, 966, 966, 99, 27, 543]]
[334, [706, 964, 964, 99, 6, 544]]
[335, [736, 960, 960, 99, 0, 528]]
[336, [712, 954, 954, 99, 0, 504]]
[337, [688, 948, 948, 99, 0, 480]]
[338, [720, 946, 946, 99, 0, 460]]
[339, [698, 942, 942, 324, 0, 438]]
[340, [680, 942, 942, 180, 144, 420]]
[341, [712, 940, 940, 36, 267, 421]]
[342, [690, 936, 936, 36, 246, 420]]
[343, [666, 930, 930, 36, 225, 417]]
[344, [694, 924, 924, 66, 204, 414]]
[345, [674, 922, 922, 111, 183, 415]]
[346, [652, 918, 918, 111, 162, 414]]
[347, [686, 918, 918, 156, 141, 417]]
[348, [666, 916, 916, 12, 264, 418]]
[349, [644, 912, 912, 12, 243, 417]]
[350, [672, 906, 906, 27, 222, 414]]
[351, [648, 900, 900, 27, 201, 411]]
[352, [628, 898, 898, 27, 180, 412]]
[353, [658, 894, 894, 27, 159, 411]]
[354, [640, 894, 894, 27, 138, 414]]
[355, [620, 892, 892, 27, 117, 415]]
[356, [650, 888, 888, 27, 96, 414]]
[357, [626, 882, 882, 27, 75, 411]]
[358, [602, 876, 876, 27, 54, 408]]
[359, [634, 874, 874, 222, 33, 409]]
[360, [612, 870, 870, 78, 156, 408]]
[361, [594, 870, 870, 78, 135, 411]]
[362, [626, 868, 868, 78, 114, 412]]
[363, [604, 864, 864, 78, 93, 411]]
[364, [580, 858, 858, 123, 72, 408]]
[365, [608, 852, 852, 183, 51, 405]]
[366, [588, 850, 850, 39, 174, 406]]
[367, [566, 846, 846, 84, 153, 405]]
[368, [600, 846, 846, 84, 132, 408]]
[369, [580, 844, 844, 84, 111, 409]]
[370, [558, 840, 840, 99, 90, 408]]
[371, [586, 834, 834, 99, 69, 405]]
[372, [562, 828, 828, 99, 48, 402]]
[373, [542, 826, 826, 99, 27, 403]]
[374, [572, 822, 822, 99, 6, 402]]
[375, [554, 822, 822, 99, 0, 390]]
[376, [534, 820, 820, 99, 0, 370]]
[377, [564, 816, 816, 99, 0, 348]]
[378, [540, 810, 810, 99, 0, 324]]
[379, [516, 804, 804, 264, 0, 300]]
[380, [548, 802, 802, 120, 144, 280]]
[381, [526, 798, 798, 120, 123, 279]]
[382, [508, 798, 798, 120, 102, 282]]
[383, [540, 796, 796, 120, 81, 283]]
[384, [518, 792, 792, 150, 60, 282]]
[385, [494, 786, 786, 66, 183, 279]]
[386, [522, 780, 780, 66, 162, 276]]
[387, [502, 778, 778, 111, 141, 277]]
[388, [480, 774, 774, 111, 120, 276]]
[389, [514, 774, 774, 126, 99, 279]]
[390, [494, 772, 772, 141, 78, 280]]
[391, [472, 768, 768, 141, 57, 279]]
[392, [500, 762, 762, 156, 36, 276]]
[393, [476, 756, 756, 12, 159, 273]]
[394, [456, 754, 754, 12, 138, 274]]
[395, [486, 750, 750, 12, 117, 273]]
[396, [468, 750, 750, 12, 96, 276]]
[397, [448, 748, 748, 27, 75, 277]]
[398, [478, 744, 744, 27, 54, 276]]
[399, [454, 738, 738, 177, 33, 273]]
[400, [430, 732, 732, 33, 156, 270]]
[401, [462, 730, 730, 33, 135, 271]]
[402, [440, 726, 726, 33, 114, 270]]
[403, [422, 726, 726, 33, 93, 273]]
[404, [454, 724, 724, 63, 72, 274]]
[405, [432, 720, 720, 123, 51, 273]]
[406, [408, 714, 714, 123, 30, 270]]
[407, [436, 708, 708, 168, 9, 267]]
[408, [416, 706, 706, 24, 144, 256]]
[409, [394, 702, 702, 39, 123, 255]]
[410, [428, 702, 702, 54, 102, 258]]
[411, [408, 700, 700, 69, 81, 259]]
[412, [386, 696, 696, 84, 60, 258]]
[413, [414, 690, 690, 84, 39, 255]]
[414, [390, 684, 684, 84, 18, 252]]
[415, [370, 682, 682, 84, 0, 250]]
[416, [400, 678, 678, 84, 0, 228]]
[417, [382, 678, 678, 99, 0, 210]]
[418, [362, 676, 676, 99, 0, 190]]
[419, [392, 672, 672, 249, 0, 168]]
[420, [368, 666, 666, 105, 144, 144]]
[421, [344, 660, 660, 105, 123, 141]]
[422, [376, 658, 658, 105, 102, 142]]
[423, [354, 654, 654, 105, 81, 141]]
[424, [336, 654, 654, 135, 60, 144]]
[425, [368, 652, 652, 195, 39, 145]]
[426, [346, 648, 648, 51, 162, 144]]
[427, [322, 642, 642, 96, 141, 141]]
[428, [350, 636, 636, 96, 120, 138]]
[429, [330, 634, 634, 111, 99, 139]]
[430, [308, 630, 630, 126, 78, 138]]
[431, [342, 630, 630, 141, 57, 141]]
[432, [322, 628, 628, 156, 36, 142]]
[433, [300, 624, 624, 12, 159, 141]]
[434, [328, 618, 618, 12, 138, 138]]
[435, [304, 612, 612, 12, 117, 135]]
[436, [284, 610, 610, 12, 96, 136]]
[437, [314, 606, 606, 27, 75, 135]]
[438, [296, 606, 606, 27, 54, 138]]
[439, [276, 604, 604, 177, 33, 139]]
[440, [306, 600, 600, 33, 156, 138]]
[441, [282, 594, 594, 33, 135, 135]]
[442, [258, 588, 588, 33, 114, 132]]
[443, [290, 586, 586, 33, 93, 133]]
[444, [268, 582, 582, 63, 72, 132]]
[445, [250, 582, 582, 123, 51, 135]]
[446, [282, 580, 580, 123, 30, 136]]
[447, [260, 576, 576, 168, 9, 135]]
[448, [236, 570, 570, 24, 144, 120]]
[449, [264, 564, 564, 39, 123, 117]]
[450, [244, 562, 562, 54, 102, 118]]
[451, [222, 558, 558, 69, 81, 117]]
[452, [256, 558, 558, 84, 60, 120]]
[453, [236, 556, 556, 84, 39, 121]]
[454, [214, 552, 552, 84, 18, 120]]
[455, [242, 546, 546, 84, 0, 114]]
[456, [218, 540, 540, 84, 0, 90]]
[457, [198, 538, 538, 99, 0, 70]]
[458, [228, 534, 534, 99, 0, 48]]
[459, [210, 534, 534, 249, 0, 30]]
[460, [190, 532, 532, 105, 144, 10]]
[461, [220, 528, 528, 105, 123, 9]]
[462, [196, 522, 522, 105, 102, 6]]
[463, [172, 516, 516, 105, 81, 3]]
[464, [204, 514, 514, 135, 60, 4]]
[465, [182, 510, 510, 195, 39, 3]]
[466, [164, 510, 510, 51, 162, 6]]
[467, [196, 508, 508, 96, 141, 7]]
[468, [174, 504, 504, 96, 120, 6]]
[469, [150, 498, 498, 111, 99, 3]]
[470, [178, 492, 492, 126, 78, 0]]
[471, [158, 490, 490, 141, 57, 1]]
[472, [136, 486, 486, 156, 36, 0]]
[473, [170, 486, 486, 12, 159, 3]]
[474, [150, 484, 484, 12, 138, 4]]
[475, [128, 480, 480, 12, 117, 3]]
[476, [156, 474, 474, 12, 96, 0]]
[477, [136, 472, 472, 27, 75, 1]]
[478, [114, 468, 468, 27, 54, 0]]
[479, [146, 466, 466, 147, 33, 1]]
