SimulationV010.py[0, [0, 10, 10, 0, 0, 0]]
[1, [0, 20, 20, 0, 0, 0]]
[2, [28, 30, 30, 0, 0, 0]]
[3, [28, 40, 40, 0, 0, 0]]
[4, [28, 50, 50, 0, 0, 0]]
[5, [56, 60, 60, 0, 0, 0]]
[6, [56, 70, 70, 0, 0, 0]]
[7, [56, 80, 80, 0, 0, 0]]
[8, [84, 90, 90, 0, 0, 0]]
[9, [84, 100, 100, 0, 0, 0]]
[10, [84, 110, 110, 0, 0, 0]]
[11, [112, 120, 120, 0, 0, 0]]
[12, [112, 130, 130, 0, 0, 0]]
[13, [112, 140, 140, 0, 0, 0]]
[14, [140, 150, 150, 0, 0, 0]]
[15, [140, 160, 160, 0, 0, 0]]
[16, [140, 170, 170, 0, 0, 0]]
[17, [168, 180, 180, 0, 0, 0]]
[18, [168, 190, 190, 0, 0, 0]]
[19, [168, 200, 200, 165, 0, 0]]
[20, [196, 210, 210, 21, 144, 0]]
[21, [196, 220, 220, 21, 135, 9]]
[22, [186, 220, 220, 21, 126, 8]]
[23, [204, 220, 220, 21, 117, 7]]
[24, [194, 220, 220, 21, 108, 6]]
[25, [184, 220, 220, 21, 99, 5]]
[26, [202, 220, 220, 21, 90, 4]]
[27, [192, 220, 220, 21, 81, 3]]
[28, [182, 220, 220, 21, 72, 2]]
[29, [200, 220, 220, 21, 63, 1]]
[30, [190, 220, 220, 21, 54, 0]]
[31, [190, 230, 230, 21, 45, 9]]
[32, [208, 230, 230, 21, 36, 8]]
[33, [198, 230, 230, 21, 27, 7]]
[34, [188, 230, 230, 21, 18, 6]]
[35, [206, 230, 230, 21, 9, 5]]
[36, [196, 230, 230, 36, 0, 4]]
[37, [196, 240, 240, 36, 0, 4]]
[38, [224, 250, 250, 36, 0, 4]]
[39, [224, 260, 260, 186, 0, 4]]
[40, [224, 270, 270, 42, 144, 4]]
[41, [242, 270, 270, 42, 135, 3]]
[42, [232, 270, 270, 42, 126, 2]]
[43, [222, 270, 270, 42, 117, 1]]
[44, [240, 270, 270, 42, 108, 0]]
[45, [240, 280, 280, 42, 99, 9]]
[46, [230, 280, 280, 42, 90, 8]]
[47, [248, 280, 280, 42, 81, 7]]
[48, [238, 280, 280, 42, 72, 6]]
[49, [228, 280, 280, 42, 63, 5]]
[50, [246, 280, 280, 42, 54, 4]]
[51, [236, 280, 280, 42, 45, 3]]
[52, [226, 280, 280, 42, 36, 2]]
[53, [244, 280, 280, 42, 27, 1]]
[54, [234, 280, 280, 42, 18, 0]]
[55, [234, 290, 290, 42, 9, 9]]
[56, [252, 290, 290, 72, 0, 8]]
[57, [252, 300, 300, 72, 0, 8]]
[58, [252, 310, 310, 72, 0, 8]]
[59, [280, 320, 320, 222, 0, 8]]
[60, [280, 330, 330, 78, 144, 8]]
[61, [270, 330, 330, 78, 135, 7]]
[62, [288, 330, 330, 78, 126, 6]]
[63, [278, 330, 330, 78, 117, 5]]
[64, [268, 330, 330, 78, 108, 4]]
[65, [286, 330, 330, 78, 99, 3]]
[66, [276, 330, 330, 78, 90, 2]]
[67, [266, 330, 330, 78, 81, 1]]
[68, [284, 330, 330, 78, 72, 0]]
[69, [284, 340, 340, 78, 63, 9]]
[70, [274, 340, 340, 78, 54, 8]]
[71, [292, 340, 340, 78, 45, 7]]
[72, [282, 340, 340, 78, 36, 6]]
[73, [272, 340, 340, 78, 27, 5]]
[74, [290, 340, 340, 78, 18, 4]]
[75, [280, 340, 340, 78, 9, 3]]
[76, [270, 340, 340, 108, 0, 2]]
[77, [298, 350, 350, 108, 0, 2]]
[78, [298, 360, 360, 108, 0, 2]]
[79, [298, 370, 370, 258, 0, 2]]
[80, [326, 380, 380, 114, 144, 2]]
[81, [316, 380, 380, 114, 135, 1]]
[82, [306, 380, 380, 114, 126, 0]]
[83, [334, 390, 390, 114, 117, 9]]
[84, [324, 390, 390, 114, 108, 8]]
[85, [314, 390, 390, 114, 99, 7]]
[86, [332, 390, 390, 114, 90, 6]]
[87, [322, 390, 390, 114, 81, 5]]
[88, [312, 390, 390, 114, 72, 4]]
[89, [330, 390, 390, 114, 63, 3]]
[90, [320, 390, 390, 114, 54, 2]]
[91, [310, 390, 390, 114, 45, 1]]
[92, [328, 390, 390, 114, 36, 0]]
[93, [328, 400, 400, 114, 27, 9]]
[94, [318, 400, 400, 114, 18, 8]]
[95, [336, 400, 400, 114, 9, 7]]
[96, [326, 400, 400, 144, 0, 6]]
[97, [326, 410, 410, 0, 144, 6]]
[98, [344, 410, 410, 0, 135, 5]]
[99, [334, 410, 410, 150, 126, 4]]
[100, [324, 410, 410, 6, 261, 3]]
[101, [342, 410, 410, 6, 252, 2]]
[102, [332, 410, 410, 6, 243, 1]]
[103, [322, 410, 410, 6, 234, 0]]
[104, [350, 420, 420, 6, 225, 9]]
[105, [340, 420, 420, 6, 216, 8]]
[106, [330, 420, 420, 6, 207, 7]]
[107, [348, 420, 420, 6, 198, 6]]
[108, [338, 420, 420, 6, 189, 5]]
[109, [328, 420, 420, 6, 180, 4]]
[110, [346, 420, 420, 6, 171, 3]]
[111, [336, 420, 420, 6, 162, 2]]
[112, [326, 420, 420, 6, 153, 1]]
[113, [344, 420, 420, 6, 144, 0]]
[114, [344, 430, 430, 6, 135, 9]]
[115, [334, 430, 430, 6, 126, 8]]
[116, [352, 430, 430, 36, 117, 7]]
[117, [342, 430, 430, 36, 108, 6]]
[118, [332, 430, 430, 36, 99, 5]]
[119, [350, 430, 430, 186, 90, 4]]
[120, [340, 430, 430, 42, 225, 3]]
[121, [330, 430, 430, 42, 216, 2]]
[122, [348, 430, 430, 42, 207, 1]]
[123, [338, 430, 430, 42, 198, 0]]
[124, [338, 440, 440, 42, 189, 9]]
[125, [366, 450, 450, 42, 180, 18]]
[126, [366, 460, 460, 42, 171, 27]]
[127, [366, 470, 470, 42, 162, 36]]
[128, [394, 480, 480, 42, 153, 45]]
[129, [394, 490, 490, 42, 144, 54]]
[130, [384, 490, 490, 42, 135, 53]]
[131, [412, 500, 500, 42, 126, 62]]
[132, [412, 510, 510, 42, 117, 71]]
[133, [412, 520, 520, 42, 108, 80]]
[134, [440, 530, 530, 42, 99, 89]]
[135, [430, 530, 530, 42, 90, 88]]
[136, [430, 540, 540, 72, 81, 97]]
[137, [458, 550, 550, 72, 72, 106]]
[138, [458, 560, 560, 72, 63, 115]]
[139, [448, 560, 560, 222, 54, 114]]
[140, [476, 570, 570, 78, 189, 123]]
[141, [476, 580, 580, 78, 180, 132]]
[142, [476, 590, 590, 78, 171, 141]]
[143, [504, 600, 600, 78, 162, 150]]
[144, [504, 610, 610, 78, 153, 159]]
[145, [494, 610, 610, 78, 144, 158]]
[146, [522, 620, 620, 78, 135, 167]]
[147, [522, 630, 630, 78, 126, 176]]
[148, [522, 640, 640, 78, 117, 185]]
[149, [550, 650, 650, 78, 108, 194]]
[150, [550, 660, 660, 78, 99, 203]]
[151, [550, 670, 670, 78, 90, 212]]
[152, [568, 670, 670, 78, 81, 211]]
[153, [558, 670, 670, 78, 72, 210]]
[154, [548, 670, 670, 78, 63, 209]]
[155, [566, 670, 670, 78, 54, 208]]
[156, [556, 670, 670, 108, 45, 207]]
[157, [546, 670, 670, 108, 36, 206]]
[158, [564, 670, 670, 108, 27, 205]]
[159, [564, 680, 680, 243, 18, 214]]
[160, [554, 680, 680, 99, 153, 213]]
[161, [582, 690, 690, 99, 144, 222]]
[162, [572, 690, 690, 99, 135, 221]]
[163, [552, 680, 680, 99, 126, 210]]
[164, [580, 690, 690, 99, 117, 219]]
[165, [570, 690, 690, 114, 108, 218]]
[166, [560, 690, 690, 114, 99, 217]]
[167, [578, 690, 690, 114, 90, 216]]
[168, [578, 700, 700, 114, 81, 225]]
[169, [568, 700, 700, 114, 72, 224]]
[170, [576, 690, 690, 114, 63, 213]]
[171, [566, 690, 690, 114, 54, 212]]
[172, [556, 690, 690, 114, 45, 211]]
[173, [574, 690, 690, 114, 36, 210]]
[174, [564, 690, 690, 114, 27, 209]]
[175, [554, 690, 690, 114, 18, 208]]
[176, [572, 690, 690, 144, 9, 207]]
[177, [562, 690, 690, 0, 144, 206]]
[178, [552, 690, 690, 0, 135, 205]]
[179, [580, 700, 700, 135, 126, 214]]
[180, [570, 700, 700, 135, 117, 213]]
[181, [550, 690, 690, 135, 108, 202]]
[182, [568, 690, 690, 135, 99, 201]]
[183, [558, 690, 690, 135, 90, 200]]
[184, [548, 690, 690, 135, 81, 199]]
[185, [566, 690, 690, 150, 72, 198]]
[186, [556, 690, 690, 6, 207, 197]]
[187, [546, 690, 690, 6, 198, 196]]
[188, [554, 680, 680, 6, 189, 185]]
[189, [544, 680, 680, 6, 180, 184]]
[190, [534, 680, 680, 6, 171, 183]]
[191, [552, 680, 680, 6, 162, 182]]
[192, [542, 680, 680, 6, 153, 181]]
[193, [532, 680, 680, 6, 144, 180]]
[194, [550, 680, 680, 6, 135, 179]]
[195, [540, 680, 680, 6, 126, 178]]
[196, [530, 680, 680, 36, 117, 177]]
[197, [558, 690, 690, 36, 108, 186]]
[198, [548, 690, 690, 36, 99, 185]]
[199, [528, 680, 680, 171, 90, 174]]
[200, [546, 680, 680, 27, 225, 173]]
[201, [536, 680, 680, 27, 216, 172]]
[202, [526, 680, 680, 27, 207, 171]]
[203, [544, 680, 680, 27, 198, 170]]
[204, [534, 680, 680, 27, 189, 169]]
[205, [524, 680, 680, 42, 180, 168]]
[206, [532, 670, 670, 42, 171, 157]]
[207, [522, 670, 670, 42, 162, 156]]
[208, [512, 670, 670, 42, 153, 155]]
[209, [530, 670, 670, 42, 144, 154]]
[210, [520, 670, 670, 42, 135, 153]]
[211, [510, 670, 670, 42, 126, 152]]
[212, [528, 670, 670, 42, 117, 151]]
[213, [518, 670, 670, 42, 108, 150]]
[214, [508, 670, 670, 42, 99, 149]]
[215, [536, 680, 680, 42, 90, 158]]
[216, [526, 680, 680, 72, 81, 157]]
[217, [506, 670, 670, 72, 72, 146]]
[218, [524, 670, 670, 72, 63, 145]]
[219, [514, 670, 670, 207, 54, 144]]
[220, [504, 670, 670, 63, 189, 143]]
[221, [522, 670, 670, 63, 180, 142]]
[222, [512, 670, 670, 63, 171, 141]]
[223, [502, 670, 670, 63, 162, 140]]
[224, [510, 660, 660, 63, 153, 129]]
[225, [500, 660, 660, 78, 144, 128]]
[226, [490, 660, 660, 78, 135, 127]]
[227, [508, 660, 660, 78, 126, 126]]
[228, [498, 660, 660, 78, 117, 125]]
[229, [488, 660, 660, 78, 108, 124]]
[230, [506, 660, 660, 78, 99, 123]]
[231, [496, 660, 660, 78, 90, 122]]
[232, [486, 660, 660, 78, 81, 121]]
[233, [514, 670, 670, 78, 72, 130]]
[234, [504, 670, 670, 78, 63, 129]]
[235, [484, 660, 660, 78, 54, 118]]
[236, [502, 660, 660, 108, 45, 117]]
[237, [492, 660, 660, 108, 36, 116]]
[238, [482, 660, 660, 108, 27, 115]]
[239, [500, 660, 660, 243, 18, 114]]
[240, [490, 660, 660, 99, 153, 113]]
[241, [480, 660, 660, 99, 144, 112]]
[242, [488, 650, 650, 99, 135, 101]]
[243, [478, 650, 650, 99, 126, 100]]
[244, [468, 650, 650, 99, 117, 99]]
[245, [486, 650, 650, 99, 108, 98]]
[246, [476, 650, 650, 99, 99, 97]]
[247, [466, 650, 650, 99, 90, 96]]
[248, [484, 650, 650, 99, 81, 95]]
[249, [474, 650, 650, 99, 72, 94]]
[250, [464, 650, 650, 99, 63, 93]]
[251, [492, 660, 660, 99, 54, 102]]
[252, [482, 660, 660, 99, 45, 101]]
[253, [462, 650, 650, 99, 36, 90]]
[254, [480, 650, 650, 99, 27, 89]]
[255, [470, 650, 650, 99, 18, 88]]
[256, [460, 650, 650, 129, 9, 87]]
[257, [478, 650, 650, 129, 0, 86]]
[258, [468, 650, 650, 129, 0, 76]]
[259, [458, 650, 650, 264, 0, 66]]
[260, [466, 640, 640, 120, 144, 46]]
[261, [456, 640, 640, 120, 135, 45]]
[262, [446, 640, 640, 120, 126, 44]]
[263, [474, 650, 650, 135, 117, 53]]
[264, [464, 650, 650, 135, 108, 52]]
[265, [464, 660, 660, 135, 99, 61]]
[266, [482, 660, 660, 135, 90, 60]]
[267, [472, 660, 660, 135, 81, 59]]
[268, [472, 670, 670, 135, 72, 68]]
[269, [500, 680, 680, 135, 63, 77]]
[270, [490, 680, 680, 135, 54, 76]]
[271, [480, 680, 680, 135, 45, 75]]
[272, [498, 680, 680, 135, 36, 74]]
[273, [498, 690, 690, 135, 27, 83]]
[274, [488, 690, 690, 135, 18, 82]]
[275, [516, 700, 700, 135, 9, 91]]
[276, [506, 700, 700, 165, 0, 90]]
[277, [506, 710, 710, 21, 144, 90]]
[278, [534, 720, 720, 21, 135, 99]]
[279, [534, 730, 730, 126, 126, 108]]
[280, [534, 740, 740, 126, 117, 117]]
[281, [562, 750, 750, 126, 108, 126]]
[282, [562, 760, 760, 126, 99, 135]]
[283, [562, 770, 770, 141, 90, 144]]
[284, [590, 780, 780, 141, 81, 153]]
[285, [580, 780, 780, 141, 72, 152]]
[286, [580, 790, 790, 156, 63, 161]]
[287, [608, 800, 800, 27, 198, 170]]
[288, [608, 810, 810, 27, 189, 179]]
[289, [608, 820, 820, 27, 180, 188]]
[290, [626, 820, 820, 27, 171, 187]]
[291, [626, 830, 830, 27, 162, 196]]
[292, [616, 830, 830, 27, 153, 195]]
[293, [644, 840, 840, 27, 144, 204]]
[294, [624, 830, 830, 27, 135, 193]]
[295, [624, 840, 840, 27, 126, 202]]
[296, [652, 850, 850, 57, 117, 211]]
[297, [642, 850, 850, 57, 108, 210]]
[298, [642, 860, 860, 57, 99, 219]]
[299, [670, 870, 870, 162, 90, 228]]
[300, [660, 870, 870, 18, 225, 227]]
[301, [660, 880, 880, 18, 216, 236]]
[302, [678, 880, 880, 18, 207, 235]]
[303, [678, 890, 890, 33, 198, 244]]
[304, [668, 890, 890, 33, 189, 243]]
[305, [696, 900, 900, 33, 180, 252]]
[306, [686, 900, 900, 48, 171, 251]]
[307, [666, 890, 890, 63, 162, 240]]
[308, [684, 890, 890, 63, 153, 239]]
[309, [674, 890, 890, 63, 144, 238]]
[310, [664, 890, 890, 63, 135, 237]]
[311, [682, 890, 890, 63, 126, 236]]
[312, [672, 890, 890, 63, 117, 235]]
[313, [662, 890, 890, 63, 108, 234]]
[314, [690, 900, 900, 63, 99, 243]]
[315, [680, 900, 900, 63, 90, 242]]
[316, [680, 910, 910, 93, 81, 251]]
[317, [698, 910, 910, 93, 72, 250]]
[318, [678, 900, 900, 93, 63, 239]]
[319, [678, 910, 910, 198, 54, 248]]
[320, [696, 910, 910, 54, 189, 247]]
[321, [686, 910, 910, 54, 180, 246]]
[322, [676, 910, 910, 54, 171, 245]]
[323, [704, 920, 920, 69, 162, 254]]
[324, [694, 920, 920, 69, 153, 253]]
[325, [674, 910, 910, 69, 144, 242]]
[326, [692, 910, 910, 84, 135, 241]]
[327, [682, 910, 910, 99, 126, 240]]
[328, [672, 910, 910, 99, 117, 239]]
[329, [690, 910, 910, 99, 108, 238]]
[330, [680, 910, 910, 99, 99, 237]]
[331, [670, 910, 910, 99, 90, 236]]
[332, [688, 910, 910, 99, 81, 235]]
[333, [678, 910, 910, 99, 72, 234]]
[334, [678, 920, 920, 99, 63, 243]]
[335, [696, 920, 920, 99, 54, 242]]
[336, [676, 910, 910, 129, 45, 231]]
[337, [666, 910, 910, 129, 36, 230]]
[338, [684, 910, 910, 129, 27, 229]]
[339, [674, 910, 910, 234, 18, 228]]
[340, [664, 910, 910, 90, 153, 227]]
[341, [682, 910, 910, 90, 144, 226]]
[342, [672, 910, 910, 90, 135, 225]]
[343, [652, 900, 900, 105, 126, 214]]
[344, [670, 900, 900, 105, 117, 213]]
[345, [660, 900, 900, 105, 108, 212]]
[346, [650, 900, 900, 120, 99, 211]]
[347, [668, 900, 900, 135, 90, 210]]
[348, [658, 900, 900, 135, 81, 209]]
[349, [648, 900, 900, 135, 72, 208]]
[350, [666, 900, 900, 135, 63, 207]]
[351, [656, 900, 900, 135, 54, 206]]
[352, [656, 910, 910, 135, 45, 215]]
[353, [674, 910, 910, 135, 36, 214]]
[354, [654, 900, 900, 135, 27, 203]]
[355, [644, 900, 900, 135, 18, 202]]
[356, [662, 900, 900, 165, 9, 201]]
[357, [652, 900, 900, 21, 144, 200]]
[358, [642, 900, 900, 21, 135, 199]]
[359, [660, 900, 900, 126, 126, 198]]
[360, [650, 900, 900, 126, 117, 197]]
[361, [630, 890, 890, 126, 108, 186]]
[362, [648, 890, 890, 126, 99, 185]]
[363, [638, 890, 890, 141, 90, 184]]
[364, [628, 890, 890, 141, 81, 183]]
[365, [646, 890, 890, 141, 72, 182]]
[366, [636, 890, 890, 156, 63, 181]]
[367, [626, 890, 890, 27, 198, 180]]
[368, [644, 890, 890, 27, 189, 179]]
[369, [634, 890, 890, 27, 180, 178]]
[370, [634, 900, 900, 27, 171, 187]]
[371, [652, 900, 900, 27, 162, 186]]
[372, [632, 890, 890, 27, 153, 175]]
[373, [622, 890, 890, 27, 144, 174]]
[374, [640, 890, 890, 27, 135, 173]]
[375, [630, 890, 890, 27, 126, 172]]
[376, [620, 890, 890, 57, 117, 171]]
[377, [638, 890, 890, 57, 108, 170]]
[378, [628, 890, 890, 57, 99, 169]]
[379, [608, 880, 880, 162, 90, 158]]
[380, [626, 880, 880, 18, 225, 157]]
[381, [616, 880, 880, 18, 216, 156]]
[382, [606, 880, 880, 18, 207, 155]]
[383, [624, 880, 880, 33, 198, 154]]
[384, [614, 880, 880, 33, 189, 153]]
[385, [604, 880, 880, 33, 180, 152]]
[386, [622, 880, 880, 48, 171, 151]]
[387, [612, 880, 880, 63, 162, 150]]
[388, [612, 890, 890, 63, 153, 159]]
[389, [630, 890, 890, 63, 144, 158]]
[390, [620, 890, 890, 63, 135, 157]]
[391, [610, 890, 890, 63, 126, 156]]
[392, [628, 890, 890, 63, 117, 155]]
[393, [618, 890, 890, 63, 108, 154]]
[394, [608, 890, 890, 63, 99, 153]]
[395, [626, 890, 890, 63, 90, 152]]
[396, [616, 890, 890, 93, 81, 151]]
[397, [596, 880, 880, 93, 72, 140]]
[398, [614, 880, 880, 93, 63, 139]]
[399, [604, 880, 880, 198, 54, 138]]
[400, [604, 890, 890, 54, 189, 147]]
[401, [622, 890, 890, 54, 180, 146]]
[402, [622, 900, 900, 54, 171, 155]]
[403, [612, 900, 900, 69, 162, 154]]
[404, [630, 900, 900, 69, 153, 153]]
[405, [620, 900, 900, 69, 144, 152]]
[406, [620, 910, 910, 84, 135, 161]]
[407, [638, 910, 910, 99, 126, 160]]
[408, [628, 910, 910, 99, 117, 159]]
[409, [618, 910, 910, 99, 108, 158]]
[410, [636, 910, 910, 99, 99, 157]]
[411, [626, 910, 910, 99, 90, 156]]
[412, [626, 920, 920, 99, 81, 165]]
[413, [644, 920, 920, 99, 72, 164]]
[414, [634, 920, 920, 99, 63, 163]]
[415, [634, 930, 930, 99, 54, 172]]
[416, [652, 930, 930, 129, 45, 171]]
[417, [652, 940, 940, 129, 36, 180]]
[418, [652, 950, 950, 129, 27, 189]]
[419, [660, 940, 940, 219, 18, 178]]
[420, [660, 950, 950, 90, 153, 187]]
[421, [650, 950, 950, 90, 144, 186]]
[422, [668, 950, 950, 90, 135, 185]]
[423, [668, 960, 960, 105, 126, 194]]
[424, [668, 970, 970, 105, 117, 203]]
[425, [696, 980, 980, 105, 108, 212]]
[426, [686, 980, 980, 120, 99, 211]]
[427, [676, 980, 980, 135, 90, 210]]
[428, [704, 990, 990, 135, 81, 219]]
[429, [684, 980, 980, 135, 72, 208]]
[430, [684, 990, 990, 135, 63, 217]]
[431, [692, 980, 980, 135, 54, 206]]
[432, [692, 990, 990, 135, 45, 215]]
[433, [692, 1000, 1000, 135, 36, 224]]
[434, [720, 1010, 1010, 135, 27, 233]]
[435, [720, 1020, 1020, 135, 18, 242]]
[436, [720, 1030, 1030, 165, 9, 251]]
[437, [738, 1030, 1030, 21, 144, 250]]
[438, [738, 1040, 1040, 21, 135, 259]]
[439, [738, 1050, 1050, 111, 126, 268]]
[440, [756, 1050, 1050, 126, 117, 267]]
[441, [746, 1050, 1050, 126, 108, 266]]
[442, [746, 1060, 1060, 126, 99, 275]]
[443, [774, 1070, 1070, 141, 90, 284]]
[444, [754, 1060, 1060, 141, 81, 273]]
[445, [744, 1060, 1060, 141, 72, 272]]
[446, [762, 1060, 1060, 156, 63, 271]]
[447, [752, 1060, 1060, 27, 198, 270]]
[448, [752, 1070, 1070, 27, 189, 279]]
[449, [760, 1060, 1060, 27, 180, 268]]
[450, [760, 1070, 1070, 27, 171, 277]]
[451, [760, 1080, 1080, 27, 162, 286]]
[452, [778, 1080, 1080, 27, 153, 285]]
[453, [778, 1090, 1090, 27, 144, 294]]
[454, [768, 1090, 1090, 27, 135, 293]]
[455, [786, 1090, 1090, 27, 126, 292]]
[456, [786, 1100, 1100, 57, 117, 301]]
[457, [776, 1100, 1100, 57, 108, 300]]
[458, [804, 1110, 1110, 57, 99, 309]]
[459, [794, 1110, 1110, 132, 90, 308]]
[460, [794, 1120, 1120, 147, 81, 317]]
[461, [812, 1120, 1120, 3, 216, 316]]
[462, [792, 1110, 1110, 3, 207, 305]]
[463, [782, 1110, 1110, 33, 198, 304]]
[464, [800, 1110, 1110, 33, 189, 303]]
[465, [790, 1110, 1110, 33, 180, 302]]
[466, [780, 1110, 1110, 48, 171, 301]]
[467, [798, 1110, 1110, 63, 162, 300]]
[468, [788, 1110, 1110, 63, 153, 299]]
[469, [788, 1120, 1120, 63, 144, 308]]
[470, [806, 1120, 1120, 63, 135, 307]]
[471, [806, 1130, 1130, 63, 126, 316]]
[472, [796, 1130, 1130, 63, 117, 315]]
[473, [804, 1120, 1120, 63, 108, 304]]
[474, [804, 1130, 1130, 63, 99, 313]]
[475, [794, 1130, 1130, 63, 90, 312]]
[476, [812, 1130, 1130, 93, 81, 311]]
[477, [802, 1130, 1130, 93, 72, 310]]
[478, [802, 1140, 1140, 93, 63, 319]]
[479, [820, 1140, 1140, 168, 54, 318]]
[480, [800, 1130, 1130, 39, 189, 307]]
[481, [790, 1130, 1130, 39, 180, 306]]
[482, [808, 1130, 1130, 39, 171, 305]]
[483, [798, 1130, 1130, 69, 162, 304]]
[484, [788, 1130, 1130, 69, 153, 303]]
[485, [806, 1130, 1130, 69, 144, 302]]
[486, [796, 1130, 1130, 84, 135, 301]]
[487, [786, 1130, 1130, 99, 126, 300]]
[488, [804, 1130, 1130, 99, 117, 299]]
[489, [804, 1140, 1140, 99, 108, 308]]
[490, [794, 1140, 1140, 99, 99, 307]]
[491, [802, 1130, 1130, 99, 90, 296]]
[492, [792, 1130, 1130, 99, 81, 295]]
[493, [782, 1130, 1130, 99, 72, 294]]
[494, [800, 1130, 1130, 99, 63, 293]]
[495, [790, 1130, 1130, 99, 54, 292]]
[496, [780, 1130, 1130, 129, 45, 291]]
[497, [798, 1130, 1130, 129, 36, 290]]
[498, [778, 1120, 1120, 129, 27, 279]]
[499, [768, 1120, 1120, 189, 18, 278]]
[500, [786, 1120, 1120, 60, 153, 277]]
[501, [776, 1120, 1120, 60, 144, 276]]
[502, [766, 1120, 1120, 60, 135, 275]]
[503, [784, 1120, 1120, 90, 126, 274]]
[504, [774, 1120, 1120, 90, 117, 273]]
[505, [764, 1120, 1120, 90, 108, 272]]
[506, [782, 1120, 1120, 105, 99, 271]]
[507, [782, 1130, 1130, 120, 90, 280]]
[508, [772, 1130, 1130, 120, 81, 279]]
[509, [780, 1120, 1120, 120, 72, 268]]
[510, [770, 1120, 1120, 120, 63, 267]]
[511, [760, 1120, 1120, 120, 54, 266]]
[512, [778, 1120, 1120, 120, 45, 265]]
[513, [768, 1120, 1120, 120, 36, 264]]
[514, [758, 1120, 1120, 120, 27, 263]]
[515, [776, 1120, 1120, 120, 18, 262]]
[516, [756, 1110, 1110, 150, 9, 251]]
[517, [746, 1110, 1110, 6, 144, 250]]
[518, [764, 1110, 1110, 6, 135, 249]]
[519, [754, 1110, 1110, 51, 126, 248]]
[520, [744, 1110, 1110, 66, 117, 247]]
[521, [762, 1110, 1110, 66, 108, 246]]
[522, [752, 1110, 1110, 66, 99, 245]]
[523, [742, 1110, 1110, 96, 90, 244]]
[524, [760, 1110, 1110, 96, 81, 243]]
[525, [760, 1120, 1120, 96, 72, 252]]
[526, [750, 1120, 1120, 126, 63, 251]]
[527, [758, 1110, 1110, 156, 54, 240]]
[528, [748, 1110, 1110, 12, 189, 239]]
[529, [738, 1110, 1110, 12, 180, 238]]
[530, [756, 1110, 1110, 12, 171, 237]]
[531, [746, 1110, 1110, 12, 162, 236]]
[532, [736, 1110, 1110, 12, 153, 235]]
[533, [754, 1110, 1110, 12, 144, 234]]
[534, [734, 1100, 1100, 12, 135, 223]]
[535, [724, 1100, 1100, 12, 126, 222]]
[536, [742, 1100, 1100, 42, 117, 221]]
[537, [742, 1110, 1110, 42, 108, 230]]
[538, [732, 1110, 1110, 42, 99, 229]]
[539, [750, 1110, 1110, 87, 90, 228]]
[540, [740, 1110, 1110, 102, 81, 227]]
[541, [730, 1110, 1110, 102, 72, 226]]
[542, [748, 1110, 1110, 102, 63, 225]]
[543, [748, 1120, 1120, 132, 54, 234]]
[544, [738, 1120, 1120, 132, 45, 233]]
[545, [756, 1120, 1120, 132, 36, 232]]
[546, [746, 1120, 1120, 162, 27, 231]]
[547, [736, 1120, 1120, 48, 162, 230]]
[548, [754, 1120, 1120, 48, 153, 229]]
[549, [744, 1120, 1120, 48, 144, 228]]
[550, [734, 1120, 1120, 48, 135, 227]]
[551, [752, 1120, 1120, 48, 126, 226]]
[552, [742, 1120, 1120, 48, 117, 225]]
[553, [732, 1120, 1120, 48, 108, 224]]
[554, [750, 1120, 1120, 48, 99, 223]]
[555, [750, 1130, 1130, 48, 90, 232]]
[556, [740, 1130, 1130, 78, 81, 231]]
[557, [768, 1140, 1140, 78, 72, 240]]
[558, [758, 1140, 1140, 78, 63, 239]]
[559, [748, 1140, 1140, 123, 54, 238]]
[560, [766, 1140, 1140, 138, 45, 237]]
[561, [766, 1150, 1150, 138, 36, 246]]
[562, [766, 1160, 1160, 138, 27, 255]]
[563, [784, 1160, 1160, 168, 18, 254]]
[564, [774, 1160, 1160, 24, 153, 253]]
[565, [774, 1170, 1170, 24, 144, 262]]
[566, [782, 1160, 1160, 54, 135, 251]]
[567, [772, 1160, 1160, 84, 126, 250]]
[568, [762, 1160, 1160, 84, 117, 249]]
[569, [780, 1160, 1160, 84, 108, 248]]
[570, [770, 1160, 1160, 84, 99, 247]]
[571, [760, 1160, 1160, 84, 90, 246]]
[572, [788, 1170, 1170, 84, 81, 255]]
[573, [788, 1180, 1180, 84, 72, 264]]
[574, [768, 1170, 1170, 84, 63, 253]]
[575, [796, 1180, 1180, 84, 54, 262]]
[576, [786, 1180, 1180, 114, 45, 261]]
[577, [776, 1180, 1180, 114, 36, 260]]
[578, [804, 1190, 1190, 114, 27, 269]]
[579, [804, 1200, 1200, 144, 18, 278]]
[580, [804, 1210, 1210, 30, 153, 287]]
[581, [812, 1200, 1200, 30, 144, 276]]
[582, [802, 1200, 1200, 30, 135, 275]]
[583, [802, 1210, 1210, 60, 126, 284]]
[584, [810, 1200, 1200, 60, 117, 273]]
[585, [810, 1210, 1210, 60, 108, 282]]
[586, [790, 1200, 1200, 90, 99, 271]]
[587, [818, 1210, 1210, 120, 90, 280]]
[588, [818, 1220, 1220, 120, 81, 289]]
[589, [818, 1230, 1230, 120, 72, 298]]
[590, [846, 1240, 1240, 120, 63, 307]]
[591, [836, 1240, 1240, 120, 54, 306]]
[592, [826, 1240, 1240, 120, 45, 305]]
[593, [854, 1250, 1250, 120, 36, 314]]
[594, [844, 1250, 1250, 120, 27, 313]]
[595, [844, 1260, 1260, 120, 18, 322]]
[596, [872, 1270, 1270, 150, 9, 331]]
[597, [872, 1280, 1280, 6, 144, 340]]
[598, [872, 1290, 1290, 6, 135, 349]]
[599, [880, 1280, 1280, 36, 126, 338]]
[600, [880, 1290, 1290, 66, 117, 347]]
[601, [870, 1290, 1290, 66, 108, 346]]
[602, [878, 1280, 1280, 66, 99, 335]]
[603, [878, 1290, 1290, 96, 90, 344]]
[604, [858, 1280, 1280, 96, 81, 333]]
[605, [886, 1290, 1290, 96, 72, 342]]
[606, [886, 1300, 1300, 111, 63, 351]]
[607, [876, 1300, 1300, 141, 54, 350]]
[608, [904, 1310, 1310, 141, 45, 359]]
[609, [894, 1310, 1310, 141, 36, 358]]
[610, [884, 1310, 1310, 156, 27, 357]]
[611, [912, 1320, 1320, 12, 162, 366]]
[612, [902, 1320, 1320, 12, 153, 365]]
[613, [902, 1330, 1330, 12, 144, 374]]
[614, [920, 1330, 1330, 12, 135, 373]]
[615, [920, 1340, 1340, 12, 126, 382]]
[616, [910, 1340, 1340, 42, 117, 381]]
[617, [918, 1330, 1330, 42, 108, 370]]
[618, [908, 1330, 1330, 42, 99, 369]]
[619, [898, 1330, 1330, 72, 90, 368]]
[620, [916, 1330, 1330, 102, 81, 367]]
[621, [906, 1330, 1330, 102, 72, 366]]
[622, [886, 1320, 1320, 102, 63, 355]]
[623, [904, 1320, 1320, 132, 54, 354]]
[624, [894, 1320, 1320, 132, 45, 353]]
[625, [884, 1320, 1320, 132, 36, 352]]
[626, [912, 1330, 1330, 147, 27, 361]]
[627, [902, 1330, 1330, 33, 162, 360]]
[628, [892, 1330, 1330, 33, 153, 359]]
[629, [910, 1330, 1330, 33, 144, 358]]
[630, [900, 1330, 1330, 48, 135, 357]]
[631, [900, 1340, 1340, 48, 126, 366]]
[632, [918, 1340, 1340, 48, 117, 365]]
[633, [918, 1350, 1350, 48, 108, 374]]
[634, [908, 1350, 1350, 48, 99, 373]]
[635, [916, 1340, 1340, 48, 90, 362]]
[636, [906, 1340, 1340, 78, 81, 361]]
[637, [896, 1340, 1340, 78, 72, 360]]
[638, [914, 1340, 1340, 78, 63, 359]]
[639, [904, 1340, 1340, 108, 54, 358]]
[640, [894, 1340, 1340, 138, 45, 357]]
[641, [912, 1340, 1340, 138, 36, 356]]
[642, [902, 1340, 1340, 138, 27, 355]]
[643, [892, 1340, 1340, 168, 18, 354]]
[644, [920, 1350, 1350, 24, 153, 363]]
[645, [910, 1350, 1350, 24, 144, 362]]
[646, [890, 1340, 1340, 39, 135, 351]]
[647, [908, 1340, 1340, 69, 126, 350]]
[648, [898, 1340, 1340, 69, 117, 349]]
[649, [888, 1340, 1340, 69, 108, 348]]
[650, [906, 1340, 1340, 84, 99, 347]]
[651, [906, 1350, 1350, 84, 90, 356]]
[652, [896, 1350, 1350, 84, 81, 355]]
[653, [904, 1340, 1340, 84, 72, 344]]
[654, [894, 1340, 1340, 84, 63, 343]]
[655, [884, 1340, 1340, 84, 54, 342]]
[656, [902, 1340, 1340, 114, 45, 341]]
[657, [892, 1340, 1340, 114, 36, 340]]
[658, [882, 1340, 1340, 114, 27, 339]]
[659, [900, 1340, 1340, 144, 18, 338]]
[660, [890, 1340, 1340, 30, 153, 337]]
[661, [880, 1340, 1340, 30, 144, 336]]
[662, [908, 1350, 1350, 30, 135, 345]]
[663, [898, 1350, 1350, 60, 126, 344]]
[664, [878, 1340, 1340, 60, 117, 333]]
[665, [896, 1340, 1340, 60, 108, 332]]
[666, [886, 1340, 1340, 75, 99, 331]]
[667, [876, 1340, 1340, 105, 90, 330]]
[668, [894, 1340, 1340, 105, 81, 329]]
[669, [884, 1340, 1340, 105, 72, 328]]
[670, [874, 1340, 1340, 120, 63, 327]]
[671, [882, 1330, 1330, 120, 54, 316]]
[672, [872, 1330, 1330, 120, 45, 315]]
[673, [862, 1330, 1330, 120, 36, 314]]
[674, [880, 1330, 1330, 120, 27, 313]]
[675, [870, 1330, 1330, 120, 18, 312]]
[676, [860, 1330, 1330, 150, 9, 311]]
[677, [878, 1330, 1330, 6, 144, 310]]
[678, [868, 1330, 1330, 6, 135, 309]]
[679, [858, 1330, 1330, 36, 126, 308]]
[680, [886, 1340, 1340, 66, 117, 317]]
[681, [876, 1340, 1340, 66, 108, 316]]
[682, [856, 1330, 1330, 66, 99, 305]]
[683, [874, 1330, 1330, 96, 90, 304]]
[684, [864, 1330, 1330, 96, 81, 303]]
[685, [854, 1330, 1330, 96, 72, 302]]
[686, [872, 1330, 1330, 111, 63, 301]]
[687, [862, 1330, 1330, 141, 54, 300]]
[688, [852, 1330, 1330, 141, 45, 299]]
[689, [860, 1320, 1320, 141, 36, 288]]
[690, [850, 1320, 1320, 156, 27, 287]]
[691, [840, 1320, 1320, 12, 162, 286]]
[692, [858, 1320, 1320, 12, 153, 285]]
[693, [848, 1320, 1320, 12, 144, 284]]
[694, [838, 1320, 1320, 12, 135, 283]]
[695, [856, 1320, 1320, 12, 126, 282]]
[696, [846, 1320, 1320, 42, 117, 281]]
[697, [836, 1320, 1320, 42, 108, 280]]
[698, [864, 1330, 1330, 42, 99, 289]]
[699, [854, 1330, 1330, 57, 90, 288]]
[700, [834, 1320, 1320, 87, 81, 277]]
[701, [852, 1320, 1320, 87, 72, 276]]
[702, [842, 1320, 1320, 87, 63, 275]]
[703, [832, 1320, 1320, 117, 54, 274]]
[704, [850, 1320, 1320, 117, 45, 273]]
[705, [840, 1320, 1320, 132, 36, 272]]
[706, [830, 1320, 1320, 147, 27, 271]]
[707, [838, 1310, 1310, 33, 162, 260]]
[708, [828, 1310, 1310, 33, 153, 259]]
[709, [818, 1310, 1310, 33, 144, 258]]
[710, [836, 1310, 1310, 48, 135, 257]]
[711, [826, 1310, 1310, 48, 126, 256]]
[712, [816, 1310, 1310, 48, 117, 255]]
[713, [834, 1310, 1310, 48, 108, 254]]
[714, [824, 1310, 1310, 48, 99, 253]]
[715, [814, 1310, 1310, 48, 90, 252]]
[716, [842, 1320, 1320, 78, 81, 261]]
[717, [832, 1320, 1320, 78, 72, 260]]
[718, [812, 1310, 1310, 78, 63, 249]]
[719, [830, 1310, 1310, 93, 54, 248]]
[720, [820, 1310, 1310, 123, 45, 247]]
[721, [810, 1310, 1310, 123, 36, 246]]
[722, [828, 1310, 1310, 123, 27, 245]]
[723, [818, 1310, 1310, 153, 18, 244]]
[724, [808, 1310, 1310, 9, 153, 243]]
[725, [816, 1300, 1300, 9, 144, 232]]
[726, [806, 1300, 1300, 24, 135, 231]]
[727, [796, 1300, 1300, 54, 126, 230]]
[728, [814, 1300, 1300, 54, 117, 229]]
[729, [804, 1300, 1300, 54, 108, 228]]
[730, [794, 1300, 1300, 69, 99, 227]]
[731, [812, 1300, 1300, 69, 90, 226]]
[732, [802, 1300, 1300, 69, 81, 225]]
[733, [792, 1300, 1300, 69, 72, 224]]
[734, [820, 1310, 1310, 69, 63, 233]]
[735, [810, 1310, 1310, 69, 54, 232]]
[736, [790, 1300, 1300, 99, 45, 221]]
[737, [808, 1300, 1300, 99, 36, 220]]
[738, [798, 1300, 1300, 99, 27, 219]]
[739, [788, 1300, 1300, 114, 18, 218]]
[740, [806, 1300, 1300, 144, 9, 217]]
[741, [796, 1300, 1300, 0, 144, 216]]
[742, [786, 1300, 1300, 0, 135, 215]]
[743, [794, 1290, 1290, 30, 126, 204]]
[744, [784, 1290, 1290, 30, 117, 203]]
[745, [774, 1290, 1290, 30, 108, 202]]
[746, [792, 1290, 1290, 45, 99, 201]]
[747, [782, 1290, 1290, 90, 90, 200]]
[748, [772, 1290, 1290, 90, 81, 199]]
[749, [790, 1290, 1290, 90, 72, 198]]
[750, [780, 1290, 1290, 105, 63, 197]]
[751, [770, 1290, 1290, 105, 54, 196]]
[752, [798, 1300, 1300, 105, 45, 205]]
[753, [788, 1300, 1300, 105, 36, 204]]
[754, [768, 1290, 1290, 105, 27, 193]]
[755, [786, 1290, 1290, 105, 18, 192]]
[756, [776, 1290, 1290, 135, 9, 191]]
[757, [766, 1290, 1290, 135, 0, 190]]
[758, [784, 1290, 1290, 135, 0, 180]]
[759, [774, 1290, 1290, 135, 0, 170]]
[760, [764, 1290, 1290, 165, 0, 160]]
[761, [772, 1280, 1280, 36, 144, 140]]
[762, [762, 1280, 1280, 36, 135, 139]]
[763, [752, 1280, 1280, 66, 126, 138]]
[764, [770, 1280, 1280, 66, 117, 137]]
[765, [760, 1280, 1280, 66, 108, 136]]
[766, [750, 1280, 1280, 81, 99, 135]]
[767, [768, 1280, 1280, 126, 90, 134]]
[768, [758, 1280, 1280, 126, 81, 133]]
[769, [748, 1280, 1280, 126, 72, 132]]
[770, [776, 1290, 1290, 141, 63, 141]]
[771, [766, 1290, 1290, 141, 54, 140]]
[772, [746, 1280, 1280, 141, 45, 129]]
[773, [764, 1280, 1280, 141, 36, 128]]
[774, [754, 1280, 1280, 141, 27, 127]]
[775, [744, 1280, 1280, 141, 18, 126]]
[776, [762, 1280, 1280, 171, 9, 125]]
[777, [752, 1280, 1280, 27, 144, 124]]
[778, [742, 1280, 1280, 27, 135, 123]]
[779, [750, 1270, 1270, 27, 126, 112]]
[780, [740, 1270, 1270, 57, 117, 111]]
[781, [730, 1270, 1270, 72, 108, 110]]
[782, [748, 1270, 1270, 72, 99, 109]]
[783, [738, 1270, 1270, 102, 90, 108]]
[784, [728, 1270, 1270, 102, 81, 107]]
[785, [746, 1270, 1270, 102, 72, 106]]
[786, [736, 1270, 1270, 117, 63, 105]]
[787, [726, 1270, 1270, 147, 54, 104]]
[788, [754, 1280, 1280, 3, 189, 113]]
[789, [744, 1280, 1280, 3, 180, 112]]
[790, [724, 1270, 1270, 18, 171, 101]]
[791, [742, 1270, 1270, 33, 162, 100]]
[792, [732, 1270, 1270, 33, 153, 99]]
[793, [722, 1270, 1270, 33, 144, 98]]
[794, [740, 1270, 1270, 33, 135, 97]]
[795, [730, 1270, 1270, 33, 126, 96]]
[796, [720, 1270, 1270, 63, 117, 95]]
[797, [728, 1260, 1260, 63, 108, 84]]
[798, [718, 1260, 1260, 63, 99, 83]]
[799, [708, 1260, 1260, 63, 90, 82]]
[800, [726, 1260, 1260, 93, 81, 81]]
[801, [716, 1260, 1260, 108, 72, 80]]
[802, [706, 1260, 1260, 108, 63, 79]]
[803, [724, 1260, 1260, 138, 54, 78]]
[804, [714, 1260, 1260, 138, 45, 77]]
[805, [704, 1260, 1260, 138, 36, 76]]
[806, [732, 1270, 1270, 153, 27, 85]]
[807, [722, 1270, 1270, 39, 162, 84]]
[808, [702, 1260, 1260, 39, 153, 73]]
[809, [720, 1260, 1260, 39, 144, 72]]
[810, [710, 1260, 1260, 54, 135, 71]]
[811, [700, 1260, 1260, 69, 126, 70]]
[812, [718, 1260, 1260, 69, 117, 69]]
[813, [708, 1260, 1260, 69, 108, 68]]
[814, [698, 1260, 1260, 69, 99, 67]]
[815, [706, 1250, 1250, 69, 90, 56]]
[816, [696, 1250, 1250, 99, 81, 55]]
[817, [686, 1250, 1250, 99, 72, 54]]
[818, [704, 1250, 1250, 99, 63, 53]]
[819, [694, 1250, 1250, 99, 54, 52]]
[820, [684, 1250, 1250, 129, 45, 51]]
[821, [702, 1250, 1250, 129, 36, 50]]
[822, [692, 1250, 1250, 129, 27, 49]]
[823, [682, 1250, 1250, 159, 18, 48]]
[824, [710, 1260, 1260, 15, 153, 57]]
[825, [700, 1260, 1260, 15, 144, 56]]
[826, [680, 1250, 1250, 30, 135, 45]]
[827, [698, 1250, 1250, 60, 126, 44]]
[828, [688, 1250, 1250, 60, 117, 43]]
[829, [678, 1250, 1250, 60, 108, 42]]
[830, [696, 1250, 1250, 75, 99, 41]]
[831, [686, 1250, 1250, 90, 90, 40]]
[832, [676, 1250, 1250, 90, 81, 39]]
[833, [684, 1240, 1240, 105, 72, 28]]
[834, [674, 1240, 1240, 105, 63, 27]]
[835, [664, 1240, 1240, 105, 54, 26]]
[836, [682, 1240, 1240, 135, 45, 25]]
[837, [672, 1240, 1240, 135, 36, 24]]
[838, [662, 1240, 1240, 135, 27, 23]]
[839, [680, 1240, 1240, 135, 18, 22]]
[840, [670, 1240, 1240, 150, 9, 21]]
[841, [660, 1240, 1240, 6, 144, 20]]
[842, [688, 1250, 1250, 6, 135, 29]]
[843, [678, 1250, 1250, 21, 126, 28]]
[844, [658, 1240, 1240, 21, 117, 17]]
[845, [676, 1240, 1240, 21, 108, 16]]
[846, [666, 1240, 1240, 36, 99, 15]]
[847, [656, 1240, 1240, 66, 90, 14]]
[848, [674, 1240, 1240, 66, 81, 13]]
[849, [664, 1240, 1240, 66, 72, 12]]
[850, [654, 1240, 1240, 81, 63, 11]]
[851, [662, 1230, 1230, 96, 54, 0]]
[852, [662, 1240, 1240, 96, 45, 9]]
[853, [652, 1240, 1240, 111, 36, 8]]
[854, [670, 1240, 1240, 126, 27, 7]]
[855, [660, 1240, 1240, 141, 18, 6]]
[856, [650, 1240, 1240, 171, 9, 5]]
[857, [668, 1240, 1240, 27, 144, 4]]
[858, [658, 1240, 1240, 27, 135, 3]]
[859, [648, 1240, 1240, 27, 126, 2]]
[860, [666, 1240, 1240, 42, 117, 1]]
[861, [656, 1240, 1240, 42, 108, 0]]
[862, [656, 1250, 1250, 42, 99, 9]]
[863, [674, 1250, 1250, 57, 90, 8]]
[864, [664, 1250, 1250, 57, 81, 7]]
[865, [654, 1250, 1250, 57, 72, 6]]
[866, [672, 1250, 1250, 72, 63, 5]]
[867, [662, 1250, 1250, 102, 54, 4]]
[868, [652, 1250, 1250, 102, 45, 3]]
[869, [670, 1250, 1250, 102, 36, 2]]
[870, [660, 1250, 1250, 117, 27, 1]]
[871, [650, 1250, 1250, 132, 18, 0]]
[872, [678, 1260, 1260, 132, 9, 9]]
[873, [668, 1260, 1260, 147, 0, 8]]
[874, [668, 1270, 1270, 18, 144, 8]]
[875, [686, 1270, 1270, 33, 135, 7]]
[876, [676, 1270, 1270, 63, 126, 6]]
[877, [666, 1270, 1270, 63, 117, 5]]
[878, [684, 1270, 1270, 63, 108, 4]]
[879, [674, 1270, 1270, 63, 99, 3]]
[880, [664, 1270, 1270, 78, 90, 2]]
[881, [682, 1270, 1270, 78, 81, 1]]
[882, [672, 1270, 1270, 78, 72, 0]]
[883, [672, 1280, 1280, 93, 63, 9]]
[884, [690, 1280, 1280, 93, 54, 8]]
[885, [680, 1280, 1280, 93, 45, 7]]
[886, [670, 1280, 1280, 108, 36, 6]]
[887, [688, 1280, 1280, 123, 27, 5]]
[888, [678, 1280, 1280, 123, 18, 4]]
[889, [668, 1280, 1280, 123, 9, 3]]
[890, [686, 1280, 1280, 138, 0, 2]]
[891, [686, 1290, 1290, 153, 0, 2]]
[892, [686, 1300, 1300, 9, 144, 2]]
[893, [704, 1300, 1300, 39, 135, 1]]
[894, [694, 1300, 1300, 54, 126, 0]]
[895, [694, 1310, 1310, 69, 117, 9]]
[896, [712, 1310, 1310, 99, 108, 8]]
[897, [702, 1310, 1310, 99, 99, 7]]
[898, [692, 1310, 1310, 99, 90, 6]]
[899, [710, 1310, 1310, 99, 81, 5]]
[900, [700, 1310, 1310, 114, 72, 4]]
[901, [690, 1310, 1310, 114, 63, 3]]
[902, [708, 1310, 1310, 114, 54, 2]]
[903, [698, 1310, 1310, 129, 45, 1]]
[904, [688, 1310, 1310, 129, 36, 0]]
[905, [716, 1320, 1320, 129, 27, 9]]
[906, [706, 1320, 1320, 144, 18, 8]]
[907, [696, 1320, 1320, 15, 153, 7]]
[908, [714, 1320, 1320, 15, 144, 6]]
[909, [704, 1320, 1320, 15, 135, 5]]
[910, [694, 1320, 1320, 30, 126, 4]]
[911, [712, 1320, 1320, 45, 117, 3]]
[912, [702, 1320, 1320, 45, 108, 2]]
[913, [692, 1320, 1320, 75, 99, 1]]
[914, [710, 1320, 1320, 90, 90, 0]]
[915, [710, 1330, 1330, 105, 81, 9]]
[916, [700, 1330, 1330, 135, 72, 8]]
[917, [718, 1330, 1330, 135, 63, 7]]
[918, [708, 1330, 1330, 135, 54, 6]]
[919, [698, 1330, 1330, 135, 45, 5]]
[920, [716, 1330, 1330, 150, 36, 4]]
[921, [706, 1330, 1330, 6, 171, 3]]
[922, [696, 1330, 1330, 6, 162, 2]]
[923, [714, 1330, 1330, 21, 153, 1]]
[924, [704, 1330, 1330, 21, 144, 0]]
[925, [704, 1340, 1340, 21, 135, 9]]
[926, [722, 1340, 1340, 36, 126, 8]]
[927, [712, 1340, 1340, 51, 117, 7]]
[928, [702, 1340, 1340, 51, 108, 6]]
[929, [720, 1340, 1340, 51, 99, 5]]
[930, [710, 1340, 1340, 66, 90, 4]]
[931, [700, 1340, 1340, 81, 81, 3]]
[932, [718, 1340, 1340, 81, 72, 2]]
[933, [708, 1340, 1340, 111, 63, 1]]
[934, [698, 1340, 1340, 126, 54, 0]]
[935, [726, 1350, 1350, 141, 45, 9]]
[936, [716, 1350, 1350, 171, 36, 8]]
[937, [706, 1350, 1350, 27, 171, 7]]
[938, [724, 1350, 1350, 27, 162, 6]]
[939, [714, 1350, 1350, 27, 153, 5]]
[940, [704, 1350, 1350, 42, 144, 4]]
[941, [722, 1350, 1350, 42, 135, 3]]
[942, [712, 1350, 1350, 42, 126, 2]]
[943, [702, 1350, 1350, 57, 117, 1]]
[944, [720, 1350, 1350, 57, 108, 0]]
[945, [720, 1360, 1360, 57, 99, 9]]
[946, [710, 1360, 1360, 72, 90, 8]]
[947, [728, 1360, 1360, 87, 81, 7]]
[948, [718, 1360, 1360, 87, 72, 6]]
[949, [708, 1360, 1360, 87, 63, 5]]
[950, [726, 1360, 1360, 102, 54, 4]]
[951, [716, 1360, 1360, 117, 45, 3]]
[952, [706, 1360, 1360, 117, 36, 2]]
[953, [724, 1360, 1360, 147, 27, 1]]
[954, [714, 1360, 1360, 18, 162, 0]]
[955, [714, 1370, 1370, 33, 153, 9]]
[956, [732, 1370, 1370, 63, 144, 8]]
[957, [722, 1370, 1370, 63, 135, 7]]
[958, [712, 1370, 1370, 63, 126, 6]]
[959, [730, 1370, 1370, 63, 117, 5]]
