SimulationV011.py[0, [0, 6, 6, 0, 0, 0]]
[1, [0, 12, 12, 0, 0, 0]]
[2, [20, 18, 18, 0, 0, 0]]
[3, [20, 24, 24, 0, 0, 0]]
[4, [20, 30, 30, 0, 0, 0]]
[5, [40, 36, 36, 0, 0, 0]]
[6, [40, 42, 42, 0, 0, 0]]
[7, [40, 48, 48, 0, 0, 0]]
[8, [60, 54, 54, 0, 0, 0]]
[9, [60, 60, 60, 0, 0, 0]]
[10, [60, 66, 66, 0, 0, 0]]
[11, [80, 72, 72, 0, 0, 0]]
[12, [80, 78, 78, 0, 0, 0]]
[13, [80, 84, 84, 0, 0, 0]]
[14, [100, 90, 90, 0, 0, 0]]
[15, [100, 96, 96, 0, 0, 0]]
[16, [100, 102, 102, 0, 0, 0]]
[17, [120, 108, 108, 0, 0, 0]]
[18, [120, 114, 114, 0, 0, 0]]
[19, [120, 120, 120, 120, 0, 0]]
[20, [140, 126, 126, 120, 0, 0]]
[21, [140, 132, 132, 120, 0, 0]]
[22, [140, 138, 138, 120, 0, 0]]
[23, [160, 144, 144, 120, 0, 0]]
[24, [160, 150, 150, 120, 0, 0]]
[25, [160, 156, 156, 120, 0, 0]]
[26, [180, 162, 162, 120, 0, 0]]
[27, [180, 168, 168, 120, 0, 0]]
[28, [180, 174, 174, 120, 0, 0]]
[29, [200, 180, 180, 120, 0, 0]]
[30, [200, 186, 186, 120, 0, 0]]
[31, [200, 192, 192, 120, 0, 0]]
[32, [220, 198, 198, 120, 0, 0]]
[33, [220, 204, 204, 120, 0, 0]]
[34, [220, 210, 210, 120, 0, 0]]
[35, [240, 216, 216, 120, 0, 0]]
[36, [240, 222, 222, 120, 0, 0]]
[37, [240, 228, 228, 120, 0, 0]]
[38, [260, 234, 234, 120, 0, 0]]
[39, [260, 240, 240, 240, 0, 0]]
[40, [260, 246, 246, 96, 144, 0]]
[41, [274, 246, 246, 96, 138, 0]]
[42, [268, 246, 246, 96, 132, 0]]
[43, [262, 246, 246, 96, 126, 0]]
[44, [276, 246, 246, 96, 120, 0]]
[45, [270, 246, 246, 96, 114, 0]]
[46, [264, 246, 246, 96, 108, 0]]
[47, [278, 246, 246, 96, 102, 0]]
[48, [272, 246, 246, 96, 96, 0]]
[49, [266, 246, 246, 96, 90, 0]]
[50, [280, 246, 246, 96, 84, 0]]
[51, [274, 246, 246, 96, 78, 0]]
[52, [268, 246, 246, 96, 72, 0]]
[53, [282, 246, 246, 96, 66, 0]]
[54, [276, 246, 246, 96, 60, 0]]
[55, [270, 246, 246, 96, 54, 0]]
[56, [284, 246, 246, 96, 48, 0]]
[57, [278, 246, 246, 96, 42, 0]]
[58, [272, 246, 246, 96, 36, 0]]
[59, [286, 246, 246, 186, 30, 0]]
[60, [280, 246, 246, 42, 168, 0]]
[61, [274, 246, 246, 42, 162, 0]]
[62, [288, 246, 246, 42, 156, 0]]
[63, [282, 246, 246, 42, 150, 0]]
[64, [276, 246, 246, 42, 144, 0]]
[65, [290, 246, 246, 57, 138, 0]]
[66, [284, 246, 246, 57, 132, 0]]
[67, [278, 246, 246, 57, 126, 0]]
[68, [292, 246, 246, 72, 120, 0]]
[69, [286, 246, 246, 72, 114, 0]]
[70, [280, 246, 246, 72, 108, 0]]
[71, [294, 246, 246, 72, 102, 0]]
[72, [288, 246, 246, 72, 96, 0]]
[73, [282, 246, 246, 72, 90, 0]]
[74, [296, 246, 246, 72, 84, 0]]
[75, [290, 246, 246, 72, 78, 0]]
[76, [284, 246, 246, 72, 72, 0]]
[77, [298, 246, 246, 72, 66, 0]]
[78, [292, 246, 246, 72, 60, 0]]
[79, [286, 246, 246, 162, 54, 0]]
[80, [300, 246, 246, 18, 192, 0]]
[81, [294, 246, 246, 18, 186, 0]]
[82, [288, 246, 246, 18, 180, 0]]
[83, [302, 246, 246, 18, 174, 0]]
[84, [296, 246, 246, 18, 168, 0]]
[85, [290, 246, 246, 33, 162, 0]]
[86, [304, 246, 246, 33, 156, 0]]
[87, [298, 246, 246, 33, 150, 0]]
[88, [292, 246, 246, 48, 144, 0]]
[89, [306, 246, 246, 48, 138, 0]]
[90, [300, 246, 246, 48, 132, 0]]
[91, [294, 246, 246, 48, 126, 0]]
[92, [308, 246, 246, 48, 120, 0]]
[93, [302, 246, 246, 48, 114, 0]]
[94, [296, 246, 246, 48, 108, 0]]
[95, [310, 246, 246, 48, 102, 0]]
[96, [304, 246, 246, 48, 96, 0]]
[97, [298, 246, 246, 48, 90, 0]]
[98, [312, 246, 246, 48, 84, 0]]
[99, [306, 246, 246, 123, 78, 0]]
[100, [300, 246, 246, 123, 72, 0]]
[101, [314, 246, 246, 123, 66, 0]]
[102, [308, 246, 246, 123, 60, 0]]
[103, [302, 246, 246, 123, 54, 0]]
[104, [316, 246, 246, 123, 48, 0]]
[105, [310, 246, 246, 138, 42, 0]]
[106, [304, 246, 246, 138, 36, 0]]
[107, [318, 246, 246, 138, 30, 0]]
[108, [312, 246, 246, 153, 24, 0]]
[109, [306, 246, 246, 9, 162, 0]]
[110, [320, 246, 246, 9, 156, 0]]
[111, [314, 246, 246, 9, 150, 0]]
[112, [308, 246, 246, 9, 144, 0]]
[113, [322, 246, 246, 9, 138, 0]]
[114, [316, 246, 246, 9, 132, 0]]
[115, [312, 248, 248, 9, 126, 2]]
[116, [330, 252, 252, 9, 120, 6]]
[117, [324, 252, 252, 9, 114, 6]]
[118, [320, 254, 254, 9, 108, 8]]
[119, [338, 258, 258, 84, 102, 12]]
[120, [334, 260, 260, 84, 96, 14]]
[121, [330, 262, 262, 84, 90, 16]]
[122, [350, 268, 268, 84, 84, 22]]
[123, [350, 274, 274, 84, 78, 28]]
[124, [346, 276, 276, 84, 72, 30]]
[125, [364, 280, 280, 99, 66, 34]]
[126, [362, 284, 284, 99, 60, 38]]
[127, [362, 290, 290, 99, 54, 44]]
[128, [378, 292, 292, 114, 48, 46]]
[129, [378, 298, 298, 114, 42, 52]]
[130, [378, 304, 304, 114, 36, 58]]
[131, [394, 306, 306, 114, 30, 60]]
[132, [392, 310, 310, 114, 24, 64]]
[133, [392, 316, 316, 114, 18, 70]]
[134, [412, 322, 322, 114, 12, 76]]
[135, [412, 328, 328, 114, 6, 82]]
[136, [412, 334, 334, 114, 0, 88]]
[137, [432, 340, 340, 114, 0, 88]]
[138, [430, 344, 344, 114, 0, 86]]
[139, [428, 348, 348, 189, 0, 84]]
[140, [448, 354, 354, 45, 144, 84]]
[141, [448, 360, 360, 45, 138, 90]]
[142, [446, 364, 364, 60, 132, 94]]
[143, [466, 370, 370, 60, 126, 100]]
[144, [462, 372, 372, 60, 120, 102]]
[145, [458, 374, 374, 75, 114, 104]]
[146, [476, 378, 378, 75, 108, 108]]
[147, [474, 382, 382, 75, 102, 112]]
[148, [470, 384, 384, 90, 96, 114]]
[149, [486, 386, 386, 90, 90, 116]]
[150, [484, 390, 390, 90, 84, 120]]
[151, [476, 388, 388, 90, 78, 118]]
[152, [490, 388, 388, 90, 72, 118]]
[153, [486, 390, 390, 90, 66, 120]]
[154, [482, 392, 392, 90, 60, 122]]
[155, [498, 394, 394, 90, 54, 124]]
[156, [490, 392, 392, 90, 48, 122]]
[157, [488, 396, 396, 90, 42, 126]]
[158, [500, 394, 394, 90, 36, 124]]
[159, [494, 394, 394, 165, 30, 124]]
[160, [490, 396, 396, 21, 168, 126]]
[161, [506, 398, 398, 21, 162, 128]]
[162, [500, 398, 398, 36, 156, 128]]
[163, [492, 396, 396, 36, 150, 126]]
[164, [506, 396, 396, 36, 144, 126]]
[165, [498, 394, 394, 36, 138, 124]]
[166, [492, 394, 394, 36, 132, 124]]
[167, [506, 394, 394, 36, 126, 124]]
[168, [500, 394, 394, 51, 120, 124]]
[169, [494, 394, 394, 51, 114, 124]]
[170, [506, 392, 392, 51, 108, 122]]
[171, [500, 392, 392, 51, 102, 122]]
[172, [492, 390, 390, 51, 96, 120]]
[173, [506, 390, 390, 51, 90, 120]]
[174, [498, 388, 388, 66, 84, 118]]
[175, [492, 388, 388, 66, 78, 118]]
[176, [506, 388, 388, 66, 72, 118]]
[177, [498, 386, 386, 66, 66, 116]]
[178, [492, 386, 386, 66, 60, 116]]
[179, [504, 384, 384, 126, 54, 114]]
[180, [498, 384, 384, 141, 48, 114]]
[181, [490, 382, 382, 141, 42, 112]]
[182, [504, 382, 382, 156, 36, 112]]
[183, [498, 382, 382, 12, 174, 112]]
[184, [490, 380, 380, 12, 168, 110]]
[185, [504, 380, 380, 12, 162, 110]]
[186, [496, 378, 378, 12, 156, 108]]
[187, [490, 378, 378, 12, 150, 108]]
[188, [502, 376, 376, 27, 144, 106]]
[189, [496, 376, 376, 27, 138, 106]]
[190, [490, 376, 376, 27, 132, 106]]
[191, [502, 374, 374, 27, 126, 104]]
[192, [496, 374, 374, 27, 120, 104]]
[193, [488, 372, 372, 27, 114, 102]]
[194, [502, 372, 372, 42, 108, 102]]
[195, [494, 370, 370, 42, 102, 100]]
[196, [488, 370, 370, 42, 96, 100]]
[197, [502, 370, 370, 42, 90, 100]]
[198, [494, 368, 368, 42, 84, 98]]
[199, [488, 368, 368, 102, 78, 98]]
[200, [500, 366, 366, 117, 72, 96]]
[201, [494, 366, 366, 117, 66, 96]]
[202, [486, 364, 364, 132, 60, 94]]
[203, [500, 364, 364, 132, 54, 94]]
[204, [494, 364, 364, 132, 48, 94]]
[205, [486, 362, 362, 132, 42, 92]]
[206, [500, 362, 362, 132, 36, 92]]
[207, [492, 360, 360, 132, 30, 90]]
[208, [486, 360, 360, 147, 24, 90]]
[209, [498, 358, 358, 3, 162, 88]]
[210, [492, 358, 358, 3, 156, 88]]
[211, [486, 358, 358, 3, 150, 88]]
[212, [498, 356, 356, 3, 144, 86]]
[213, [492, 356, 356, 3, 138, 86]]
[214, [484, 354, 354, 18, 132, 84]]
[215, [498, 354, 354, 18, 126, 84]]
[216, [490, 352, 352, 18, 120, 82]]
[217, [484, 352, 352, 18, 114, 82]]
[218, [498, 352, 352, 18, 108, 82]]
[219, [490, 350, 350, 78, 102, 80]]
[220, [484, 350, 350, 93, 96, 80]]
[221, [496, 348, 348, 93, 90, 78]]
[222, [490, 348, 348, 108, 84, 78]]
[223, [482, 346, 346, 108, 78, 76]]
[224, [496, 346, 346, 108, 72, 76]]
[225, [490, 346, 346, 108, 66, 76]]
[226, [482, 344, 344, 108, 60, 74]]
[227, [496, 344, 344, 108, 54, 74]]
[228, [488, 342, 342, 123, 48, 72]]
[229, [482, 342, 342, 123, 42, 72]]
[230, [494, 340, 340, 123, 36, 70]]
[231, [488, 340, 340, 123, 30, 70]]
[232, [482, 340, 340, 123, 24, 70]]
[233, [494, 338, 338, 123, 18, 68]]
[234, [488, 338, 338, 138, 12, 68]]
[235, [480, 336, 336, 138, 6, 66]]
[236, [494, 336, 336, 138, 0, 66]]
[237, [486, 334, 334, 138, 0, 58]]
[238, [480, 334, 334, 138, 0, 52]]
[239, [494, 334, 334, 198, 0, 46]]
[240, [486, 332, 332, 69, 144, 38]]
[241, [480, 332, 332, 69, 138, 38]]
[242, [492, 330, 330, 84, 132, 36]]
[243, [486, 330, 330, 84, 126, 36]]
[244, [478, 328, 328, 84, 120, 34]]
[245, [492, 328, 328, 84, 114, 34]]
[246, [486, 328, 328, 84, 108, 34]]
[247, [478, 326, 326, 84, 102, 32]]
[248, [492, 326, 326, 99, 96, 32]]
[249, [484, 324, 324, 99, 90, 30]]
[250, [478, 324, 324, 99, 84, 30]]
[251, [490, 322, 322, 99, 78, 28]]
[252, [484, 322, 322, 99, 72, 28]]
[253, [478, 322, 322, 99, 66, 28]]
[254, [490, 320, 320, 114, 60, 26]]
[255, [484, 320, 320, 114, 54, 26]]
[256, [476, 318, 318, 114, 48, 24]]
[257, [494, 322, 322, 114, 42, 28]]
[258, [488, 322, 322, 114, 36, 28]]
[259, [482, 322, 322, 174, 30, 28]]
[260, [496, 322, 322, 45, 168, 28]]
[261, [488, 320, 320, 45, 162, 26]]
[262, [482, 320, 320, 60, 156, 26]]
[263, [496, 320, 320, 60, 150, 26]]
[264, [494, 324, 324, 60, 144, 30]]
[265, [490, 326, 326, 60, 138, 32]]
[266, [506, 328, 328, 60, 132, 34]]
[267, [504, 332, 332, 60, 126, 38]]
[268, [498, 332, 332, 75, 120, 38]]
[269, [514, 334, 334, 75, 114, 40]]
[270, [512, 338, 338, 75, 108, 44]]
[271, [510, 342, 342, 75, 102, 48]]
[272, [528, 346, 346, 75, 96, 52]]
[273, [526, 350, 350, 75, 90, 56]]
[274, [526, 356, 356, 90, 84, 62]]
[275, [546, 362, 362, 90, 78, 68]]
[276, [544, 366, 366, 90, 72, 72]]
[277, [544, 372, 372, 90, 66, 78]]
[278, [564, 378, 378, 90, 60, 84]]
[279, [562, 382, 382, 150, 54, 88]]
[280, [560, 386, 386, 21, 192, 92]]
[281, [580, 392, 392, 21, 186, 98]]
[282, [580, 398, 398, 36, 180, 104]]
[283, [578, 402, 402, 36, 174, 108]]
[284, [598, 408, 408, 36, 168, 114]]
[285, [598, 414, 414, 36, 162, 120]]
[286, [594, 416, 416, 36, 156, 122]]
[287, [612, 420, 420, 36, 150, 126]]
[288, [612, 426, 426, 51, 144, 132]]
[289, [612, 432, 432, 51, 138, 138]]
[290, [630, 436, 436, 51, 132, 142]]
[291, [630, 442, 442, 51, 126, 148]]
[292, [628, 446, 446, 51, 120, 152]]
[293, [644, 448, 448, 51, 114, 154]]
[294, [640, 450, 450, 66, 108, 156]]
[295, [638, 454, 454, 66, 102, 160]]
[296, [654, 456, 456, 66, 96, 162]]
[297, [652, 460, 460, 66, 90, 166]]
[298, [650, 464, 464, 66, 84, 170]]
[299, [664, 464, 464, 126, 78, 170]]
[300, [660, 466, 466, 141, 72, 172]]
[301, [654, 466, 466, 141, 66, 172]]
[302, [670, 468, 468, 156, 60, 174]]
[303, [664, 468, 468, 12, 198, 174]]
[304, [656, 466, 466, 12, 192, 172]]
[305, [672, 468, 468, 12, 186, 174]]
[306, [664, 466, 466, 12, 180, 172]]
[307, [658, 466, 466, 12, 174, 172]]
[308, [672, 466, 466, 27, 168, 172]]
[309, [668, 468, 468, 27, 162, 174]]
[310, [662, 468, 468, 27, 156, 174]]
[311, [674, 466, 466, 27, 150, 172]]
[312, [670, 468, 468, 27, 144, 174]]
[313, [662, 466, 466, 27, 138, 172]]
[314, [676, 466, 466, 42, 132, 172]]
[315, [668, 464, 464, 42, 126, 170]]
[316, [662, 464, 464, 42, 120, 170]]
[317, [676, 464, 464, 42, 114, 170]]
[318, [668, 462, 462, 42, 108, 168]]
[319, [664, 464, 464, 102, 102, 170]]
[320, [676, 462, 462, 117, 96, 168]]
[321, [670, 462, 462, 117, 90, 168]]
[322, [662, 460, 460, 132, 84, 166]]
[323, [676, 460, 460, 132, 78, 166]]
[324, [670, 460, 460, 132, 72, 166]]
[325, [662, 458, 458, 132, 66, 164]]
[326, [676, 458, 458, 132, 60, 164]]
[327, [668, 456, 456, 132, 54, 162]]
[328, [662, 456, 456, 147, 48, 162]]
[329, [674, 454, 454, 3, 186, 160]]
[330, [668, 454, 454, 3, 180, 160]]
[331, [662, 454, 454, 3, 174, 160]]
[332, [674, 452, 452, 3, 168, 158]]
[333, [668, 452, 452, 3, 162, 158]]
[334, [660, 450, 450, 18, 156, 156]]
[335, [674, 450, 450, 18, 150, 156]]
[336, [666, 448, 448, 18, 144, 154]]
[337, [660, 448, 448, 18, 138, 154]]
[338, [674, 448, 448, 18, 132, 154]]
[339, [666, 446, 446, 78, 126, 152]]
[340, [660, 446, 446, 93, 120, 152]]
[341, [672, 444, 444, 93, 114, 150]]
[342, [666, 444, 444, 108, 108, 150]]
[343, [658, 442, 442, 108, 102, 148]]
[344, [672, 442, 442, 108, 96, 148]]
[345, [666, 442, 442, 108, 90, 148]]
[346, [658, 440, 440, 108, 84, 146]]
[347, [672, 440, 440, 108, 78, 146]]
[348, [664, 438, 438, 123, 72, 144]]
[349, [658, 438, 438, 123, 66, 144]]
[350, [670, 436, 436, 123, 60, 142]]
[351, [664, 436, 436, 123, 54, 142]]
[352, [658, 436, 436, 123, 48, 142]]
[353, [670, 434, 434, 123, 42, 140]]
[354, [664, 434, 434, 138, 36, 140]]
[355, [656, 432, 432, 138, 30, 138]]
[356, [670, 432, 432, 138, 24, 138]]
[357, [662, 430, 430, 138, 18, 136]]
[358, [656, 430, 430, 138, 12, 136]]
[359, [670, 430, 430, 198, 6, 136]]
[360, [662, 428, 428, 69, 144, 134]]
[361, [656, 428, 428, 69, 138, 134]]
[362, [668, 426, 426, 69, 132, 132]]
[363, [662, 426, 426, 69, 126, 132]]
[364, [654, 424, 424, 69, 120, 130]]
[365, [668, 424, 424, 69, 114, 130]]
[366, [662, 424, 424, 69, 108, 130]]
[367, [654, 422, 422, 69, 102, 128]]
[368, [668, 422, 422, 84, 96, 128]]
[369, [660, 420, 420, 84, 90, 126]]
[370, [654, 420, 420, 84, 84, 126]]
[371, [666, 418, 418, 84, 78, 124]]
[372, [660, 418, 418, 84, 72, 124]]
[373, [654, 418, 418, 84, 66, 124]]
[374, [666, 416, 416, 99, 60, 122]]
[375, [660, 416, 416, 99, 54, 122]]
[376, [652, 414, 414, 114, 48, 120]]
[377, [666, 414, 414, 114, 42, 120]]
[378, [658, 412, 412, 114, 36, 118]]
[379, [652, 412, 412, 174, 30, 118]]
[380, [666, 412, 412, 45, 168, 118]]
[381, [658, 410, 410, 45, 162, 116]]
[382, [652, 410, 410, 45, 156, 116]]
[383, [664, 408, 408, 45, 150, 114]]
[384, [658, 408, 408, 45, 144, 114]]
[385, [650, 406, 406, 45, 138, 112]]
[386, [664, 406, 406, 45, 132, 112]]
[387, [658, 406, 406, 45, 126, 112]]
[388, [650, 404, 404, 60, 120, 110]]
[389, [664, 404, 404, 60, 114, 110]]
[390, [656, 402, 402, 60, 108, 108]]
[391, [650, 402, 402, 60, 102, 108]]
[392, [662, 400, 400, 60, 96, 106]]
[393, [656, 400, 400, 60, 90, 106]]
[394, [650, 400, 400, 75, 84, 106]]
[395, [662, 398, 398, 75, 78, 104]]
[396, [656, 398, 398, 90, 72, 104]]
[397, [648, 396, 396, 90, 66, 102]]
[398, [662, 396, 396, 90, 60, 102]]
[399, [654, 394, 394, 150, 54, 100]]
[400, [648, 394, 394, 21, 192, 100]]
[401, [662, 394, 394, 21, 186, 100]]
[402, [654, 392, 392, 21, 180, 98]]
[403, [648, 392, 392, 21, 174, 98]]
[404, [662, 392, 392, 21, 168, 98]]
[405, [658, 394, 394, 21, 162, 100]]
[406, [650, 392, 392, 21, 156, 98]]
[407, [666, 394, 394, 21, 150, 100]]
[408, [662, 396, 396, 36, 144, 102]]
[409, [656, 396, 396, 36, 138, 102]]
[410, [670, 396, 396, 36, 132, 102]]
[411, [668, 400, 400, 36, 126, 106]]
[412, [664, 402, 402, 36, 120, 108]]
[413, [680, 404, 404, 36, 114, 110]]
[414, [676, 406, 406, 51, 108, 112]]
[415, [674, 410, 410, 51, 102, 116]]
[416, [692, 414, 414, 66, 96, 120]]
[417, [688, 416, 416, 66, 90, 122]]
[418, [686, 420, 420, 66, 84, 126]]
[419, [702, 422, 422, 126, 78, 128]]
[420, [700, 426, 426, 141, 72, 132]]
[421, [698, 430, 430, 141, 66, 136]]
[422, [716, 434, 434, 141, 60, 140]]
[423, [716, 440, 440, 141, 54, 146]]
[424, [712, 442, 442, 141, 48, 148]]
[425, [732, 448, 448, 141, 42, 154]]
[426, [730, 452, 452, 141, 36, 158]]
[427, [728, 456, 456, 141, 30, 162]]
[428, [746, 460, 460, 156, 24, 166]]
[429, [746, 466, 466, 12, 162, 172]]
[430, [746, 472, 472, 12, 156, 178]]
[431, [762, 474, 474, 12, 150, 180]]
[432, [762, 480, 480, 12, 144, 186]]
[433, [760, 484, 484, 12, 138, 190]]
[434, [778, 488, 488, 27, 132, 194]]
[435, [776, 492, 492, 27, 126, 198]]
[436, [774, 496, 496, 42, 120, 202]]
[437, [792, 500, 500, 42, 114, 206]]
[438, [788, 502, 502, 42, 108, 208]]
[439, [788, 508, 508, 102, 102, 214]]
[440, [802, 508, 508, 102, 96, 214]]
[441, [800, 512, 512, 102, 90, 218]]
[442, [794, 512, 512, 102, 84, 218]]
[443, [812, 516, 516, 102, 78, 222]]
[444, [808, 518, 518, 102, 72, 224]]
[445, [800, 516, 516, 102, 66, 222]]
[446, [818, 520, 520, 102, 60, 226]]
[447, [812, 520, 520, 102, 54, 226]]
[448, [810, 524, 524, 117, 48, 230]]
[449, [822, 522, 522, 117, 42, 228]]
[450, [818, 524, 524, 117, 36, 230]]
[451, [814, 526, 526, 117, 30, 232]]
[452, [824, 522, 522, 132, 24, 228]]
[453, [822, 526, 526, 132, 18, 232]]
[454, [814, 524, 524, 147, 12, 230]]
[455, [830, 526, 526, 3, 150, 232]]
[456, [824, 526, 526, 18, 144, 232]]
[457, [820, 528, 528, 18, 138, 234]]
[458, [834, 528, 528, 18, 132, 234]]
[459, [826, 526, 526, 78, 126, 232]]
[460, [824, 530, 530, 78, 120, 236]]
[461, [836, 528, 528, 78, 114, 234]]
[462, [830, 528, 528, 78, 108, 234]]
[463, [822, 526, 526, 78, 102, 232]]
[464, [838, 528, 528, 78, 96, 234]]
[465, [832, 528, 528, 78, 90, 234]]
[466, [824, 526, 526, 78, 84, 232]]
[467, [840, 528, 528, 78, 78, 234]]
[468, [832, 526, 526, 93, 72, 232]]
[469, [826, 526, 526, 93, 66, 232]]
[470, [838, 524, 524, 93, 60, 230]]
[471, [834, 526, 526, 93, 54, 232]]
[472, [828, 526, 526, 108, 48, 232]]
[473, [840, 524, 524, 108, 42, 230]]
[474, [836, 526, 526, 123, 36, 232]]
[475, [828, 524, 524, 123, 30, 230]]
[476, [842, 524, 524, 138, 24, 230]]
[477, [834, 522, 522, 138, 18, 228]]
[478, [830, 524, 524, 138, 12, 230]]
[479, [844, 524, 524, 168, 6, 230]]
[480, [836, 522, 522, 24, 144, 228]]
[481, [832, 524, 524, 24, 138, 230]]
[482, [844, 522, 522, 24, 132, 228]]
[483, [838, 522, 522, 24, 126, 228]]
[484, [830, 520, 520, 24, 120, 226]]
[485, [844, 520, 520, 39, 114, 226]]
[486, [838, 520, 520, 39, 108, 226]]
[487, [830, 518, 518, 39, 102, 224]]
[488, [844, 518, 518, 54, 96, 224]]
[489, [836, 516, 516, 54, 90, 222]]
[490, [830, 516, 516, 54, 84, 222]]
[491, [842, 514, 514, 69, 78, 220]]
[492, [836, 514, 514, 84, 72, 220]]
[493, [830, 514, 514, 84, 66, 220]]
[494, [842, 512, 512, 99, 60, 218]]
[495, [836, 512, 512, 99, 54, 218]]
[496, [828, 510, 510, 114, 48, 216]]
[497, [842, 510, 510, 114, 42, 216]]
[498, [834, 508, 508, 114, 36, 214]]
[499, [828, 508, 508, 144, 30, 214]]
[500, [842, 508, 508, 0, 168, 214]]
[501, [834, 506, 506, 0, 162, 212]]
[502, [828, 506, 506, 0, 156, 212]]
[503, [840, 504, 504, 0, 150, 210]]
[504, [834, 504, 504, 0, 144, 210]]
[505, [826, 502, 502, 15, 138, 208]]
[506, [840, 502, 502, 15, 132, 208]]
[507, [834, 502, 502, 15, 126, 208]]
[508, [826, 500, 500, 15, 120, 206]]
[509, [840, 500, 500, 15, 114, 206]]
[510, [832, 498, 498, 15, 108, 204]]
[511, [826, 498, 498, 45, 102, 204]]
[512, [838, 496, 496, 60, 96, 202]]
[513, [832, 496, 496, 60, 90, 202]]
[514, [826, 496, 496, 75, 84, 202]]
[515, [838, 494, 494, 75, 78, 200]]
[516, [832, 494, 494, 90, 72, 200]]
[517, [824, 492, 492, 90, 66, 198]]
[518, [838, 492, 492, 90, 60, 198]]
[519, [830, 490, 490, 120, 54, 196]]
[520, [824, 490, 490, 120, 48, 196]]
[521, [838, 490, 490, 120, 42, 196]]
[522, [830, 488, 488, 120, 36, 194]]
[523, [824, 488, 488, 120, 30, 194]]
[524, [836, 486, 486, 120, 24, 192]]
[525, [830, 486, 486, 135, 18, 192]]
[526, [822, 484, 484, 135, 12, 190]]
[527, [836, 484, 484, 135, 6, 190]]
[528, [830, 484, 484, 135, 0, 190]]
[529, [822, 482, 482, 135, 0, 182]]
[530, [836, 482, 482, 135, 0, 176]]
[531, [828, 480, 480, 165, 0, 168]]
[532, [822, 480, 480, 36, 144, 162]]
[533, [834, 478, 478, 36, 138, 160]]
[534, [828, 478, 478, 51, 132, 160]]
[535, [822, 478, 478, 51, 126, 160]]
[536, [834, 476, 476, 66, 120, 158]]
[537, [828, 476, 476, 66, 114, 158]]
[538, [820, 474, 474, 66, 108, 156]]
[539, [834, 474, 474, 96, 102, 156]]
[540, [826, 472, 472, 96, 96, 154]]
[541, [820, 472, 472, 96, 90, 154]]
[542, [834, 472, 472, 96, 84, 154]]
[543, [826, 470, 470, 96, 78, 152]]
[544, [820, 470, 470, 96, 72, 152]]
[545, [834, 470, 470, 111, 66, 152]]
[546, [828, 470, 470, 111, 60, 152]]
[547, [820, 468, 468, 111, 54, 150]]
[548, [834, 468, 468, 111, 48, 150]]
[549, [828, 468, 468, 111, 42, 150]]
[550, [822, 468, 468, 111, 36, 150]]
[551, [836, 468, 468, 141, 30, 150]]
[552, [830, 468, 468, 156, 24, 150]]
[553, [824, 468, 468, 12, 162, 150]]
[554, [836, 466, 466, 27, 156, 148]]
[555, [832, 468, 468, 27, 150, 150]]
[556, [828, 470, 470, 42, 144, 152]]
[557, [842, 470, 470, 42, 138, 152]]
[558, [836, 470, 470, 42, 132, 152]]
[559, [832, 472, 472, 72, 126, 154]]
[560, [846, 472, 472, 72, 120, 154]]
[561, [840, 472, 472, 72, 114, 154]]
[562, [836, 474, 474, 72, 108, 156]]
[563, [852, 476, 476, 72, 102, 158]]
[564, [848, 478, 478, 72, 96, 160]]
[565, [844, 480, 480, 87, 90, 162]]
[566, [860, 482, 482, 87, 84, 164]]
[567, [858, 486, 486, 87, 78, 168]]
[568, [854, 488, 488, 87, 72, 170]]
[569, [872, 492, 492, 87, 66, 174]]
[570, [870, 496, 496, 87, 60, 178]]
[571, [868, 500, 500, 117, 54, 182]]
[572, [886, 504, 504, 132, 48, 186]]
[573, [886, 510, 510, 132, 42, 192]]
[574, [882, 512, 512, 147, 36, 194]]
[575, [900, 516, 516, 3, 174, 198]]
[576, [898, 520, 520, 18, 168, 202]]
[577, [896, 524, 524, 18, 162, 206]]
[578, [916, 530, 530, 18, 156, 212]]
[579, [912, 532, 532, 48, 150, 214]]
[580, [912, 538, 538, 48, 144, 220]]
[581, [930, 542, 542, 48, 138, 224]]
[582, [928, 546, 546, 48, 132, 228]]
[583, [926, 550, 550, 48, 126, 232]]
[584, [944, 554, 554, 48, 120, 236]]
[585, [942, 558, 558, 63, 114, 240]]
[586, [938, 560, 560, 63, 108, 242]]
[587, [958, 566, 566, 63, 102, 248]]
[588, [954, 568, 568, 63, 96, 250]]
[589, [954, 574, 574, 63, 90, 256]]
[590, [972, 578, 578, 63, 84, 260]]
[591, [970, 582, 582, 93, 78, 264]]
[592, [968, 586, 586, 108, 72, 268]]
[593, [982, 586, 586, 108, 66, 268]]
[594, [980, 590, 590, 123, 60, 272]]
[595, [976, 592, 592, 123, 54, 274]]
[596, [992, 594, 594, 138, 48, 276]]
[597, [988, 596, 596, 138, 42, 278]]
[598, [984, 598, 598, 138, 36, 280]]
[599, [1000, 600, 600, 168, 30, 282]]
[600, [992, 598, 598, 24, 168, 280]]
[601, [988, 600, 600, 24, 162, 282]]
[602, [1000, 598, 598, 24, 156, 280]]
[603, [996, 600, 600, 24, 150, 282]]
[604, [990, 600, 600, 24, 144, 282]]
[605, [1006, 602, 602, 39, 138, 284]]
[606, [1002, 604, 604, 39, 132, 286]]
[607, [994, 602, 602, 39, 126, 284]]
[608, [1010, 604, 604, 39, 120, 286]]
[609, [1002, 602, 602, 39, 114, 284]]
[610, [996, 602, 602, 39, 108, 284]]
[611, [1010, 602, 602, 69, 102, 284]]
[612, [1006, 604, 604, 84, 96, 286]]
[613, [1000, 604, 604, 84, 90, 286]]
[614, [1012, 602, 602, 99, 84, 284]]
[615, [1008, 604, 604, 99, 78, 286]]
[616, [1000, 602, 602, 114, 72, 284]]
[617, [1014, 602, 602, 114, 66, 284]]
[618, [1006, 600, 600, 114, 60, 282]]
[619, [1000, 600, 600, 144, 54, 282]]
[620, [1014, 600, 600, 0, 192, 282]]
[621, [1006, 598, 598, 0, 186, 280]]
[622, [1002, 600, 600, 0, 180, 282]]
[623, [1014, 598, 598, 0, 174, 280]]
[624, [1008, 598, 598, 0, 168, 280]]
[625, [1000, 596, 596, 15, 162, 278]]
[626, [1014, 596, 596, 15, 156, 278]]
[627, [1008, 596, 596, 15, 150, 278]]
[628, [1000, 594, 594, 15, 144, 276]]
[629, [1016, 596, 596, 15, 138, 278]]
[630, [1008, 594, 594, 15, 132, 276]]
[631, [1002, 594, 594, 45, 126, 276]]
[632, [1014, 592, 592, 60, 120, 274]]
[633, [1008, 592, 592, 60, 114, 274]]
[634, [1002, 592, 592, 75, 108, 274]]
[635, [1014, 590, 590, 75, 102, 272]]
[636, [1008, 590, 590, 90, 96, 272]]
[637, [1000, 588, 588, 90, 90, 270]]
[638, [1014, 588, 588, 90, 84, 270]]
[639, [1006, 586, 586, 120, 78, 268]]
[640, [1000, 586, 586, 120, 72, 268]]
[641, [1014, 586, 586, 120, 66, 268]]
[642, [1006, 584, 584, 120, 60, 266]]
[643, [1000, 584, 584, 120, 54, 266]]
[644, [1012, 582, 582, 120, 48, 264]]
[645, [1006, 582, 582, 135, 42, 264]]
[646, [998, 580, 580, 135, 36, 262]]
[647, [1012, 580, 580, 135, 30, 262]]
[648, [1006, 580, 580, 135, 24, 262]]
[649, [998, 578, 578, 135, 18, 260]]
[650, [1012, 578, 578, 135, 12, 260]]
[651, [1004, 576, 576, 150, 6, 258]]
[652, [998, 576, 576, 36, 144, 258]]
[653, [1010, 574, 574, 36, 138, 256]]
[654, [1004, 574, 574, 51, 132, 256]]
[655, [998, 574, 574, 51, 126, 256]]
[656, [1010, 572, 572, 66, 120, 254]]
[657, [1004, 572, 572, 66, 114, 254]]
[658, [996, 570, 570, 66, 108, 252]]
[659, [1010, 570, 570, 96, 102, 252]]
[660, [1002, 568, 568, 96, 96, 250]]
[661, [996, 568, 568, 96, 90, 250]]
[662, [1010, 568, 568, 96, 84, 250]]
[663, [1002, 566, 566, 96, 78, 248]]
[664, [996, 566, 566, 96, 72, 248]]
[665, [1008, 564, 564, 111, 66, 246]]
[666, [1002, 564, 564, 111, 60, 246]]
[667, [994, 562, 562, 111, 54, 244]]
[668, [1008, 562, 562, 111, 48, 244]]
[669, [1002, 562, 562, 111, 42, 244]]
[670, [994, 560, 560, 111, 36, 242]]
[671, [1008, 560, 560, 126, 30, 242]]
[672, [1000, 558, 558, 156, 24, 240]]
[673, [994, 558, 558, 12, 162, 240]]
[674, [1006, 556, 556, 27, 156, 238]]
[675, [1000, 556, 556, 27, 150, 238]]
[676, [994, 556, 556, 42, 144, 238]]
[677, [1006, 554, 554, 42, 138, 236]]
[678, [1000, 554, 554, 42, 132, 236]]
[679, [992, 552, 552, 72, 126, 234]]
[680, [1006, 552, 552, 72, 120, 234]]
[681, [998, 550, 550, 72, 114, 232]]
[682, [992, 550, 550, 72, 108, 232]]
[683, [1006, 550, 550, 72, 102, 232]]
[684, [998, 548, 548, 72, 96, 230]]
[685, [992, 548, 548, 87, 90, 230]]
[686, [1006, 548, 548, 87, 84, 230]]
[687, [1000, 548, 548, 87, 78, 230]]
[688, [992, 546, 546, 87, 72, 228]]
[689, [1008, 548, 548, 87, 66, 230]]
[690, [1002, 548, 548, 87, 60, 230]]
[691, [994, 546, 546, 102, 54, 228]]
[692, [1008, 546, 546, 132, 48, 228]]
[693, [1002, 546, 546, 132, 42, 228]]
[694, [996, 546, 546, 147, 36, 228]]
[695, [1008, 544, 544, 3, 174, 226]]
[696, [1004, 546, 546, 18, 168, 228]]
[697, [998, 546, 546, 18, 162, 228]]
[698, [1012, 546, 546, 18, 156, 228]]
[699, [1006, 546, 546, 48, 150, 228]]
[700, [1000, 546, 546, 48, 144, 228]]
[701, [1016, 548, 548, 48, 138, 230]]
[702, [1008, 546, 546, 48, 132, 228]]
[703, [1004, 548, 548, 48, 126, 230]]
[704, [1018, 548, 548, 48, 120, 230]]
[705, [1014, 550, 550, 63, 114, 232]]
[706, [1008, 550, 550, 63, 108, 232]]
[707, [1022, 550, 550, 63, 102, 232]]
[708, [1020, 554, 554, 63, 96, 236]]
[709, [1014, 554, 554, 63, 90, 236]]
[710, [1030, 556, 556, 63, 84, 238]]
[711, [1026, 558, 558, 78, 78, 240]]
[712, [1022, 560, 560, 108, 72, 242]]
[713, [1038, 562, 562, 108, 66, 244]]
[714, [1032, 562, 562, 123, 60, 244]]
[715, [1028, 564, 564, 123, 54, 246]]
[716, [1042, 564, 564, 138, 48, 246]]
[717, [1040, 568, 568, 138, 42, 250]]
[718, [1034, 568, 568, 138, 36, 250]]
[719, [1054, 574, 574, 168, 30, 256]]
[720, [1050, 576, 576, 24, 168, 258]]
[721, [1048, 580, 580, 24, 162, 262]]
[722, [1064, 582, 582, 24, 156, 264]]
[723, [1060, 584, 584, 24, 150, 266]]
[724, [1058, 588, 588, 24, 144, 270]]
[725, [1076, 592, 592, 39, 138, 274]]
[726, [1076, 598, 598, 39, 132, 280]]
[727, [1072, 600, 600, 39, 126, 282]]
[728, [1092, 606, 606, 39, 120, 288]]
[729, [1088, 608, 608, 39, 114, 290]]
[730, [1082, 608, 608, 39, 108, 290]]
[731, [1100, 612, 612, 54, 102, 294]]
[732, [1098, 616, 616, 69, 96, 298]]
[733, [1098, 622, 622, 69, 90, 304]]
[734, [1112, 622, 622, 99, 84, 304]]
[735, [1112, 628, 628, 99, 78, 310]]
[736, [1108, 630, 630, 114, 72, 312]]
[737, [1122, 630, 630, 114, 66, 312]]
[738, [1120, 634, 634, 114, 60, 316]]
[739, [1118, 638, 638, 129, 54, 320]]
[740, [1136, 642, 642, 129, 48, 324]]
[741, [1130, 642, 642, 129, 42, 324]]
[742, [1128, 646, 646, 129, 36, 328]]
[743, [1146, 650, 650, 129, 30, 332]]
[744, [1140, 650, 650, 144, 24, 332]]
[745, [1138, 654, 654, 15, 162, 336]]
[746, [1154, 656, 656, 15, 156, 338]]
[747, [1152, 660, 660, 15, 150, 342]]
[748, [1142, 656, 656, 15, 144, 338]]
[749, [1160, 660, 660, 15, 138, 342]]
[750, [1154, 660, 660, 15, 132, 342]]
[751, [1148, 660, 660, 30, 126, 342]]
[752, [1164, 662, 662, 45, 120, 344]]
[753, [1160, 664, 664, 45, 114, 346]]
[754, [1154, 664, 664, 75, 108, 346]]
[755, [1166, 662, 662, 75, 102, 344]]
[756, [1162, 664, 664, 90, 96, 346]]
[757, [1154, 662, 662, 90, 90, 344]]
[758, [1168, 662, 662, 90, 84, 344]]
[759, [1164, 664, 664, 105, 78, 346]]
[760, [1160, 666, 666, 105, 72, 348]]
[761, [1174, 666, 666, 105, 66, 348]]
[762, [1166, 664, 664, 105, 60, 346]]
[763, [1162, 666, 666, 105, 54, 348]]
[764, [1174, 664, 664, 120, 48, 346]]
[765, [1170, 666, 666, 135, 42, 348]]
[766, [1164, 666, 666, 135, 36, 348]]
[767, [1178, 666, 666, 135, 30, 348]]
[768, [1172, 666, 666, 135, 24, 348]]
[769, [1164, 664, 664, 135, 18, 346]]
[770, [1180, 666, 666, 135, 12, 348]]
[771, [1172, 664, 664, 150, 6, 346]]
[772, [1166, 664, 664, 21, 144, 346]]
[773, [1180, 664, 664, 21, 138, 346]]
[774, [1174, 664, 664, 51, 132, 346]]
[775, [1168, 664, 664, 51, 126, 346]]
[776, [1180, 662, 662, 66, 120, 344]]
[777, [1176, 664, 664, 66, 114, 346]]
[778, [1168, 662, 662, 66, 108, 344]]
[779, [1182, 662, 662, 81, 102, 344]]
[780, [1176, 662, 662, 81, 96, 344]]
[781, [1170, 662, 662, 81, 90, 344]]
[782, [1184, 662, 662, 81, 84, 344]]
[783, [1176, 660, 660, 81, 78, 342]]
[784, [1170, 660, 660, 96, 72, 342]]
[785, [1182, 658, 658, 111, 66, 340]]
[786, [1176, 658, 658, 111, 60, 340]]
[787, [1170, 658, 658, 111, 54, 340]]
[788, [1184, 658, 658, 111, 48, 340]]
[789, [1178, 658, 658, 111, 42, 340]]
[790, [1170, 656, 656, 111, 36, 338]]
[791, [1184, 656, 656, 126, 30, 338]]
[792, [1176, 654, 654, 141, 24, 336]]
[793, [1170, 654, 654, 141, 18, 336]]
[794, [1182, 652, 652, 156, 12, 334]]
[795, [1176, 652, 652, 12, 150, 334]]
[796, [1170, 652, 652, 27, 144, 334]]
[797, [1182, 650, 650, 27, 138, 332]]
[798, [1176, 650, 650, 27, 132, 332]]
[799, [1168, 648, 648, 42, 126, 330]]
[800, [1182, 648, 648, 42, 120, 330]]
[801, [1174, 646, 646, 57, 114, 328]]
[802, [1168, 646, 646, 57, 108, 328]]
[803, [1182, 646, 646, 57, 102, 328]]
[804, [1174, 644, 644, 72, 96, 326]]
[805, [1168, 644, 644, 87, 90, 326]]
[806, [1180, 642, 642, 87, 84, 324]]
[807, [1174, 642, 642, 87, 78, 324]]
[808, [1166, 640, 640, 87, 72, 322]]
[809, [1180, 640, 640, 87, 66, 322]]
[810, [1174, 640, 640, 87, 60, 322]]
[811, [1166, 638, 638, 102, 54, 320]]
[812, [1180, 638, 638, 117, 48, 320]]
[813, [1172, 636, 636, 117, 42, 318]]
[814, [1166, 636, 636, 132, 36, 318]]
[815, [1178, 634, 634, 132, 30, 316]]
[816, [1172, 634, 634, 147, 24, 316]]
[817, [1166, 634, 634, 3, 162, 316]]
[818, [1178, 632, 632, 3, 156, 314]]
[819, [1172, 632, 632, 18, 150, 314]]
[820, [1164, 630, 630, 18, 144, 312]]
[821, [1178, 630, 630, 33, 138, 312]]
[822, [1170, 628, 628, 33, 132, 310]]
[823, [1164, 628, 628, 33, 126, 310]]
[824, [1178, 628, 628, 48, 120, 310]]
[825, [1170, 626, 626, 63, 114, 308]]
[826, [1164, 626, 626, 63, 108, 308]]
[827, [1178, 626, 626, 63, 102, 308]]
[828, [1172, 626, 626, 63, 96, 308]]
[829, [1164, 624, 624, 63, 90, 306]]
[830, [1178, 624, 624, 63, 84, 306]]
[831, [1172, 624, 624, 78, 78, 306]]
[832, [1164, 622, 622, 93, 72, 304]]
[833, [1178, 622, 622, 93, 66, 304]]
[834, [1172, 622, 622, 108, 60, 304]]
[835, [1166, 622, 622, 108, 54, 304]]
[836, [1178, 620, 620, 123, 48, 302]]
[837, [1174, 622, 622, 123, 42, 304]]
[838, [1168, 622, 622, 123, 36, 304]]
[839, [1182, 622, 622, 138, 30, 304]]
[840, [1176, 622, 622, 138, 24, 304]]
[841, [1170, 622, 622, 153, 18, 304]]
[842, [1186, 624, 624, 9, 156, 306]]
[843, [1178, 622, 622, 9, 150, 304]]
[844, [1174, 624, 624, 24, 144, 306]]
[845, [1188, 624, 624, 39, 138, 306]]
[846, [1182, 624, 624, 39, 132, 306]]
[847, [1178, 626, 626, 39, 126, 308]]
[848, [1192, 626, 626, 39, 120, 308]]
[849, [1188, 628, 628, 39, 114, 310]]
[850, [1180, 626, 626, 39, 108, 308]]
[851, [1196, 628, 628, 54, 102, 310]]
[852, [1190, 628, 628, 54, 96, 310]]
[853, [1186, 630, 630, 54, 90, 312]]
[854, [1202, 632, 632, 69, 84, 314]]
[855, [1196, 632, 632, 69, 78, 314]]
[856, [1190, 632, 632, 84, 72, 314]]
[857, [1202, 630, 630, 84, 66, 312]]
[858, [1198, 632, 632, 84, 60, 314]]
[859, [1196, 636, 636, 99, 54, 318]]
[860, [1212, 638, 638, 99, 48, 320]]
[861, [1208, 640, 640, 114, 42, 322]]
[862, [1204, 642, 642, 114, 36, 324]]
[863, [1220, 644, 644, 114, 30, 326]]
[864, [1212, 642, 642, 129, 24, 324]]
[865, [1208, 644, 644, 144, 18, 326]]
[866, [1224, 646, 646, 0, 156, 328]]
[867, [1220, 648, 648, 0, 150, 330]]
[868, [1214, 648, 648, 0, 144, 330]]
[869, [1234, 654, 654, 0, 138, 336]]
[870, [1230, 656, 656, 0, 132, 338]]
[871, [1220, 652, 652, 15, 126, 334]]
[872, [1238, 656, 656, 15, 120, 338]]
[873, [1234, 658, 658, 15, 114, 340]]
[874, [1230, 660, 660, 30, 108, 342]]
[875, [1244, 660, 660, 45, 102, 342]]
[876, [1242, 664, 664, 60, 96, 346]]
[877, [1238, 666, 666, 60, 90, 348]]
[878, [1250, 664, 664, 60, 84, 346]]
[879, [1250, 670, 670, 75, 78, 352]]
[880, [1248, 674, 674, 75, 72, 356]]
[881, [1264, 676, 676, 90, 66, 358]]
[882, [1256, 674, 674, 90, 60, 356]]
[883, [1254, 678, 678, 90, 54, 360]]
[884, [1272, 682, 682, 105, 48, 364]]
[885, [1268, 684, 684, 120, 42, 366]]
[886, [1268, 690, 690, 120, 36, 372]]
[887, [1286, 694, 694, 120, 30, 376]]
[888, [1282, 696, 696, 120, 24, 378]]
[889, [1276, 696, 696, 120, 18, 378]]
[890, [1294, 700, 700, 120, 12, 382]]
[891, [1290, 702, 702, 135, 6, 384]]
[892, [1284, 702, 702, 135, 0, 384]]
[893, [1304, 708, 708, 135, 0, 384]]
[894, [1302, 712, 712, 150, 0, 382]]
[895, [1298, 714, 714, 21, 144, 378]]
[896, [1312, 714, 714, 36, 138, 378]]
[897, [1310, 718, 718, 36, 132, 382]]
[898, [1302, 716, 716, 36, 126, 380]]
[899, [1316, 716, 716, 51, 120, 380]]
[900, [1316, 722, 722, 51, 114, 386]]
[901, [1312, 724, 724, 66, 108, 388]]
[902, [1328, 726, 726, 66, 102, 390]]
[903, [1324, 728, 728, 66, 96, 392]]
[904, [1322, 732, 732, 81, 90, 396]]
[905, [1334, 730, 730, 96, 84, 394]]
[906, [1328, 730, 730, 96, 78, 394]]
[907, [1326, 734, 734, 96, 72, 398]]
[908, [1340, 734, 734, 96, 66, 398]]
[909, [1334, 734, 734, 96, 60, 398]]
[910, [1330, 736, 736, 96, 54, 400]]
[911, [1348, 740, 740, 111, 48, 404]]
[912, [1340, 738, 738, 111, 42, 402]]
[913, [1332, 736, 736, 111, 36, 400]]
[914, [1346, 736, 736, 126, 30, 400]]
[915, [1340, 736, 736, 141, 24, 400]]
[916, [1334, 736, 736, 156, 18, 400]]
[917, [1346, 734, 734, 12, 156, 398]]
[918, [1342, 736, 736, 12, 150, 400]]
[919, [1334, 734, 734, 27, 144, 398]]
[920, [1346, 732, 732, 27, 138, 396]]
[921, [1340, 732, 732, 27, 132, 396]]
[922, [1334, 732, 732, 27, 126, 396]]
[923, [1348, 732, 732, 27, 120, 396]]
[924, [1340, 730, 730, 42, 114, 394]]
[925, [1336, 732, 732, 57, 108, 396]]
[926, [1348, 730, 730, 57, 102, 394]]
[927, [1342, 730, 730, 57, 96, 394]]
[928, [1336, 730, 730, 57, 90, 394]]
[929, [1350, 730, 730, 57, 84, 394]]
[930, [1344, 730, 730, 57, 78, 394]]
[931, [1336, 728, 728, 87, 72, 392]]
[932, [1350, 728, 728, 87, 66, 392]]
[933, [1342, 726, 726, 87, 60, 390]]
[934, [1336, 726, 726, 102, 54, 390]]
[935, [1350, 726, 726, 117, 48, 390]]
[936, [1344, 726, 726, 132, 42, 390]]
[937, [1338, 726, 726, 132, 36, 390]]
[938, [1350, 724, 724, 132, 30, 388]]
[939, [1344, 724, 724, 147, 24, 388]]
[940, [1336, 722, 722, 3, 162, 386]]
[941, [1350, 722, 722, 3, 156, 386]]
[942, [1344, 722, 722, 3, 150, 386]]
[943, [1338, 722, 722, 3, 144, 386]]
[944, [1352, 722, 722, 18, 138, 386]]
[945, [1344, 720, 720, 33, 132, 384]]
[946, [1338, 720, 720, 33, 126, 384]]
[947, [1350, 718, 718, 33, 120, 382]]
[948, [1344, 718, 718, 33, 114, 382]]
[949, [1338, 718, 718, 33, 108, 382]]
[950, [1352, 718, 718, 33, 102, 382]]
[951, [1346, 718, 718, 63, 96, 382]]
[952, [1338, 716, 716, 63, 90, 380]]
[953, [1352, 716, 716, 63, 84, 380]]
[954, [1344, 714, 714, 78, 78, 378]]
[955, [1338, 714, 714, 93, 72, 378]]
[956, [1350, 712, 712, 108, 66, 376]]
[957, [1344, 712, 712, 108, 60, 376]]
[958, [1338, 712, 712, 108, 54, 376]]
[959, [1350, 710, 710, 123, 48, 374]]
[960, [1344, 710, 710, 123, 42, 374]]
[961, [1336, 708, 708, 123, 36, 372]]
[962, [1350, 708, 708, 123, 30, 372]]
[963, [1342, 706, 706, 123, 24, 370]]
[964, [1336, 706, 706, 138, 18, 370]]
[965, [1350, 706, 706, 153, 12, 370]]
[966, [1342, 704, 704, 9, 150, 368]]
[967, [1336, 704, 704, 9, 144, 368]]
[968, [1348, 702, 702, 9, 138, 366]]
[969, [1342, 702, 702, 9, 132, 366]]
[970, [1334, 700, 700, 9, 126, 364]]
[971, [1348, 700, 700, 39, 120, 364]]
[972, [1342, 700, 700, 39, 114, 364]]
[973, [1334, 698, 698, 39, 108, 362]]
[974, [1348, 698, 698, 54, 102, 362]]
[975, [1340, 696, 696, 69, 96, 360]]
[976, [1334, 696, 696, 84, 90, 360]]
[977, [1346, 694, 694, 84, 84, 358]]
[978, [1340, 694, 694, 84, 78, 358]]
[979, [1334, 694, 694, 99, 72, 358]]
[980, [1346, 692, 692, 99, 66, 356]]
[981, [1340, 692, 692, 99, 60, 356]]
[982, [1332, 690, 690, 99, 54, 354]]
[983, [1346, 690, 690, 99, 48, 354]]
[984, [1338, 688, 688, 114, 42, 352]]
[985, [1332, 688, 688, 129, 36, 352]]
[986, [1346, 688, 688, 129, 30, 352]]
[987, [1338, 686, 686, 129, 24, 350]]
[988, [1332, 686, 686, 129, 18, 350]]
[989, [1344, 684, 684, 129, 12, 348]]
[990, [1338, 684, 684, 129, 6, 348]]
[991, [1330, 682, 682, 159, 0, 346]]
[992, [1344, 682, 682, 15, 144, 340]]
[993, [1338, 682, 682, 15, 138, 340]]
[994, [1330, 680, 680, 30, 132, 338]]
[995, [1344, 680, 680, 45, 126, 338]]
[996, [1336, 678, 678, 60, 120, 336]]
[997, [1330, 678, 678, 60, 114, 336]]
[998, [1342, 676, 676, 60, 108, 334]]
[999, [1336, 676, 676, 75, 102, 334]]
[1000, [1330, 676, 676, 75, 96, 334]]
[1001, [1342, 674, 674, 75, 90, 332]]
[1002, [1336, 674, 674, 75, 84, 332]]
[1003, [1328, 672, 672, 75, 78, 330]]
[1004, [1342, 672, 672, 90, 72, 330]]
[1005, [1334, 670, 670, 105, 66, 328]]
[1006, [1328, 670, 670, 105, 60, 328]]
[1007, [1342, 670, 670, 105, 54, 328]]
[1008, [1334, 668, 668, 105, 48, 326]]
[1009, [1328, 668, 668, 105, 42, 326]]
[1010, [1340, 666, 666, 105, 36, 324]]
[1011, [1334, 666, 666, 135, 30, 324]]
[1012, [1326, 664, 664, 135, 24, 322]]
[1013, [1340, 664, 664, 135, 18, 322]]
[1014, [1334, 664, 664, 150, 12, 322]]
[1015, [1326, 662, 662, 21, 150, 320]]
[1016, [1340, 662, 662, 36, 144, 320]]
[1017, [1332, 660, 660, 36, 138, 318]]
[1018, [1326, 660, 660, 36, 132, 318]]
[1019, [1338, 658, 658, 51, 126, 316]]
[1020, [1332, 658, 658, 51, 120, 316]]
[1021, [1326, 658, 658, 51, 114, 316]]
[1022, [1338, 656, 656, 51, 108, 314]]
[1023, [1332, 656, 656, 51, 102, 314]]
[1024, [1324, 654, 654, 66, 96, 312]]
[1025, [1338, 654, 654, 66, 90, 312]]
[1026, [1330, 652, 652, 66, 84, 310]]
[1027, [1324, 652, 652, 66, 78, 310]]
[1028, [1338, 652, 652, 66, 72, 310]]
[1029, [1330, 650, 650, 66, 66, 308]]
[1030, [1324, 650, 650, 66, 60, 308]]
[1031, [1336, 648, 648, 96, 54, 306]]
[1032, [1330, 648, 648, 96, 48, 306]]
[1033, [1322, 646, 646, 96, 42, 304]]
[1034, [1336, 646, 646, 111, 36, 304]]
[1035, [1330, 646, 646, 126, 30, 304]]
[1036, [1322, 644, 644, 141, 24, 302]]
[1037, [1336, 644, 644, 141, 18, 302]]
[1038, [1328, 642, 642, 141, 12, 300]]
[1039, [1322, 642, 642, 156, 6, 300]]
[1040, [1334, 640, 640, 12, 144, 298]]
[1041, [1328, 640, 640, 12, 138, 298]]
[1042, [1322, 640, 640, 27, 132, 298]]
[1043, [1334, 638, 638, 27, 126, 296]]
[1044, [1328, 638, 638, 42, 120, 296]]
[1045, [1320, 636, 636, 42, 114, 294]]
[1046, [1334, 636, 636, 42, 108, 294]]
[1047, [1326, 634, 634, 42, 102, 292]]
[1048, [1320, 634, 634, 42, 96, 292]]
[1049, [1334, 634, 634, 42, 90, 292]]
[1050, [1326, 632, 632, 42, 84, 290]]
[1051, [1320, 632, 632, 72, 78, 290]]
[1052, [1332, 630, 630, 72, 72, 288]]
[1053, [1326, 630, 630, 72, 66, 288]]
[1054, [1318, 628, 628, 87, 60, 286]]
[1055, [1332, 628, 628, 102, 54, 286]]
[1056, [1326, 628, 628, 117, 48, 286]]
[1057, [1318, 626, 626, 117, 42, 284]]
[1058, [1332, 626, 626, 117, 36, 284]]
[1059, [1324, 624, 624, 132, 30, 282]]
[1060, [1318, 624, 624, 132, 24, 282]]
[1061, [1330, 622, 622, 132, 18, 280]]
[1062, [1324, 622, 622, 147, 12, 280]]
[1063, [1318, 622, 622, 3, 150, 280]]
[1064, [1330, 620, 620, 18, 144, 278]]
[1065, [1324, 620, 620, 18, 138, 278]]
[1066, [1316, 618, 618, 18, 132, 276]]
[1067, [1330, 618, 618, 18, 126, 276]]
[1068, [1322, 616, 616, 18, 120, 274]]
[1069, [1316, 616, 616, 18, 114, 274]]
[1070, [1330, 616, 616, 18, 108, 274]]
[1071, [1322, 614, 614, 48, 102, 272]]
[1072, [1316, 614, 614, 48, 96, 272]]
[1073, [1328, 612, 612, 48, 90, 270]]
[1074, [1322, 612, 612, 63, 84, 270]]
[1075, [1314, 610, 610, 78, 78, 268]]
[1076, [1328, 610, 610, 93, 72, 268]]
[1077, [1322, 610, 610, 93, 66, 268]]
[1078, [1314, 608, 608, 93, 60, 266]]
[1079, [1328, 608, 608, 108, 54, 266]]
[1080, [1320, 606, 606, 108, 48, 264]]
[1081, [1314, 606, 606, 108, 42, 264]]
[1082, [1326, 604, 604, 123, 36, 262]]
[1083, [1320, 604, 604, 123, 30, 262]]
[1084, [1314, 604, 604, 138, 24, 262]]
[1085, [1326, 602, 602, 138, 18, 260]]
[1086, [1320, 602, 602, 138, 12, 260]]
[1087, [1312, 600, 600, 138, 6, 258]]
[1088, [1326, 600, 600, 138, 0, 258]]
[1089, [1318, 598, 598, 138, 0, 250]]
[1090, [1312, 598, 598, 138, 0, 244]]
[1091, [1326, 598, 598, 168, 0, 238]]
[1092, [1318, 596, 596, 24, 144, 230]]
[1093, [1312, 596, 596, 24, 138, 230]]
[1094, [1324, 594, 594, 39, 132, 228]]
[1095, [1318, 594, 594, 39, 126, 228]]
[1096, [1310, 592, 592, 54, 120, 226]]
[1097, [1324, 592, 592, 54, 114, 226]]
[1098, [1318, 592, 592, 54, 108, 226]]
[1099, [1310, 590, 590, 69, 102, 224]]
[1100, [1324, 590, 590, 69, 96, 224]]
[1101, [1316, 588, 588, 69, 90, 222]]
[1102, [1310, 588, 588, 84, 84, 222]]
[1103, [1322, 586, 586, 84, 78, 220]]
[1104, [1316, 586, 586, 99, 72, 220]]
[1105, [1310, 586, 586, 99, 66, 220]]
[1106, [1322, 584, 584, 99, 60, 218]]
[1107, [1316, 584, 584, 99, 54, 218]]
[1108, [1308, 582, 582, 114, 48, 216]]
[1109, [1322, 582, 582, 114, 42, 216]]
[1110, [1314, 580, 580, 114, 36, 214]]
[1111, [1308, 580, 580, 144, 30, 214]]
[1112, [1322, 580, 580, 0, 168, 214]]
[1113, [1314, 578, 578, 0, 162, 212]]
[1114, [1308, 578, 578, 15, 156, 212]]
[1115, [1320, 576, 576, 15, 150, 210]]
[1116, [1314, 576, 576, 30, 144, 210]]
[1117, [1306, 574, 574, 30, 138, 208]]
[1118, [1320, 574, 574, 30, 132, 208]]
[1119, [1314, 574, 574, 45, 126, 208]]
[1120, [1306, 572, 572, 45, 120, 206]]
[1121, [1320, 572, 572, 45, 114, 206]]
[1122, [1312, 570, 570, 60, 108, 204]]
[1123, [1306, 570, 570, 60, 102, 204]]
[1124, [1318, 568, 568, 75, 96, 202]]
[1125, [1312, 568, 568, 75, 90, 202]]
[1126, [1306, 568, 568, 75, 84, 202]]
[1127, [1318, 566, 566, 75, 78, 200]]
[1128, [1312, 566, 566, 90, 72, 200]]
[1129, [1304, 564, 564, 90, 66, 198]]
[1130, [1318, 564, 564, 90, 60, 198]]
[1131, [1310, 562, 562, 120, 54, 196]]
[1132, [1304, 562, 562, 120, 48, 196]]
[1133, [1318, 562, 562, 120, 42, 196]]
[1134, [1310, 560, 560, 135, 36, 194]]
[1135, [1304, 560, 560, 135, 30, 194]]
[1136, [1316, 558, 558, 150, 24, 192]]
[1137, [1310, 558, 558, 6, 162, 192]]
[1138, [1302, 556, 556, 6, 156, 190]]
[1139, [1316, 556, 556, 21, 150, 190]]
[1140, [1310, 556, 556, 21, 144, 190]]
[1141, [1302, 554, 554, 21, 138, 188]]
[1142, [1316, 554, 554, 36, 132, 188]]
[1143, [1308, 552, 552, 36, 126, 186]]
[1144, [1302, 552, 552, 51, 120, 186]]
[1145, [1314, 550, 550, 51, 114, 184]]
[1146, [1308, 550, 550, 51, 108, 184]]
[1147, [1302, 550, 550, 51, 102, 184]]
[1148, [1314, 548, 548, 66, 96, 182]]
[1149, [1308, 548, 548, 66, 90, 182]]
[1150, [1300, 546, 546, 66, 84, 180]]
[1151, [1314, 546, 546, 96, 78, 180]]
[1152, [1306, 544, 544, 96, 72, 178]]
[1153, [1300, 544, 544, 96, 66, 178]]
[1154, [1314, 544, 544, 111, 60, 178]]
[1155, [1306, 542, 542, 111, 54, 176]]
[1156, [1300, 542, 542, 126, 48, 176]]
[1157, [1312, 540, 540, 126, 42, 174]]
[1158, [1306, 540, 540, 126, 36, 174]]
[1159, [1298, 538, 538, 141, 30, 172]]
[1160, [1312, 538, 538, 141, 24, 172]]
[1161, [1306, 538, 538, 141, 18, 172]]
[1162, [1298, 536, 536, 156, 12, 170]]
[1163, [1312, 536, 536, 12, 150, 170]]
[1164, [1304, 534, 534, 27, 144, 168]]
[1165, [1298, 534, 534, 27, 138, 168]]
[1166, [1310, 532, 532, 27, 132, 166]]
[1167, [1304, 532, 532, 27, 126, 166]]
[1168, [1298, 532, 532, 42, 120, 166]]
[1169, [1310, 530, 530, 42, 114, 164]]
[1170, [1304, 530, 530, 42, 108, 164]]
[1171, [1296, 528, 528, 72, 102, 162]]
[1172, [1310, 528, 528, 72, 96, 162]]
[1173, [1302, 526, 526, 72, 90, 160]]
[1174, [1296, 526, 526, 87, 84, 160]]
[1175, [1310, 526, 526, 87, 78, 160]]
[1176, [1302, 524, 524, 102, 72, 158]]
[1177, [1296, 524, 524, 102, 66, 158]]
[1178, [1308, 522, 522, 102, 60, 156]]
[1179, [1302, 522, 522, 117, 54, 156]]
[1180, [1294, 520, 520, 117, 48, 154]]
[1181, [1308, 520, 520, 117, 42, 154]]
[1182, [1302, 520, 520, 132, 36, 154]]
[1183, [1294, 518, 518, 132, 30, 152]]
[1184, [1308, 518, 518, 147, 24, 152]]
[1185, [1300, 516, 516, 3, 162, 150]]
[1186, [1294, 516, 516, 3, 156, 150]]
[1187, [1306, 514, 514, 3, 150, 148]]
[1188, [1300, 514, 514, 18, 144, 148]]
[1189, [1294, 514, 514, 18, 138, 148]]
[1190, [1306, 512, 512, 18, 132, 146]]
[1191, [1300, 512, 512, 48, 126, 146]]
[1192, [1292, 510, 510, 48, 120, 144]]
[1193, [1306, 510, 510, 48, 114, 144]]
[1194, [1298, 508, 508, 63, 108, 142]]
[1195, [1292, 508, 508, 63, 102, 142]]
[1196, [1306, 508, 508, 78, 96, 142]]
[1197, [1298, 506, 506, 78, 90, 140]]
[1198, [1292, 506, 506, 78, 84, 140]]
[1199, [1304, 504, 504, 93, 78, 138]]
[1200, [1298, 504, 504, 93, 72, 138]]
[1201, [1290, 502, 502, 93, 66, 136]]
[1202, [1304, 502, 502, 108, 60, 136]]
[1203, [1298, 502, 502, 108, 54, 136]]
[1204, [1290, 500, 500, 123, 48, 134]]
[1205, [1304, 500, 500, 123, 42, 134]]
[1206, [1296, 498, 498, 123, 36, 132]]
[1207, [1290, 498, 498, 123, 30, 132]]
[1208, [1302, 496, 496, 138, 24, 130]]
[1209, [1296, 496, 496, 138, 18, 130]]
[1210, [1290, 496, 496, 138, 12, 130]]
[1211, [1302, 494, 494, 168, 6, 128]]
[1212, [1296, 494, 494, 24, 144, 128]]
[1213, [1288, 492, 492, 24, 138, 126]]
[1214, [1302, 492, 492, 39, 132, 126]]
[1215, [1294, 490, 490, 39, 126, 124]]
[1216, [1288, 490, 490, 54, 120, 124]]
[1217, [1302, 490, 490, 54, 114, 124]]
[1218, [1294, 488, 488, 54, 108, 122]]
[1219, [1288, 488, 488, 69, 102, 122]]
[1220, [1300, 486, 486, 69, 96, 120]]
[1221, [1294, 486, 486, 69, 90, 120]]
[1222, [1286, 484, 484, 84, 84, 118]]
[1223, [1300, 484, 484, 84, 78, 118]]
[1224, [1294, 484, 484, 99, 72, 118]]
[1225, [1286, 482, 482, 99, 66, 116]]
[1226, [1300, 482, 482, 99, 60, 116]]
[1227, [1292, 480, 480, 99, 54, 114]]
[1228, [1286, 480, 480, 114, 48, 114]]
[1229, [1298, 478, 478, 114, 42, 112]]
[1230, [1292, 478, 478, 114, 36, 112]]
[1231, [1286, 478, 478, 144, 30, 112]]
[1232, [1298, 476, 476, 0, 168, 110]]
[1233, [1292, 476, 476, 0, 162, 110]]
[1234, [1284, 474, 474, 15, 156, 108]]
[1235, [1298, 474, 474, 15, 150, 108]]
[1236, [1290, 472, 472, 30, 144, 106]]
[1237, [1284, 472, 472, 30, 138, 106]]
[1238, [1298, 472, 472, 30, 132, 106]]
[1239, [1290, 470, 470, 45, 126, 104]]
[1240, [1284, 470, 470, 45, 120, 104]]
[1241, [1296, 468, 468, 45, 114, 102]]
[1242, [1290, 468, 468, 60, 108, 102]]
[1243, [1282, 466, 466, 60, 102, 100]]
[1244, [1296, 466, 466, 75, 96, 100]]
[1245, [1290, 466, 466, 75, 90, 100]]
[1246, [1282, 464, 464, 75, 84, 98]]
[1247, [1296, 464, 464, 75, 78, 98]]
[1248, [1288, 462, 462, 90, 72, 96]]
[1249, [1282, 462, 462, 90, 66, 96]]
[1250, [1294, 460, 460, 90, 60, 94]]
[1251, [1288, 460, 460, 120, 54, 94]]
[1252, [1282, 460, 460, 120, 48, 94]]
[1253, [1294, 458, 458, 120, 42, 92]]
[1254, [1288, 458, 458, 135, 36, 92]]
[1255, [1280, 456, 456, 135, 30, 90]]
[1256, [1294, 456, 456, 150, 24, 90]]
[1257, [1286, 454, 454, 6, 162, 88]]
[1258, [1280, 454, 454, 6, 156, 88]]
[1259, [1294, 454, 454, 21, 150, 88]]
[1260, [1286, 452, 452, 21, 144, 86]]
[1261, [1280, 452, 452, 21, 138, 86]]
[1262, [1292, 450, 450, 36, 132, 84]]
[1263, [1286, 450, 450, 36, 126, 84]]
[1264, [1278, 448, 448, 51, 120, 82]]
[1265, [1292, 448, 448, 51, 114, 82]]
[1266, [1286, 448, 448, 51, 108, 82]]
[1267, [1278, 446, 446, 51, 102, 80]]
[1268, [1292, 446, 446, 66, 96, 80]]
[1269, [1284, 444, 444, 66, 90, 78]]
[1270, [1278, 444, 444, 66, 84, 78]]
[1271, [1290, 442, 442, 96, 78, 76]]
[1272, [1284, 442, 442, 96, 72, 76]]
[1273, [1278, 442, 442, 96, 66, 76]]
[1274, [1290, 440, 440, 111, 60, 74]]
[1275, [1284, 440, 440, 111, 54, 74]]
[1276, [1276, 438, 438, 126, 48, 72]]
[1277, [1290, 438, 438, 126, 42, 72]]
[1278, [1282, 436, 436, 126, 36, 70]]
[1279, [1276, 436, 436, 141, 30, 70]]
[1280, [1290, 436, 436, 141, 24, 70]]
[1281, [1282, 434, 434, 141, 18, 68]]
[1282, [1276, 434, 434, 156, 12, 68]]
[1283, [1288, 432, 432, 12, 150, 66]]
[1284, [1282, 432, 432, 27, 144, 66]]
[1285, [1274, 430, 430, 27, 138, 64]]
[1286, [1288, 430, 430, 27, 132, 64]]
[1287, [1282, 430, 430, 27, 126, 64]]
[1288, [1274, 428, 428, 42, 120, 62]]
[1289, [1288, 428, 428, 42, 114, 62]]
[1290, [1280, 426, 426, 42, 108, 60]]
[1291, [1274, 426, 426, 72, 102, 60]]
[1292, [1286, 424, 424, 72, 96, 58]]
[1293, [1280, 424, 424, 72, 90, 58]]
[1294, [1274, 424, 424, 87, 84, 58]]
[1295, [1286, 422, 422, 87, 78, 56]]
[1296, [1280, 422, 422, 102, 72, 56]]
[1297, [1272, 420, 420, 102, 66, 54]]
[1298, [1286, 420, 420, 102, 60, 54]]
[1299, [1278, 418, 418, 117, 54, 52]]
[1300, [1272, 418, 418, 117, 48, 52]]
[1301, [1286, 418, 418, 117, 42, 52]]
[1302, [1278, 416, 416, 132, 36, 50]]
[1303, [1272, 416, 416, 132, 30, 50]]
[1304, [1284, 414, 414, 147, 24, 48]]
[1305, [1278, 414, 414, 3, 162, 48]]
[1306, [1270, 412, 412, 3, 156, 46]]
[1307, [1284, 412, 412, 3, 150, 46]]
[1308, [1278, 412, 412, 18, 144, 46]]
[1309, [1270, 410, 410, 18, 138, 44]]
[1310, [1284, 410, 410, 18, 132, 44]]
[1311, [1276, 408, 408, 48, 126, 42]]
[1312, [1270, 408, 408, 48, 120, 42]]
[1313, [1282, 406, 406, 48, 114, 40]]
[1314, [1276, 406, 406, 63, 108, 40]]
[1315, [1270, 406, 406, 63, 102, 40]]
[1316, [1282, 404, 404, 78, 96, 38]]
[1317, [1276, 404, 404, 78, 90, 38]]
[1318, [1268, 402, 402, 78, 84, 36]]
[1319, [1282, 402, 402, 93, 78, 36]]
[1320, [1274, 400, 400, 93, 72, 34]]
[1321, [1268, 400, 400, 93, 66, 34]]
[1322, [1282, 400, 400, 108, 60, 34]]
[1323, [1274, 398, 398, 108, 54, 32]]
[1324, [1268, 398, 398, 108, 48, 32]]
[1325, [1280, 396, 396, 108, 42, 30]]
[1326, [1274, 396, 396, 108, 36, 30]]
[1327, [1266, 394, 394, 108, 30, 28]]
[1328, [1280, 394, 394, 123, 24, 28]]
[1329, [1274, 394, 394, 123, 18, 28]]
[1330, [1266, 392, 392, 123, 12, 26]]
[1331, [1280, 392, 392, 138, 6, 26]]
[1332, [1272, 390, 390, 138, 0, 24]]
[1333, [1266, 390, 390, 138, 0, 18]]
[1334, [1278, 388, 388, 153, 0, 10]]
[1335, [1272, 388, 388, 24, 144, 4]]
[1336, [1266, 388, 388, 39, 138, 4]]
[1337, [1278, 386, 386, 39, 132, 2]]
[1338, [1272, 386, 386, 39, 126, 2]]
[1339, [1264, 384, 384, 54, 120, 0]]
[1340, [1278, 384, 384, 54, 114, 0]]
[1341, [1272, 384, 384, 54, 108, 0]]
[1342, [1266, 384, 384, 69, 102, 0]]
[1343, [1280, 384, 384, 69, 96, 0]]
[1344, [1274, 384, 384, 69, 90, 0]]
[1345, [1268, 384, 384, 69, 84, 0]]
[1346, [1282, 384, 384, 69, 78, 0]]
[1347, [1276, 384, 384, 69, 72, 0]]
[1348, [1270, 384, 384, 84, 66, 0]]
[1349, [1284, 384, 384, 99, 60, 0]]
[1350, [1278, 384, 384, 99, 54, 0]]
[1351, [1272, 384, 384, 114, 48, 0]]
[1352, [1286, 384, 384, 114, 42, 0]]
[1353, [1280, 384, 384, 114, 36, 0]]
[1354, [1274, 384, 384, 129, 30, 0]]
[1355, [1288, 384, 384, 144, 24, 0]]
[1356, [1282, 384, 384, 15, 162, 0]]
[1357, [1276, 384, 384, 15, 156, 0]]
[1358, [1290, 384, 384, 15, 150, 0]]
[1359, [1284, 384, 384, 30, 144, 0]]
[1360, [1278, 384, 384, 30, 138, 0]]
[1361, [1292, 384, 384, 30, 132, 0]]
[1362, [1286, 384, 384, 45, 126, 0]]
[1363, [1280, 384, 384, 45, 120, 0]]
[1364, [1294, 384, 384, 45, 114, 0]]
[1365, [1288, 384, 384, 45, 108, 0]]
[1366, [1282, 384, 384, 45, 102, 0]]
[1367, [1296, 384, 384, 45, 96, 0]]
[1368, [1290, 384, 384, 60, 90, 0]]
[1369, [1284, 384, 384, 75, 84, 0]]
[1370, [1298, 384, 384, 75, 78, 0]]
[1371, [1292, 384, 384, 90, 72, 0]]
[1372, [1286, 384, 384, 90, 66, 0]]
[1373, [1300, 384, 384, 90, 60, 0]]
[1374, [1294, 384, 384, 105, 54, 0]]
[1375, [1288, 384, 384, 120, 48, 0]]
[1376, [1302, 384, 384, 135, 42, 0]]
[1377, [1296, 384, 384, 135, 36, 0]]
[1378, [1290, 384, 384, 135, 30, 0]]
[1379, [1304, 384, 384, 150, 24, 0]]
[1380, [1298, 384, 384, 6, 162, 0]]
[1381, [1292, 384, 384, 6, 156, 0]]
[1382, [1306, 384, 384, 21, 150, 0]]
[1383, [1300, 384, 384, 21, 144, 0]]
[1384, [1294, 384, 384, 21, 138, 0]]
[1385, [1308, 384, 384, 21, 132, 0]]
[1386, [1302, 384, 384, 21, 126, 0]]
[1387, [1296, 384, 384, 21, 120, 0]]
[1388, [1310, 384, 384, 36, 114, 0]]
[1389, [1304, 384, 384, 51, 108, 0]]
[1390, [1298, 384, 384, 51, 102, 0]]
[1391, [1312, 384, 384, 66, 96, 0]]
[1392, [1306, 384, 384, 66, 90, 0]]
[1393, [1300, 384, 384, 66, 84, 0]]
[1394, [1314, 384, 384, 81, 78, 0]]
[1395, [1308, 384, 384, 96, 72, 0]]
[1396, [1302, 384, 384, 111, 66, 0]]
[1397, [1316, 384, 384, 111, 60, 0]]
[1398, [1310, 384, 384, 111, 54, 0]]
[1399, [1304, 384, 384, 126, 48, 0]]
[1400, [1318, 384, 384, 126, 42, 0]]
[1401, [1312, 384, 384, 126, 36, 0]]
[1402, [1306, 384, 384, 141, 30, 0]]
[1403, [1320, 384, 384, 141, 24, 0]]
[1404, [1314, 384, 384, 141, 18, 0]]
[1405, [1308, 384, 384, 141, 12, 0]]
[1406, [1322, 384, 384, 141, 6, 0]]
[1407, [1316, 384, 384, 141, 0, 0]]
[1408, [1316, 390, 390, 156, 0, 0]]
[1409, [1336, 396, 396, 27, 144, 0]]
[1410, [1330, 396, 396, 27, 138, 0]]
[1411, [1324, 396, 396, 42, 132, 0]]
[1412, [1338, 396, 396, 42, 126, 0]]
[1413, [1332, 396, 396, 42, 120, 0]]
[1414, [1326, 396, 396, 57, 114, 0]]
[1415, [1340, 396, 396, 72, 108, 0]]
[1416, [1334, 396, 396, 72, 102, 0]]
[1417, [1328, 396, 396, 72, 96, 0]]
[1418, [1342, 396, 396, 72, 90, 0]]
[1419, [1336, 396, 396, 87, 84, 0]]
[1420, [1330, 396, 396, 87, 78, 0]]
[1421, [1344, 396, 396, 87, 72, 0]]
[1422, [1338, 396, 396, 102, 66, 0]]
[1423, [1332, 396, 396, 102, 60, 0]]
[1424, [1346, 396, 396, 117, 54, 0]]
[1425, [1340, 396, 396, 117, 48, 0]]
[1426, [1334, 396, 396, 117, 42, 0]]
[1427, [1348, 396, 396, 117, 36, 0]]
[1428, [1342, 396, 396, 132, 30, 0]]
[1429, [1336, 396, 396, 147, 24, 0]]
[1430, [1350, 396, 396, 3, 162, 0]]
[1431, [1344, 396, 396, 18, 156, 0]]
[1432, [1338, 396, 396, 18, 150, 0]]
[1433, [1352, 396, 396, 18, 144, 0]]
[1434, [1346, 396, 396, 33, 138, 0]]
[1435, [1340, 396, 396, 48, 132, 0]]
[1436, [1354, 396, 396, 48, 126, 0]]
[1437, [1348, 396, 396, 48, 120, 0]]
[1438, [1342, 396, 396, 48, 114, 0]]
[1439, [1356, 396, 396, 63, 108, 0]]
