SimulationV05.py[0, [0, 16, 16, 0, 0, 0]]
[1, [0, 32, 32, 0, 0, 0]]
[2, [48, 48, 48, 0, 0, 0]]
[3, [48, 64, 64, 0, 0, 0]]
[4, [48, 80, 80, 0, 0, 0]]
[5, [96, 96, 96, 0, 0, 0]]
[6, [96, 112, 112, 0, 0, 0]]
[7, [96, 128, 128, 0, 0, 0]]
[8, [144, 144, 144, 0, 0, 0]]
[9, [144, 160, 160, 0, 0, 0]]
[10, [144, 176, 176, 0, 0, 0]]
[11, [192, 192, 192, 0, 0, 0]]
[12, [192, 208, 208, 0, 0, 0]]
[13, [192, 224, 224, 0, 0, 0]]
[14, [240, 240, 240, 0, 0, 0]]
[15, [240, 256, 256, 0, 0, 0]]
[16, [240, 272, 272, 0, 0, 0]]
[17, [288, 288, 288, 0, 0, 0]]
[18, [288, 304, 304, 0, 0, 0]]
[19, [288, 320, 320, 330, 0, 0]]
[20, [336, 336, 336, 186, 144, 0]]
[21, [238, 254, 254, 42, 189, 1]]
[22, [138, 170, 170, 42, 90, 0]]
[23, [96, 96, 96, 42, 0, 0]]
[24, [96, 112, 112, 42, 0, 0]]
[25, [96, 128, 128, 42, 0, 0]]
[26, [144, 144, 144, 42, 0, 0]]
[27, [144, 160, 160, 42, 0, 0]]
[28, [144, 176, 176, 42, 0, 0]]
[29, [192, 192, 192, 42, 0, 0]]
[30, [192, 208, 208, 42, 0, 0]]
[31, [192, 224, 224, 42, 0, 0]]
[32, [240, 240, 240, 42, 0, 0]]
[33, [240, 256, 256, 42, 0, 0]]
[34, [240, 272, 272, 42, 0, 0]]
[35, [288, 288, 288, 42, 0, 0]]
[36, [288, 304, 304, 42, 0, 0]]
[37, [288, 320, 320, 42, 0, 0]]
[38, [336, 336, 336, 42, 0, 0]]
[39, [336, 352, 352, 342, 0, 0]]
[40, [336, 368, 368, 213, 144, 0]]
[41, [286, 286, 286, 69, 189, 1]]
[42, [186, 202, 202, 69, 90, 0]]
[43, [96, 128, 128, 69, 0, 0]]
[44, [144, 144, 144, 84, 0, 0]]
[45, [144, 160, 160, 84, 0, 0]]
[46, [144, 176, 176, 84, 0, 0]]
[47, [192, 192, 192, 84, 0, 0]]
[48, [192, 208, 208, 84, 0, 0]]
[49, [192, 224, 224, 84, 0, 0]]
[50, [240, 240, 240, 84, 0, 0]]
[51, [240, 256, 256, 84, 0, 0]]
[52, [240, 272, 272, 84, 0, 0]]
[53, [288, 288, 288, 84, 0, 0]]
[54, [288, 304, 304, 84, 0, 0]]
[55, [288, 320, 320, 84, 0, 0]]
[56, [336, 336, 336, 84, 0, 0]]
[57, [336, 352, 352, 84, 0, 0]]
[58, [336, 368, 368, 84, 0, 0]]
[59, [384, 384, 384, 384, 0, 0]]
[60, [384, 400, 400, 255, 144, 0]]
[61, [286, 318, 318, 111, 189, 1]]
[62, [234, 234, 234, 111, 90, 0]]
[63, [144, 160, 160, 111, 0, 0]]
[64, [144, 176, 176, 126, 0, 0]]
[65, [192, 192, 192, 126, 0, 0]]
[66, [192, 208, 208, 126, 0, 0]]
[67, [192, 224, 224, 126, 0, 0]]
[68, [240, 240, 240, 126, 0, 0]]
[69, [240, 256, 256, 126, 0, 0]]
[70, [240, 272, 272, 126, 0, 0]]
[71, [288, 288, 288, 126, 0, 0]]
[72, [288, 304, 304, 126, 0, 0]]
[73, [288, 320, 320, 126, 0, 0]]
[74, [336, 336, 336, 126, 0, 0]]
[75, [336, 352, 352, 126, 0, 0]]
[76, [336, 368, 368, 126, 0, 0]]
[77, [384, 384, 384, 126, 0, 0]]
[78, [384, 400, 400, 126, 0, 0]]
[79, [384, 416, 416, 426, 0, 0]]
[80, [432, 432, 432, 297, 144, 0]]
[81, [334, 350, 350, 153, 189, 1]]
[82, [234, 266, 266, 9, 234, 0]]
[83, [184, 184, 184, 9, 135, 1]]
[84, [184, 200, 200, 24, 36, 100]]
[85, [184, 216, 216, 24, 0, 136]]
[86, [232, 232, 232, 24, 0, 136]]
[87, [232, 248, 248, 24, 0, 136]]
[88, [134, 166, 166, 24, 0, 38]]
[89, [144, 144, 144, 24, 0, 0]]
[90, [144, 160, 160, 24, 0, 0]]
[91, [144, 176, 176, 24, 0, 0]]
[92, [192, 192, 192, 24, 0, 0]]
[93, [192, 208, 208, 24, 0, 0]]
[94, [192, 224, 224, 24, 0, 0]]
[95, [240, 240, 240, 24, 0, 0]]
[96, [240, 256, 256, 24, 0, 0]]
[97, [240, 272, 272, 24, 0, 0]]
[98, [288, 288, 288, 24, 0, 0]]
[99, [288, 304, 304, 309, 0, 0]]
[100, [288, 320, 320, 180, 144, 0]]
[101, [238, 238, 238, 36, 189, 1]]
[102, [138, 154, 154, 36, 90, 0]]
[103, [48, 80, 80, 36, 0, 0]]
[104, [96, 96, 96, 51, 0, 0]]
[105, [96, 112, 112, 51, 0, 0]]
[106, [96, 128, 128, 51, 0, 0]]
[107, [144, 144, 144, 51, 0, 0]]
[108, [144, 160, 160, 66, 0, 0]]
[109, [144, 176, 176, 66, 0, 0]]
[110, [192, 192, 192, 66, 0, 0]]
[111, [192, 208, 208, 66, 0, 0]]
[112, [192, 224, 224, 66, 0, 0]]
[113, [240, 240, 240, 66, 0, 0]]
[114, [240, 256, 256, 66, 0, 0]]
[115, [240, 272, 272, 66, 0, 0]]
[116, [288, 288, 288, 66, 0, 0]]
[117, [288, 304, 304, 66, 0, 0]]
[118, [288, 320, 320, 66, 0, 0]]
[119, [336, 336, 336, 336, 0, 0]]
[120, [336, 352, 352, 207, 144, 0]]
[121, [238, 270, 270, 63, 189, 1]]
[122, [256, 256, 256, 63, 90, 70]]
[123, [256, 272, 272, 63, 0, 160]]
[124, [254, 286, 286, 78, 0, 158]]
[125, [302, 302, 302, 78, 0, 158]]
[126, [302, 318, 318, 78, 0, 158]]
[127, [302, 334, 334, 78, 0, 158]]
[128, [310, 310, 310, 93, 0, 118]]
[129, [302, 318, 318, 93, 0, 110]]
[130, [302, 334, 334, 93, 0, 110]]
[131, [346, 346, 346, 93, 0, 106]]
[132, [342, 358, 358, 93, 0, 102]]
[133, [342, 374, 374, 93, 0, 102]]
[134, [390, 390, 390, 93, 0, 102]]
[135, [376, 392, 392, 93, 0, 88]]
[136, [374, 406, 406, 93, 0, 86]]
[137, [412, 412, 412, 93, 0, 76]]
[138, [402, 418, 418, 93, 0, 66]]
[139, [390, 422, 422, 348, 0, 54]]
[140, [436, 436, 436, 219, 144, 52]]
[141, [420, 436, 436, 75, 189, 135]]
[142, [404, 436, 436, 75, 90, 218]]
[143, [440, 440, 440, 75, 0, 296]]
[144, [420, 436, 436, 105, 0, 276]]
[145, [390, 422, 422, 120, 0, 246]]
[146, [416, 416, 416, 120, 0, 224]]
[147, [408, 424, 424, 120, 0, 216]]
[148, [374, 406, 406, 135, 0, 182]]
[149, [394, 394, 394, 135, 0, 154]]
[150, [370, 386, 386, 135, 0, 130]]
[151, [348, 380, 380, 135, 0, 108]]
[152, [366, 366, 366, 135, 0, 78]]
[153, [344, 360, 360, 135, 0, 56]]
[154, [336, 368, 368, 135, 0, 48]]
[155, [350, 350, 350, 135, 0, 14]]
[156, [336, 352, 352, 135, 0, 0]]
[157, [336, 368, 368, 135, 0, 0]]
[158, [384, 384, 384, 135, 0, 0]]
[159, [384, 400, 400, 390, 0, 0]]
[160, [384, 416, 416, 261, 144, 0]]
[161, [334, 334, 334, 117, 189, 1]]
[162, [234, 250, 250, 117, 90, 0]]
[163, [184, 216, 216, 117, 0, 40]]
[164, [206, 206, 206, 132, 0, 14]]
[165, [200, 216, 216, 147, 0, 8]]
[166, [200, 232, 232, 3, 144, 8]]
[167, [248, 248, 248, 3, 45, 107]]
[168, [150, 166, 166, 18, 0, 54]]
[169, [96, 128, 128, 18, 0, 0]]
[170, [144, 144, 144, 18, 0, 0]]
[171, [144, 160, 160, 18, 0, 0]]
[172, [144, 176, 176, 18, 0, 0]]
[173, [192, 192, 192, 18, 0, 0]]
[174, [192, 208, 208, 18, 0, 0]]
[175, [192, 224, 224, 18, 0, 0]]
[176, [240, 240, 240, 18, 0, 0]]
[177, [240, 256, 256, 18, 0, 0]]
[178, [240, 272, 272, 18, 0, 0]]
[179, [288, 288, 288, 288, 0, 0]]
[180, [288, 304, 304, 159, 144, 0]]
[181, [190, 222, 222, 15, 189, 1]]
[182, [138, 138, 138, 15, 90, 0]]
[183, [48, 64, 64, 15, 0, 0]]
[184, [48, 80, 80, 30, 0, 0]]
[185, [96, 96, 96, 45, 0, 0]]
[186, [96, 112, 112, 45, 0, 0]]
[187, [96, 128, 128, 45, 0, 0]]
[188, [144, 144, 144, 60, 0, 0]]
[189, [144, 160, 160, 60, 0, 0]]
[190, [144, 176, 176, 60, 0, 0]]
[191, [192, 192, 192, 60, 0, 0]]
[192, [192, 208, 208, 60, 0, 0]]
[193, [192, 224, 224, 60, 0, 0]]
[194, [240, 240, 240, 60, 0, 0]]
[195, [240, 256, 256, 60, 0, 0]]
[196, [240, 272, 272, 60, 0, 0]]
[197, [288, 288, 288, 60, 0, 0]]
[198, [288, 304, 304, 60, 0, 0]]
[199, [288, 320, 320, 330, 0, 0]]
[200, [336, 336, 336, 201, 144, 0]]
[201, [238, 254, 254, 57, 189, 1]]
[202, [138, 170, 170, 57, 90, 0]]
[203, [96, 96, 96, 57, 0, 0]]
[204, [96, 112, 112, 72, 0, 0]]
[205, [96, 128, 128, 87, 0, 0]]
[206, [144, 144, 144, 87, 0, 0]]
[207, [144, 160, 160, 87, 0, 0]]
[208, [144, 176, 176, 102, 0, 0]]
[209, [192, 192, 192, 102, 0, 0]]
[210, [192, 208, 208, 102, 0, 0]]
[211, [192, 224, 224, 102, 0, 0]]
[212, [240, 240, 240, 102, 0, 0]]
[213, [240, 256, 256, 102, 0, 0]]
[214, [240, 272, 272, 102, 0, 0]]
[215, [288, 288, 288, 102, 0, 0]]
[216, [288, 304, 304, 102, 0, 0]]
[217, [288, 320, 320, 102, 0, 0]]
[218, [336, 336, 336, 102, 0, 0]]
[219, [336, 352, 352, 372, 0, 0]]
[220, [336, 368, 368, 243, 144, 0]]
[221, [286, 286, 286, 99, 189, 1]]
[222, [186, 202, 202, 99, 90, 0]]
[223, [96, 128, 128, 99, 0, 0]]
[224, [144, 144, 144, 99, 0, 0]]
[225, [144, 160, 160, 114, 0, 0]]
[226, [144, 176, 176, 114, 0, 0]]
[227, [192, 192, 192, 114, 0, 0]]
[228, [192, 208, 208, 129, 0, 0]]
[229, [192, 224, 224, 129, 0, 0]]
[230, [240, 240, 240, 129, 0, 0]]
[231, [240, 256, 256, 144, 0, 0]]
[232, [240, 272, 272, 0, 144, 0]]
[233, [190, 190, 190, 0, 45, 1]]
[234, [144, 160, 160, 0, 0, 0]]
[235, [144, 176, 176, 0, 0, 0]]
[236, [192, 192, 192, 0, 0, 0]]
[237, [192, 208, 208, 0, 0, 0]]
[238, [192, 224, 224, 0, 0, 0]]
[239, [240, 240, 240, 270, 0, 0]]
[240, [240, 256, 256, 141, 144, 0]]
[241, [142, 174, 174, 141, 45, 1]]
[242, [144, 144, 144, 141, 0, 0]]
[243, [144, 160, 160, 141, 0, 0]]
[244, [144, 176, 176, 141, 0, 0]]
[245, [192, 192, 192, 156, 0, 0]]
[246, [192, 208, 208, 12, 144, 0]]
[247, [94, 126, 126, 12, 45, 1]]
[248, [96, 96, 96, 27, 0, 0]]
[249, [96, 112, 112, 27, 0, 0]]
[250, [96, 128, 128, 27, 0, 0]]
[251, [144, 144, 144, 27, 0, 0]]
[252, [144, 160, 160, 27, 0, 0]]
[253, [144, 176, 176, 27, 0, 0]]
[254, [192, 192, 192, 27, 0, 0]]
[255, [192, 208, 208, 27, 0, 0]]
[256, [192, 224, 224, 27, 0, 0]]
[257, [240, 240, 240, 27, 0, 0]]
[258, [240, 256, 256, 27, 0, 0]]
[259, [240, 272, 272, 267, 0, 0]]
[260, [288, 288, 288, 138, 144, 0]]
[261, [190, 206, 206, 138, 45, 1]]
[262, [144, 176, 176, 138, 0, 0]]
[263, [192, 192, 192, 138, 0, 0]]
[264, [192, 208, 208, 138, 0, 0]]
[265, [192, 224, 224, 153, 0, 0]]
[266, [240, 240, 240, 9, 144, 0]]
[267, [176, 192, 192, 9, 45, 35]]
[268, [104, 136, 136, 39, 0, 8]]
[269, [144, 144, 144, 39, 0, 0]]
[270, [144, 160, 160, 39, 0, 0]]
[271, [144, 176, 176, 39, 0, 0]]
[272, [192, 192, 192, 54, 0, 0]]
[273, [192, 208, 208, 54, 0, 0]]
[274, [192, 224, 224, 54, 0, 0]]
[275, [240, 240, 240, 54, 0, 0]]
[276, [240, 256, 256, 54, 0, 0]]
[277, [240, 272, 272, 54, 0, 0]]
[278, [288, 288, 288, 54, 0, 0]]
[279, [288, 304, 304, 309, 0, 0]]
[280, [288, 320, 320, 180, 144, 0]]
[281, [276, 276, 276, 36, 189, 39]]
[282, [274, 290, 290, 36, 90, 136]]
[283, [264, 296, 296, 36, 0, 216]]
[284, [306, 306, 306, 36, 0, 210]]
[285, [302, 318, 318, 51, 0, 206]]
[286, [292, 324, 324, 51, 0, 196]]
[287, [334, 334, 334, 51, 0, 190]]
[288, [294, 310, 310, 81, 0, 150]]
[289, [282, 314, 314, 81, 0, 138]]
[290, [316, 316, 316, 81, 0, 124]]
[291, [306, 322, 322, 81, 0, 114]]
[292, [300, 332, 332, 96, 0, 108]]
[293, [336, 336, 336, 96, 0, 96]]
[294, [326, 342, 342, 96, 0, 86]]
[295, [292, 324, 324, 96, 0, 52]]
[296, [324, 324, 324, 96, 0, 36]]
[297, [288, 304, 304, 96, 0, 0]]
[298, [288, 320, 320, 96, 0, 0]]
[299, [336, 336, 336, 351, 0, 0]]
[300, [336, 352, 352, 222, 144, 0]]
[301, [272, 304, 304, 78, 189, 35]]
[302, [290, 290, 290, 78, 90, 104]]
[303, [244, 260, 260, 78, 0, 148]]
[304, [176, 208, 208, 78, 0, 80]]
[305, [216, 216, 216, 78, 0, 72]]
[306, [208, 224, 224, 78, 0, 64]]
[307, [196, 228, 228, 78, 0, 52]]
[308, [192, 192, 192, 108, 0, 0]]
[309, [192, 208, 208, 123, 0, 0]]
[310, [192, 224, 224, 123, 0, 0]]
[311, [240, 240, 240, 123, 0, 0]]
[312, [240, 256, 256, 138, 0, 0]]
[313, [240, 272, 272, 138, 0, 0]]
[314, [288, 288, 288, 138, 0, 0]]
[315, [288, 304, 304, 138, 0, 0]]
[316, [288, 320, 320, 138, 0, 0]]
[317, [336, 336, 336, 138, 0, 0]]
[318, [336, 352, 352, 138, 0, 0]]
[319, [336, 368, 368, 393, 0, 0]]
[320, [384, 384, 384, 264, 144, 0]]
[321, [286, 302, 302, 120, 189, 1]]
[322, [186, 218, 218, 120, 90, 0]]
[323, [160, 160, 160, 120, 0, 16]]
[324, [148, 164, 164, 120, 0, 4]]
[325, [148, 180, 180, 120, 0, 4]]
[326, [196, 196, 196, 120, 0, 4]]
[327, [196, 212, 212, 120, 0, 4]]
[328, [192, 224, 224, 150, 0, 0]]
[329, [240, 240, 240, 21, 144, 0]]
[330, [142, 158, 158, 21, 45, 1]]
[331, [96, 128, 128, 21, 0, 0]]
[332, [144, 144, 144, 36, 0, 0]]
[333, [144, 160, 160, 36, 0, 0]]
[334, [144, 176, 176, 36, 0, 0]]
[335, [192, 192, 192, 36, 0, 0]]
[336, [192, 208, 208, 36, 0, 0]]
[337, [192, 224, 224, 36, 0, 0]]
[338, [240, 240, 240, 36, 0, 0]]
[339, [240, 256, 256, 276, 0, 0]]
[340, [240, 272, 272, 147, 144, 0]]
[341, [190, 190, 190, 3, 189, 1]]
[342, [90, 106, 106, 3, 90, 0]]
[343, [0, 32, 32, 3, 0, 0]]
[344, [48, 48, 48, 3, 0, 0]]
[345, [48, 64, 64, 3, 0, 0]]
[346, [48, 80, 80, 3, 0, 0]]
[347, [96, 96, 96, 3, 0, 0]]
[348, [96, 112, 112, 48, 0, 0]]
[349, [96, 128, 128, 63, 0, 0]]
[350, [144, 144, 144, 63, 0, 0]]
[351, [144, 160, 160, 63, 0, 0]]
[352, [144, 176, 176, 78, 0, 0]]
[353, [192, 192, 192, 78, 0, 0]]
[354, [192, 208, 208, 78, 0, 0]]
[355, [192, 224, 224, 78, 0, 0]]
[356, [240, 240, 240, 78, 0, 0]]
[357, [240, 256, 256, 78, 0, 0]]
[358, [240, 272, 272, 78, 0, 0]]
[359, [288, 288, 288, 303, 0, 0]]
[360, [288, 304, 304, 174, 144, 0]]
[361, [190, 222, 222, 30, 189, 1]]
[362, [138, 138, 138, 30, 90, 0]]
[363, [48, 64, 64, 30, 0, 0]]
[364, [48, 80, 80, 30, 0, 0]]
[365, [96, 96, 96, 30, 0, 0]]
[366, [96, 112, 112, 30, 0, 0]]
[367, [96, 128, 128, 30, 0, 0]]
[368, [144, 144, 144, 75, 0, 0]]
[369, [144, 160, 160, 90, 0, 0]]
[370, [144, 176, 176, 90, 0, 0]]
[371, [192, 192, 192, 90, 0, 0]]
[372, [192, 208, 208, 105, 0, 0]]
[373, [192, 224, 224, 105, 0, 0]]
[374, [240, 240, 240, 105, 0, 0]]
[375, [240, 256, 256, 120, 0, 0]]
[376, [240, 272, 272, 120, 0, 0]]
[377, [288, 288, 288, 120, 0, 0]]
[378, [288, 304, 304, 120, 0, 0]]
[379, [288, 320, 320, 330, 0, 0]]
[380, [336, 336, 336, 201, 144, 0]]
[381, [238, 254, 254, 57, 189, 1]]
[382, [138, 170, 170, 57, 90, 0]]
[383, [96, 96, 96, 57, 0, 0]]
[384, [96, 112, 112, 57, 0, 0]]
[385, [96, 128, 128, 72, 0, 0]]
[386, [144, 144, 144, 72, 0, 0]]
[387, [144, 160, 160, 72, 0, 0]]
[388, [144, 176, 176, 117, 0, 0]]
[389, [192, 192, 192, 132, 0, 0]]
[390, [192, 208, 208, 132, 0, 0]]
[391, [192, 224, 224, 132, 0, 0]]
[392, [240, 240, 240, 147, 0, 0]]
[393, [240, 256, 256, 3, 144, 0]]
[394, [142, 174, 174, 3, 45, 1]]
[395, [144, 144, 144, 18, 0, 0]]
[396, [144, 160, 160, 18, 0, 0]]
[397, [144, 176, 176, 18, 0, 0]]
[398, [192, 192, 192, 18, 0, 0]]
[399, [192, 208, 208, 213, 0, 0]]
[400, [192, 224, 224, 84, 144, 0]]
[401, [142, 142, 142, 84, 45, 1]]
[402, [96, 112, 112, 84, 0, 0]]
[403, [96, 128, 128, 84, 0, 0]]
[404, [144, 144, 144, 84, 0, 0]]
[405, [144, 160, 160, 99, 0, 0]]
[406, [144, 176, 176, 99, 0, 0]]
[407, [192, 192, 192, 99, 0, 0]]
[408, [192, 208, 208, 159, 0, 0]]
[409, [192, 224, 224, 30, 144, 0]]
[410, [142, 142, 142, 30, 45, 1]]
[411, [96, 112, 112, 30, 0, 0]]
[412, [96, 128, 128, 45, 0, 0]]
[413, [144, 144, 144, 45, 0, 0]]
[414, [144, 160, 160, 45, 0, 0]]
[415, [144, 176, 176, 60, 0, 0]]
[416, [192, 192, 192, 60, 0, 0]]
[417, [192, 208, 208, 60, 0, 0]]
[418, [192, 224, 224, 60, 0, 0]]
[419, [240, 240, 240, 225, 0, 0]]
[420, [240, 256, 256, 96, 144, 0]]
[421, [142, 174, 174, 96, 45, 1]]
[422, [144, 144, 144, 111, 0, 0]]
[423, [144, 160, 160, 111, 0, 0]]
[424, [144, 176, 176, 111, 0, 0]]
[425, [192, 192, 192, 141, 0, 0]]
[426, [192, 208, 208, 141, 0, 0]]
[427, [192, 224, 224, 141, 0, 0]]
[428, [240, 240, 240, 201, 0, 0]]
[429, [240, 256, 256, 72, 144, 0]]
[430, [150, 182, 182, 72, 45, 9]]
[431, [188, 188, 188, 72, 0, 44]]
[432, [188, 204, 204, 87, 0, 44]]
[433, [184, 216, 216, 87, 0, 40]]
[434, [230, 230, 230, 87, 0, 38]]
[435, [228, 244, 244, 102, 0, 36]]
[436, [226, 258, 258, 102, 0, 34]]
[437, [240, 240, 240, 102, 0, 0]]
[438, [240, 256, 256, 102, 0, 0]]
[439, [240, 272, 272, 267, 0, 0]]
[440, [288, 288, 288, 138, 144, 0]]
[441, [216, 232, 232, 138, 45, 27]]
[442, [214, 246, 246, 153, 0, 70]]
[443, [258, 258, 258, 9, 144, 66]]
[444, [228, 244, 244, 9, 45, 135]]
[445, [226, 258, 258, 39, 0, 178]]
[446, [256, 256, 256, 39, 0, 160]]
[447, [236, 252, 252, 39, 0, 140]]
[448, [150, 182, 182, 99, 0, 54]]
[449, [192, 192, 192, 114, 0, 48]]
[450, [184, 200, 200, 114, 0, 40]]
[451, [154, 186, 186, 114, 0, 10]]
[452, [200, 200, 200, 129, 0, 8]]
[453, [192, 208, 208, 129, 0, 0]]
[454, [192, 224, 224, 129, 0, 0]]
[455, [240, 240, 240, 144, 0, 0]]
[456, [240, 256, 256, 0, 144, 0]]
[457, [142, 174, 174, 0, 45, 1]]
[458, [144, 144, 144, 0, 0, 0]]
[459, [144, 160, 160, 165, 0, 0]]
[460, [144, 176, 176, 36, 144, 0]]
[461, [96, 96, 96, 36, 45, 3]]
[462, [96, 112, 112, 51, 0, 48]]
[463, [96, 128, 128, 51, 0, 48]]
[464, [96, 96, 96, 51, 0, 0]]
[465, [96, 112, 112, 81, 0, 0]]
[466, [96, 128, 128, 81, 0, 0]]
[467, [144, 144, 144, 81, 0, 0]]
[468, [144, 160, 160, 141, 0, 0]]
[469, [144, 176, 176, 141, 0, 0]]
[470, [192, 192, 192, 141, 0, 0]]
[471, [192, 208, 208, 141, 0, 0]]
[472, [192, 224, 224, 141, 0, 0]]
[473, [240, 240, 240, 141, 0, 0]]
[474, [240, 256, 256, 141, 0, 0]]
[475, [240, 272, 272, 156, 0, 0]]
[476, [288, 288, 288, 27, 144, 0]]
[477, [190, 206, 206, 27, 45, 1]]
[478, [144, 176, 176, 27, 0, 0]]
[479, [192, 192, 192, 192, 0, 0]]
[480, [192, 208, 208, 63, 144, 0]]
[481, [94, 126, 126, 63, 45, 1]]
[482, [96, 96, 96, 78, 0, 0]]
[483, [96, 112, 112, 78, 0, 0]]
[484, [96, 128, 128, 78, 0, 0]]
[485, [144, 144, 144, 108, 0, 0]]
[486, [144, 160, 160, 108, 0, 0]]
[487, [144, 176, 176, 108, 0, 0]]
[488, [192, 192, 192, 183, 0, 0]]
[489, [192, 208, 208, 39, 144, 0]]
[490, [94, 126, 126, 39, 45, 1]]
[491, [96, 96, 96, 39, 0, 0]]
[492, [96, 112, 112, 39, 0, 0]]
[493, [96, 128, 128, 39, 0, 0]]
[494, [144, 144, 144, 39, 0, 0]]
[495, [144, 160, 160, 54, 0, 0]]
[496, [144, 176, 176, 69, 0, 0]]
[497, [192, 192, 192, 69, 0, 0]]
[498, [192, 208, 208, 69, 0, 0]]
[499, [192, 224, 224, 234, 0, 0]]
[500, [240, 240, 240, 105, 144, 0]]
[501, [142, 158, 158, 105, 45, 1]]
[502, [96, 128, 128, 120, 0, 0]]
[503, [144, 144, 144, 120, 0, 0]]
[504, [144, 160, 160, 120, 0, 0]]
[505, [144, 176, 176, 150, 0, 0]]
[506, [192, 192, 192, 6, 144, 0]]
[507, [94, 110, 110, 6, 45, 1]]
[508, [48, 80, 80, 81, 0, 0]]
[509, [96, 96, 96, 81, 0, 0]]
[510, [96, 112, 112, 81, 0, 0]]
[511, [96, 128, 128, 81, 0, 0]]
[512, [144, 144, 144, 81, 0, 0]]
[513, [144, 160, 160, 81, 0, 0]]
[514, [144, 176, 176, 81, 0, 0]]
[515, [192, 192, 192, 96, 0, 0]]
[516, [192, 208, 208, 111, 0, 0]]
[517, [192, 224, 224, 111, 0, 0]]
[518, [240, 240, 240, 111, 0, 0]]
[519, [240, 256, 256, 276, 0, 0]]
[520, [240, 272, 272, 147, 144, 0]]
[521, [190, 190, 190, 3, 189, 1]]
[522, [90, 106, 106, 18, 90, 0]]
[523, [0, 32, 32, 18, 0, 0]]
[524, [48, 48, 48, 18, 0, 0]]
[525, [48, 64, 64, 48, 0, 0]]
[526, [48, 80, 80, 48, 0, 0]]
[527, [96, 96, 96, 48, 0, 0]]
[528, [96, 112, 112, 123, 0, 0]]
[529, [96, 128, 128, 123, 0, 0]]
[530, [144, 144, 144, 123, 0, 0]]
[531, [144, 160, 160, 123, 0, 0]]
[532, [144, 176, 176, 123, 0, 0]]
[533, [192, 192, 192, 123, 0, 0]]
[534, [192, 208, 208, 123, 0, 0]]
[535, [192, 224, 224, 138, 0, 0]]
[536, [240, 240, 240, 153, 0, 0]]
[537, [240, 256, 256, 9, 144, 0]]
[538, [142, 174, 174, 9, 45, 1]]
[539, [144, 144, 144, 159, 0, 0]]
[540, [144, 160, 160, 30, 144, 0]]
[541, [46, 78, 78, 30, 45, 1]]
[542, [58, 58, 58, 45, 0, 10]]
[543, [58, 74, 74, 45, 0, 10]]
[544, [58, 90, 90, 45, 0, 10]]
[545, [96, 96, 96, 75, 0, 0]]
[546, [96, 112, 112, 75, 0, 0]]
[547, [96, 128, 128, 75, 0, 0]]
[548, [144, 144, 144, 150, 0, 0]]
[549, [144, 160, 160, 6, 144, 0]]
[550, [46, 78, 78, 6, 45, 1]]
[551, [48, 48, 48, 6, 0, 0]]
[552, [48, 64, 64, 21, 0, 0]]
[553, [48, 80, 80, 21, 0, 0]]
[554, [96, 96, 96, 21, 0, 0]]
[555, [96, 112, 112, 36, 0, 0]]
[556, [96, 128, 128, 51, 0, 0]]
[557, [144, 144, 144, 51, 0, 0]]
[558, [144, 160, 160, 51, 0, 0]]
[559, [144, 176, 176, 186, 0, 0]]
[560, [192, 192, 192, 57, 144, 0]]
[561, [94, 110, 110, 57, 45, 1]]
[562, [48, 80, 80, 72, 0, 0]]
[563, [96, 96, 96, 72, 0, 0]]
[564, [96, 112, 112, 72, 0, 0]]
[565, [96, 128, 128, 102, 0, 0]]
[566, [144, 144, 144, 102, 0, 0]]
[567, [144, 160, 160, 102, 0, 0]]
[568, [144, 176, 176, 192, 0, 0]]
[569, [192, 192, 192, 48, 144, 0]]
[570, [94, 110, 110, 48, 45, 1]]
[571, [48, 80, 80, 48, 0, 0]]
[572, [96, 96, 96, 63, 0, 0]]
[573, [96, 112, 112, 63, 0, 0]]
[574, [96, 128, 128, 63, 0, 0]]
[575, [144, 144, 144, 78, 0, 0]]
[576, [144, 160, 160, 93, 0, 0]]
[577, [144, 176, 176, 93, 0, 0]]
[578, [192, 192, 192, 93, 0, 0]]
[579, [192, 208, 208, 198, 0, 0]]
[580, [192, 224, 224, 69, 144, 0]]
[581, [142, 142, 142, 69, 45, 1]]
[582, [112, 128, 128, 84, 0, 16]]
[583, [110, 142, 142, 84, 0, 14]]
[584, [154, 154, 154, 84, 0, 10]]
[585, [154, 170, 170, 99, 0, 10]]
[586, [144, 176, 176, 99, 0, 0]]
[587, [192, 192, 192, 99, 0, 0]]
[588, [192, 208, 208, 189, 0, 0]]
[589, [192, 224, 224, 45, 144, 0]]
[590, [142, 142, 142, 45, 45, 1]]
[591, [120, 136, 136, 60, 0, 24]]
[592, [118, 150, 150, 75, 0, 22]]
[593, [150, 150, 150, 75, 0, 6]]
[594, [150, 166, 166, 75, 0, 6]]
[595, [148, 180, 180, 90, 0, 4]]
[596, [192, 192, 192, 105, 0, 0]]
[597, [192, 208, 208, 105, 0, 0]]
[598, [192, 224, 224, 105, 0, 0]]
[599, [240, 240, 240, 210, 0, 0]]
[600, [240, 256, 256, 81, 144, 0]]
[601, [142, 174, 174, 81, 45, 1]]
[602, [144, 144, 144, 96, 0, 0]]
[603, [144, 160, 160, 96, 0, 0]]
[604, [144, 176, 176, 96, 0, 0]]
[605, [192, 192, 192, 126, 0, 0]]
[606, [192, 208, 208, 126, 0, 0]]
[607, [192, 224, 224, 126, 0, 0]]
[608, [240, 240, 240, 216, 0, 0]]
[609, [240, 256, 256, 72, 144, 0]]
[610, [142, 174, 174, 72, 45, 1]]
[611, [144, 144, 144, 87, 0, 0]]
[612, [144, 160, 160, 102, 0, 0]]
[613, [144, 176, 176, 102, 0, 0]]
[614, [192, 192, 192, 102, 0, 0]]
[615, [192, 208, 208, 117, 0, 0]]
[616, [192, 224, 224, 132, 0, 0]]
[617, [240, 240, 240, 132, 0, 0]]
[618, [240, 256, 256, 132, 0, 0]]
[619, [240, 272, 272, 237, 0, 0]]
[620, [288, 288, 288, 108, 144, 0]]
[621, [190, 206, 206, 123, 45, 1]]
[622, [144, 176, 176, 138, 0, 0]]
[623, [192, 192, 192, 138, 0, 0]]
[624, [192, 208, 208, 138, 0, 0]]
[625, [192, 224, 224, 168, 0, 0]]
[626, [240, 240, 240, 24, 144, 0]]
[627, [142, 158, 158, 24, 45, 1]]
[628, [96, 128, 128, 114, 0, 0]]
[629, [144, 144, 144, 114, 0, 0]]
[630, [144, 160, 160, 114, 0, 0]]
[631, [144, 176, 176, 129, 0, 0]]
[632, [192, 192, 192, 144, 0, 0]]
[633, [192, 208, 208, 0, 144, 0]]
[634, [94, 126, 126, 0, 45, 1]]
[635, [96, 96, 96, 15, 0, 0]]
[636, [96, 112, 112, 30, 0, 0]]
[637, [96, 128, 128, 30, 0, 0]]
[638, [144, 144, 144, 30, 0, 0]]
[639, [144, 160, 160, 135, 0, 0]]
[640, [144, 176, 176, 150, 0, 0]]
[641, [192, 192, 192, 21, 144, 0]]
[642, [94, 110, 110, 36, 45, 1]]
[643, [48, 80, 80, 36, 0, 0]]
[644, [96, 96, 96, 36, 0, 0]]
[645, [96, 112, 112, 51, 0, 0]]
[646, [96, 128, 128, 51, 0, 0]]
[647, [144, 144, 144, 51, 0, 0]]
[648, [144, 160, 160, 141, 0, 0]]
[649, [144, 176, 176, 141, 0, 0]]
[650, [192, 192, 192, 141, 0, 0]]
[651, [192, 208, 208, 156, 0, 0]]
[652, [192, 224, 224, 27, 144, 0]]
[653, [142, 142, 142, 42, 45, 1]]
[654, [96, 112, 112, 42, 0, 0]]
[655, [96, 128, 128, 57, 0, 0]]
[656, [144, 144, 144, 72, 0, 0]]
[657, [144, 160, 160, 72, 0, 0]]
[658, [144, 176, 176, 72, 0, 0]]
[659, [192, 192, 192, 177, 0, 0]]
[660, [192, 208, 208, 48, 144, 0]]
[661, [94, 126, 126, 63, 45, 1]]
[662, [96, 96, 96, 78, 0, 0]]
[663, [96, 112, 112, 78, 0, 0]]
[664, [96, 128, 128, 78, 0, 0]]
[665, [144, 144, 144, 93, 0, 0]]
[666, [144, 160, 160, 93, 0, 0]]
[667, [144, 176, 176, 93, 0, 0]]
[668, [192, 192, 192, 183, 0, 0]]
[669, [192, 208, 208, 39, 144, 0]]
[670, [94, 126, 126, 39, 45, 1]]
[671, [96, 96, 96, 54, 0, 0]]
[672, [96, 112, 112, 69, 0, 0]]
[673, [96, 128, 128, 84, 0, 0]]
[674, [144, 144, 144, 84, 0, 0]]
[675, [144, 160, 160, 99, 0, 0]]
[676, [144, 176, 176, 114, 0, 0]]
[677, [192, 192, 192, 114, 0, 0]]
[678, [192, 208, 208, 114, 0, 0]]
[679, [192, 224, 224, 219, 0, 0]]
[680, [240, 240, 240, 90, 144, 0]]
[681, [142, 158, 158, 105, 45, 1]]
[682, [96, 128, 128, 120, 0, 0]]
[683, [144, 144, 144, 120, 0, 0]]
[684, [144, 160, 160, 120, 0, 0]]
[685, [144, 176, 176, 135, 0, 0]]
[686, [192, 192, 192, 135, 0, 0]]
[687, [192, 208, 208, 135, 0, 0]]
[688, [192, 224, 224, 225, 0, 0]]
[689, [240, 240, 240, 81, 144, 0]]
[690, [142, 158, 158, 81, 45, 1]]
[691, [96, 128, 128, 96, 0, 0]]
[692, [144, 144, 144, 111, 0, 0]]
[693, [144, 160, 160, 126, 0, 0]]
[694, [144, 176, 176, 126, 0, 0]]
[695, [192, 192, 192, 141, 0, 0]]
[696, [192, 208, 208, 156, 0, 0]]
[697, [192, 224, 224, 12, 144, 0]]
[698, [142, 142, 142, 12, 45, 1]]
[699, [96, 112, 112, 102, 0, 0]]
[700, [96, 128, 128, 117, 0, 0]]
[701, [144, 144, 144, 132, 0, 0]]
[702, [144, 160, 160, 147, 0, 0]]
[703, [144, 176, 176, 3, 144, 0]]
[704, [106, 106, 106, 3, 45, 13]]
[705, [48, 64, 64, 18, 0, 0]]
[706, [48, 80, 80, 18, 0, 0]]
[707, [96, 96, 96, 18, 0, 0]]
[708, [96, 112, 112, 108, 0, 0]]
[709, [96, 128, 128, 108, 0, 0]]
[710, [144, 144, 144, 108, 0, 0]]
[711, [144, 160, 160, 123, 0, 0]]
[712, [144, 176, 176, 138, 0, 0]]
[713, [192, 192, 192, 153, 0, 0]]
[714, [192, 208, 208, 9, 144, 0]]
[715, [94, 126, 126, 24, 45, 1]]
[716, [96, 96, 96, 39, 0, 0]]
[717, [96, 112, 112, 54, 0, 0]]
[718, [96, 128, 128, 54, 0, 0]]
[719, [144, 144, 144, 144, 0, 0]]
[720, [144, 160, 160, 15, 144, 0]]
[721, [102, 134, 134, 30, 45, 57]]
[722, [66, 66, 66, 45, 0, 18]]
[723, [48, 64, 64, 45, 0, 0]]
[724, [48, 80, 80, 45, 0, 0]]
[725, [96, 96, 96, 60, 0, 0]]
[726, [96, 112, 112, 60, 0, 0]]
[727, [96, 128, 128, 60, 0, 0]]
[728, [144, 144, 144, 150, 0, 0]]
[729, [144, 160, 160, 6, 144, 0]]
[730, [46, 78, 78, 6, 45, 1]]
[731, [48, 48, 48, 21, 0, 0]]
[732, [48, 64, 64, 36, 0, 0]]
[733, [48, 80, 80, 36, 0, 0]]
[734, [96, 96, 96, 36, 0, 0]]
[735, [96, 112, 112, 51, 0, 0]]
[736, [96, 128, 128, 66, 0, 0]]
[737, [144, 144, 144, 81, 0, 0]]
[738, [144, 160, 160, 81, 0, 0]]
[739, [144, 176, 176, 171, 0, 0]]
[740, [192, 192, 192, 42, 144, 0]]
[741, [94, 110, 110, 57, 45, 1]]
[742, [48, 80, 80, 72, 0, 0]]
[743, [96, 96, 96, 72, 0, 0]]
[744, [96, 112, 112, 72, 0, 0]]
[745, [96, 128, 128, 87, 0, 0]]
[746, [144, 144, 144, 87, 0, 0]]
[747, [144, 160, 160, 87, 0, 0]]
[748, [144, 176, 176, 177, 0, 0]]
[749, [192, 192, 192, 33, 144, 0]]
[750, [94, 110, 110, 48, 45, 1]]
[751, [48, 80, 80, 63, 0, 0]]
[752, [96, 96, 96, 78, 0, 0]]
[753, [96, 112, 112, 78, 0, 0]]
[754, [96, 128, 128, 78, 0, 0]]
[755, [144, 144, 144, 93, 0, 0]]
[756, [144, 160, 160, 108, 0, 0]]
[757, [144, 176, 176, 123, 0, 0]]
[758, [192, 192, 192, 123, 0, 0]]
[759, [192, 208, 208, 213, 0, 0]]
[760, [192, 224, 224, 84, 144, 0]]
[761, [142, 142, 142, 99, 45, 1]]
[762, [96, 112, 112, 114, 0, 0]]
[763, [96, 128, 128, 114, 0, 0]]
[764, [144, 144, 144, 114, 0, 0]]
[765, [144, 160, 160, 129, 0, 0]]
[766, [144, 176, 176, 129, 0, 0]]
[767, [192, 192, 192, 129, 0, 0]]
[768, [192, 208, 208, 204, 0, 0]]
[769, [192, 224, 224, 60, 144, 0]]
[770, [142, 142, 142, 75, 45, 1]]
[771, [96, 112, 112, 75, 0, 0]]
[772, [96, 128, 128, 90, 0, 0]]
[773, [144, 144, 144, 90, 0, 0]]
[774, [144, 160, 160, 105, 0, 0]]
[775, [144, 176, 176, 135, 0, 0]]
[776, [192, 192, 192, 150, 0, 0]]
[777, [192, 208, 208, 21, 144, 0]]
[778, [94, 126, 126, 21, 45, 1]]
[779, [96, 96, 96, 111, 0, 0]]
[780, [96, 112, 112, 126, 0, 0]]
[781, [96, 128, 128, 141, 0, 0]]
[782, [144, 144, 144, 156, 0, 0]]
[783, [144, 160, 160, 12, 144, 0]]
[784, [46, 78, 78, 12, 45, 1]]
[785, [48, 48, 48, 27, 0, 0]]
[786, [48, 64, 64, 27, 0, 0]]
[787, [48, 80, 80, 27, 0, 0]]
[788, [96, 96, 96, 102, 0, 0]]
[789, [96, 112, 112, 102, 0, 0]]
[790, [96, 128, 128, 117, 0, 0]]
[791, [144, 144, 144, 117, 0, 0]]
[792, [144, 160, 160, 132, 0, 0]]
[793, [144, 176, 176, 132, 0, 0]]
[794, [192, 192, 192, 147, 0, 0]]
[795, [192, 208, 208, 33, 144, 0]]
[796, [94, 126, 126, 48, 45, 1]]
[797, [96, 96, 96, 63, 0, 0]]
[798, [96, 112, 112, 63, 0, 0]]
[799, [96, 128, 128, 153, 0, 0]]
[800, [144, 144, 144, 24, 144, 0]]
[801, [46, 62, 62, 39, 45, 1]]
[802, [0, 32, 32, 54, 0, 0]]
[803, [48, 48, 48, 54, 0, 0]]
[804, [48, 64, 64, 54, 0, 0]]
[805, [48, 80, 80, 69, 0, 0]]
[806, [96, 96, 96, 69, 0, 0]]
[807, [96, 112, 112, 69, 0, 0]]
[808, [96, 128, 128, 129, 0, 0]]
[809, [144, 144, 144, 129, 0, 0]]
[810, [144, 160, 160, 144, 0, 0]]
[811, [144, 176, 176, 0, 144, 0]]
[812, [94, 94, 94, 15, 45, 1]]
[813, [48, 64, 64, 30, 0, 0]]
[814, [48, 80, 80, 45, 0, 0]]
[815, [96, 96, 96, 75, 0, 0]]
[816, [96, 112, 112, 90, 0, 0]]
[817, [96, 128, 128, 105, 0, 0]]
[818, [144, 144, 144, 105, 0, 0]]
[819, [144, 160, 160, 180, 0, 0]]
[820, [144, 176, 176, 66, 144, 0]]
[821, [94, 94, 94, 81, 45, 1]]
[822, [48, 64, 64, 96, 0, 0]]
[823, [48, 80, 80, 96, 0, 0]]
[824, [96, 96, 96, 96, 0, 0]]
[825, [96, 112, 112, 111, 0, 0]]
[826, [96, 128, 128, 111, 0, 0]]
[827, [144, 144, 144, 111, 0, 0]]
[828, [144, 160, 160, 171, 0, 0]]
[829, [144, 176, 176, 27, 144, 0]]
[830, [94, 94, 94, 42, 45, 1]]
[831, [48, 64, 64, 42, 0, 0]]
[832, [48, 80, 80, 57, 0, 0]]
[833, [96, 96, 96, 72, 0, 0]]
[834, [96, 112, 112, 87, 0, 0]]
[835, [96, 128, 128, 117, 0, 0]]
[836, [144, 144, 144, 132, 0, 0]]
[837, [144, 160, 160, 147, 0, 0]]
[838, [144, 176, 176, 3, 144, 0]]
[839, [94, 94, 94, 78, 45, 1]]
[840, [48, 64, 64, 108, 0, 0]]
[841, [48, 80, 80, 123, 0, 0]]
[842, [96, 96, 96, 138, 0, 0]]
[843, [96, 112, 112, 138, 0, 0]]
[844, [96, 128, 128, 138, 0, 0]]
[845, [144, 144, 144, 153, 0, 0]]
[846, [144, 160, 160, 9, 144, 0]]
[847, [46, 78, 78, 9, 45, 1]]
[848, [48, 48, 48, 69, 0, 0]]
[849, [48, 64, 64, 69, 0, 0]]
[850, [48, 80, 80, 84, 0, 0]]
[851, [96, 96, 96, 84, 0, 0]]
[852, [96, 112, 112, 99, 0, 0]]
[853, [96, 128, 128, 114, 0, 0]]
[854, [144, 144, 144, 129, 0, 0]]
[855, [144, 160, 160, 144, 0, 0]]
[856, [144, 176, 176, 15, 144, 0]]
[857, [94, 94, 94, 30, 45, 1]]
[858, [48, 64, 64, 30, 0, 0]]
[859, [48, 80, 80, 105, 0, 0]]
[860, [96, 96, 96, 135, 0, 0]]
[861, [96, 112, 112, 150, 0, 0]]
[862, [96, 128, 128, 21, 144, 0]]
[863, [76, 76, 76, 21, 45, 31]]
[864, [0, 16, 16, 21, 0, 0]]
[865, [0, 32, 32, 36, 0, 0]]
[866, [48, 48, 48, 36, 0, 0]]
[867, [48, 64, 64, 36, 0, 0]]
[868, [48, 80, 80, 96, 0, 0]]
[869, [96, 96, 96, 96, 0, 0]]
[870, [96, 112, 112, 126, 0, 0]]
[871, [96, 128, 128, 126, 0, 0]]
[872, [144, 144, 144, 141, 0, 0]]
[873, [144, 160, 160, 156, 0, 0]]
[874, [144, 176, 176, 27, 144, 0]]
[875, [94, 94, 94, 42, 45, 1]]
[876, [48, 64, 64, 57, 0, 0]]
[877, [48, 80, 80, 72, 0, 0]]
[878, [96, 96, 96, 72, 0, 0]]
[879, [96, 112, 112, 147, 0, 0]]
[880, [96, 128, 128, 33, 144, 0]]
[881, [120, 120, 120, 48, 45, 75]]
[882, [44, 60, 60, 63, 0, 44]]
[883, [0, 32, 32, 63, 0, 0]]
[884, [48, 48, 48, 63, 0, 0]]
[885, [48, 64, 64, 78, 0, 0]]
[886, [48, 80, 80, 78, 0, 0]]
[887, [96, 96, 96, 78, 0, 0]]
[888, [96, 112, 112, 123, 0, 0]]
[889, [96, 128, 128, 123, 0, 0]]
[890, [144, 144, 144, 168, 0, 0]]
[891, [144, 160, 160, 24, 144, 0]]
[892, [46, 78, 78, 39, 45, 1]]
[893, [48, 48, 48, 54, 0, 0]]
[894, [48, 64, 64, 69, 0, 0]]
[895, [48, 80, 80, 84, 0, 0]]
[896, [96, 96, 96, 99, 0, 0]]
[897, [96, 112, 112, 114, 0, 0]]
[898, [96, 128, 128, 114, 0, 0]]
[899, [144, 144, 144, 189, 0, 0]]
[900, [144, 160, 160, 75, 144, 0]]
[901, [46, 78, 78, 90, 45, 1]]
[902, [48, 48, 48, 105, 0, 0]]
[903, [48, 64, 64, 105, 0, 0]]
[904, [48, 80, 80, 105, 0, 0]]
[905, [96, 96, 96, 120, 0, 0]]
[906, [96, 112, 112, 120, 0, 0]]
[907, [96, 128, 128, 120, 0, 0]]
[908, [144, 144, 144, 165, 0, 0]]
[909, [144, 160, 160, 21, 144, 0]]
[910, [46, 78, 78, 66, 45, 1]]
[911, [48, 48, 48, 66, 0, 0]]
[912, [48, 64, 64, 81, 0, 0]]
[913, [48, 80, 80, 96, 0, 0]]
[914, [96, 96, 96, 111, 0, 0]]
[915, [96, 112, 112, 126, 0, 0]]
[916, [96, 128, 128, 141, 0, 0]]
[917, [144, 144, 144, 156, 0, 0]]
[918, [144, 160, 160, 12, 144, 0]]
[919, [46, 78, 78, 72, 45, 1]]
[920, [48, 48, 48, 102, 0, 0]]
[921, [48, 64, 64, 117, 0, 0]]
[922, [48, 80, 80, 132, 0, 0]]
[923, [96, 96, 96, 132, 0, 0]]
[924, [96, 112, 112, 132, 0, 0]]
[925, [96, 128, 128, 162, 0, 0]]
[926, [144, 144, 144, 18, 144, 0]]
[927, [46, 62, 62, 18, 45, 1]]
[928, [0, 32, 32, 63, 0, 0]]
[929, [48, 48, 48, 63, 0, 0]]
[930, [48, 64, 64, 108, 0, 0]]
[931, [48, 80, 80, 108, 0, 0]]
[932, [96, 96, 96, 123, 0, 0]]
[933, [96, 112, 112, 138, 0, 0]]
[934, [96, 128, 128, 153, 0, 0]]
[935, [144, 144, 144, 24, 144, 0]]
[936, [46, 62, 62, 39, 45, 1]]
[937, [0, 32, 32, 54, 0, 0]]
[938, [48, 48, 48, 54, 0, 0]]
[939, [48, 64, 64, 99, 0, 0]]
[940, [48, 80, 80, 129, 0, 0]]
[941, [96, 96, 96, 159, 0, 0]]
[942, [96, 112, 112, 30, 144, 0]]
[943, [0, 32, 32, 30, 45, 3]]
[944, [0, 0, 0, 30, 0, 0]]
[945, [0, 16, 16, 60, 0, 0]]
[946, [0, 32, 32, 60, 0, 0]]
[947, [48, 48, 48, 60, 0, 0]]
[948, [48, 64, 64, 105, 0, 0]]
[949, [48, 80, 80, 105, 0, 0]]
[950, [96, 96, 96, 150, 0, 0]]
[951, [96, 112, 112, 6, 144, 0]]
[952, [0, 32, 32, 21, 45, 3]]
[953, [0, 0, 0, 21, 0, 0]]
[954, [0, 16, 16, 36, 0, 0]]
[955, [0, 32, 32, 51, 0, 0]]
[956, [48, 48, 48, 81, 0, 0]]
[957, [48, 64, 64, 96, 0, 0]]
[958, [48, 80, 80, 96, 0, 0]]
[959, [96, 96, 96, 141, 0, 0]]
[960, [96, 112, 112, 171, 0, 0]]
[961, [96, 128, 128, 57, 144, 0]]
[962, [46, 46, 46, 72, 45, 1]]
[963, [0, 16, 16, 72, 0, 0]]
[964, [0, 32, 32, 72, 0, 0]]
[965, [48, 48, 48, 102, 0, 0]]
[966, [48, 64, 64, 102, 0, 0]]
[967, [48, 80, 80, 102, 0, 0]]
[968, [96, 96, 96, 147, 0, 0]]
[969, [96, 112, 112, 3, 144, 0]]
[970, [0, 32, 32, 48, 45, 3]]
[971, [0, 0, 0, 48, 0, 0]]
[972, [0, 16, 16, 63, 0, 0]]
[973, [0, 32, 32, 63, 0, 0]]
[974, [48, 48, 48, 78, 0, 0]]
[975, [48, 64, 64, 93, 0, 0]]
[976, [48, 80, 80, 108, 0, 0]]
[977, [96, 96, 96, 123, 0, 0]]
[978, [96, 112, 112, 123, 0, 0]]
[979, [96, 128, 128, 168, 0, 0]]
[980, [144, 144, 144, 54, 144, 0]]
[981, [46, 62, 62, 84, 45, 1]]
[982, [0, 32, 32, 99, 0, 0]]
[983, [48, 48, 48, 99, 0, 0]]
[984, [48, 64, 64, 114, 0, 0]]
[985, [48, 80, 80, 144, 0, 0]]
[986, [96, 96, 96, 0, 144, 0]]
[987, [0, 16, 16, 0, 45, 3]]
[988, [0, 32, 32, 45, 0, 48]]
[989, [0, 0, 0, 45, 0, 0]]
[990, [0, 16, 16, 90, 0, 0]]
[991, [0, 32, 32, 90, 0, 0]]
[992, [48, 48, 48, 105, 0, 0]]
[993, [48, 64, 64, 105, 0, 0]]
[994, [48, 80, 80, 120, 0, 0]]
[995, [96, 96, 96, 135, 0, 0]]
[996, [96, 112, 112, 150, 0, 0]]
[997, [96, 128, 128, 21, 144, 0]]
[998, [46, 46, 46, 21, 45, 1]]
[999, [0, 16, 16, 66, 0, 0]]
[1000, [0, 32, 32, 96, 0, 0]]
[1001, [48, 48, 48, 126, 0, 0]]
[1002, [48, 64, 64, 141, 0, 0]]
[1003, [48, 80, 80, 141, 0, 0]]
[1004, [96, 96, 96, 156, 0, 0]]
[1005, [96, 112, 112, 42, 144, 0]]
[1006, [0, 32, 32, 42, 45, 3]]
[1007, [0, 0, 0, 42, 0, 0]]
[1008, [0, 16, 16, 72, 0, 0]]
[1009, [0, 32, 32, 87, 0, 0]]
[1010, [48, 48, 48, 132, 0, 0]]
[1011, [48, 64, 64, 132, 0, 0]]
[1012, [48, 80, 80, 147, 0, 0]]
[1013, [96, 96, 96, 3, 144, 0]]
[1014, [0, 16, 16, 18, 45, 3]]
[1015, [0, 32, 32, 33, 0, 48]]
[1016, [0, 0, 0, 48, 0, 0]]
[1017, [0, 16, 16, 63, 0, 0]]
[1018, [0, 32, 32, 63, 0, 0]]
[1019, [48, 48, 48, 108, 0, 0]]
[1020, [48, 64, 64, 138, 0, 0]]
[1021, [48, 80, 80, 168, 0, 0]]
[1022, [96, 96, 96, 39, 144, 0]]
[1023, [0, 16, 16, 39, 45, 3]]
[1024, [0, 32, 32, 54, 0, 48]]
[1025, [0, 0, 0, 84, 0, 0]]
[1026, [0, 16, 16, 84, 0, 0]]
[1027, [0, 32, 32, 84, 0, 0]]
[1028, [48, 48, 48, 99, 0, 0]]
[1029, [48, 64, 64, 114, 0, 0]]
[1030, [48, 80, 80, 159, 0, 0]]
[1031, [96, 96, 96, 15, 144, 0]]
[1032, [0, 16, 16, 30, 45, 3]]
[1033, [0, 32, 32, 30, 0, 48]]
[1034, [0, 0, 0, 60, 0, 0]]
[1035, [0, 16, 16, 75, 0, 0]]
[1036, [0, 32, 32, 90, 0, 0]]
[1037, [48, 48, 48, 105, 0, 0]]
[1038, [48, 64, 64, 105, 0, 0]]
[1039, [48, 80, 80, 150, 0, 0]]
[1040, [96, 96, 96, 36, 144, 0]]
[1041, [0, 16, 16, 66, 45, 3]]
[1042, [0, 32, 32, 81, 0, 48]]
[1043, [0, 0, 0, 81, 0, 0]]
[1044, [0, 16, 16, 96, 0, 0]]
[1045, [0, 32, 32, 126, 0, 0]]
[1046, [48, 48, 48, 126, 0, 0]]
[1047, [48, 64, 64, 126, 0, 0]]
[1048, [48, 80, 80, 141, 0, 0]]
[1049, [96, 96, 96, 156, 0, 0]]
[1050, [96, 112, 112, 57, 144, 0]]
[1051, [0, 32, 32, 57, 45, 3]]
[1052, [0, 0, 0, 72, 0, 0]]
[1053, [0, 16, 16, 72, 0, 0]]
[1054, [0, 32, 32, 102, 0, 0]]
[1055, [48, 48, 48, 117, 0, 0]]
[1056, [48, 64, 64, 132, 0, 0]]
[1057, [48, 80, 80, 147, 0, 0]]
[1058, [96, 96, 96, 3, 144, 0]]
[1059, [0, 16, 16, 48, 45, 3]]
[1060, [0, 32, 32, 78, 0, 48]]
[1061, [0, 0, 0, 108, 0, 0]]
[1062, [0, 16, 16, 123, 0, 0]]
[1063, [0, 32, 32, 123, 0, 0]]
[1064, [48, 48, 48, 138, 0, 0]]
[1065, [48, 64, 64, 168, 0, 0]]
[1066, [48, 80, 80, 24, 144, 0]]
[1067, [0, 0, 0, 24, 45, 3]]
[1068, [0, 16, 16, 39, 0, 48]]
[1069, [0, 32, 32, 54, 0, 48]]
[1070, [0, 0, 0, 99, 0, 0]]
[1071, [0, 16, 16, 99, 0, 0]]
[1072, [0, 32, 32, 114, 0, 0]]
[1073, [48, 48, 48, 114, 0, 0]]
[1074, [48, 64, 64, 144, 0, 0]]
[1075, [48, 80, 80, 15, 144, 0]]
[1076, [0, 0, 0, 30, 45, 3]]
[1077, [0, 16, 16, 45, 0, 48]]
[1078, [0, 32, 32, 45, 0, 48]]
[1079, [0, 0, 0, 90, 0, 0]]
[1080, [0, 16, 16, 120, 0, 0]]
[1081, [0, 32, 32, 150, 0, 0]]
[1082, [48, 48, 48, 21, 144, 0]]
[1083, [0, 16, 16, 21, 45, 51]]
[1084, [0, 32, 32, 36, 0, 96]]
[1085, [0, 0, 0, 66, 0, 48]]
[1086, [0, 16, 16, 66, 0, 48]]
[1087, [0, 32, 32, 66, 0, 48]]
[1088, [0, 0, 0, 81, 0, 0]]
[1089, [0, 16, 16, 96, 0, 0]]
[1090, [0, 32, 32, 141, 0, 0]]
[1091, [48, 48, 48, 141, 0, 0]]
[1092, [48, 64, 64, 156, 0, 0]]
[1093, [48, 80, 80, 12, 144, 0]]
[1094, [0, 0, 0, 42, 45, 3]]
[1095, [0, 16, 16, 57, 0, 48]]
[1096, [0, 32, 32, 72, 0, 48]]
[1097, [0, 0, 0, 87, 0, 0]]
[1098, [0, 16, 16, 87, 0, 0]]
[1099, [0, 32, 32, 132, 0, 0]]
[1100, [48, 48, 48, 162, 0, 0]]
[1101, [48, 64, 64, 48, 144, 0]]
[1102, [0, 32, 32, 63, 45, 51]]
[1103, [0, 0, 0, 63, 0, 48]]
[1104, [0, 16, 16, 78, 0, 48]]
[1105, [0, 32, 32, 108, 0, 48]]
[1106, [0, 0, 0, 108, 0, 0]]
[1107, [0, 16, 16, 108, 0, 0]]
[1108, [0, 32, 32, 123, 0, 0]]
[1109, [48, 48, 48, 138, 0, 0]]
[1110, [48, 64, 64, 183, 0, 0]]
[1111, [48, 80, 80, 39, 144, 0]]
[1112, [0, 0, 0, 54, 45, 3]]
[1113, [0, 16, 16, 54, 0, 48]]
[1114, [0, 32, 32, 84, 0, 48]]
[1115, [0, 0, 0, 99, 0, 0]]
[1116, [0, 16, 16, 114, 0, 0]]
[1117, [0, 32, 32, 129, 0, 0]]
[1118, [48, 48, 48, 129, 0, 0]]
[1119, [48, 64, 64, 174, 0, 0]]
[1120, [48, 80, 80, 60, 144, 0]]
[1121, [0, 0, 0, 90, 45, 3]]
[1122, [0, 16, 16, 105, 0, 48]]
[1123, [0, 32, 32, 105, 0, 48]]
[1124, [0, 0, 0, 120, 0, 0]]
[1125, [0, 16, 16, 135, 0, 0]]
[1126, [0, 32, 32, 135, 0, 0]]
[1127, [48, 48, 48, 150, 0, 0]]
[1128, [48, 64, 64, 21, 144, 0]]
[1129, [0, 32, 32, 36, 45, 51]]
[1130, [0, 0, 0, 81, 0, 48]]
[1131, [0, 16, 16, 81, 0, 48]]
[1132, [0, 32, 32, 96, 0, 48]]
[1133, [0, 0, 0, 96, 0, 0]]
[1134, [0, 16, 16, 126, 0, 0]]
[1135, [0, 32, 32, 141, 0, 0]]
[1136, [48, 48, 48, 156, 0, 0]]
[1137, [48, 64, 64, 27, 144, 0]]
[1138, [0, 32, 32, 27, 45, 51]]
[1139, [0, 0, 0, 72, 0, 48]]
[1140, [0, 16, 16, 102, 0, 48]]
[1141, [0, 32, 32, 132, 0, 48]]
[1142, [0, 0, 0, 147, 0, 0]]
[1143, [0, 16, 16, 3, 144, 0]]
[1144, [0, 32, 32, 18, 45, 99]]
[1145, [0, 0, 0, 33, 0, 96]]
[1146, [0, 16, 16, 33, 0, 96]]
[1147, [0, 32, 32, 48, 0, 96]]
[1148, [0, 0, 0, 63, 0, 48]]
[1149, [0, 16, 16, 78, 0, 48]]
[1150, [0, 32, 32, 123, 0, 48]]
[1151, [0, 0, 0, 123, 0, 0]]
[1152, [0, 16, 16, 138, 0, 0]]
[1153, [0, 32, 32, 138, 0, 0]]
[1154, [48, 48, 48, 168, 0, 0]]
[1155, [48, 64, 64, 39, 144, 0]]
[1156, [0, 32, 32, 54, 45, 51]]
[1157, [0, 0, 0, 69, 0, 48]]
[1158, [0, 16, 16, 69, 0, 48]]
[1159, [0, 32, 32, 114, 0, 48]]
[1160, [0, 0, 0, 144, 0, 0]]
[1161, [0, 16, 16, 15, 144, 0]]
[1162, [0, 32, 32, 30, 45, 99]]
[1163, [0, 0, 0, 30, 0, 96]]
[1164, [0, 16, 16, 45, 0, 96]]
[1165, [0, 32, 32, 60, 0, 96]]
[1166, [0, 0, 0, 60, 0, 48]]
[1167, [0, 16, 16, 75, 0, 48]]
[1168, [0, 32, 32, 90, 0, 48]]
[1169, [0, 0, 0, 105, 0, 0]]
[1170, [0, 16, 16, 165, 0, 0]]
[1171, [0, 32, 32, 21, 144, 0]]
[1172, [0, 0, 0, 36, 45, 51]]
[1173, [0, 16, 16, 36, 0, 96]]
[1174, [0, 32, 32, 66, 0, 96]]
[1175, [0, 0, 0, 81, 0, 48]]
[1176, [0, 16, 16, 96, 0, 48]]
[1177, [0, 32, 32, 111, 0, 48]]
[1178, [0, 0, 0, 111, 0, 0]]
[1179, [0, 16, 16, 156, 0, 0]]
[1180, [0, 32, 32, 42, 144, 0]]
[1181, [0, 0, 0, 57, 45, 51]]
[1182, [0, 16, 16, 72, 0, 96]]
[1183, [0, 32, 32, 72, 0, 96]]
[1184, [0, 0, 0, 87, 0, 48]]
[1185, [0, 16, 16, 102, 0, 48]]
[1186, [0, 32, 32, 102, 0, 48]]
[1187, [0, 0, 0, 117, 0, 0]]
[1188, [0, 16, 16, 132, 0, 0]]
[1189, [0, 32, 32, 147, 0, 0]]
[1190, [48, 48, 48, 63, 144, 0]]
[1191, [0, 16, 16, 63, 45, 51]]
[1192, [0, 32, 32, 78, 0, 96]]
[1193, [0, 0, 0, 78, 0, 48]]
[1194, [0, 16, 16, 93, 0, 48]]
[1195, [0, 32, 32, 123, 0, 48]]
[1196, [0, 0, 0, 138, 0, 0]]
[1197, [0, 16, 16, 153, 0, 0]]
[1198, [0, 32, 32, 9, 144, 0]]
[1199, [0, 0, 0, 54, 45, 51]]
[1200, [0, 16, 16, 84, 0, 96]]
[1201, [0, 32, 32, 99, 0, 96]]
[1202, [0, 0, 0, 114, 0, 48]]
[1203, [0, 16, 16, 114, 0, 48]]
[1204, [0, 32, 32, 129, 0, 48]]
[1205, [0, 0, 0, 144, 0, 0]]
[1206, [0, 16, 16, 0, 144, 0]]
[1207, [0, 32, 32, 15, 45, 99]]
[1208, [0, 0, 0, 30, 0, 96]]
[1209, [0, 16, 16, 45, 0, 96]]
[1210, [0, 32, 32, 105, 0, 96]]
[1211, [0, 0, 0, 105, 0, 48]]
[1212, [0, 16, 16, 120, 0, 48]]
[1213, [0, 32, 32, 120, 0, 48]]
[1214, [0, 0, 0, 135, 0, 0]]
[1215, [0, 16, 16, 150, 0, 0]]
[1216, [0, 32, 32, 21, 144, 0]]
[1217, [0, 0, 0, 36, 45, 51]]
[1218, [0, 16, 16, 36, 0, 96]]
[1219, [0, 32, 32, 81, 0, 96]]
[1220, [0, 0, 0, 126, 0, 48]]
[1221, [0, 16, 16, 141, 0, 48]]
[1222, [0, 32, 32, 156, 0, 48]]
[1223, [0, 0, 0, 12, 144, 0]]
[1224, [0, 16, 16, 27, 45, 99]]
[1225, [0, 32, 32, 42, 0, 144]]
[1226, [0, 0, 0, 42, 0, 96]]
[1227, [0, 16, 16, 57, 0, 96]]
[1228, [0, 32, 32, 72, 0, 96]]
[1229, [0, 0, 0, 87, 0, 48]]
[1230, [0, 16, 16, 147, 0, 48]]
[1231, [0, 32, 32, 3, 144, 48]]
[1232, [0, 0, 0, 3, 45, 99]]
[1233, [0, 16, 16, 3, 0, 144]]
[1234, [0, 32, 32, 33, 0, 144]]
[1235, [0, 0, 0, 48, 0, 96]]
[1236, [0, 16, 16, 63, 0, 96]]
[1237, [0, 32, 32, 78, 0, 96]]
[1238, [0, 0, 0, 78, 0, 48]]
[1239, [0, 16, 16, 123, 0, 48]]
[1240, [0, 32, 32, 168, 0, 48]]
[1241, [0, 0, 0, 39, 144, 0]]
[1242, [0, 16, 16, 39, 45, 99]]
[1243, [0, 32, 32, 39, 0, 144]]
[1244, [0, 0, 0, 54, 0, 96]]
[1245, [0, 16, 16, 69, 0, 96]]
[1246, [0, 32, 32, 69, 0, 96]]
[1247, [0, 0, 0, 84, 0, 48]]
[1248, [0, 16, 16, 99, 0, 48]]
[1249, [0, 32, 32, 114, 0, 48]]
[1250, [0, 0, 0, 174, 0, 0]]
[1251, [0, 16, 16, 30, 144, 0]]
[1252, [0, 32, 32, 30, 45, 99]]
[1253, [0, 0, 0, 45, 0, 96]]
[1254, [0, 16, 16, 60, 0, 96]]
[1255, [0, 32, 32, 90, 0, 96]]
[1256, [0, 0, 0, 105, 0, 48]]
[1257, [0, 16, 16, 120, 0, 48]]
[1258, [0, 32, 32, 120, 0, 48]]
[1259, [0, 0, 0, 165, 0, 0]]
[1260, [0, 16, 16, 66, 144, 0]]
[1261, [0, 32, 32, 81, 45, 99]]
[1262, [0, 0, 0, 81, 0, 96]]
[1263, [0, 16, 16, 81, 0, 96]]
[1264, [0, 32, 32, 96, 0, 96]]
[1265, [0, 0, 0, 111, 0, 48]]
[1266, [0, 16, 16, 111, 0, 48]]
[1267, [0, 32, 32, 126, 0, 48]]
[1268, [0, 0, 0, 141, 0, 0]]
[1269, [0, 16, 16, 156, 0, 0]]
[1270, [0, 32, 32, 57, 144, 0]]
[1271, [0, 0, 0, 57, 45, 51]]
[1272, [0, 16, 16, 57, 0, 96]]
[1273, [0, 32, 32, 72, 0, 96]]
[1274, [0, 0, 0, 87, 0, 48]]
[1275, [0, 16, 16, 117, 0, 48]]
[1276, [0, 32, 32, 132, 0, 48]]
[1277, [0, 0, 0, 147, 0, 0]]
[1278, [0, 16, 16, 18, 144, 0]]
[1279, [0, 32, 32, 63, 45, 99]]
[1280, [0, 0, 0, 108, 0, 96]]
[1281, [0, 16, 16, 123, 0, 96]]
[1282, [0, 32, 32, 123, 0, 96]]
[1283, [0, 0, 0, 123, 0, 48]]
[1284, [0, 16, 16, 138, 0, 48]]
[1285, [0, 32, 32, 153, 0, 48]]
[1286, [0, 0, 0, 9, 144, 0]]
[1287, [0, 16, 16, 24, 45, 99]]
[1288, [0, 32, 32, 39, 0, 144]]
[1289, [0, 0, 0, 54, 0, 96]]
[1290, [0, 16, 16, 99, 0, 96]]
[1291, [0, 32, 32, 99, 0, 96]]
[1292, [0, 0, 0, 99, 0, 48]]
[1293, [0, 16, 16, 114, 0, 48]]
[1294, [0, 32, 32, 129, 0, 48]]
[1295, [0, 0, 0, 159, 0, 0]]
[1296, [0, 16, 16, 30, 144, 0]]
[1297, [0, 32, 32, 45, 45, 99]]
[1298, [0, 0, 0, 60, 0, 96]]
[1299, [0, 16, 16, 105, 0, 96]]
[1300, [0, 32, 32, 150, 0, 96]]
[1301, [0, 0, 0, 21, 144, 48]]
[1302, [0, 16, 16, 21, 45, 147]]
[1303, [0, 32, 32, 21, 0, 192]]
[1304, [0, 0, 0, 36, 0, 144]]
[1305, [0, 16, 16, 51, 0, 144]]
[1306, [0, 32, 32, 51, 0, 144]]
[1307, [0, 0, 0, 66, 0, 96]]
[1308, [0, 16, 16, 81, 0, 96]]
[1309, [0, 32, 32, 96, 0, 96]]
[1310, [0, 0, 0, 141, 0, 48]]
[1311, [0, 16, 16, 141, 0, 48]]
[1312, [0, 32, 32, 141, 0, 48]]
[1313, [0, 0, 0, 156, 0, 0]]
[1314, [0, 16, 16, 27, 144, 0]]
[1315, [0, 32, 32, 57, 45, 99]]
[1316, [0, 0, 0, 72, 0, 96]]
[1317, [0, 16, 16, 87, 0, 96]]
[1318, [0, 32, 32, 102, 0, 96]]
[1319, [0, 0, 0, 147, 0, 48]]
[1320, [0, 16, 16, 48, 144, 48]]
[1321, [0, 32, 32, 63, 45, 147]]
[1322, [0, 0, 0, 63, 0, 144]]
[1323, [0, 16, 16, 63, 0, 144]]
[1324, [0, 32, 32, 78, 0, 144]]
[1325, [0, 0, 0, 93, 0, 96]]
[1326, [0, 16, 16, 93, 0, 96]]
[1327, [0, 32, 32, 108, 0, 96]]
[1328, [0, 0, 0, 123, 0, 48]]
[1329, [0, 16, 16, 138, 0, 48]]
[1330, [0, 32, 32, 183, 0, 48]]
[1331, [0, 0, 0, 39, 144, 0]]
[1332, [0, 16, 16, 39, 45, 99]]
[1333, [0, 32, 32, 54, 0, 144]]
[1334, [0, 0, 0, 69, 0, 96]]
[1335, [0, 16, 16, 84, 0, 96]]
[1336, [0, 32, 32, 99, 0, 96]]
[1337, [0, 0, 0, 114, 0, 48]]
[1338, [0, 16, 16, 129, 0, 48]]
[1339, [0, 32, 32, 174, 0, 48]]
[1340, [0, 0, 0, 75, 144, 0]]
[1341, [0, 16, 16, 90, 45, 99]]
[1342, [0, 32, 32, 90, 0, 144]]
[1343, [0, 0, 0, 90, 0, 96]]
[1344, [0, 16, 16, 105, 0, 96]]
[1345, [0, 32, 32, 120, 0, 96]]
[1346, [0, 0, 0, 120, 0, 48]]
[1347, [0, 16, 16, 135, 0, 48]]
[1348, [0, 32, 32, 150, 0, 48]]
[1349, [0, 0, 0, 21, 144, 0]]
[1350, [0, 16, 16, 66, 45, 99]]
[1351, [0, 32, 32, 66, 0, 144]]
[1352, [0, 0, 0, 66, 0, 96]]
[1353, [0, 16, 16, 81, 0, 96]]
[1354, [0, 32, 32, 111, 0, 96]]
[1355, [0, 0, 0, 126, 0, 48]]
[1356, [0, 16, 16, 141, 0, 48]]
[1357, [0, 32, 32, 156, 0, 48]]
[1358, [0, 0, 0, 27, 144, 0]]
[1359, [0, 16, 16, 72, 45, 99]]
[1360, [0, 32, 32, 117, 0, 144]]
[1361, [0, 0, 0, 132, 0, 96]]
[1362, [0, 16, 16, 132, 0, 96]]
[1363, [0, 32, 32, 132, 0, 96]]
[1364, [0, 0, 0, 147, 0, 48]]
[1365, [0, 16, 16, 18, 144, 48]]
[1366, [0, 32, 32, 18, 45, 147]]
[1367, [0, 0, 0, 18, 0, 144]]
[1368, [0, 16, 16, 18, 0, 144]]
[1369, [0, 32, 32, 33, 0, 144]]
[1370, [0, 0, 0, 93, 0, 96]]
[1371, [0, 16, 16, 93, 0, 96]]
[1372, [0, 32, 32, 93, 0, 96]]
[1373, [0, 0, 0, 108, 0, 48]]
[1374, [0, 16, 16, 138, 0, 48]]
[1375, [0, 32, 32, 153, 0, 48]]
[1376, [0, 0, 0, 24, 144, 0]]
[1377, [0, 16, 16, 39, 45, 99]]
[1378, [0, 32, 32, 54, 0, 144]]
[1379, [0, 0, 0, 99, 0, 96]]
[1380, [0, 16, 16, 144, 0, 96]]
[1381, [0, 32, 32, 15, 144, 96]]
[1382, [0, 0, 0, 15, 45, 147]]
[1383, [0, 16, 16, 15, 0, 192]]
[1384, [0, 32, 32, 15, 0, 192]]
[1385, [0, 0, 0, 30, 0, 144]]
[1386, [0, 16, 16, 30, 0, 144]]
[1387, [0, 32, 32, 30, 0, 144]]
[1388, [0, 0, 0, 30, 0, 96]]
[1389, [0, 16, 16, 45, 0, 96]]
[1390, [0, 32, 32, 105, 0, 96]]
[1391, [0, 0, 0, 105, 0, 48]]
[1392, [0, 16, 16, 105, 0, 48]]
[1393, [0, 32, 32, 120, 0, 48]]
[1394, [0, 0, 0, 150, 0, 0]]
[1395, [0, 16, 16, 21, 144, 0]]
[1396, [0, 32, 32, 36, 45, 99]]
[1397, [0, 0, 0, 66, 0, 96]]
[1398, [0, 16, 16, 81, 0, 96]]
[1399, [0, 32, 32, 126, 0, 96]]
[1400, [0, 0, 0, 171, 0, 48]]
[1401, [0, 16, 16, 42, 144, 48]]
[1402, [0, 32, 32, 42, 45, 147]]
[1403, [0, 0, 0, 42, 0, 144]]
[1404, [0, 16, 16, 42, 0, 144]]
[1405, [0, 32, 32, 57, 0, 144]]
[1406, [0, 0, 0, 57, 0, 96]]
[1407, [0, 16, 16, 57, 0, 96]]
[1408, [0, 32, 32, 57, 0, 96]]
[1409, [0, 0, 0, 72, 0, 48]]
[1410, [0, 16, 16, 132, 0, 48]]
[1411, [0, 32, 32, 132, 0, 48]]
[1412, [0, 0, 0, 132, 0, 0]]
[1413, [0, 16, 16, 147, 0, 0]]
[1414, [0, 32, 32, 33, 144, 0]]
[1415, [0, 0, 0, 48, 45, 51]]
[1416, [0, 16, 16, 63, 0, 96]]
[1417, [0, 32, 32, 108, 0, 96]]
[1418, [0, 0, 0, 123, 0, 48]]
[1419, [0, 16, 16, 168, 0, 48]]
[1420, [0, 32, 32, 69, 144, 48]]
[1421, [0, 0, 0, 84, 45, 99]]
[1422, [0, 16, 16, 84, 0, 144]]
[1423, [0, 32, 32, 84, 0, 144]]
[1424, [0, 0, 0, 84, 0, 96]]
[1425, [0, 16, 16, 99, 0, 96]]
[1426, [0, 32, 32, 99, 0, 96]]
[1427, [0, 0, 0, 99, 0, 48]]
[1428, [0, 16, 16, 99, 0, 48]]
[1429, [0, 32, 32, 114, 0, 48]]
[1430, [0, 0, 0, 159, 0, 0]]
[1431, [0, 16, 16, 15, 144, 0]]
[1432, [0, 32, 32, 15, 45, 99]]
[1433, [0, 0, 0, 30, 0, 96]]
[1434, [0, 16, 16, 60, 0, 96]]
[1435, [0, 32, 32, 75, 0, 96]]
[1436, [0, 0, 0, 90, 0, 48]]
[1437, [0, 16, 16, 135, 0, 48]]
[1438, [0, 32, 32, 150, 0, 48]]
[1439, [0, 0, 0, 51, 144, 0]]
