SimulationV06.py[0, [0, 16, 16, 0, 0, 0]]
[1, [0, 32, 32, 0, 0, 0]]
[2, [48, 48, 48, 0, 0, 0]]
[3, [48, 64, 64, 0, 0, 0]]
[4, [48, 80, 80, 0, 0, 0]]
[5, [96, 96, 96, 0, 0, 0]]
[6, [96, 112, 112, 0, 0, 0]]
[7, [96, 128, 128, 0, 0, 0]]
[8, [144, 144, 144, 0, 0, 0]]
[9, [144, 160, 160, 0, 0, 0]]
[10, [144, 176, 176, 0, 0, 0]]
[11, [192, 192, 192, 0, 0, 0]]
[12, [192, 208, 208, 0, 0, 0]]
[13, [192, 224, 224, 0, 0, 0]]
[14, [240, 240, 240, 0, 0, 0]]
[15, [240, 256, 256, 0, 0, 0]]
[16, [240, 272, 272, 0, 0, 0]]
[17, [288, 288, 288, 0, 0, 0]]
[18, [288, 304, 304, 0, 0, 0]]
[19, [288, 320, 320, 330, 0, 0]]
[20, [336, 336, 336, 186, 144, 0]]
[21, [246, 262, 262, 42, 195, 3]]
[22, [156, 188, 188, 42, 102, 6]]
[23, [114, 114, 114, 42, 9, 9]]
[24, [104, 120, 120, 42, 0, 8]]
[25, [104, 136, 136, 42, 0, 8]]
[26, [152, 152, 152, 42, 0, 8]]
[27, [152, 168, 168, 42, 0, 8]]
[28, [152, 184, 184, 42, 0, 8]]
[29, [200, 200, 200, 42, 0, 8]]
[30, [200, 216, 216, 42, 0, 8]]
[31, [200, 232, 232, 42, 0, 8]]
[32, [248, 248, 248, 42, 0, 8]]
[33, [248, 264, 264, 42, 0, 8]]
[34, [248, 280, 280, 42, 0, 8]]
[35, [296, 296, 296, 42, 0, 8]]
[36, [296, 312, 312, 42, 0, 8]]
[37, [296, 328, 328, 42, 0, 8]]
[38, [344, 344, 344, 42, 0, 8]]
[39, [344, 360, 360, 372, 0, 8]]
[40, [344, 376, 376, 228, 144, 8]]
[41, [292, 292, 292, 84, 195, 1]]
[42, [202, 218, 218, 84, 102, 4]]
[43, [112, 144, 144, 84, 9, 7]]
[44, [150, 150, 150, 84, 0, 6]]
[45, [150, 166, 166, 84, 0, 6]]
[46, [150, 182, 182, 84, 0, 6]]
[47, [198, 198, 198, 84, 0, 6]]
[48, [198, 214, 214, 84, 0, 6]]
[49, [198, 230, 230, 84, 0, 6]]
[50, [246, 246, 246, 84, 0, 6]]
[51, [246, 262, 262, 84, 0, 6]]
[52, [246, 278, 278, 84, 0, 6]]
[53, [294, 294, 294, 84, 0, 6]]
[54, [294, 310, 310, 84, 0, 6]]
[55, [294, 326, 326, 84, 0, 6]]
[56, [342, 342, 342, 84, 0, 6]]
[57, [342, 358, 358, 84, 0, 6]]
[58, [342, 374, 374, 84, 0, 6]]
[59, [390, 390, 390, 399, 0, 6]]
[60, [390, 406, 406, 255, 144, 6]]
[61, [300, 332, 332, 111, 195, 9]]
[62, [248, 248, 248, 111, 102, 2]]
[63, [158, 174, 174, 111, 9, 5]]
[64, [148, 180, 180, 111, 0, 4]]
[65, [196, 196, 196, 111, 0, 4]]
[66, [196, 212, 212, 111, 0, 4]]
[67, [196, 228, 228, 111, 0, 4]]
[68, [244, 244, 244, 111, 0, 4]]
[69, [244, 260, 260, 111, 0, 4]]
[70, [244, 276, 276, 111, 0, 4]]
[71, [292, 292, 292, 126, 0, 4]]
[72, [292, 308, 308, 126, 0, 4]]
[73, [292, 324, 324, 126, 0, 4]]
[74, [340, 340, 340, 126, 0, 4]]
[75, [340, 356, 356, 126, 0, 4]]
[76, [340, 372, 372, 126, 0, 4]]
[77, [388, 388, 388, 126, 0, 4]]
[78, [388, 404, 404, 126, 0, 4]]
[79, [388, 420, 420, 426, 0, 4]]
[80, [436, 436, 436, 282, 144, 4]]
[81, [346, 362, 362, 138, 195, 7]]
[82, [246, 278, 278, 138, 102, 0]]
[83, [204, 204, 204, 138, 9, 3]]
[84, [194, 210, 210, 138, 0, 2]]
[85, [194, 226, 226, 138, 0, 2]]
[86, [242, 242, 242, 138, 0, 2]]
[87, [242, 258, 258, 138, 0, 2]]
[88, [242, 274, 274, 138, 0, 2]]
[89, [290, 290, 290, 138, 0, 2]]
[90, [290, 306, 306, 153, 0, 2]]
[91, [290, 322, 322, 24, 144, 2]]
[92, [248, 248, 248, 24, 51, 5]]
[93, [198, 214, 214, 24, 0, 6]]
[94, [198, 230, 230, 24, 0, 6]]
[95, [246, 246, 246, 24, 0, 6]]
[96, [246, 262, 262, 24, 0, 6]]
[97, [246, 278, 278, 24, 0, 6]]
[98, [294, 294, 294, 24, 0, 6]]
[99, [294, 310, 310, 324, 0, 6]]
[100, [294, 326, 326, 180, 144, 6]]
[101, [252, 252, 252, 36, 195, 9]]
[102, [152, 168, 168, 36, 102, 2]]
[103, [62, 94, 94, 36, 9, 5]]
[104, [100, 100, 100, 36, 0, 4]]
[105, [100, 116, 116, 36, 0, 4]]
[106, [100, 132, 132, 36, 0, 4]]
[107, [148, 148, 148, 36, 0, 4]]
[108, [148, 164, 164, 36, 0, 4]]
[109, [148, 180, 180, 36, 0, 4]]
[110, [196, 196, 196, 51, 0, 4]]
[111, [196, 212, 212, 66, 0, 4]]
[112, [196, 228, 228, 66, 0, 4]]
[113, [244, 244, 244, 66, 0, 4]]
[114, [244, 260, 260, 66, 0, 4]]
[115, [244, 276, 276, 66, 0, 4]]
[116, [292, 292, 292, 66, 0, 4]]
[117, [292, 308, 308, 66, 0, 4]]
[118, [292, 324, 324, 66, 0, 4]]
[119, [340, 340, 340, 336, 0, 4]]
[120, [340, 356, 356, 192, 144, 4]]
[121, [250, 282, 282, 48, 195, 7]]
[122, [198, 198, 198, 48, 102, 0]]
[123, [108, 124, 124, 48, 9, 3]]
[124, [98, 130, 130, 48, 0, 2]]
[125, [146, 146, 146, 48, 0, 2]]
[126, [146, 162, 162, 48, 0, 2]]
[127, [146, 178, 178, 48, 0, 2]]
[128, [194, 194, 194, 48, 0, 2]]
[129, [194, 210, 210, 48, 0, 2]]
[130, [194, 226, 226, 63, 0, 2]]
[131, [242, 242, 242, 78, 0, 2]]
[132, [242, 258, 258, 78, 0, 2]]
[133, [242, 274, 274, 78, 0, 2]]
[134, [290, 290, 290, 78, 0, 2]]
[135, [290, 306, 306, 78, 0, 2]]
[136, [290, 322, 322, 78, 0, 2]]
[137, [338, 338, 338, 78, 0, 2]]
[138, [338, 354, 354, 93, 0, 2]]
[139, [338, 370, 370, 333, 0, 2]]
[140, [386, 386, 386, 189, 144, 2]]
[141, [296, 312, 312, 45, 195, 5]]
[142, [226, 258, 258, 45, 102, 28]]
[143, [244, 244, 244, 60, 9, 91]]
[144, [204, 220, 220, 75, 0, 60]]
[145, [164, 196, 196, 75, 0, 20]]
[146, [202, 202, 202, 75, 0, 10]]
[147, [192, 208, 208, 75, 0, 0]]
[148, [192, 224, 224, 75, 0, 0]]
[149, [240, 240, 240, 75, 0, 0]]
[150, [240, 256, 256, 90, 0, 0]]
[151, [240, 272, 272, 105, 0, 0]]
[152, [288, 288, 288, 105, 0, 0]]
[153, [288, 304, 304, 105, 0, 0]]
[154, [288, 320, 320, 105, 0, 0]]
[155, [336, 336, 336, 105, 0, 0]]
[156, [336, 352, 352, 105, 0, 0]]
[157, [336, 368, 368, 105, 0, 0]]
[158, [384, 384, 384, 120, 0, 0]]
[159, [384, 400, 400, 360, 0, 0]]
[160, [384, 416, 416, 216, 144, 0]]
[161, [342, 342, 342, 72, 195, 3]]
[162, [252, 268, 268, 72, 102, 6]]
[163, [162, 194, 194, 87, 9, 9]]
[164, [200, 200, 200, 102, 0, 8]]
[165, [200, 216, 216, 102, 0, 8]]
[166, [200, 232, 232, 102, 0, 8]]
[167, [248, 248, 248, 102, 0, 8]]
[168, [248, 264, 264, 102, 0, 8]]
[169, [248, 280, 280, 102, 0, 8]]
[170, [296, 296, 296, 102, 0, 8]]
[171, [296, 312, 312, 117, 0, 8]]
[172, [296, 328, 328, 117, 0, 8]]
[173, [344, 344, 344, 117, 0, 8]]
[174, [344, 360, 360, 117, 0, 8]]
[175, [344, 376, 376, 117, 0, 8]]
[176, [392, 392, 392, 117, 0, 8]]
[177, [392, 408, 408, 117, 0, 8]]
[178, [392, 424, 424, 132, 0, 8]]
[179, [440, 440, 440, 372, 0, 8]]
[180, [440, 456, 456, 228, 144, 8]]
[181, [340, 372, 372, 84, 195, 1]]
[182, [298, 298, 298, 84, 102, 4]]
[183, [208, 224, 224, 99, 9, 7]]
[184, [198, 230, 230, 114, 0, 6]]
[185, [246, 246, 246, 114, 0, 6]]
[186, [246, 262, 262, 114, 0, 6]]
[187, [246, 278, 278, 114, 0, 6]]
[188, [294, 294, 294, 114, 0, 6]]
[189, [294, 310, 310, 129, 0, 6]]
[190, [294, 326, 326, 129, 0, 6]]
[191, [342, 342, 342, 144, 0, 6]]
[192, [342, 358, 358, 0, 144, 6]]
[193, [252, 284, 284, 0, 51, 9]]
[194, [240, 240, 240, 0, 0, 0]]
[195, [240, 256, 256, 15, 0, 0]]
[196, [240, 272, 272, 15, 0, 0]]
[197, [288, 288, 288, 15, 0, 0]]
[198, [288, 304, 304, 30, 0, 0]]
[199, [288, 320, 320, 270, 0, 0]]
[200, [336, 336, 336, 126, 144, 0]]
[201, [246, 262, 262, 126, 51, 3]]
[202, [196, 228, 228, 126, 0, 4]]
[203, [244, 244, 244, 126, 0, 4]]
[204, [244, 260, 260, 141, 0, 4]]
[205, [244, 276, 276, 141, 0, 4]]
[206, [292, 292, 292, 156, 0, 4]]
[207, [292, 308, 308, 12, 144, 4]]
[208, [202, 234, 234, 12, 51, 7]]
[209, [200, 200, 200, 27, 0, 8]]
[210, [200, 216, 216, 27, 0, 8]]
[211, [200, 232, 232, 42, 0, 8]]
[212, [244, 248, 248, 42, 0, 8]]
[213, [244, 264, 264, 42, 0, 8]]
[214, [244, 280, 280, 42, 0, 8]]
[215, [292, 296, 296, 57, 0, 8]]
[216, [292, 312, 312, 57, 0, 8]]
[217, [292, 328, 328, 57, 0, 8]]
[218, [340, 344, 344, 72, 0, 8]]
[219, [340, 360, 360, 312, 0, 8]]
[220, [340, 376, 376, 168, 144, 8]]
[221, [288, 292, 292, 24, 195, 1]]
[222, [198, 218, 218, 24, 102, 4]]
[223, [108, 144, 144, 24, 9, 7]]
[224, [146, 150, 150, 39, 0, 6]]
[225, [146, 166, 166, 39, 0, 6]]
[226, [146, 182, 182, 54, 0, 6]]
[227, [194, 198, 198, 54, 0, 6]]
[228, [194, 214, 214, 54, 0, 6]]
[229, [194, 230, 230, 69, 0, 6]]
[230, [242, 246, 246, 69, 0, 6]]
[231, [242, 262, 262, 84, 0, 6]]
[232, [242, 278, 278, 84, 0, 6]]
[233, [290, 294, 294, 84, 0, 6]]
[234, [290, 310, 310, 84, 0, 6]]
[235, [290, 326, 326, 99, 0, 6]]
[236, [338, 342, 342, 99, 0, 6]]
[237, [338, 358, 358, 99, 0, 6]]
[238, [338, 374, 374, 114, 0, 6]]
[239, [386, 390, 390, 354, 0, 6]]
[240, [386, 406, 406, 210, 144, 6]]
[241, [296, 332, 332, 66, 195, 9]]
[242, [244, 248, 248, 66, 102, 2]]
[243, [154, 174, 174, 66, 9, 5]]
[244, [144, 180, 180, 81, 0, 4]]
[245, [192, 196, 196, 81, 0, 4]]
[246, [192, 212, 212, 96, 0, 4]]
[247, [192, 228, 228, 96, 0, 4]]
[248, [240, 244, 244, 96, 0, 4]]
[249, [240, 260, 260, 111, 0, 4]]
[250, [240, 276, 276, 111, 0, 4]]
[251, [288, 292, 292, 126, 0, 4]]
[252, [288, 308, 308, 126, 0, 4]]
[253, [288, 324, 324, 126, 0, 4]]
[254, [336, 340, 340, 126, 0, 4]]
[255, [336, 356, 356, 141, 0, 4]]
[256, [336, 372, 372, 141, 0, 4]]
[257, [384, 388, 388, 141, 0, 4]]
[258, [384, 404, 404, 156, 0, 4]]
[259, [384, 420, 420, 222, 144, 4]]
[260, [342, 346, 346, 78, 195, 7]]
[261, [242, 262, 262, 78, 102, 0]]
[262, [152, 188, 188, 78, 9, 3]]
[263, [190, 194, 194, 78, 0, 2]]
[264, [190, 210, 210, 93, 0, 2]]
[265, [190, 226, 226, 93, 0, 2]]
[266, [238, 242, 242, 108, 0, 2]]
[267, [238, 258, 258, 108, 0, 2]]
[268, [238, 274, 274, 108, 0, 2]]
[269, [286, 290, 290, 138, 0, 2]]
[270, [286, 306, 306, 138, 0, 2]]
[271, [286, 322, 322, 153, 0, 2]]
[272, [334, 338, 338, 9, 144, 2]]
[273, [244, 264, 264, 9, 51, 5]]
[274, [194, 230, 230, 9, 0, 6]]
[275, [242, 246, 246, 24, 0, 6]]
[276, [242, 262, 262, 24, 0, 6]]
[277, [242, 278, 278, 24, 0, 6]]
[278, [290, 294, 294, 39, 0, 6]]
[279, [290, 310, 310, 249, 0, 6]]
[280, [290, 326, 326, 105, 144, 6]]
[281, [248, 252, 252, 105, 51, 9]]
[282, [188, 208, 208, 105, 0, 0]]
[283, [188, 224, 224, 105, 0, 0]]
[284, [236, 240, 240, 120, 0, 0]]
[285, [236, 256, 256, 120, 0, 0]]
[286, [236, 272, 272, 135, 0, 0]]
[287, [284, 288, 288, 135, 0, 0]]
[288, [284, 304, 304, 135, 0, 0]]
[289, [284, 320, 320, 165, 0, 0]]
[290, [332, 336, 336, 21, 144, 0]]
[291, [242, 262, 262, 36, 51, 3]]
[292, [192, 228, 228, 36, 0, 4]]
[293, [240, 244, 244, 36, 0, 4]]
[294, [240, 260, 260, 51, 0, 4]]
[295, [240, 276, 276, 66, 0, 4]]
[296, [288, 292, 292, 66, 0, 4]]
[297, [288, 308, 308, 66, 0, 4]]
[298, [288, 324, 324, 81, 0, 4]]
[299, [336, 340, 340, 291, 0, 4]]
[300, [336, 356, 356, 147, 144, 4]]
[301, [246, 282, 282, 3, 195, 7]]
[302, [194, 198, 198, 3, 102, 0]]
[303, [104, 124, 124, 3, 9, 3]]
[304, [94, 130, 130, 18, 0, 2]]
[305, [142, 146, 146, 18, 0, 2]]
[306, [142, 162, 162, 33, 0, 2]]
[307, [142, 178, 178, 33, 0, 2]]
[308, [190, 194, 194, 33, 0, 2]]
[309, [190, 210, 210, 63, 0, 2]]
[310, [190, 226, 226, 63, 0, 2]]
[311, [238, 242, 242, 78, 0, 2]]
[312, [238, 258, 258, 78, 0, 2]]
[313, [238, 274, 274, 78, 0, 2]]
[314, [286, 290, 290, 93, 0, 2]]
[315, [286, 306, 306, 108, 0, 2]]
[316, [286, 322, 322, 108, 0, 2]]
[317, [334, 338, 338, 108, 0, 2]]
[318, [334, 354, 354, 123, 0, 2]]
[319, [334, 370, 370, 333, 0, 2]]
[320, [382, 386, 386, 189, 144, 2]]
[321, [292, 312, 312, 45, 195, 5]]
[322, [202, 238, 238, 45, 102, 8]]
[323, [150, 154, 154, 45, 9, 1]]
[324, [140, 160, 160, 60, 0, 0]]
[325, [140, 176, 176, 60, 0, 0]]
[326, [188, 192, 192, 60, 0, 0]]
[327, [188, 208, 208, 60, 0, 0]]
[328, [188, 224, 224, 60, 0, 0]]
[329, [236, 240, 240, 90, 0, 0]]
[330, [236, 256, 256, 90, 0, 0]]
[331, [236, 272, 272, 105, 0, 0]]
[332, [284, 288, 288, 120, 0, 0]]
[333, [284, 304, 304, 120, 0, 0]]
[334, [284, 320, 320, 135, 0, 0]]
[335, [332, 336, 336, 150, 0, 0]]
[336, [332, 352, 352, 6, 144, 0]]
[337, [242, 278, 278, 6, 51, 3]]
[338, [240, 244, 244, 21, 0, 4]]
[339, [240, 260, 260, 216, 0, 4]]
[340, [240, 276, 276, 72, 144, 4]]
[341, [198, 202, 202, 72, 51, 7]]
[342, [148, 168, 168, 72, 0, 8]]
[343, [148, 184, 184, 72, 0, 8]]
[344, [196, 200, 200, 102, 0, 8]]
[345, [196, 216, 216, 102, 0, 8]]
[346, [196, 232, 232, 102, 0, 8]]
[347, [244, 248, 248, 102, 0, 8]]
[348, [244, 264, 264, 102, 0, 8]]
[349, [244, 280, 280, 132, 0, 8]]
[350, [292, 296, 296, 132, 0, 8]]
[351, [292, 312, 312, 147, 0, 8]]
[352, [292, 328, 328, 18, 144, 8]]
[353, [240, 244, 244, 18, 51, 1]]
[354, [190, 210, 210, 33, 0, 2]]
[355, [190, 226, 226, 48, 0, 2]]
[356, [238, 242, 242, 48, 0, 2]]
[357, [238, 258, 258, 48, 0, 2]]
[358, [238, 274, 274, 63, 0, 2]]
[359, [286, 290, 290, 258, 0, 2]]
[360, [286, 306, 306, 114, 144, 2]]
[361, [196, 232, 232, 114, 51, 5]]
[362, [194, 198, 198, 114, 0, 6]]
[363, [194, 214, 214, 114, 0, 6]]
[364, [194, 230, 230, 144, 0, 6]]
[365, [242, 246, 246, 0, 144, 6]]
[366, [152, 172, 172, 0, 51, 9]]
[367, [92, 128, 128, 0, 0, 0]]
[368, [140, 144, 144, 0, 0, 0]]
[369, [140, 160, 160, 30, 0, 0]]
[370, [140, 176, 176, 30, 0, 0]]
[371, [188, 192, 192, 45, 0, 0]]
[372, [188, 208, 208, 60, 0, 0]]
[373, [188, 224, 224, 60, 0, 0]]
[374, [236, 240, 240, 75, 0, 0]]
[375, [236, 256, 256, 90, 0, 0]]
[376, [236, 272, 272, 90, 0, 0]]
[377, [284, 288, 288, 90, 0, 0]]
[378, [284, 304, 304, 105, 0, 0]]
[379, [284, 320, 320, 300, 0, 0]]
[380, [332, 336, 336, 156, 144, 0]]
[381, [242, 262, 262, 12, 195, 3]]
[382, [152, 188, 188, 12, 102, 6]]
[383, [110, 114, 114, 12, 9, 9]]
[384, [100, 120, 120, 42, 0, 8]]
[385, [100, 136, 136, 42, 0, 8]]
[386, [148, 152, 152, 42, 0, 8]]
[387, [148, 168, 168, 42, 0, 8]]
[388, [148, 184, 184, 42, 0, 8]]
[389, [196, 200, 200, 72, 0, 8]]
[390, [196, 216, 216, 72, 0, 8]]
[391, [196, 232, 232, 87, 0, 8]]
[392, [244, 248, 248, 102, 0, 8]]
[393, [244, 264, 264, 102, 0, 8]]
[394, [244, 280, 280, 117, 0, 8]]
[395, [292, 296, 296, 132, 0, 8]]
[396, [292, 312, 312, 132, 0, 8]]
[397, [292, 328, 328, 132, 0, 8]]
[398, [340, 344, 344, 147, 0, 8]]
[399, [340, 360, 360, 198, 144, 8]]
[400, [240, 276, 276, 54, 195, 1]]
[401, [198, 202, 202, 54, 102, 4]]
[402, [108, 128, 128, 54, 9, 7]]
[403, [98, 134, 134, 54, 0, 6]]
[404, [146, 150, 150, 84, 0, 6]]
[405, [146, 166, 166, 84, 0, 6]]
[406, [146, 182, 182, 84, 0, 6]]
[407, [194, 198, 198, 84, 0, 6]]
[408, [194, 214, 214, 84, 0, 6]]
[409, [194, 230, 230, 114, 0, 6]]
[410, [242, 246, 246, 114, 0, 6]]
[411, [242, 262, 262, 129, 0, 6]]
[412, [242, 278, 278, 144, 0, 6]]
[413, [290, 294, 294, 0, 144, 6]]
[414, [200, 220, 220, 15, 51, 9]]
[415, [140, 176, 176, 30, 0, 0]]
[416, [188, 192, 192, 30, 0, 0]]
[417, [188, 208, 208, 30, 0, 0]]
[418, [188, 224, 224, 45, 0, 0]]
[419, [236, 240, 240, 210, 0, 0]]
[420, [236, 256, 256, 81, 144, 0]]
[421, [146, 182, 182, 81, 51, 3]]
[422, [144, 148, 148, 81, 0, 4]]
[423, [144, 164, 164, 81, 0, 4]]
[424, [144, 180, 180, 111, 0, 4]]
[425, [192, 196, 196, 111, 0, 4]]
[426, [192, 212, 212, 111, 0, 4]]
[427, [192, 228, 228, 111, 0, 4]]
[428, [240, 244, 244, 126, 0, 4]]
[429, [240, 260, 260, 156, 0, 4]]
[430, [240, 276, 276, 12, 144, 4]]
[431, [198, 202, 202, 27, 51, 7]]
[432, [148, 168, 168, 42, 0, 8]]
[433, [148, 184, 184, 42, 0, 8]]
[434, [196, 200, 200, 57, 0, 8]]
[435, [196, 216, 216, 72, 0, 8]]
[436, [196, 232, 232, 72, 0, 8]]
[437, [244, 248, 248, 72, 0, 8]]
[438, [244, 264, 264, 87, 0, 8]]
[439, [244, 280, 280, 252, 0, 8]]
[440, [292, 296, 296, 123, 144, 8]]
[441, [192, 212, 212, 123, 51, 1]]
[442, [142, 178, 178, 123, 0, 2]]
[443, [190, 194, 194, 123, 0, 2]]
[444, [190, 210, 210, 153, 0, 2]]
[445, [190, 226, 226, 9, 144, 2]]
[446, [168, 172, 172, 9, 51, 25]]
[447, [108, 128, 128, 9, 0, 16]]
[448, [98, 134, 134, 24, 0, 6]]
[449, [146, 150, 150, 54, 0, 6]]
[450, [146, 166, 166, 54, 0, 6]]
[451, [146, 182, 182, 69, 0, 6]]
[452, [194, 198, 198, 84, 0, 6]]
[453, [194, 214, 214, 84, 0, 6]]
[454, [194, 230, 230, 99, 0, 6]]
[455, [242, 246, 246, 114, 0, 6]]
[456, [242, 262, 262, 114, 0, 6]]
[457, [242, 278, 278, 114, 0, 6]]
[458, [290, 294, 294, 129, 0, 6]]
[459, [290, 310, 310, 294, 0, 6]]
[460, [290, 326, 326, 165, 144, 6]]
[461, [248, 252, 252, 21, 195, 9]]
[462, [148, 168, 168, 21, 102, 2]]
[463, [58, 94, 94, 21, 9, 5]]
[464, [96, 100, 100, 51, 0, 4]]
[465, [96, 116, 116, 51, 0, 4]]
[466, [96, 132, 132, 51, 0, 4]]
[467, [144, 148, 148, 51, 0, 4]]
[468, [144, 164, 164, 66, 0, 4]]
[469, [144, 180, 180, 96, 0, 4]]
[470, [192, 196, 196, 96, 0, 4]]
[471, [192, 212, 212, 111, 0, 4]]
[472, [192, 228, 228, 126, 0, 4]]
[473, [240, 244, 244, 126, 0, 4]]
[474, [240, 260, 260, 141, 0, 4]]
[475, [240, 276, 276, 156, 0, 4]]
[476, [288, 292, 292, 12, 144, 4]]
[477, [198, 218, 218, 12, 51, 7]]
[478, [148, 184, 184, 27, 0, 8]]
[479, [196, 200, 200, 177, 0, 8]]
[480, [196, 216, 216, 48, 144, 8]]
[481, [96, 132, 132, 48, 51, 1]]
[482, [94, 98, 98, 48, 0, 2]]
[483, [94, 114, 114, 48, 0, 2]]
[484, [94, 130, 130, 63, 0, 2]]
[485, [142, 146, 146, 63, 0, 2]]
[486, [142, 162, 162, 63, 0, 2]]
[487, [142, 178, 178, 78, 0, 2]]
[488, [190, 194, 194, 93, 0, 2]]
[489, [190, 210, 210, 123, 0, 2]]
[490, [190, 226, 226, 123, 0, 2]]
[491, [238, 242, 242, 138, 0, 2]]
[492, [238, 258, 258, 153, 0, 2]]
[493, [238, 274, 274, 9, 144, 2]]
[494, [196, 200, 200, 24, 51, 5]]
[495, [146, 166, 166, 39, 0, 6]]
[496, [146, 182, 182, 39, 0, 6]]
[497, [194, 198, 198, 39, 0, 6]]
[498, [194, 214, 214, 54, 0, 6]]
[499, [194, 230, 230, 189, 0, 6]]
[500, [242, 246, 246, 75, 144, 6]]
[501, [152, 172, 172, 75, 51, 9]]
[502, [92, 128, 128, 75, 0, 0]]
[503, [140, 144, 144, 75, 0, 0]]
[504, [140, 160, 160, 90, 0, 0]]
[505, [140, 176, 176, 90, 0, 0]]
[506, [188, 192, 192, 105, 0, 0]]
[507, [188, 208, 208, 120, 0, 0]]
[508, [188, 224, 224, 135, 0, 0]]
[509, [236, 240, 240, 165, 0, 0]]
[510, [236, 256, 256, 21, 144, 0]]
[511, [146, 182, 182, 36, 51, 3]]
[512, [144, 148, 148, 51, 0, 4]]
[513, [144, 164, 164, 51, 0, 4]]
[514, [144, 180, 180, 66, 0, 4]]
[515, [192, 196, 196, 81, 0, 4]]
[516, [192, 212, 212, 81, 0, 4]]
[517, [192, 228, 228, 81, 0, 4]]
[518, [240, 244, 244, 96, 0, 4]]
[519, [240, 260, 260, 231, 0, 4]]
[520, [240, 276, 276, 117, 144, 4]]
[521, [198, 202, 202, 117, 51, 7]]
[522, [148, 168, 168, 117, 0, 8]]
[523, [148, 184, 184, 117, 0, 8]]
[524, [196, 200, 200, 132, 0, 8]]
[525, [196, 216, 216, 132, 0, 8]]
[526, [196, 232, 232, 147, 0, 8]]
[527, [244, 248, 248, 18, 144, 8]]
[528, [144, 164, 164, 33, 51, 1]]
[529, [94, 130, 130, 63, 0, 2]]
[530, [142, 146, 146, 63, 0, 2]]
[531, [142, 162, 162, 78, 0, 2]]
[532, [142, 178, 178, 93, 0, 2]]
[533, [190, 194, 194, 93, 0, 2]]
[534, [190, 210, 210, 108, 0, 2]]
[535, [190, 226, 226, 123, 0, 2]]
[536, [238, 242, 242, 123, 0, 2]]
[537, [238, 258, 258, 123, 0, 2]]
[538, [238, 274, 274, 138, 0, 2]]
[539, [286, 290, 290, 258, 0, 2]]
[540, [286, 306, 306, 144, 144, 2]]
[541, [196, 232, 232, 0, 195, 5]]
[542, [154, 158, 158, 0, 102, 8]]
[543, [54, 74, 74, 0, 9, 1]]
[544, [44, 80, 80, 30, 0, 0]]
[545, [92, 96, 96, 30, 0, 0]]
[546, [92, 112, 112, 45, 0, 0]]
[547, [92, 128, 128, 60, 0, 0]]
[548, [140, 144, 144, 75, 0, 0]]
[549, [140, 160, 160, 105, 0, 0]]
[550, [140, 176, 176, 105, 0, 0]]
[551, [188, 192, 192, 120, 0, 0]]
[552, [188, 208, 208, 135, 0, 0]]
[553, [188, 224, 224, 135, 0, 0]]
[554, [236, 240, 240, 150, 0, 0]]
[555, [236, 256, 256, 21, 144, 0]]
[556, [146, 182, 182, 21, 51, 3]]
[557, [144, 148, 148, 21, 0, 4]]
[558, [144, 164, 164, 36, 0, 4]]
[559, [144, 180, 180, 141, 0, 4]]
[560, [192, 196, 196, 171, 0, 4]]
[561, [192, 212, 212, 42, 144, 4]]
[562, [102, 138, 138, 42, 51, 7]]
[563, [100, 104, 104, 42, 0, 8]]
[564, [100, 120, 120, 72, 0, 8]]
[565, [100, 136, 136, 72, 0, 8]]
[566, [148, 152, 152, 87, 0, 8]]
[567, [148, 168, 168, 102, 0, 8]]
[568, [148, 184, 184, 117, 0, 8]]
[569, [196, 200, 200, 147, 0, 8]]
[570, [196, 216, 216, 3, 144, 8]]
[571, [96, 132, 132, 18, 51, 1]]
[572, [94, 98, 98, 33, 0, 2]]
[573, [94, 114, 114, 33, 0, 2]]
[574, [94, 130, 130, 48, 0, 2]]
[575, [142, 146, 146, 63, 0, 2]]
[576, [142, 162, 162, 63, 0, 2]]
[577, [142, 178, 178, 63, 0, 2]]
[578, [190, 194, 194, 78, 0, 2]]
[579, [190, 210, 210, 183, 0, 2]]
[580, [190, 226, 226, 69, 144, 2]]
[581, [148, 152, 152, 84, 51, 5]]
[582, [98, 118, 118, 84, 0, 6]]
[583, [98, 134, 134, 84, 0, 6]]
[584, [146, 150, 150, 114, 0, 6]]
[585, [146, 166, 166, 114, 0, 6]]
[586, [146, 182, 182, 129, 0, 6]]
[587, [194, 198, 198, 144, 0, 6]]
[588, [194, 214, 214, 15, 144, 6]]
[589, [104, 140, 140, 45, 51, 9]]
[590, [92, 96, 96, 45, 0, 0]]
[591, [92, 112, 112, 60, 0, 0]]
[592, [92, 128, 128, 60, 0, 0]]
[593, [140, 144, 144, 60, 0, 0]]
[594, [140, 160, 160, 90, 0, 0]]
[595, [140, 176, 176, 105, 0, 0]]
[596, [188, 192, 192, 105, 0, 0]]
[597, [188, 208, 208, 105, 0, 0]]
[598, [188, 224, 224, 120, 0, 0]]
[599, [236, 240, 240, 225, 0, 0]]
[600, [236, 256, 256, 111, 144, 0]]
[601, [146, 182, 182, 126, 51, 3]]
[602, [144, 148, 148, 126, 0, 4]]
[603, [144, 164, 164, 126, 0, 4]]
[604, [144, 180, 180, 156, 0, 4]]
[605, [192, 196, 196, 12, 144, 4]]
[606, [102, 122, 122, 27, 51, 7]]
[607, [52, 88, 88, 42, 0, 8]]
[608, [100, 104, 104, 57, 0, 8]]
[609, [100, 120, 120, 87, 0, 8]]
[610, [100, 136, 136, 87, 0, 8]]
[611, [148, 152, 152, 102, 0, 8]]
[612, [148, 168, 168, 102, 0, 8]]
[613, [148, 184, 184, 102, 0, 8]]
[614, [196, 200, 200, 132, 0, 8]]
[615, [196, 216, 216, 147, 0, 8]]
[616, [196, 232, 232, 3, 144, 8]]
[617, [144, 148, 148, 3, 51, 1]]
[618, [94, 114, 114, 18, 0, 2]]
[619, [94, 130, 130, 123, 0, 2]]
[620, [142, 146, 146, 153, 0, 2]]
[621, [142, 162, 162, 9, 144, 2]]
[622, [52, 88, 88, 9, 51, 5]]
[623, [50, 54, 54, 9, 0, 6]]
[624, [50, 70, 70, 39, 0, 6]]
[625, [50, 86, 86, 39, 0, 6]]
[626, [98, 102, 102, 39, 0, 6]]
[627, [98, 118, 118, 54, 0, 6]]
[628, [98, 134, 134, 69, 0, 6]]
[629, [146, 150, 150, 99, 0, 6]]
[630, [146, 166, 166, 99, 0, 6]]
[631, [146, 182, 182, 114, 0, 6]]
[632, [194, 198, 198, 114, 0, 6]]
[633, [194, 214, 214, 114, 0, 6]]
[634, [194, 230, 230, 129, 0, 6]]
[635, [242, 246, 246, 159, 0, 6]]
[636, [242, 262, 262, 15, 144, 6]]
[637, [152, 188, 188, 15, 51, 9]]
[638, [140, 144, 144, 30, 0, 0]]
[639, [140, 160, 160, 135, 0, 0]]
[640, [140, 176, 176, 165, 0, 0]]
[641, [188, 192, 192, 21, 144, 0]]
[642, [98, 118, 118, 21, 51, 3]]
[643, [48, 84, 84, 21, 0, 4]]
[644, [96, 100, 100, 66, 0, 4]]
[645, [96, 116, 116, 81, 0, 4]]
[646, [96, 132, 132, 81, 0, 4]]
[647, [144, 148, 148, 96, 0, 4]]
[648, [144, 164, 164, 111, 0, 4]]
[649, [144, 180, 180, 141, 0, 4]]
[650, [192, 196, 196, 141, 0, 4]]
[651, [192, 212, 212, 156, 0, 4]]
[652, [192, 228, 228, 12, 144, 4]]
[653, [150, 154, 154, 12, 51, 7]]
[654, [100, 120, 120, 27, 0, 8]]
[655, [100, 136, 136, 57, 0, 8]]
[656, [148, 152, 152, 57, 0, 8]]
[657, [148, 168, 168, 57, 0, 8]]
[658, [148, 184, 184, 72, 0, 8]]
[659, [196, 200, 200, 162, 0, 8]]
[660, [196, 216, 216, 48, 144, 8]]
[661, [96, 132, 132, 63, 51, 1]]
[662, [94, 98, 98, 63, 0, 2]]
[663, [94, 114, 114, 63, 0, 2]]
[664, [94, 130, 130, 108, 0, 2]]
[665, [142, 146, 146, 123, 0, 2]]
[666, [142, 162, 162, 123, 0, 2]]
[667, [142, 178, 178, 138, 0, 2]]
[668, [190, 194, 194, 153, 0, 2]]
[669, [190, 210, 210, 39, 144, 2]]
[670, [100, 136, 136, 39, 51, 5]]
[671, [98, 102, 102, 54, 0, 6]]
[672, [98, 118, 118, 54, 0, 6]]
[673, [98, 134, 134, 54, 0, 6]]
[674, [146, 150, 150, 69, 0, 6]]
[675, [146, 166, 166, 99, 0, 6]]
[676, [146, 182, 182, 99, 0, 6]]
[677, [194, 198, 198, 99, 0, 6]]
[678, [194, 214, 214, 114, 0, 6]]
[679, [194, 230, 230, 204, 0, 6]]
[680, [242, 246, 246, 90, 144, 6]]
[681, [152, 172, 172, 105, 51, 9]]
[682, [92, 128, 128, 105, 0, 0]]
[683, [140, 144, 144, 105, 0, 0]]
[684, [140, 160, 160, 150, 0, 0]]
[685, [140, 176, 176, 21, 144, 0]]
[686, [98, 102, 102, 21, 51, 3]]
[687, [48, 68, 68, 36, 0, 4]]
[688, [48, 84, 84, 51, 0, 4]]
[689, [96, 100, 100, 81, 0, 4]]
[690, [96, 116, 116, 81, 0, 4]]
[691, [96, 132, 132, 96, 0, 4]]
[692, [144, 148, 148, 96, 0, 4]]
[693, [144, 164, 164, 96, 0, 4]]
[694, [144, 180, 180, 111, 0, 4]]
[695, [192, 196, 196, 141, 0, 4]]
[696, [192, 212, 212, 141, 0, 4]]
[697, [192, 228, 228, 141, 0, 4]]
[698, [240, 244, 244, 156, 0, 4]]
[699, [240, 260, 260, 102, 144, 4]]
[700, [150, 186, 186, 132, 51, 7]]
[701, [148, 152, 152, 147, 0, 8]]
[702, [148, 168, 168, 3, 144, 8]]
[703, [48, 84, 84, 3, 51, 1]]
[704, [46, 50, 50, 48, 0, 2]]
[705, [46, 66, 66, 63, 0, 2]]
[706, [46, 82, 82, 63, 0, 2]]
[707, [94, 98, 98, 78, 0, 2]]
[708, [94, 114, 114, 93, 0, 2]]
[709, [94, 130, 130, 123, 0, 2]]
[710, [142, 146, 146, 123, 0, 2]]
[711, [142, 162, 162, 138, 0, 2]]
[712, [142, 178, 178, 138, 0, 2]]
[713, [190, 194, 194, 138, 0, 2]]
[714, [190, 210, 210, 153, 0, 2]]
[715, [190, 226, 226, 39, 144, 2]]
[716, [148, 152, 152, 39, 51, 5]]
[717, [98, 118, 118, 39, 0, 6]]
[718, [98, 134, 134, 54, 0, 6]]
[719, [146, 150, 150, 144, 0, 6]]
[720, [146, 166, 166, 30, 144, 6]]
[721, [56, 92, 92, 45, 51, 9]]
[722, [44, 48, 48, 45, 0, 0]]
[723, [44, 64, 64, 45, 0, 0]]
[724, [44, 80, 80, 90, 0, 0]]
[725, [92, 96, 96, 105, 0, 0]]
[726, [92, 112, 112, 105, 0, 0]]
[727, [92, 128, 128, 120, 0, 0]]
[728, [140, 144, 144, 135, 0, 0]]
[729, [140, 160, 160, 165, 0, 0]]
[730, [140, 176, 176, 21, 144, 0]]
[731, [98, 102, 102, 36, 51, 3]]
[732, [48, 68, 68, 36, 0, 4]]
[733, [48, 84, 84, 36, 0, 4]]
[734, [96, 100, 100, 51, 0, 4]]
[735, [96, 116, 116, 81, 0, 4]]
[736, [96, 132, 132, 81, 0, 4]]
[737, [144, 148, 148, 81, 0, 4]]
[738, [144, 164, 164, 96, 0, 4]]
[739, [144, 180, 180, 186, 0, 4]]
[740, [192, 196, 196, 72, 144, 4]]
[741, [102, 122, 122, 87, 51, 7]]
[742, [52, 88, 88, 87, 0, 8]]
[743, [100, 104, 104, 87, 0, 8]]
[744, [100, 120, 120, 132, 0, 8]]
[745, [100, 136, 136, 147, 0, 8]]
[746, [148, 152, 152, 3, 144, 8]]
[747, [48, 68, 68, 18, 51, 1]]
[748, [8, 44, 44, 33, 0, 12]]
[749, [46, 50, 50, 63, 0, 2]]
[750, [46, 66, 66, 63, 0, 2]]
[751, [46, 82, 82, 78, 0, 2]]
[752, [94, 98, 98, 78, 0, 2]]
[753, [94, 114, 114, 78, 0, 2]]
[754, [94, 130, 130, 93, 0, 2]]
[755, [142, 146, 146, 123, 0, 2]]
[756, [142, 162, 162, 123, 0, 2]]
[757, [142, 178, 178, 123, 0, 2]]
[758, [190, 194, 194, 138, 0, 2]]
[759, [190, 210, 210, 228, 0, 2]]
[760, [190, 226, 226, 114, 144, 2]]
[761, [148, 152, 152, 129, 51, 5]]
[762, [98, 118, 118, 129, 0, 6]]
[763, [98, 134, 134, 129, 0, 6]]
[764, [146, 150, 150, 174, 0, 6]]
[765, [146, 166, 166, 45, 144, 6]]
[766, [56, 92, 92, 45, 51, 9]]
[767, [44, 48, 48, 60, 0, 0]]
[768, [44, 64, 64, 75, 0, 0]]
[769, [44, 80, 80, 105, 0, 0]]
[770, [92, 96, 96, 105, 0, 0]]
[771, [92, 112, 112, 120, 0, 0]]
[772, [92, 128, 128, 120, 0, 0]]
[773, [140, 144, 144, 120, 0, 0]]
[774, [140, 160, 160, 135, 0, 0]]
[775, [140, 176, 176, 150, 0, 0]]
[776, [188, 192, 192, 6, 144, 0]]
[777, [98, 118, 118, 6, 51, 3]]
[778, [48, 84, 84, 21, 0, 4]]
[779, [96, 100, 100, 81, 0, 4]]
[780, [96, 116, 116, 111, 0, 4]]
[781, [96, 132, 132, 126, 0, 4]]
[782, [144, 148, 148, 126, 0, 4]]
[783, [144, 164, 164, 126, 0, 4]]
[784, [144, 180, 180, 171, 0, 4]]
[785, [192, 196, 196, 42, 144, 4]]
[786, [102, 122, 122, 42, 51, 7]]
[787, [52, 88, 88, 57, 0, 8]]
[788, [100, 104, 104, 72, 0, 8]]
[789, [100, 120, 120, 87, 0, 8]]
[790, [100, 136, 136, 87, 0, 8]]
[791, [148, 152, 152, 132, 0, 8]]
[792, [148, 168, 168, 132, 0, 8]]
[793, [148, 184, 184, 147, 0, 8]]
[794, [196, 200, 200, 18, 144, 8]]
[795, [96, 116, 116, 48, 51, 1]]
[796, [46, 82, 82, 48, 0, 2]]
[797, [94, 98, 98, 48, 0, 2]]
[798, [94, 114, 114, 63, 0, 2]]
[799, [94, 130, 130, 123, 0, 2]]
[800, [142, 146, 146, 153, 0, 2]]
[801, [142, 162, 162, 24, 144, 2]]
[802, [52, 88, 88, 24, 51, 5]]
[803, [50, 54, 54, 24, 0, 6]]
[804, [50, 70, 70, 69, 0, 6]]
[805, [50, 86, 86, 84, 0, 6]]
[806, [98, 102, 102, 84, 0, 6]]
[807, [98, 118, 118, 99, 0, 6]]
[808, [98, 134, 134, 114, 0, 6]]
[809, [146, 150, 150, 129, 0, 6]]
[810, [146, 166, 166, 129, 0, 6]]
[811, [146, 182, 182, 174, 0, 6]]
[812, [194, 198, 198, 30, 144, 6]]
[813, [104, 124, 124, 45, 51, 9]]
[814, [44, 80, 80, 60, 0, 0]]
[815, [92, 96, 96, 90, 0, 0]]
[816, [92, 112, 112, 90, 0, 0]]
[817, [92, 128, 128, 90, 0, 0]]
[818, [140, 144, 144, 105, 0, 0]]
[819, [140, 160, 160, 165, 0, 0]]
[820, [140, 176, 176, 51, 144, 0]]
[821, [98, 102, 102, 66, 51, 3]]
[822, [48, 68, 68, 66, 0, 4]]
[823, [48, 84, 84, 66, 0, 4]]
[824, [96, 100, 100, 96, 0, 4]]
[825, [96, 116, 116, 111, 0, 4]]
[826, [96, 132, 132, 111, 0, 4]]
[827, [144, 148, 148, 126, 0, 4]]
[828, [144, 164, 164, 141, 0, 4]]
[829, [144, 180, 180, 156, 0, 4]]
[830, [192, 196, 196, 12, 144, 4]]
[831, [102, 122, 122, 57, 51, 7]]
[832, [52, 88, 88, 57, 0, 8]]
[833, [100, 104, 104, 72, 0, 8]]
[834, [100, 120, 120, 87, 0, 8]]
[835, [100, 136, 136, 117, 0, 8]]
[836, [148, 152, 152, 117, 0, 8]]
[837, [148, 168, 168, 117, 0, 8]]
[838, [148, 184, 184, 132, 0, 8]]
[839, [196, 200, 200, 177, 0, 8]]
[840, [196, 216, 216, 63, 144, 8]]
[841, [96, 132, 132, 78, 51, 1]]
[842, [94, 98, 98, 78, 0, 2]]
[843, [94, 114, 114, 78, 0, 2]]
[844, [94, 130, 130, 123, 0, 2]]
[845, [142, 146, 146, 138, 0, 2]]
[846, [142, 162, 162, 138, 0, 2]]
[847, [142, 178, 178, 153, 0, 2]]
[848, [190, 194, 194, 24, 144, 2]]
[849, [100, 120, 120, 39, 51, 5]]
[850, [50, 86, 86, 39, 0, 6]]
[851, [98, 102, 102, 84, 0, 6]]
[852, [98, 118, 118, 84, 0, 6]]
[853, [98, 134, 134, 99, 0, 6]]
[854, [146, 150, 150, 114, 0, 6]]
[855, [146, 166, 166, 159, 0, 6]]
[856, [146, 182, 182, 15, 144, 6]]
[857, [104, 108, 108, 15, 51, 9]]
[858, [44, 64, 64, 30, 0, 0]]
[859, [44, 80, 80, 75, 0, 0]]
[860, [92, 96, 96, 105, 0, 0]]
[861, [92, 112, 112, 120, 0, 0]]
[862, [92, 128, 128, 120, 0, 0]]
[863, [140, 144, 144, 120, 0, 0]]
[864, [140, 160, 160, 165, 0, 0]]
[865, [140, 176, 176, 36, 144, 0]]
[866, [98, 102, 102, 36, 51, 3]]
[867, [48, 68, 68, 51, 0, 4]]
[868, [48, 84, 84, 66, 0, 4]]
[869, [96, 100, 100, 81, 0, 4]]
[870, [96, 116, 116, 81, 0, 4]]
[871, [96, 132, 132, 126, 0, 4]]
[872, [144, 148, 148, 126, 0, 4]]
[873, [144, 164, 164, 141, 0, 4]]
[874, [144, 180, 180, 156, 0, 4]]
[875, [192, 196, 196, 57, 144, 4]]
[876, [102, 122, 122, 57, 51, 7]]
[877, [52, 88, 88, 57, 0, 8]]
[878, [100, 104, 104, 72, 0, 8]]
[879, [100, 120, 120, 117, 0, 8]]
[880, [100, 136, 136, 147, 0, 8]]
[881, [148, 152, 152, 18, 144, 8]]
[882, [48, 68, 68, 18, 51, 1]]
[883, [8, 44, 44, 18, 0, 12]]
[884, [46, 50, 50, 63, 0, 2]]
[885, [46, 66, 66, 78, 0, 2]]
[886, [46, 82, 82, 78, 0, 2]]
[887, [94, 98, 98, 93, 0, 2]]
[888, [94, 114, 114, 108, 0, 2]]
[889, [94, 130, 130, 123, 0, 2]]
[890, [142, 146, 146, 123, 0, 2]]
[891, [142, 162, 162, 168, 0, 2]]
[892, [142, 178, 178, 24, 144, 2]]
[893, [100, 104, 104, 39, 51, 5]]
[894, [50, 70, 70, 54, 0, 6]]
[895, [50, 86, 86, 99, 0, 6]]
[896, [98, 102, 102, 99, 0, 6]]
[897, [98, 118, 118, 99, 0, 6]]
[898, [98, 134, 134, 114, 0, 6]]
[899, [146, 150, 150, 159, 0, 6]]
[900, [146, 166, 166, 45, 144, 6]]
[901, [56, 92, 92, 60, 51, 9]]
[902, [44, 48, 48, 60, 0, 0]]
[903, [44, 64, 64, 60, 0, 0]]
[904, [44, 80, 80, 105, 0, 0]]
[905, [92, 96, 96, 120, 0, 0]]
[906, [92, 112, 112, 120, 0, 0]]
[907, [92, 128, 128, 135, 0, 0]]
[908, [140, 144, 144, 150, 0, 0]]
[909, [140, 160, 160, 21, 144, 0]]
[910, [50, 86, 86, 21, 51, 3]]
[911, [48, 52, 52, 51, 0, 4]]
[912, [48, 68, 68, 51, 0, 4]]
[913, [48, 84, 84, 66, 0, 4]]
[914, [96, 100, 100, 81, 0, 4]]
[915, [96, 116, 116, 126, 0, 4]]
[916, [96, 132, 132, 126, 0, 4]]
[917, [144, 148, 148, 126, 0, 4]]
[918, [144, 164, 164, 141, 0, 4]]
[919, [144, 180, 180, 186, 0, 4]]
[920, [192, 196, 196, 72, 144, 4]]
[921, [102, 122, 122, 72, 51, 7]]
[922, [52, 88, 88, 72, 0, 8]]
[923, [100, 104, 104, 72, 0, 8]]
[924, [100, 120, 120, 117, 0, 8]]
[925, [100, 136, 136, 147, 0, 8]]
[926, [148, 152, 152, 3, 144, 8]]
[927, [48, 68, 68, 18, 51, 1]]
[928, [8, 44, 44, 33, 0, 12]]
[929, [46, 50, 50, 48, 0, 2]]
[930, [46, 66, 66, 48, 0, 2]]
[931, [46, 82, 82, 78, 0, 2]]
[932, [94, 98, 98, 78, 0, 2]]
[933, [94, 114, 114, 93, 0, 2]]
[934, [94, 130, 130, 108, 0, 2]]
[935, [142, 146, 146, 153, 0, 2]]
[936, [142, 162, 162, 24, 144, 2]]
[937, [52, 88, 88, 24, 51, 5]]
[938, [50, 54, 54, 39, 0, 6]]
[939, [50, 70, 70, 84, 0, 6]]
[940, [50, 86, 86, 114, 0, 6]]
[941, [98, 102, 102, 114, 0, 6]]
[942, [98, 118, 118, 114, 0, 6]]
[943, [98, 134, 134, 114, 0, 6]]
[944, [146, 150, 150, 159, 0, 6]]
[945, [146, 166, 166, 45, 144, 6]]
[946, [56, 92, 92, 45, 51, 9]]
[947, [44, 48, 48, 60, 0, 0]]
[948, [44, 64, 64, 75, 0, 0]]
[949, [44, 80, 80, 90, 0, 0]]
[950, [92, 96, 96, 90, 0, 0]]
[951, [92, 112, 112, 120, 0, 0]]
[952, [92, 128, 128, 120, 0, 0]]
[953, [140, 144, 144, 135, 0, 0]]
[954, [140, 160, 160, 150, 0, 0]]
[955, [140, 176, 176, 51, 144, 0]]
[956, [98, 102, 102, 66, 51, 3]]
[957, [48, 68, 68, 66, 0, 4]]
[958, [48, 84, 84, 81, 0, 4]]
[959, [96, 100, 100, 126, 0, 4]]
[960, [96, 116, 116, 156, 0, 4]]
[961, [96, 132, 132, 12, 144, 4]]
[962, [54, 58, 58, 12, 51, 7]]
[963, [4, 24, 24, 12, 0, 8]]
[964, [4, 40, 40, 57, 0, 8]]
[965, [52, 56, 56, 87, 0, 8]]
[966, [52, 72, 72, 87, 0, 8]]
[967, [52, 88, 88, 102, 0, 8]]
[968, [100, 104, 104, 117, 0, 8]]
[969, [100, 120, 120, 132, 0, 8]]
[970, [100, 136, 136, 132, 0, 8]]
[971, [148, 152, 152, 162, 0, 8]]
[972, [148, 168, 168, 18, 144, 8]]
[973, [48, 84, 84, 33, 51, 1]]
[974, [46, 50, 50, 48, 0, 2]]
[975, [46, 66, 66, 78, 0, 2]]
[976, [46, 82, 82, 93, 0, 2]]
[977, [94, 98, 98, 93, 0, 2]]
[978, [94, 114, 114, 108, 0, 2]]
[979, [94, 130, 130, 153, 0, 2]]
[980, [142, 146, 146, 39, 144, 2]]
[981, [52, 72, 72, 54, 51, 5]]
[982, [2, 38, 38, 54, 0, 6]]
[983, [50, 54, 54, 54, 0, 6]]
[984, [50, 70, 70, 99, 0, 6]]
[985, [50, 86, 86, 129, 0, 6]]
[986, [98, 102, 102, 129, 0, 6]]
[987, [98, 118, 118, 144, 0, 6]]
[988, [98, 134, 134, 15, 144, 6]]
[989, [56, 60, 60, 30, 51, 9]]
[990, [6, 26, 26, 30, 0, 10]]
[991, [6, 42, 42, 60, 0, 10]]
[992, [44, 48, 48, 60, 0, 0]]
[993, [44, 64, 64, 75, 0, 0]]
[994, [44, 80, 80, 90, 0, 0]]
[995, [92, 96, 96, 120, 0, 0]]
[996, [92, 112, 112, 135, 0, 0]]
[997, [92, 128, 128, 135, 0, 0]]
[998, [140, 144, 144, 150, 0, 0]]
[999, [140, 160, 160, 36, 144, 0]]
[1000, [50, 86, 86, 66, 51, 3]]
[1001, [48, 52, 52, 81, 0, 4]]
[1002, [48, 68, 68, 81, 0, 4]]
[1003, [48, 84, 84, 81, 0, 4]]
[1004, [96, 100, 100, 141, 0, 4]]
[1005, [96, 116, 116, 171, 0, 4]]
[1006, [96, 132, 132, 171, 0, 4]]
[1007, [144, 148, 148, 186, 0, 4]]
[1008, [144, 164, 164, 201, 0, 4]]
[1009, [144, 180, 180, 216, 0, 4]]
[1010, [192, 196, 196, 216, 0, 4]]
[1011, [192, 212, 212, 246, 0, 4]]
[1012, [192, 228, 228, 246, 0, 4]]
[1013, [240, 244, 244, 261, 0, 4]]
[1014, [240, 260, 260, 276, 0, 4]]
[1015, [240, 276, 276, 306, 0, 4]]
[1016, [288, 292, 292, 321, 0, 4]]
[1017, [288, 308, 308, 321, 0, 4]]
[1018, [288, 324, 324, 336, 0, 4]]
[1019, [336, 340, 340, 366, 0, 4]]
[1020, [336, 356, 356, 396, 0, 4]]
[1021, [336, 372, 372, 411, 0, 4]]
[1022, [384, 388, 388, 411, 0, 4]]
[1023, [384, 404, 404, 411, 0, 4]]
[1024, [384, 420, 420, 327, 144, 4]]
[1025, [342, 346, 346, 213, 195, 7]]
[1026, [242, 262, 262, 69, 246, 0]]
[1027, [152, 188, 188, 84, 153, 3]]
[1028, [110, 114, 114, 99, 60, 6]]
[1029, [50, 70, 70, 114, 0, 6]]
[1030, [50, 86, 86, 114, 0, 6]]
[1031, [98, 102, 102, 144, 0, 6]]
[1032, [98, 118, 118, 0, 144, 6]]
[1033, [8, 44, 44, 15, 51, 9]]
[1034, [6, 10, 10, 30, 0, 10]]
[1035, [6, 26, 26, 60, 0, 10]]
[1036, [6, 42, 42, 75, 0, 10]]
[1037, [44, 48, 48, 75, 0, 0]]
[1038, [44, 64, 64, 90, 0, 0]]
[1039, [44, 80, 80, 120, 0, 0]]
[1040, [92, 96, 96, 150, 0, 0]]
[1041, [92, 112, 112, 21, 144, 0]]
[1042, [2, 38, 38, 21, 51, 3]]
[1043, [0, 4, 4, 21, 0, 4]]
[1044, [0, 20, 20, 81, 0, 4]]
[1045, [0, 36, 36, 111, 0, 4]]
[1046, [48, 52, 52, 111, 0, 4]]
[1047, [48, 68, 68, 126, 0, 4]]
[1048, [48, 84, 84, 141, 0, 4]]
[1049, [96, 100, 100, 156, 0, 4]]
[1050, [96, 116, 116, 12, 144, 4]]
[1051, [6, 42, 42, 42, 51, 7]]
[1052, [4, 8, 8, 42, 0, 8]]
[1053, [4, 24, 24, 57, 0, 8]]
[1054, [4, 40, 40, 72, 0, 8]]
[1055, [52, 56, 56, 87, 0, 8]]
[1056, [52, 72, 72, 102, 0, 8]]
[1057, [52, 88, 88, 102, 0, 8]]
[1058, [100, 104, 104, 117, 0, 8]]
[1059, [100, 120, 120, 147, 0, 8]]
[1060, [100, 136, 136, 33, 144, 8]]
[1061, [48, 52, 52, 48, 51, 1]]
[1062, [8, 28, 28, 48, 0, 12]]
[1063, [8, 44, 44, 48, 0, 12]]
[1064, [46, 50, 50, 108, 0, 2]]
[1065, [46, 66, 66, 138, 0, 2]]
[1066, [46, 82, 82, 138, 0, 2]]
[1067, [94, 98, 98, 153, 0, 2]]
[1068, [94, 114, 114, 24, 144, 2]]
[1069, [4, 40, 40, 39, 51, 5]]
[1070, [2, 6, 6, 39, 0, 6]]
[1071, [2, 22, 22, 54, 0, 6]]
[1072, [2, 38, 38, 54, 0, 6]]
[1073, [50, 54, 54, 69, 0, 6]]
[1074, [50, 70, 70, 84, 0, 6]]
[1075, [50, 86, 86, 99, 0, 6]]
[1076, [98, 102, 102, 114, 0, 6]]
[1077, [98, 118, 118, 129, 0, 6]]
[1078, [98, 134, 134, 144, 0, 6]]
[1079, [146, 150, 150, 45, 144, 6]]
[1080, [56, 76, 76, 75, 51, 9]]
[1081, [6, 42, 42, 90, 0, 10]]
[1082, [44, 48, 48, 90, 0, 0]]
[1083, [44, 64, 64, 90, 0, 0]]
[1084, [44, 80, 80, 135, 0, 0]]
[1085, [92, 96, 96, 165, 0, 0]]
[1086, [92, 112, 112, 21, 144, 0]]
[1087, [2, 38, 38, 36, 51, 3]]
[1088, [0, 4, 4, 66, 0, 4]]
[1089, [0, 20, 20, 81, 0, 4]]
[1090, [0, 36, 36, 81, 0, 4]]
[1091, [48, 52, 52, 96, 0, 4]]
[1092, [48, 68, 68, 96, 0, 4]]
[1093, [48, 84, 84, 111, 0, 4]]
[1094, [96, 100, 100, 126, 0, 4]]
[1095, [96, 116, 116, 141, 0, 4]]
[1096, [96, 132, 132, 156, 0, 4]]
[1097, [144, 148, 148, 12, 144, 4]]
[1098, [54, 74, 74, 27, 51, 7]]
[1099, [4, 40, 40, 72, 0, 8]]
[1100, [52, 56, 56, 102, 0, 8]]
[1101, [52, 72, 72, 117, 0, 8]]
[1102, [52, 88, 88, 117, 0, 8]]
[1103, [100, 104, 104, 117, 0, 8]]
[1104, [100, 120, 120, 162, 0, 8]]
[1105, [100, 136, 136, 48, 144, 8]]
[1106, [48, 52, 52, 48, 51, 1]]
[1107, [8, 28, 28, 63, 0, 12]]
[1108, [8, 44, 44, 93, 0, 12]]
[1109, [46, 50, 50, 108, 0, 2]]
[1110, [46, 66, 66, 108, 0, 2]]
[1111, [46, 82, 82, 123, 0, 2]]
[1112, [94, 98, 98, 123, 0, 2]]
[1113, [94, 114, 114, 123, 0, 2]]
[1114, [94, 130, 130, 138, 0, 2]]
[1115, [142, 146, 146, 168, 0, 2]]
[1116, [142, 162, 162, 39, 144, 2]]
[1117, [52, 88, 88, 39, 51, 5]]
[1118, [50, 54, 54, 54, 0, 6]]
[1119, [50, 70, 70, 99, 0, 6]]
[1120, [50, 86, 86, 144, 0, 6]]
[1121, [98, 102, 102, 15, 144, 6]]
[1122, [8, 28, 28, 15, 51, 9]]
[1123, [8, 44, 44, 15, 0, 60]]
[1124, [6, 10, 10, 60, 0, 10]]
[1125, [6, 26, 26, 90, 0, 10]]
[1126, [6, 42, 42, 90, 0, 10]]
[1127, [44, 48, 48, 105, 0, 0]]
[1128, [44, 64, 64, 135, 0, 0]]
[1129, [44, 80, 80, 150, 0, 0]]
[1130, [92, 96, 96, 6, 144, 0]]
[1131, [2, 22, 22, 21, 51, 3]]
[1132, [2, 38, 38, 21, 0, 54]]
[1133, [0, 4, 4, 21, 0, 4]]
[1134, [0, 20, 20, 36, 0, 4]]
[1135, [0, 36, 36, 66, 0, 4]]
[1136, [48, 52, 52, 81, 0, 4]]
[1137, [48, 68, 68, 81, 0, 4]]
[1138, [48, 84, 84, 96, 0, 4]]
[1139, [92, 100, 100, 141, 0, 4]]
[1140, [92, 116, 116, 186, 0, 4]]
[1141, [92, 132, 132, 57, 144, 4]]
[1142, [46, 58, 58, 57, 51, 7]]
[1143, [6, 34, 34, 57, 0, 18]]
[1144, [6, 50, 50, 102, 0, 18]]
[1145, [40, 56, 56, 132, 0, 8]]
[1146, [40, 72, 72, 132, 0, 8]]
[1147, [40, 88, 88, 147, 0, 8]]
[1148, [84, 104, 104, 33, 144, 8]]
[1149, [4, 40, 40, 48, 51, 21]]
[1150, [8, 56, 56, 48, 0, 72]]
[1151, [2, 22, 22, 63, 0, 22]]
[1152, [2, 38, 38, 63, 0, 22]]
[1153, [6, 54, 54, 63, 0, 22]]
[1154, [30, 50, 50, 78, 0, 2]]
[1155, [30, 66, 66, 108, 0, 2]]
[1156, [34, 82, 82, 123, 0, 2]]
[1157, [78, 98, 98, 123, 0, 2]]
[1158, [78, 114, 114, 138, 0, 2]]
[1159, [82, 130, 130, 183, 0, 2]]
[1160, [126, 146, 146, 69, 144, 2]]
[1161, [36, 72, 72, 84, 51, 5]]
[1162, [0, 48, 48, 84, 0, 16]]
[1163, [34, 54, 54, 84, 0, 6]]
[1164, [34, 70, 70, 129, 0, 6]]
[1165, [38, 86, 86, 159, 0, 6]]
[1166, [82, 102, 102, 15, 144, 6]]
[1167, [2, 38, 38, 30, 51, 19]]
[1168, [6, 54, 54, 60, 0, 70]]
[1169, [0, 20, 20, 75, 0, 20]]
[1170, [0, 36, 36, 75, 0, 20]]
[1171, [4, 52, 52, 90, 0, 20]]
[1172, [28, 48, 48, 90, 0, 0]]
[1173, [28, 64, 64, 90, 0, 0]]
[1174, [32, 80, 80, 105, 0, 0]]
[1175, [76, 96, 96, 135, 0, 0]]
[1176, [76, 112, 112, 150, 0, 0]]
[1177, [80, 128, 128, 6, 144, 0]]
[1178, [34, 54, 54, 21, 51, 3]]
[1179, [4, 40, 40, 66, 0, 24]]
[1180, [8, 56, 56, 96, 0, 24]]
[1181, [32, 52, 52, 111, 0, 4]]
[1182, [32, 68, 68, 111, 0, 4]]
[1183, [36, 84, 84, 111, 0, 4]]
[1184, [80, 100, 100, 156, 0, 4]]
[1185, [80, 116, 116, 42, 144, 4]]
[1186, [4, 52, 52, 42, 51, 17]]
[1187, [8, 28, 28, 57, 0, 28]]
[1188, [8, 44, 44, 87, 0, 28]]
[1189, [2, 50, 50, 102, 0, 18]]
[1190, [36, 56, 56, 102, 0, 8]]
[1191, [36, 72, 72, 117, 0, 8]]
[1192, [40, 88, 88, 117, 0, 8]]
[1193, [84, 104, 104, 117, 0, 8]]
[1194, [84, 120, 120, 132, 0, 8]]
[1195, [88, 136, 136, 147, 0, 8]]
[1196, [132, 152, 152, 33, 144, 8]]
[1197, [32, 68, 68, 33, 51, 1]]
[1198, [6, 54, 54, 48, 0, 22]]
[1199, [30, 50, 50, 93, 0, 2]]
[1200, [30, 66, 66, 123, 0, 2]]
[1201, [34, 82, 82, 138, 0, 2]]
[1202, [78, 98, 98, 138, 0, 2]]
[1203, [78, 114, 114, 138, 0, 2]]
[1204, [82, 130, 130, 183, 0, 2]]
[1205, [126, 146, 146, 69, 144, 2]]
[1206, [36, 72, 72, 69, 51, 5]]
[1207, [0, 48, 48, 99, 0, 16]]
[1208, [34, 54, 54, 129, 0, 6]]
[1209, [34, 70, 70, 144, 0, 6]]
[1210, [38, 86, 86, 0, 144, 6]]
[1211, [2, 22, 22, 15, 51, 19]]
[1212, [2, 38, 38, 15, 0, 70]]
[1213, [6, 54, 54, 15, 0, 70]]
[1214, [0, 20, 20, 30, 0, 20]]
[1215, [0, 36, 36, 45, 0, 20]]
[1216, [4, 52, 52, 75, 0, 20]]
[1217, [28, 48, 48, 75, 0, 0]]
[1218, [28, 64, 64, 90, 0, 0]]
[1219, [32, 80, 80, 135, 0, 0]]
[1220, [76, 96, 96, 165, 0, 0]]
[1221, [76, 112, 112, 36, 144, 0]]
[1222, [0, 48, 48, 36, 51, 13]]
[1223, [4, 24, 24, 36, 0, 24]]
[1224, [4, 40, 40, 81, 0, 24]]
[1225, [8, 56, 56, 111, 0, 24]]
[1226, [32, 52, 52, 111, 0, 4]]
[1227, [32, 68, 68, 141, 0, 4]]
[1228, [36, 84, 84, 171, 0, 4]]
[1229, [80, 100, 100, 42, 144, 4]]
[1230, [0, 36, 36, 42, 51, 17]]
[1231, [4, 52, 52, 42, 0, 68]]
[1232, [8, 28, 28, 42, 0, 28]]
[1233, [8, 44, 44, 42, 0, 28]]
[1234, [2, 50, 50, 57, 0, 18]]
[1235, [36, 56, 56, 72, 0, 8]]
[1236, [36, 72, 72, 102, 0, 8]]
[1237, [40, 88, 88, 102, 0, 8]]
[1238, [84, 104, 104, 102, 0, 8]]
[1239, [84, 120, 120, 147, 0, 8]]
[1240, [88, 136, 136, 48, 144, 8]]
[1241, [32, 52, 52, 63, 51, 1]]
[1242, [2, 38, 38, 63, 0, 22]]
[1243, [6, 54, 54, 63, 0, 22]]
[1244, [30, 50, 50, 108, 0, 2]]
[1245, [30, 66, 66, 138, 0, 2]]
[1246, [34, 82, 82, 153, 0, 2]]
[1247, [78, 98, 98, 24, 144, 2]]
[1248, [8, 44, 44, 54, 51, 25]]
[1249, [2, 50, 50, 69, 0, 66]]
[1250, [6, 26, 26, 69, 0, 26]]
[1251, [6, 42, 42, 69, 0, 26]]
[1252, [0, 48, 48, 69, 0, 16]]
[1253, [34, 54, 54, 69, 0, 6]]
[1254, [34, 70, 70, 84, 0, 6]]
[1255, [38, 86, 86, 99, 0, 6]]
[1256, [82, 102, 102, 129, 0, 6]]
[1257, [82, 118, 118, 129, 0, 6]]
[1258, [86, 134, 134, 144, 0, 6]]
[1259, [130, 150, 150, 45, 144, 6]]
[1260, [40, 76, 76, 90, 51, 9]]
[1261, [4, 52, 52, 105, 0, 20]]
[1262, [28, 48, 48, 105, 0, 0]]
[1263, [28, 64, 64, 105, 0, 0]]
[1264, [32, 80, 80, 150, 0, 0]]
[1265, [76, 96, 96, 36, 144, 0]]
[1266, [6, 42, 42, 51, 51, 23]]
[1267, [0, 48, 48, 66, 0, 64]]
[1268, [4, 24, 24, 96, 0, 24]]
[1269, [4, 40, 40, 111, 0, 24]]
[1270, [8, 56, 56, 111, 0, 24]]
[1271, [32, 52, 52, 111, 0, 4]]
[1272, [32, 68, 68, 111, 0, 4]]
[1273, [36, 84, 84, 111, 0, 4]]
[1274, [80, 100, 100, 126, 0, 4]]
[1275, [80, 116, 116, 141, 0, 4]]
[1276, [84, 132, 132, 171, 0, 4]]
[1277, [128, 148, 148, 27, 144, 4]]
[1278, [38, 74, 74, 42, 51, 7]]
[1279, [2, 50, 50, 72, 0, 18]]
[1280, [36, 56, 56, 117, 0, 8]]
[1281, [36, 72, 72, 132, 0, 8]]
[1282, [40, 88, 88, 132, 0, 8]]
[1283, [84, 104, 104, 132, 0, 8]]
[1284, [84, 120, 120, 177, 0, 8]]
[1285, [88, 136, 136, 78, 144, 8]]
[1286, [32, 52, 52, 93, 51, 1]]
[1287, [2, 38, 38, 108, 0, 22]]
[1288, [6, 54, 54, 138, 0, 22]]
[1289, [30, 50, 50, 153, 0, 2]]
[1290, [30, 66, 66, 9, 144, 2]]
[1291, [4, 52, 52, 9, 51, 65]]
[1292, [8, 28, 28, 9, 0, 76]]
[1293, [8, 44, 44, 9, 0, 76]]
[1294, [2, 50, 50, 24, 0, 66]]
[1295, [6, 26, 26, 39, 0, 26]]
[1296, [6, 42, 42, 69, 0, 26]]
[1297, [0, 48, 48, 69, 0, 16]]
[1298, [34, 54, 54, 84, 0, 6]]
[1299, [34, 70, 70, 114, 0, 6]]
[1300, [38, 86, 86, 159, 0, 6]]
[1301, [82, 102, 102, 30, 144, 6]]
[1302, [2, 38, 38, 30, 51, 19]]
[1303, [6, 54, 54, 30, 0, 70]]
[1304, [0, 20, 20, 75, 0, 20]]
[1305, [0, 36, 36, 120, 0, 20]]
[1306, [4, 52, 52, 135, 0, 20]]
[1307, [28, 48, 48, 150, 0, 0]]
[1308, [28, 64, 64, 36, 144, 0]]
[1309, [2, 50, 50, 51, 51, 63]]
[1310, [6, 26, 26, 51, 0, 74]]
[1311, [6, 42, 42, 51, 0, 74]]
[1312, [0, 48, 48, 51, 0, 64]]
[1313, [4, 24, 24, 51, 0, 24]]
[1314, [4, 40, 40, 66, 0, 24]]
[1315, [8, 56, 56, 81, 0, 24]]
[1316, [32, 52, 52, 111, 0, 4]]
[1317, [32, 68, 68, 111, 0, 4]]
[1318, [36, 84, 84, 126, 0, 4]]
[1319, [80, 100, 100, 156, 0, 4]]
[1320, [80, 116, 116, 57, 144, 4]]
[1321, [4, 52, 52, 72, 51, 17]]
[1322, [8, 28, 28, 72, 0, 28]]
[1323, [8, 44, 44, 72, 0, 28]]
[1324, [2, 50, 50, 117, 0, 18]]
[1325, [36, 56, 56, 162, 0, 8]]
[1326, [36, 72, 72, 33, 144, 8]]
[1327, [0, 48, 48, 48, 51, 61]]
[1328, [4, 24, 24, 78, 0, 72]]
[1329, [4, 40, 40, 93, 0, 72]]
[1330, [8, 56, 56, 93, 0, 72]]
[1331, [2, 22, 22, 93, 0, 22]]
[1332, [2, 38, 38, 93, 0, 22]]
[1333, [6, 54, 54, 93, 0, 22]]
[1334, [30, 50, 50, 108, 0, 2]]
[1335, [30, 66, 66, 123, 0, 2]]
[1336, [34, 82, 82, 153, 0, 2]]
[1337, [78, 98, 98, 9, 144, 2]]
[1338, [8, 44, 44, 24, 51, 25]]
[1339, [2, 50, 50, 54, 0, 66]]
[1340, [6, 26, 26, 99, 0, 26]]
[1341, [6, 42, 42, 114, 0, 26]]
[1342, [0, 48, 48, 114, 0, 16]]
[1343, [34, 54, 54, 114, 0, 6]]
[1344, [34, 70, 70, 159, 0, 6]]
[1345, [38, 86, 86, 60, 144, 6]]
[1346, [2, 22, 22, 75, 51, 19]]
[1347, [2, 38, 38, 90, 0, 70]]
[1348, [6, 54, 54, 120, 0, 70]]
[1349, [0, 20, 20, 135, 0, 20]]
[1350, [0, 36, 36, 135, 0, 20]]
[1351, [4, 52, 52, 135, 0, 20]]
[1352, [28, 48, 48, 135, 0, 0]]
[1353, [28, 64, 64, 135, 0, 0]]
[1354, [32, 80, 80, 150, 0, 0]]
[1355, [76, 96, 96, 21, 144, 0]]
[1356, [6, 42, 42, 51, 51, 23]]
[1357, [0, 48, 48, 51, 0, 64]]
[1358, [4, 24, 24, 66, 0, 24]]
[1359, [4, 40, 40, 96, 0, 24]]
[1360, [8, 56, 56, 141, 0, 24]]
[1361, [32, 52, 52, 156, 0, 4]]
[1362, [32, 68, 68, 12, 144, 4]]
[1363, [6, 54, 54, 12, 51, 67]]
[1364, [0, 20, 20, 57, 0, 68]]
[1365, [0, 36, 36, 102, 0, 68]]
[1366, [4, 52, 52, 117, 0, 68]]
[1367, [8, 28, 28, 132, 0, 28]]
[1368, [8, 44, 44, 162, 0, 28]]
[1369, [2, 50, 50, 33, 144, 18]]
[1370, [6, 26, 26, 33, 51, 71]]
[1371, [6, 42, 42, 33, 0, 122]]
[1372, [0, 48, 48, 33, 0, 112]]
[1373, [4, 24, 24, 33, 0, 72]]
[1374, [4, 40, 40, 48, 0, 72]]
[1375, [8, 56, 56, 63, 0, 72]]
[1376, [2, 22, 22, 93, 0, 22]]
[1377, [2, 38, 38, 93, 0, 22]]
[1378, [6, 54, 54, 108, 0, 22]]
[1379, [30, 50, 50, 138, 0, 2]]
[1380, [30, 66, 66, 183, 0, 2]]
[1381, [34, 82, 82, 54, 144, 2]]
[1382, [8, 28, 28, 54, 51, 25]]
[1383, [8, 44, 44, 54, 0, 76]]
[1384, [2, 50, 50, 99, 0, 66]]
[1385, [6, 26, 26, 144, 0, 26]]
[1386, [6, 42, 42, 15, 144, 26]]
[1387, [0, 48, 48, 30, 51, 109]]
[1388, [4, 24, 24, 60, 0, 120]]
[1389, [4, 40, 40, 75, 0, 120]]
[1390, [8, 56, 56, 75, 0, 120]]
[1391, [2, 22, 22, 75, 0, 70]]
[1392, [2, 38, 38, 75, 0, 70]]
[1393, [6, 54, 54, 75, 0, 70]]
[1394, [0, 20, 20, 90, 0, 20]]
[1395, [0, 36, 36, 105, 0, 20]]
[1396, [4, 52, 52, 135, 0, 20]]
[1397, [28, 48, 48, 135, 0, 0]]
[1398, [28, 64, 64, 150, 0, 0]]
[1399, [32, 80, 80, 36, 144, 0]]
[1400, [6, 26, 26, 81, 51, 23]]
[1401, [6, 42, 42, 96, 0, 74]]
[1402, [0, 48, 48, 96, 0, 64]]
[1403, [4, 24, 24, 96, 0, 24]]
[1404, [4, 40, 40, 141, 0, 24]]
[1405, [8, 56, 56, 186, 0, 24]]
[1406, [32, 52, 52, 57, 144, 4]]
[1407, [2, 38, 38, 72, 51, 67]]
[1408, [6, 54, 54, 102, 0, 118]]
[1409, [0, 20, 20, 117, 0, 68]]
[1410, [0, 36, 36, 117, 0, 68]]
[1411, [4, 52, 52, 117, 0, 68]]
[1412, [8, 28, 28, 117, 0, 28]]
[1413, [8, 44, 44, 117, 0, 28]]
[1414, [2, 50, 50, 132, 0, 18]]
[1415, [36, 56, 56, 147, 0, 8]]
[1416, [36, 72, 72, 33, 144, 8]]
[1417, [0, 48, 48, 33, 51, 61]]
[1418, [4, 24, 24, 33, 0, 72]]
[1419, [4, 40, 40, 63, 0, 72]]
[1420, [8, 56, 56, 108, 0, 72]]
[1421, [2, 22, 22, 123, 0, 22]]
[1422, [2, 38, 38, 123, 0, 22]]
[1423, [6, 54, 54, 123, 0, 22]]
[1424, [30, 50, 50, 153, 0, 2]]
[1425, [30, 66, 66, 54, 144, 2]]
[1426, [4, 52, 52, 69, 51, 65]]
[1427, [8, 28, 28, 84, 0, 76]]
[1428, [8, 44, 44, 114, 0, 76]]
[1429, [2, 50, 50, 144, 0, 66]]
[1430, [6, 26, 26, 0, 144, 26]]
[1431, [6, 42, 42, 0, 51, 119]]
[1432, [0, 48, 48, 0, 0, 160]]
[1433, [4, 24, 24, 0, 0, 120]]
[1434, [4, 40, 40, 15, 0, 120]]
[1435, [8, 56, 56, 30, 0, 120]]
[1436, [2, 22, 22, 60, 0, 70]]
[1437, [2, 38, 38, 60, 0, 70]]
[1438, [6, 54, 54, 60, 0, 70]]
[1439, [0, 20, 20, 90, 0, 20]]
