SimulationV01.py[0, 287]
[1, 135]
[2, 135]
[3, 261]
[4, 135]
[5, 135]
[6, 261]
[7, 135]
[8, 135]
[9, 261]
[10, 135]
[11, 135]
[12, 261]
[13, 135]
[14, 135]
[15, 261]
[16, 135]
[17, 135]
[18, 261]
[19, 135]
[20, 160]
[21, 261]
[22, 135]
[23, 135]
[24, 261]
[25, 135]
[26, 135]
[27, 261]
[28, 136]
[29, 135]
[30, 261]
[31, 135]
[32, 135]
[33, 261]
[34, 135]
[35, 135]
[36, 261]
[37, 135]
[38, 135]
[39, 261]
[40, 160]
[41, 135]
[42, 261]
[43, 135]
[44, 135]
[45, 261]
[46, 135]
[47, 135]
[48, 262]
[49, 135]
[50, 135]
[51, 261]
[52, 135]
[53, 135]
[54, 261]
[55, 135]
[56, 135]
[57, 261]
[58, 135]
[59, 135]
[60, 286]
[61, 135]
[62, 135]
[63, 261]
[64, 135]
[65, 135]
[66, 261]
[67, 135]
[68, 136]
[69, 261]
[70, 135]
[71, 135]
[72, 261]
[73, 135]
[74, 135]
[75, 261]
[76, 135]
[77, 135]
[78, 261]
[79, 135]
[80, 159]
[81, 261]
[82, 135]
[83, 135]
[84, 261]
[85, 135]
[86, 135]
[87, 261]
[88, 136]
[89, 135]
[90, 261]
[91, 135]
[92, 136]
[93, 261]
[94, 135]
[95, 135]
[96, 261]
[97, 135]
[98, 135]
[99, 261]
[100, 157]
[101, 136]
[102, 261]
[103, 135]
[104, 135]
[105, 261]
[106, 135]
[107, 135]
[108, 262]
[109, 135]
[110, 135]
[111, 261]
[112, 136]
[113, 135]
[114, 261]
[115, 135]
[116, 135]
[117, 261]
[118, 135]
[119, 135]
[120, 283]
[121, 136]
[122, 136]
[123, 261]
[124, 135]
[125, 135]
[126, 261]
[127, 135]
[128, 136]
[129, 261]
[130, 135]
[131, 135]
[132, 262]
[133, 135]
[134, 135]
[135, 261]
[136, 135]
[137, 135]
[138, 261]
[139, 135]
[140, 157]
[141, 262]
[142, 136]
[143, 135]
[144, 261]
[145, 135]
[146, 135]
[147, 261]
[148, 136]
[149, 135]
[150, 261]
[151, 135]
[152, 136]
[153, 261]
[154, 135]
[155, 135]
[156, 261]
[157, 135]
[158, 135]
[159, 261]
[160, 155]
[161, 136]
[162, 262]
[163, 135]
[164, 135]
[165, 261]
[166, 135]
[167, 135]
[168, 261]
[169, 135]
[170, 136]
[171, 261]
[172, 136]
[173, 135]
[174, 261]
[175, 135]
[176, 135]
[177, 262]
[178, 136]
[179, 135]
[180, 279]
[181, 136]
[182, 136]
[183, 262]
[184, 136]
[185, 135]
[186, 261]
[187, 135]
[188, 135]
[189, 261]
[190, 136]
[191, 135]
[192, 262]
[193, 135]
[194, 135]
[195, 261]
[196, 135]
[197, 136]
[198, 262]
[199, 135]
[200, 153]
[201, 262]
[202, 136]
[203, 136]
[204, 262]
[205, 135]
[206, 135]
[207, 261]
[208, 135]
[209, 135]
[210, 262]
[211, 135]
[212, 136]
[213, 261]
[214, 135]
[215, 135]
[216, 261]
[217, 136]
[218, 136]
[219, 261]
[220, 152]
[221, 136]
[222, 262]
[223, 136]
[224, 136]
[225, 261]
[226, 135]
[227, 135]
[228, 261]
[229, 135]
[230, 136]
[231, 262]
[232, 136]
[233, 135]
[234, 261]
[235, 135]
[236, 135]
[237, 262]
[238, 136]
[239, 135]
[240, 277]
[241, 136]
[242, 136]
[243, 263]
[244, 136]
[245, 135]
[246, 261]
[247, 135]
[248, 135]
[249, 261]
[250, 136]
[251, 135]
[252, 262]
[253, 135]
[254, 135]
[255, 261]
[256, 135]
[257, 136]
[258, 262]
[259, 136]
[260, 149]
[261, 262]
[262, 136]
[263, 137]
[264, 262]
[265, 135]
[266, 136]
[267, 262]
[268, 135]
[269, 135]
[270, 262]
[271, 135]
[272, 136]
[273, 261]
[274, 135]
[275, 135]
[276, 261]
[277, 136]
[278, 136]
[279, 262]
[280, 149]
[281, 136]
[282, 262]
[283, 137]
[284, 136]
[285, 261]
[286, 136]
[287, 136]
[288, 261]
[289, 135]
[290, 136]
[291, 261]
[292, 136]
[293, 135]
[294, 261]
[295, 135]
[296, 135]
[297, 262]
[298, 136]
[299, 136]
[300, 275]
[301, 136]
[302, 136]
[303, 263]
[304, 136]
[305, 135]
[306, 262]
[307, 136]
[308, 135]
[309, 261]
[310, 136]
[311, 135]
[312, 262]
[313, 135]
[314, 135]
[315, 261]
[316, 135]
[317, 136]
[318, 262]
[319, 136]
[320, 148]
[321, 262]
[322, 136]
[323, 137]
[324, 262]
[325, 135]
[326, 136]
[327, 263]
[328, 135]
[329, 135]
[330, 262]
[331, 135]
[332, 136]
[333, 261]
[334, 135]
[335, 135]
[336, 261]
[337, 136]
[338, 136]
[339, 262]
[340, 148]
[341, 136]
[342, 262]
[343, 137]
[344, 136]
[345, 261]
[346, 136]
[347, 136]
[348, 262]
[349, 135]
[350, 136]
[351, 261]
[352, 136]
[353, 135]
[354, 261]
[355, 135]
[356, 135]
[357, 262]
[358, 136]
[359, 136]
[360, 274]
[361, 136]
[362, 136]
[363, 262]
[364, 137]
[365, 135]
[366, 262]
[367, 136]
[368, 136]
[369, 261]
[370, 136]
[371, 135]
[372, 262]
[373, 135]
[374, 135]
[375, 261]
[376, 135]
[377, 136]
[378, 262]
[379, 136]
[380, 148]
[381, 262]
[382, 136]
[383, 136]
[384, 263]
[385, 135]
[386, 136]
[387, 262]
[388, 136]
[389, 135]
[390, 262]
[391, 135]
[392, 136]
[393, 261]
[394, 135]
[395, 135]
[396, 261]
[397, 136]
[398, 136]
[399, 262]
[400, 148]
[401, 136]
[402, 262]
[403, 136]
[404, 137]
[405, 261]
[406, 136]
[407, 136]
[408, 262]
[409, 135]
[410, 136]
[411, 261]
[412, 136]
[413, 135]
[414, 261]
[415, 135]
[416, 135]
[417, 262]
[418, 136]
[419, 136]
[420, 273]
[421, 136]
[422, 136]
[423, 263]
[424, 137]
[425, 135]
[426, 262]
[427, 136]
[428, 136]
[429, 261]
[430, 136]
[431, 135]
[432, 262]
[433, 135]
[434, 135]
[435, 261]
[436, 135]
[437, 136]
[438, 262]
[439, 136]
[440, 146]
[441, 262]
[442, 136]
[443, 137]
[444, 263]
[445, 135]
[446, 136]
[447, 263]
[448, 136]
[449, 135]
[450, 262]
[451, 135]
[452, 136]
[453, 261]
[454, 135]
[455, 135]
[456, 261]
[457, 136]
[458, 135]
[459, 262]
[460, 147]
[461, 136]
[462, 262]
[463, 137]
[464, 137]
[465, 261]
[466, 136]
[467, 137]
[468, 262]
[469, 135]
[470, 136]
[471, 261]
[472, 136]
[473, 135]
[474, 261]
[475, 135]
[476, 135]
[477, 262]
[478, 135]
[479, 135]
