SimulationV06.py[0, 250]
[1, 120]
[2, 120]
[3, 228]
[4, 120]
[5, 120]
[6, 228]
[7, 120]
[8, 120]
[9, 228]
[10, 120]
[11, 120]
[12, 228]
[13, 120]
[14, 120]
[15, 228]
[16, 120]
[17, 120]
[18, 228]
[19, 120]
[20, 142]
[21, 228]
[22, 120]
[23, 120]
[24, 228]
[25, 120]
[26, 120]
[27, 228]
[28, 120]
[29, 120]
[30, 228]
[31, 120]
[32, 120]
[33, 228]
[34, 120]
[35, 120]
[36, 228]
[37, 120]
[38, 120]
[39, 228]
[40, 142]
[41, 120]
[42, 228]
[43, 120]
[44, 120]
[45, 228]
[46, 120]
[47, 120]
[48, 228]
[49, 120]
[50, 120]
[51, 228]
[52, 120]
[53, 120]
[54, 228]
[55, 120]
[56, 120]
[57, 228]
[58, 120]
[59, 120]
[60, 249]
[61, 120]
[62, 120]
[63, 228]
[64, 120]
[65, 120]
[66, 228]
[67, 120]
[68, 120]
[69, 228]
[70, 120]
[71, 120]
[72, 229]
[73, 120]
[74, 120]
[75, 228]
[76, 120]
[77, 120]
[78, 228]
[79, 120]
[80, 140]
[81, 228]
[82, 120]
[83, 120]
[84, 228]
[85, 120]
[86, 120]
[87, 228]
[88, 120]
[89, 120]
[90, 228]
[91, 121]
[92, 121]
[93, 228]
[94, 120]
[95, 120]
[96, 228]
[97, 120]
[98, 120]
[99, 228]
[100, 140]
[101, 120]
[102, 228]
[103, 120]
[104, 120]
[105, 228]
[106, 120]
[107, 120]
[108, 228]
[109, 120]
[110, 120]
[111, 229]
[112, 121]
[113, 120]
[114, 228]
[115, 120]
[116, 120]
[117, 228]
[118, 120]
[119, 120]
[120, 245]
[121, 120]
[122, 120]
[123, 228]
[124, 120]
[125, 120]
[126, 228]
[127, 120]
[128, 120]
[129, 228]
[130, 120]
[131, 121]
[132, 229]
[133, 120]
[134, 120]
[135, 228]
[136, 120]
[137, 120]
[138, 228]
[139, 121]
[140, 136]
[141, 228]
[142, 120]
[143, 120]
[144, 229]
[145, 121]
[146, 120]
[147, 228]
[148, 120]
[149, 120]
[150, 228]
[151, 121]
[152, 121]
[153, 228]
[154, 120]
[155, 120]
[156, 228]
[157, 120]
[158, 120]
[159, 229]
[160, 136]
[161, 120]
[162, 228]
[163, 120]
[164, 121]
[165, 229]
[166, 120]
[167, 120]
[168, 228]
[169, 120]
[170, 120]
[171, 228]
[172, 121]
[173, 120]
[174, 228]
[175, 120]
[176, 121]
[177, 228]
[178, 120]
[179, 121]
[180, 244]
[181, 120]
[182, 120]
[183, 228]
[184, 121]
[185, 121]
[186, 228]
[187, 120]
[188, 120]
[189, 228]
[190, 121]
[191, 120]
[192, 229]
[193, 120]
[194, 120]
[195, 228]
[196, 121]
[197, 120]
[198, 228]
[199, 121]
[200, 136]
[201, 228]
[202, 120]
[203, 120]
[204, 228]
[205, 121]
[206, 120]
[207, 229]
[208, 120]
[209, 120]
[210, 220]
[211, 120]
[212, 121]
[213, 228]
[214, 120]
[215, 120]
[216, 229]
[217, 120]
[218, 120]
[219, 229]
[220, 136]
[221, 120]
[222, 228]
[223, 120]
[224, 120]
[225, 229]
[226, 120]
[227, 121]
[228, 228]
[229, 120]
[230, 121]
[231, 228]
[232, 121]
[233, 120]
[234, 228]
[235, 120]
[236, 121]
[237, 228]
[238, 120]
[239, 121]
[240, 244]
[241, 120]
[242, 120]
[243, 228]
[244, 120]
[245, 121]
[246, 228]
[247, 121]
[248, 120]
[249, 228]
[250, 121]
[251, 120]
[252, 229]
[253, 120]
[254, 120]
[255, 228]
[256, 121]
[257, 120]
[258, 228]
[259, 121]
[260, 134]
[261, 228]
[262, 120]
[263, 120]
[264, 228]
[265, 121]
[266, 120]
[267, 229]
[268, 120]
[269, 120]
[270, 230]
[271, 120]
[272, 121]
[273, 228]
[274, 120]
[275, 120]
[276, 229]
[277, 120]
[278, 120]
[279, 229]
[280, 134]
[281, 120]
[282, 228]
[283, 120]
[284, 120]
[285, 229]
[286, 120]
[287, 121]
[288, 228]
[289, 120]
[290, 122]
[291, 228]
[292, 121]
[293, 120]
[294, 228]
[295, 121]
[296, 121]
[297, 228]
[298, 120]
[299, 121]
[300, 242]
[301, 120]
[302, 120]
[303, 228]
[304, 120]
[305, 121]
[306, 228]
[307, 121]
[308, 120]
[309, 228]
[310, 122]
[311, 120]
[312, 229]
[313, 120]
[314, 120]
[315, 229]
[316, 121]
[317, 120]
[318, 228]
[319, 121]
[320, 134]
[321, 228]
[322, 120]
[323, 120]
[324, 228]
[325, 121]
[326, 120]
[327, 228]
[328, 120]
[329, 120]
[330, 230]
[331, 120]
[332, 121]
[333, 229]
[334, 120]
[335, 121]
[336, 229]
[337, 120]
[338, 120]
[339, 229]
[340, 133]
[341, 120]
[342, 228]
[343, 120]
[344, 120]
[345, 230]
[346, 120]
[347, 120]
[348, 228]
[349, 120]
[350, 122]
[351, 228]
[352, 121]
[353, 121]
[354, 228]
[355, 121]
[356, 121]
[357, 228]
[358, 120]
[359, 121]
[360, 241]
[361, 120]
[362, 120]
[363, 228]
[364, 120]
[365, 122]
[366, 228]
[367, 120]
[368, 120]
[369, 228]
[370, 122]
[371, 120]
[372, 229]
[373, 121]
[374, 120]
[375, 229]
[376, 121]
[377, 120]
[378, 228]
[379, 121]
[380, 133]
[381, 228]
[382, 120]
[383, 120]
[384, 228]
[385, 122]
[386, 120]
[387, 228]
[388, 120]
[389, 120]
[390, 230]
[391, 120]
[392, 121]
[393, 229]
[394, 120]
[395, 121]
[396, 229]
[397, 120]
[398, 120]
[399, 229]
[400, 133]
[401, 120]
[402, 228]
[403, 120]
[404, 120]
[405, 230]
[406, 120]
[407, 120]
[408, 228]
[409, 120]
[410, 122]
[411, 228]
[412, 121]
[413, 121]
[414, 228]
[415, 121]
[416, 121]
[417, 228]
[418, 120]
[419, 121]
[420, 239]
[421, 121]
[422, 120]
[423, 228]
[424, 120]
[425, 122]
[426, 228]
[427, 120]
[428, 120]
[429, 229]
[430, 122]
[431, 120]
[432, 229]
[433, 121]
[434, 120]
[435, 229]
[436, 121]
[437, 120]
[438, 228]
[439, 121]
[440, 131]
[441, 229]
[442, 120]
[443, 120]
[444, 228]
[445, 122]
[446, 120]
[447, 228]
[448, 120]
[449, 121]
[450, 230]
[451, 120]
[452, 121]
[453, 229]
[454, 120]
[455, 121]
[456, 229]
[457, 120]
[458, 120]
[459, 229]
[460, 131]
[461, 121]
[462, 228]
[463, 120]
[464, 120]
[465, 230]
[466, 120]
[467, 120]
[468, 228]
[469, 121]
[470, 122]
[471, 228]
[472, 121]
[473, 121]
[474, 228]
[475, 121]
[476, 121]
[477, 228]
[478, 120]
[479, 121]
[480, 238]
[481, 121]
[482, 120]
[483, 228]
[484, 120]
[485, 121]
[486, 228]
[487, 120]
[488, 121]
[489, 229]
[490, 122]
[491, 120]
[492, 229]
[493, 121]
[494, 120]
[495, 229]
[496, 121]
[497, 120]
[498, 228]
[499, 121]
[500, 129]
[501, 230]
[502, 120]
[503, 120]
[504, 228]
[505, 121]
[506, 120]
[507, 229]
[508, 121]
[509, 121]
[510, 230]
[511, 120]
[512, 121]
[513, 229]
[514, 120]
[515, 121]
[516, 229]
[517, 120]
[518, 120]
[519, 229]
[520, 129]
[521, 122]
[522, 228]
[523, 120]
[524, 120]
[525, 229]
[526, 120]
[527, 121]
[528, 229]
[529, 121]
[530, 122]
[531, 228]
[532, 121]
[533, 121]
[534, 228]
[535, 121]
[536, 121]
[537, 228]
[538, 120]
[539, 121]
[540, 236]
[541, 122]
[542, 120]
[543, 228]
[544, 120]
[545, 122]
[546, 228]
[547, 121]
[548, 121]
[549, 229]
[550, 122]
[551, 120]
[552, 229]
[553, 121]
[554, 120]
[555, 229]
[556, 121]
[557, 120]
[558, 228]
[559, 121]
[560, 127]
[561, 230]
[562, 121]
[563, 120]
[564, 228]
[565, 122]
[566, 120]
[567, 229]
[568, 121]
[569, 121]
[570, 230]
[571, 120]
[572, 121]
[573, 229]
[574, 120]
[575, 121]
[576, 229]
[577, 120]
[578, 120]
[579, 229]
[580, 127]
[581, 122]
[582, 229]
[583, 120]
[584, 120]
[585, 230]
[586, 120]
[587, 121]
[588, 229]
[589, 121]
[590, 122]
[591, 228]
[592, 121]
[593, 120]
[594, 228]
[595, 122]
[596, 121]
[597, 228]
[598, 120]
[599, 121]
[600, 235]
[601, 122]
[602, 121]
[603, 228]
[604, 120]
[605, 122]
[606, 228]
[607, 121]
[608, 121]
[609, 229]
[610, 122]
[611, 120]
[612, 229]
[613, 120]
[614, 120]
[615, 230]
[616, 121]
[617, 120]
[618, 228]
[619, 121]
[620, 127]
[621, 230]
[622, 120]
[623, 120]
[624, 228]
[625, 122]
[626, 120]
[627, 228]
[628, 121]
[629, 121]
[630, 230]
[631, 120]
[632, 121]
[633, 228]
[634, 120]
[635, 121]
[636, 230]
[637, 120]
[638, 120]
[639, 229]
[640, 127]
[641, 122]
[642, 228]
[643, 120]
[644, 120]
[645, 231]
[646, 121]
[647, 120]
[648, 229]
[649, 121]
[650, 122]
[651, 228]
[652, 121]
[653, 120]
[654, 228]
[655, 121]
[656, 122]
[657, 228]
[658, 120]
[659, 121]
[660, 234]
[661, 122]
[662, 121]
[663, 228]
[664, 120]
[665, 123]
[666, 229]
[667, 120]
[668, 121]
[669, 229]
[670, 122]
[671, 120]
[672, 229]
[673, 120]
[674, 120]
[675, 229]
[676, 122]
[677, 120]
[678, 228]
[679, 121]
[680, 126]
[681, 230]
[682, 121]
[683, 120]
[684, 228]
[685, 123]
[686, 121]
[687, 228]
[688, 121]
[689, 121]
[690, 230]
[691, 120]
[692, 121]
[693, 228]
[694, 120]
[695, 121]
[696, 230]
[697, 120]
[698, 120]
[699, 229]
[700, 126]
[701, 122]
[702, 229]
[703, 120]
[704, 120]
[705, 231]
[706, 121]
[707, 120]
[708, 229]
[709, 121]
[710, 122]
[711, 228]
[712, 121]
[713, 120]
[714, 228]
[715, 121]
[716, 122]
[717, 228]
[718, 120]
[719, 121]
[720, 234]
[721, 122]
[722, 121]
[723, 228]
[724, 120]
[725, 123]
[726, 229]
[727, 120]
[728, 121]
[729, 229]
[730, 122]
[731, 120]
[732, 229]
[733, 120]
[734, 120]
[735, 229]
[736, 122]
[737, 120]
[738, 228]
[739, 121]
[740, 126]
[741, 230]
[742, 121]
[743, 120]
[744, 228]
[745, 123]
[746, 121]
[747, 228]
[748, 121]
[749, 121]
[750, 230]
[751, 120]
[752, 121]
[753, 228]
[754, 120]
[755, 121]
[756, 230]
[757, 120]
[758, 120]
[759, 229]
[760, 126]
[761, 122]
[762, 229]
[763, 120]
[764, 120]
[765, 231]
[766, 121]
[767, 120]
[768, 229]
[769, 121]
[770, 122]
[771, 228]
[772, 121]
[773, 120]
[774, 228]
[775, 121]
[776, 121]
[777, 228]
[778, 120]
[779, 121]
[780, 232]
[781, 122]
[782, 121]
[783, 228]
[784, 120]
[785, 123]
[786, 229]
[787, 120]
[788, 121]
[789, 229]
[790, 121]
[791, 120]
[792, 231]
[793, 120]
[794, 121]
[795, 229]
[796, 122]
[797, 120]
[798, 228]
[799, 121]
[800, 124]
[801, 230]
[802, 121]
[803, 120]
[804, 228]
[805, 123]
[806, 121]
[807, 228]
[808, 121]
[809, 121]
[810, 229]
[811, 120]
[812, 123]
[813, 228]
[814, 121]
[815, 121]
[816, 230]
[817, 120]
[818, 120]
[819, 229]
[820, 124]
[821, 122]
[822, 229]
[823, 120]
[824, 120]
[825, 230]
[826, 121]
[827, 120]
[828, 229]
[829, 121]
[830, 121]
[831, 228]
[832, 123]
[833, 120]
[834, 229]
[835, 121]
[836, 122]
[837, 228]
[838, 120]
[839, 121]
[840, 231]
[841, 122]
[842, 121]
[843, 228]
[844, 120]
[845, 123]
[846, 229]
[847, 120]
[848, 121]
[849, 229]
[850, 121]
[851, 120]
[852, 231]
[853, 120]
[854, 121]
[855, 229]
[856, 123]
[857, 120]
[858, 228]
[859, 121]
[860, 123]
[861, 230]
[862, 121]
[863, 120]
[864, 228]
[865, 123]
[866, 121]
[867, 228]
[868, 121]
[869, 121]
[870, 229]
[871, 120]
[872, 123]
[873, 228]
[874, 121]
[875, 121]
[876, 231]
[877, 120]
[878, 120]
[879, 229]
[880, 123]
[881, 122]
[882, 229]
[883, 120]
[884, 120]
[885, 231]
[886, 121]
[887, 120]
[888, 229]
[889, 121]
[890, 121]
[891, 228]
[892, 123]
[893, 120]
[894, 229]
[895, 121]
[896, 123]
[897, 228]
[898, 120]
[899, 121]
[900, 231]
[901, 122]
[902, 121]
[903, 228]
[904, 120]
[905, 123]
[906, 229]
[907, 120]
[908, 121]
[909, 229]
[910, 121]
[911, 120]
[912, 230]
[913, 120]
[914, 121]
[915, 229]
[916, 123]
[917, 120]
[918, 228]
[919, 121]
[920, 123]
[921, 230]
[922, 120]
[923, 120]
[924, 228]
[925, 123]
[926, 122]
[927, 228]
[928, 121]
[929, 121]
[930, 229]
[931, 120]
[932, 122]
[933, 228]
[934, 121]
[935, 121]
[936, 231]
[937, 121]
[938, 120]
[939, 229]
[940, 123]
[941, 122]
[942, 228]
[943, 120]
[944, 120]
[945, 231]
[946, 122]
[947, 120]
[948, 229]
[949, 121]
[950, 121]
[951, 228]
[952, 122]
[953, 120]
[954, 229]
[955, 121]
[956, 122]
[957, 229]
[958, 120]
[959, 121]
[960, 231]
[961, 122]
[962, 121]
[963, 228]
[964, 120]
[965, 123]
[966, 230]
[967, 120]
[968, 121]
[969, 229]
[970, 121]
[971, 120]
[972, 230]
[973, 120]
[974, 121]
[975, 229]
[976, 122]
[977, 121]
[978, 228]
[979, 121]
[980, 123]
[981, 230]
[982, 121]
[983, 120]
[984, 228]
[985, 123]
[986, 122]
[987, 228]
[988, 121]
[989, 121]
[990, 229]
[991, 120]
[992, 122]
[993, 228]
[994, 121]
[995, 121]
[996, 230]
[997, 121]
[998, 120]
[999, 229]
[1000, 122]
[1001, 122]
[1002, 229]
[1003, 120]
[1004, 120]
[1005, 232]
[1006, 122]
[1007, 120]
[1008, 229]
[1009, 121]
[1010, 121]
[1011, 228]
[1012, 122]
[1013, 120]
[1014, 229]
[1015, 121]
[1016, 122]
[1017, 229]
[1018, 120]
[1019, 121]
[1020, 230]
[1021, 122]
[1022, 121]
[1023, 228]
[1024, 120]
[1025, 124]
[1026, 230]
[1027, 120]
[1028, 121]
[1029, 229]
[1030, 121]
[1031, 120]
[1032, 230]
[1033, 120]
[1034, 121]
[1035, 229]
[1036, 122]
[1037, 121]
[1038, 228]
[1039, 121]
[1040, 122]
[1041, 230]
[1042, 121]
[1043, 120]
[1044, 228]
[1045, 124]
[1046, 122]
[1047, 228]
[1048, 121]
[1049, 121]
[1050, 229]
[1051, 120]
[1052, 122]
[1053, 228]
[1054, 121]
[1055, 121]
[1056, 229]
[1057, 121]
[1058, 120]
[1059, 229]
[1060, 122]
[1061, 122]
[1062, 229]
[1063, 120]
[1064, 120]
[1065, 232]
[1066, 122]
[1067, 120]
[1068, 229]
[1069, 121]
[1070, 121]
[1071, 228]
[1072, 121]
[1073, 120]
[1074, 229]
[1075, 121]
[1076, 121]
[1077, 229]
[1078, 121]
[1079, 121]
[1080, 231]
[1081, 122]
[1082, 121]
[1083, 228]
[1084, 120]
[1085, 123]
[1086, 230]
[1087, 120]
[1088, 121]
[1089, 230]
[1090, 121]
[1091, 120]
[1092, 229]
[1093, 120]
[1094, 121]
[1095, 229]
[1096, 121]
[1097, 121]
[1098, 228]
[1099, 121]
[1100, 123]
[1101, 230]
[1102, 121]
[1103, 120]
[1104, 228]
[1105, 123]
[1106, 122]
[1107, 228]
[1108, 121]
[1109, 122]
[1110, 229]
[1111, 120]
[1112, 121]
[1113, 228]
[1114, 120]
[1115, 121]
[1116, 230]
[1117, 121]
[1118, 120]
[1119, 229]
[1120, 123]
[1121, 123]
[1122, 229]
[1123, 120]
[1124, 120]
[1125, 231]
[1126, 122]
[1127, 120]
[1128, 229]
[1129, 122]
[1130, 121]
[1131, 228]
[1132, 121]
[1133, 120]
[1134, 228]
[1135, 121]
[1136, 122]
[1137, 229]
[1138, 120]
[1139, 121]
[1140, 222]
[1141, 123]
[1142, 121]
[1143, 219]
[1144, 120]
[1145, 123]
[1146, 221]
[1147, 120]
[1148, 121]
[1149, 221]
[1150, 121]
[1151, 129]
[1152, 220]
[1153, 120]
[1154, 129]
[1155, 220]
[1156, 122]
[1157, 130]
[1158, 219]
[1159, 121]
[1160, 132]
[1161, 221]
[1162, 121]
[1163, 129]
[1164, 219]
[1165, 123]
[1166, 131]
[1167, 219]
[1168, 121]
[1169, 131]
[1170, 220]
[1171, 120]
[1172, 130]
[1173, 219]
[1174, 120]
[1175, 130]
[1176, 221]
[1177, 121]
[1178, 129]
[1179, 220]
[1180, 123]
[1181, 131]
[1182, 220]
[1183, 120]
[1184, 129]
[1185, 222]
[1186, 122]
[1187, 129]
[1188, 220]
[1189, 122]
[1190, 130]
[1191, 219]
[1192, 121]
[1193, 129]
[1194, 219]
[1195, 121]
[1196, 130]
[1197, 221]
[1198, 120]
[1199, 130]
[1200, 222]
[1201, 122]
[1202, 130]
[1203, 219]
[1204, 120]
[1205, 132]
[1206, 221]
[1207, 120]
[1208, 131]
[1209, 221]
[1210, 121]
[1211, 129]
[1212, 220]
[1213, 120]
[1214, 129]
[1215, 220]
[1216, 121]
[1217, 131]
[1218, 219]
[1219, 121]
[1220, 132]
[1221, 221]
[1222, 121]
[1223, 129]
[1224, 219]
[1225, 123]
[1226, 131]
[1227, 219]
[1228, 122]
[1229, 131]
[1230, 220]
[1231, 120]
[1232, 129]
[1233, 219]
[1234, 120]
[1235, 130]
[1236, 220]
[1237, 122]
[1238, 129]
[1239, 219]
[1240, 123]
[1241, 132]
[1242, 220]
[1243, 120]
[1244, 129]
[1245, 222]
[1246, 122]
[1247, 130]
[1248, 220]
[1249, 122]
[1250, 130]
[1251, 219]
[1252, 120]
[1253, 129]
[1254, 219]
[1255, 121]
[1256, 130]
[1257, 221]
[1258, 120]
[1259, 130]
[1260, 222]
[1261, 123]
[1262, 130]
[1263, 219]
[1264, 120]
[1265, 132]
[1266, 221]
[1267, 121]
[1268, 130]
[1269, 221]
[1270, 121]
[1271, 129]
[1272, 219]
[1273, 120]
[1274, 129]
[1275, 220]
[1276, 121]
[1277, 131]
[1278, 219]
[1279, 121]
[1280, 131]
[1281, 222]
[1282, 121]
[1283, 129]
[1284, 219]
[1285, 123]
[1286, 132]
[1287, 220]
[1288, 121]
[1289, 131]
[1290, 220]
[1291, 120]
[1292, 129]
[1293, 219]
[1294, 120]
[1295, 130]
[1296, 220]
[1297, 122]
[1298, 129]
[1299, 220]
[1300, 122]
[1301, 132]
[1302, 220]
[1303, 120]
[1304, 129]
[1305, 222]
[1306, 123]
[1307, 130]
[1308, 220]
[1309, 122]
[1310, 130]
[1311, 219]
[1312, 120]
[1313, 129]
[1314, 219]
[1315, 121]
[1316, 130]
[1317, 221]
[1318, 120]
[1319, 130]
[1320, 221]
[1321, 123]
[1322, 130]
[1323, 219]
[1324, 120]
[1325, 132]
[1326, 222]
[1327, 121]
[1328, 130]
[1329, 221]
[1330, 121]
[1331, 129]
[1332, 219]
[1333, 120]
[1334, 129]
[1335, 220]
[1336, 121]
[1337, 131]
[1338, 219]
[1339, 121]
[1340, 131]
[1341, 222]
[1342, 121]
[1343, 129]
[1344, 219]
[1345, 123]
[1346, 132]
[1347, 220]
[1348, 121]
[1349, 131]
[1350, 220]
[1351, 120]
[1352, 129]
[1353, 219]
[1354, 120]
[1355, 130]
[1356, 220]
[1357, 122]
[1358, 129]
[1359, 220]
[1360, 122]
[1361, 132]
[1362, 220]
[1363, 120]
[1364, 129]
[1365, 222]
[1366, 123]
[1367, 130]
[1368, 220]
[1369, 122]
[1370, 130]
[1371, 219]
[1372, 120]
[1373, 129]
[1374, 219]
[1375, 121]
[1376, 130]
[1377, 221]
[1378, 120]
[1379, 130]
[1380, 221]
[1381, 123]
[1382, 130]
[1383, 219]
[1384, 120]
[1385, 132]
[1386, 222]
[1387, 121]
[1388, 130]
[1389, 221]
[1390, 121]
[1391, 129]
[1392, 219]
[1393, 120]
[1394, 129]
[1395, 220]
[1396, 121]
[1397, 131]
[1398, 219]
[1399, 121]
[1400, 131]
[1401, 222]
[1402, 121]
[1403, 129]
[1404, 219]
[1405, 123]
[1406, 132]
[1407, 220]
[1408, 121]
[1409, 131]
[1410, 220]
[1411, 120]
[1412, 129]
[1413, 219]
[1414, 120]
[1415, 130]
[1416, 220]
[1417, 122]
[1418, 129]
[1419, 219]
[1420, 122]
[1421, 132]
[1422, 220]
[1423, 120]
[1424, 129]
[1425, 221]
[1426, 123]
[1427, 130]
[1428, 220]
[1429, 122]
[1430, 131]
[1431, 219]
[1432, 120]
[1433, 129]
[1434, 219]
[1435, 121]
[1436, 130]
[1437, 221]
[1438, 120]
[1439, 129]
