SimulationV05.py[0, 250]
[1, 120]
[2, 120]
[3, 228]
[4, 120]
[5, 120]
[6, 228]
[7, 120]
[8, 120]
[9, 228]
[10, 120]
[11, 120]
[12, 228]
[13, 120]
[14, 120]
[15, 228]
[16, 120]
[17, 120]
[18, 228]
[19, 120]
[20, 142]
[21, 228]
[22, 120]
[23, 120]
[24, 228]
[25, 120]
[26, 120]
[27, 228]
[28, 120]
[29, 120]
[30, 228]
[31, 120]
[32, 120]
[33, 228]
[34, 120]
[35, 120]
[36, 228]
[37, 120]
[38, 120]
[39, 228]
[40, 140]
[41, 121]
[42, 228]
[43, 120]
[44, 120]
[45, 229]
[46, 120]
[47, 120]
[48, 228]
[49, 120]
[50, 120]
[51, 228]
[52, 120]
[53, 120]
[54, 228]
[55, 120]
[56, 120]
[57, 228]
[58, 120]
[59, 120]
[60, 248]
[61, 121]
[62, 120]
[63, 228]
[64, 120]
[65, 121]
[66, 228]
[67, 120]
[68, 120]
[69, 228]
[70, 120]
[71, 120]
[72, 228]
[73, 120]
[74, 120]
[75, 228]
[76, 120]
[77, 120]
[78, 228]
[79, 120]
[80, 140]
[81, 229]
[82, 120]
[83, 120]
[84, 228]
[85, 121]
[86, 120]
[87, 228]
[88, 120]
[89, 120]
[90, 228]
[91, 120]
[92, 120]
[93, 228]
[94, 120]
[95, 120]
[96, 228]
[97, 120]
[98, 120]
[99, 228]
[100, 139]
[101, 121]
[102, 228]
[103, 120]
[104, 120]
[105, 229]
[106, 120]
[107, 120]
[108, 228]
[109, 121]
[110, 120]
[111, 228]
[112, 120]
[113, 120]
[114, 228]
[115, 120]
[116, 120]
[117, 228]
[118, 120]
[119, 120]
[120, 246]
[121, 121]
[122, 120]
[123, 228]
[124, 120]
[125, 121]
[126, 228]
[127, 120]
[128, 120]
[129, 229]
[130, 120]
[131, 120]
[132, 228]
[133, 120]
[134, 120]
[135, 228]
[136, 120]
[137, 120]
[138, 228]
[139, 120]
[140, 137]
[141, 229]
[142, 120]
[143, 120]
[144, 228]
[145, 122]
[146, 121]
[147, 228]
[148, 120]
[149, 121]
[150, 228]
[151, 120]
[152, 120]
[153, 228]
[154, 120]
[155, 120]
[156, 228]
[157, 120]
[158, 120]
[159, 228]
[160, 137]
[161, 121]
[162, 228]
[163, 120]
[164, 120]
[165, 229]
[166, 121]
[167, 120]
[168, 228]
[169, 121]
[170, 120]
[171, 228]
[172, 120]
[173, 120]
[174, 228]
[175, 120]
[176, 120]
[177, 228]
[178, 120]
[179, 120]
[180, 246]
[181, 121]
[182, 120]
[183, 228]
[184, 120]
[185, 121]
[186, 229]
[187, 120]
[188, 120]
[189, 229]
[190, 120]
[191, 120]
[192, 228]
[193, 120]
[194, 120]
[195, 228]
[196, 120]
[197, 120]
[198, 228]
[199, 120]
[200, 138]
[201, 229]
[202, 120]
[203, 120]
[204, 228]
[205, 121]
[206, 121]
[207, 228]
[208, 120]
[209, 121]
[210, 228]
[211, 120]
[212, 120]
[213, 228]
[214, 120]
[215, 120]
[216, 228]
[217, 120]
[218, 120]
[219, 228]
[220, 138]
[221, 121]
[222, 228]
[223, 120]
[224, 120]
[225, 228]
[226, 121]
[227, 120]
[228, 228]
[229, 121]
[230, 120]
[231, 228]
[232, 121]
[233, 120]
[234, 228]
[235, 120]
[236, 120]
[237, 228]
[238, 120]
[239, 120]
[240, 246]
[241, 121]
[242, 120]
[243, 228]
[244, 120]
[245, 120]
[246, 229]
[247, 120]
[248, 120]
[249, 229]
[250, 120]
[251, 120]
[252, 228]
[253, 120]
[254, 120]
[255, 228]
[256, 120]
[257, 120]
[258, 228]
[259, 120]
[260, 136]
[261, 229]
[262, 120]
[263, 120]
[264, 228]
[265, 120]
[266, 121]
[267, 228]
[268, 120]
[269, 122]
[270, 228]
[271, 120]
[272, 120]
[273, 229]
[274, 120]
[275, 120]
[276, 228]
[277, 120]
[278, 120]
[279, 228]
[280, 137]
[281, 121]
[282, 228]
[283, 120]
[284, 120]
[285, 228]
[286, 121]
[287, 120]
[288, 228]
[289, 122]
[290, 120]
[291, 228]
[292, 120]
[293, 121]
[294, 228]
[295, 120]
[296, 120]
[297, 228]
[298, 120]
[299, 120]
[300, 245]
[301, 121]
[302, 120]
[303, 228]
[304, 120]
[305, 120]
[306, 228]
[307, 120]
[308, 120]
[309, 230]
[310, 121]
[311, 120]
[312, 228]
[313, 121]
[314, 120]
[315, 228]
[316, 120]
[317, 120]
[318, 228]
[319, 120]
[320, 137]
[321, 229]
[322, 120]
[323, 120]
[324, 228]
[325, 120]
[326, 120]
[327, 228]
[328, 120]
[329, 122]
[330, 229]
[331, 120]
[332, 120]
[333, 229]
[334, 120]
[335, 120]
[336, 228]
[337, 120]
[338, 120]
[339, 228]
[340, 136]
[341, 121]
[342, 228]
[343, 120]
[344, 120]
[345, 228]
[346, 120]
[347, 120]
[348, 228]
[349, 123]
[350, 121]
[351, 228]
[352, 120]
[353, 121]
[354, 228]
[355, 120]
[356, 120]
[357, 228]
[358, 120]
[359, 120]
[360, 243]
[361, 121]
[362, 120]
[363, 228]
[364, 120]
[365, 120]
[366, 228]
[367, 120]
[368, 120]
[369, 231]
[370, 121]
[371, 120]
[372, 228]
[373, 121]
[374, 120]
[375, 228]
[376, 121]
[377, 120]
[378, 228]
[379, 120]
[380, 134]
[381, 229]
[382, 120]
[383, 120]
[384, 228]
[385, 120]
[386, 121]
[387, 228]
[388, 120]
[389, 123]
[390, 229]
[391, 120]
[392, 120]
[393, 229]
[394, 120]
[395, 120]
[396, 229]
[397, 120]
[398, 120]
[399, 228]
[400, 132]
[401, 121]
[402, 228]
[403, 121]
[404, 120]
[405, 228]
[406, 121]
[407, 120]
[408, 228]
[409, 124]
[410, 121]
[411, 228]
[412, 120]
[413, 121]
[414, 228]
[415, 120]
[416, 121]
[417, 228]
[418, 120]
[419, 120]
[420, 239]
[421, 121]
[422, 120]
[423, 229]
[424, 120]
[425, 120]
[426, 230]
[427, 120]
[428, 120]
[429, 232]
[430, 121]
[431, 120]
[432, 228]
[433, 121]
[434, 120]
[435, 228]
[436, 121]
[437, 120]
[438, 228]
[439, 120]
[440, 131]
[441, 229]
[442, 120]
[443, 121]
[444, 228]
[445, 120]
[446, 122]
[447, 228]
[448, 120]
[449, 124]
[450, 229]
[451, 120]
[452, 120]
[453, 229]
[454, 120]
[455, 120]
[456, 229]
[457, 120]
[458, 120]
[459, 228]
[460, 131]
[461, 121]
[462, 228]
[463, 121]
[464, 120]
[465, 228]
[466, 122]
[467, 120]
[468, 228]
[469, 124]
[470, 120]
[471, 228]
[472, 120]
[473, 120]
[474, 228]
[475, 120]
[476, 121]
[477, 229]
[478, 120]
[479, 120]
[480, 239]
[481, 121]
[482, 120]
[483, 229]
[484, 120]
[485, 120]
[486, 230]
[487, 120]
[488, 120]
[489, 233]
[490, 120]
[491, 120]
[492, 228]
[493, 120]
[494, 120]
[495, 228]
[496, 121]
[497, 121]
[498, 228]
[499, 120]
[500, 131]
[501, 229]
[502, 120]
[503, 121]
[504, 228]
[505, 120]
[506, 122]
[507, 228]
[508, 120]
[509, 125]
[510, 228]
[511, 120]
[512, 120]
[513, 228]
[514, 120]
[515, 120]
[516, 229]
[517, 121]
[518, 120]
[519, 228]
[520, 130]
[521, 121]
[522, 228]
[523, 121]
[524, 120]
[525, 228]
[526, 122]
[527, 120]
[528, 228]
[529, 125]
[530, 120]
[531, 228]
[532, 120]
[533, 121]
[534, 228]
[535, 120]
[536, 121]
[537, 229]
[538, 120]
[539, 120]
[540, 238]
[541, 121]
[542, 120]
[543, 229]
[544, 120]
[545, 120]
[546, 230]
[547, 120]
[548, 120]
[549, 233]
[550, 120]
[551, 120]
[552, 228]
[553, 121]
[554, 120]
[555, 228]
[556, 121]
[557, 121]
[558, 228]
[559, 120]
[560, 129]
[561, 229]
[562, 120]
[563, 121]
[564, 228]
[565, 120]
[566, 122]
[567, 228]
[568, 120]
[569, 126]
[570, 228]
[571, 120]
[572, 120]
[573, 229]
[574, 120]
[575, 120]
[576, 229]
[577, 121]
[578, 120]
[579, 228]
[580, 127]
[581, 121]
[582, 228]
[583, 121]
[584, 120]
[585, 228]
[586, 121]
[587, 120]
[588, 228]
[589, 126]
[590, 120]
[591, 228]
[592, 121]
[593, 121]
[594, 228]
[595, 120]
[596, 121]
[597, 229]
[598, 120]
[599, 120]
[600, 235]
[601, 121]
[602, 120]
[603, 229]
[604, 120]
[605, 120]
[606, 230]
[607, 120]
[608, 120]
[609, 234]
[610, 120]
[611, 120]
[612, 229]
[613, 121]
[614, 120]
[615, 228]
[616, 121]
[617, 121]
[618, 228]
[619, 120]
[620, 127]
[621, 229]
[622, 121]
[623, 121]
[624, 228]
[625, 120]
[626, 122]
[627, 228]
[628, 120]
[629, 126]
[630, 228]
[631, 120]
[632, 121]
[633, 229]
[634, 120]
[635, 120]
[636, 229]
[637, 121]
[638, 120]
[639, 228]
[640, 127]
[641, 121]
[642, 229]
[643, 121]
[644, 120]
[645, 228]
[646, 121]
[647, 120]
[648, 228]
[649, 126]
[650, 120]
[651, 228]
[652, 121]
[653, 121]
[654, 229]
[655, 120]
[656, 121]
[657, 229]
[658, 120]
[659, 120]
[660, 235]
[661, 121]
[662, 121]
[663, 229]
[664, 120]
[665, 120]
[666, 229]
[667, 120]
[668, 120]
[669, 234]
[670, 120]
[671, 120]
[672, 229]
[673, 121]
[674, 121]
[675, 228]
[676, 121]
[677, 121]
[678, 228]
[679, 120]
[680, 127]
[681, 229]
[682, 121]
[683, 121]
[684, 228]
[685, 120]
[686, 121]
[687, 228]
[688, 120]
[689, 126]
[690, 228]
[691, 120]
[692, 121]
[693, 229]
[694, 121]
[695, 120]
[696, 229]
[697, 121]
[698, 120]
[699, 228]
[700, 126]
[701, 121]
[702, 229]
[703, 121]
[704, 120]
[705, 228]
[706, 121]
[707, 120]
[708, 228]
[709, 126]
[710, 120]
[711, 228]
[712, 121]
[713, 121]
[714, 229]
[715, 120]
[716, 121]
[717, 229]
[718, 121]
[719, 120]
[720, 234]
[721, 121]
[722, 121]
[723, 229]
[724, 120]
[725, 120]
[726, 229]
[727, 120]
[728, 120]
[729, 234]
[730, 120]
[731, 120]
[732, 229]
[733, 121]
[734, 120]
[735, 228]
[736, 121]
[737, 121]
[738, 229]
[739, 120]
[740, 126]
[741, 229]
[742, 121]
[743, 121]
[744, 228]
[745, 120]
[746, 121]
[747, 228]
[748, 120]
[749, 126]
[750, 228]
[751, 121]
[752, 121]
[753, 229]
[754, 120]
[755, 120]
[756, 229]
[757, 121]
[758, 121]
[759, 228]
[760, 126]
[761, 121]
[762, 229]
[763, 121]
[764, 120]
[765, 228]
[766, 121]
[767, 120]
[768, 228]
[769, 125]
[770, 120]
[771, 229]
[772, 120]
[773, 121]
[774, 228]
[775, 121]
[776, 122]
[777, 229]
[778, 121]
[779, 120]
[780, 234]
[781, 121]
[782, 121]
[783, 229]
[784, 120]
[785, 120]
[786, 229]
[787, 120]
[788, 120]
[789, 233]
[790, 120]
[791, 121]
[792, 228]
[793, 121]
[794, 120]
[795, 229]
[796, 122]
[797, 121]
[798, 229]
[799, 120]
[800, 126]
[801, 229]
[802, 121]
[803, 121]
[804, 228]
[805, 120]
[806, 121]
[807, 228]
[808, 120]
[809, 124]
[810, 228]
[811, 121]
[812, 120]
[813, 229]
[814, 121]
[815, 121]
[816, 230]
[817, 121]
[818, 121]
[819, 228]
[820, 125]
[821, 122]
[822, 229]
[823, 121]
[824, 120]
[825, 228]
[826, 121]
[827, 120]
[828, 228]
[829, 124]
[830, 120]
[831, 229]
[832, 120]
[833, 121]
[834, 229]
[835, 121]
[836, 122]
[837, 229]
[838, 121]
[839, 120]
[840, 233]
[841, 122]
[842, 121]
[843, 229]
[844, 120]
[845, 120]
[846, 229]
[847, 120]
[848, 120]
[849, 232]
[850, 120]
[851, 121]
[852, 228]
[853, 121]
[854, 121]
[855, 229]
[856, 121]
[857, 121]
[858, 229]
[859, 120]
[860, 125]
[861, 230]
[862, 121]
[863, 121]
[864, 228]
[865, 120]
[866, 121]
[867, 228]
[868, 120]
[869, 124]
[870, 228]
[871, 122]
[872, 120]
[873, 229]
[874, 121]
[875, 121]
[876, 229]
[877, 121]
[878, 121]
[879, 228]
[880, 125]
[881, 122]
[882, 229]
[883, 121]
[884, 120]
[885, 228]
[886, 121]
[887, 120]
[888, 228]
[889, 123]
[890, 120]
[891, 231]
[892, 120]
[893, 121]
[894, 229]
[895, 121]
[896, 121]
[897, 229]
[898, 121]
[899, 120]
[900, 233]
[901, 122]
[902, 121]
[903, 229]
[904, 120]
[905, 120]
[906, 229]
[907, 120]
[908, 120]
[909, 231]
[910, 120]
[911, 123]
[912, 228]
[913, 121]
[914, 121]
[915, 229]
[916, 121]
[917, 121]
[918, 229]
[919, 120]
[920, 124]
[921, 230]
[922, 121]
[923, 121]
[924, 228]
[925, 120]
[926, 122]
[927, 228]
[928, 120]
[929, 123]
[930, 228]
[931, 123]
[932, 120]
[933, 229]
[934, 121]
[935, 121]
[936, 229]
[937, 121]
[938, 121]
[939, 228]
[940, 123]
[941, 122]
[942, 230]
[943, 121]
[944, 120]
[945, 228]
[946, 122]
[947, 120]
[948, 228]
[949, 123]
[950, 120]
[951, 231]
[952, 120]
[953, 121]
[954, 228]
[955, 121]
[956, 121]
[957, 230]
[958, 121]
[959, 120]
[960, 231]
[961, 122]
[962, 122]
[963, 229]
[964, 120]
[965, 120]
[966, 230]
[967, 120]
[968, 120]
[969, 231]
[970, 120]
[971, 123]
[972, 228]
[973, 121]
[974, 120]
[975, 229]
[976, 121]
[977, 121]
[978, 229]
[979, 120]
[980, 123]
[981, 230]
[982, 122]
[983, 121]
[984, 228]
[985, 121]
[986, 122]
[987, 228]
[988, 120]
[989, 123]
[990, 228]
[991, 123]
[992, 120]
[993, 229]
[994, 120]
[995, 121]
[996, 229]
[997, 121]
[998, 121]
[999, 228]
[1000, 123]
[1001, 122]
[1002, 230]
[1003, 121]
[1004, 120]
[1005, 229]
[1006, 122]
[1007, 120]
[1008, 228]
[1009, 122]
[1010, 121]
[1011, 231]
[1012, 120]
[1013, 121]
[1014, 228]
[1015, 121]
[1016, 121]
[1017, 229]
[1018, 121]
[1019, 120]
[1020, 231]
[1021, 122]
[1022, 122]
[1023, 229]
[1024, 120]
[1025, 121]
[1026, 230]
[1027, 120]
[1028, 120]
[1029, 229]
[1030, 121]
[1031, 123]
[1032, 228]
[1033, 121]
[1034, 120]
[1035, 230]
[1036, 121]
[1037, 121]
[1038, 229]
[1039, 120]
[1040, 123]
[1041, 230]
[1042, 122]
[1043, 121]
[1044, 228]
[1045, 121]
[1046, 122]
[1047, 228]
[1048, 120]
[1049, 121]
[1050, 229]
[1051, 123]
[1052, 120]
[1053, 229]
[1054, 120]
[1055, 122]
[1056, 229]
[1057, 121]
[1058, 121]
[1059, 228]
[1060, 123]
[1061, 122]
[1062, 230]
[1063, 121]
[1064, 120]
[1065, 229]
[1066, 122]
[1067, 120]
[1068, 228]
[1069, 121]
[1070, 121]
[1071, 231]
[1072, 120]
[1073, 121]
[1074, 228]
[1075, 122]
[1076, 121]
[1077, 229]
[1078, 121]
[1079, 120]
[1080, 231]
[1081, 122]
[1082, 122]
[1083, 229]
[1084, 120]
[1085, 121]
[1086, 230]
[1087, 120]
[1088, 120]
[1089, 229]
[1090, 121]
[1091, 123]
[1092, 228]
[1093, 121]
[1094, 120]
[1095, 230]
[1096, 121]
[1097, 121]
[1098, 229]
[1099, 120]
[1100, 123]
[1101, 230]
[1102, 122]
[1103, 121]
[1104, 228]
[1105, 121]
[1106, 122]
[1107, 228]
[1108, 120]
[1109, 121]
[1110, 229]
[1111, 123]
[1112, 120]
[1113, 229]
[1114, 120]
[1115, 122]
[1116, 229]
[1117, 121]
[1118, 121]
[1119, 228]
[1120, 123]
[1121, 122]
[1122, 230]
[1123, 121]
[1124, 120]
[1125, 229]
[1126, 121]
[1127, 120]
[1128, 229]
[1129, 121]
[1130, 121]
[1131, 231]
[1132, 120]
[1133, 121]
[1134, 228]
[1135, 122]
[1136, 121]
[1137, 229]
[1138, 121]
[1139, 120]
[1140, 231]
[1141, 122]
[1142, 122]
[1143, 229]
[1144, 120]
[1145, 121]
[1146, 229]
[1147, 120]
[1148, 121]
[1149, 229]
[1150, 121]
[1151, 123]
[1152, 228]
[1153, 121]
[1154, 120]
[1155, 230]
[1156, 121]
[1157, 121]
[1158, 229]
[1159, 120]
[1160, 123]
[1161, 230]
[1162, 121]
[1163, 121]
[1164, 228]
[1165, 121]
[1166, 121]
[1167, 228]
[1168, 121]
[1169, 121]
[1170, 229]
[1171, 124]
[1172, 120]
[1173, 229]
[1174, 120]
[1175, 122]
[1176, 229]
[1177, 121]
[1178, 121]
[1179, 228]
[1180, 123]
[1181, 122]
[1182, 229]
[1183, 121]
[1184, 120]
[1185, 229]
[1186, 121]
[1187, 120]
[1188, 229]
[1189, 121]
[1190, 121]
[1191, 232]
[1192, 120]
[1193, 121]
[1194, 228]
[1195, 121]
[1196, 122]
[1197, 229]
[1198, 121]
[1199, 120]
[1200, 231]
[1201, 122]
[1202, 121]
[1203, 229]
[1204, 120]
[1205, 121]
[1206, 229]
[1207, 120]
[1208, 121]
[1209, 229]
[1210, 121]
[1211, 124]
[1212, 228]
[1213, 121]
[1214, 120]
[1215, 229]
[1216, 121]
[1217, 121]
[1218, 229]
[1219, 120]
[1220, 123]
[1221, 231]
[1222, 121]
[1223, 121]
[1224, 228]
[1225, 121]
[1226, 121]
[1227, 228]
[1228, 121]
[1229, 121]
[1230, 229]
[1231, 124]
[1232, 120]
[1233, 228]
[1234, 120]
[1235, 122]
[1236, 229]
[1237, 121]
[1238, 121]
[1239, 228]
[1240, 123]
[1241, 123]
[1242, 229]
[1243, 120]
[1244, 120]
[1245, 229]
[1246, 121]
[1247, 120]
[1248, 229]
[1249, 121]
[1250, 121]
[1251, 232]
[1252, 120]
[1253, 120]
[1254, 229]
[1255, 121]
[1256, 122]
[1257, 229]
[1258, 121]
[1259, 120]
[1260, 231]
[1261, 123]
[1262, 121]
[1263, 228]
[1264, 120]
[1265, 121]
[1266, 229]
[1267, 120]
[1268, 121]
[1269, 229]
[1270, 121]
[1271, 123]
[1272, 228]
[1273, 120]
[1274, 121]
[1275, 229]
[1276, 122]
[1277, 121]
[1278, 229]
[1279, 121]
[1280, 123]
[1281, 231]
[1282, 121]
[1283, 120]
[1284, 228]
[1285, 121]
[1286, 121]
[1287, 228]
[1288, 121]
[1289, 121]
[1290, 229]
[1291, 123]
[1292, 120]
[1293, 228]
[1294, 121]
[1295, 121]
[1296, 230]
[1297, 121]
[1298, 121]
[1299, 229]
[1300, 123]
[1301, 123]
[1302, 229]
[1303, 120]
[1304, 120]
[1305, 229]
[1306, 121]
[1307, 120]
[1308, 229]
[1309, 121]
[1310, 121]
[1311, 231]
[1312, 120]
[1313, 120]
[1314, 229]
[1315, 121]
[1316, 122]
[1317, 229]
[1318, 121]
[1319, 121]
[1320, 231]
[1321, 123]
[1322, 121]
[1323, 228]
[1324, 120]
[1325, 121]
[1326, 229]
[1327, 120]
[1328, 121]
[1329, 229]
[1330, 121]
[1331, 123]
[1332, 228]
[1333, 120]
[1334, 121]
[1335, 229]
[1336, 121]
[1337, 121]
[1338, 229]
[1339, 121]
[1340, 123]
[1341, 231]
[1342, 121]
[1343, 120]
[1344, 228]
[1345, 121]
[1346, 121]
[1347, 228]
[1348, 121]
[1349, 121]
[1350, 229]
[1351, 123]
[1352, 120]
[1353, 228]
[1354, 121]
[1355, 122]
[1356, 229]
[1357, 121]
[1358, 121]
[1359, 229]
[1360, 123]
[1361, 123]
[1362, 229]
[1363, 120]
[1364, 120]
[1365, 229]
[1366, 121]
[1367, 120]
[1368, 228]
[1369, 120]
[1370, 121]
[1371, 232]
[1372, 120]
[1373, 120]
[1374, 229]
[1375, 122]
[1376, 121]
[1377, 229]
[1378, 121]
[1379, 121]
[1380, 231]
[1381, 123]
[1382, 121]
[1383, 228]
[1384, 120]
[1385, 120]
[1386, 229]
[1387, 120]
[1388, 120]
[1389, 228]
[1390, 121]
[1391, 124]
[1392, 228]
[1393, 120]
[1394, 121]
[1395, 230]
[1396, 121]
[1397, 121]
[1398, 230]
[1399, 121]
[1400, 123]
[1401, 231]
[1402, 121]
[1403, 120]
[1404, 228]
[1405, 120]
[1406, 121]
[1407, 228]
[1408, 120]
[1409, 120]
[1410, 229]
[1411, 124]
[1412, 120]
[1413, 228]
[1414, 121]
[1415, 122]
[1416, 229]
[1417, 121]
[1418, 123]
[1419, 229]
[1420, 123]
[1421, 123]
[1422, 229]
[1423, 120]
[1424, 120]
[1425, 228]
[1426, 121]
[1427, 120]
[1428, 228]
[1429, 120]
[1430, 121]
[1431, 231]
[1432, 120]
[1433, 120]
[1434, 229]
[1435, 122]
[1436, 121]
[1437, 229]
[1438, 123]
[1439, 121]
