SimulationV03.py[0, 250]
[1, 120]
[2, 120]
[3, 228]
[4, 120]
[5, 120]
[6, 228]
[7, 120]
[8, 120]
[9, 228]
[10, 120]
[11, 120]
[12, 228]
[13, 120]
[14, 120]
[15, 228]
[16, 120]
[17, 120]
[18, 228]
[19, 120]
[20, 142]
[21, 228]
[22, 120]
[23, 120]
[24, 228]
[25, 120]
[26, 120]
[27, 228]
[28, 120]
[29, 120]
[30, 228]
[31, 120]
[32, 120]
[33, 228]
[34, 120]
[35, 120]
[36, 228]
[37, 120]
[38, 120]
[39, 228]
[40, 140]
[41, 121]
[42, 228]
[43, 120]
[44, 120]
[45, 228]
[46, 120]
[47, 120]
[48, 228]
[49, 120]
[50, 120]
[51, 228]
[52, 120]
[53, 120]
[54, 228]
[55, 120]
[56, 120]
[57, 228]
[58, 120]
[59, 120]
[60, 248]
[61, 122]
[62, 120]
[63, 228]
[64, 120]
[65, 120]
[66, 228]
[67, 120]
[68, 120]
[69, 228]
[70, 120]
[71, 120]
[72, 228]
[73, 120]
[74, 120]
[75, 228]
[76, 120]
[77, 120]
[78, 228]
[79, 120]
[80, 140]
[81, 230]
[82, 120]
[83, 120]
[84, 228]
[85, 120]
[86, 120]
[87, 228]
[88, 120]
[89, 120]
[90, 228]
[91, 120]
[92, 120]
[93, 228]
[94, 120]
[95, 120]
[96, 228]
[97, 120]
[98, 120]
[99, 228]
[100, 139]
[101, 122]
[102, 228]
[103, 120]
[104, 120]
[105, 228]
[106, 120]
[107, 120]
[108, 228]
[109, 120]
[110, 120]
[111, 228]
[112, 120]
[113, 120]
[114, 228]
[115, 120]
[116, 120]
[117, 228]
[118, 120]
[119, 120]
[120, 246]
[121, 121]
[122, 120]
[123, 229]
[124, 120]
[125, 120]
[126, 228]
[127, 120]
[128, 120]
[129, 228]
[130, 120]
[131, 120]
[132, 229]
[133, 120]
[134, 120]
[135, 228]
[136, 120]
[137, 120]
[138, 228]
[139, 120]
[140, 138]
[141, 229]
[142, 120]
[143, 121]
[144, 228]
[145, 120]
[146, 120]
[147, 228]
[148, 120]
[149, 120]
[150, 228]
[151, 120]
[152, 121]
[153, 228]
[154, 120]
[155, 120]
[156, 228]
[157, 120]
[158, 120]
[159, 228]
[160, 138]
[161, 121]
[162, 228]
[163, 121]
[164, 120]
[165, 228]
[166, 121]
[167, 120]
[168, 228]
[169, 120]
[170, 120]
[171, 228]
[172, 120]
[173, 120]
[174, 228]
[175, 120]
[176, 120]
[177, 228]
[178, 120]
[179, 120]
[180, 245]
[181, 122]
[182, 120]
[183, 229]
[184, 120]
[185, 120]
[186, 230]
[187, 120]
[188, 120]
[189, 228]
[190, 120]
[191, 120]
[192, 228]
[193, 120]
[194, 120]
[195, 228]
[196, 120]
[197, 120]
[198, 228]
[199, 120]
[200, 135]
[201, 231]
[202, 121]
[203, 121]
[204, 228]
[205, 120]
[206, 121]
[207, 228]
[208, 120]
[209, 120]
[210, 228]
[211, 120]
[212, 120]
[213, 228]
[214, 120]
[215, 121]
[216, 228]
[217, 120]
[218, 120]
[219, 228]
[220, 134]
[221, 123]
[222, 229]
[223, 121]
[224, 120]
[225, 228]
[226, 121]
[227, 121]
[228, 228]
[229, 120]
[230, 120]
[231, 228]
[232, 120]
[233, 120]
[234, 228]
[235, 121]
[236, 120]
[237, 228]
[238, 120]
[239, 120]
[240, 241]
[241, 123]
[242, 121]
[243, 229]
[244, 120]
[245, 120]
[246, 229]
[247, 121]
[248, 120]
[249, 228]
[250, 120]
[251, 120]
[252, 228]
[253, 121]
[254, 120]
[255, 229]
[256, 120]
[257, 120]
[258, 228]
[259, 120]
[260, 133]
[261, 231]
[262, 121]
[263, 121]
[264, 228]
[265, 120]
[266, 121]
[267, 229]
[268, 120]
[269, 120]
[270, 228]
[271, 120]
[272, 120]
[273, 229]
[274, 120]
[275, 121]
[276, 228]
[277, 120]
[278, 120]
[279, 228]
[280, 133]
[281, 123]
[282, 229]
[283, 121]
[284, 120]
[285, 228]
[286, 121]
[287, 121]
[288, 228]
[289, 120]
[290, 120]
[291, 228]
[292, 120]
[293, 121]
[294, 228]
[295, 121]
[296, 120]
[297, 228]
[298, 120]
[299, 120]
[300, 240]
[301, 123]
[302, 121]
[303, 229]
[304, 120]
[305, 120]
[306, 229]
[307, 121]
[308, 120]
[309, 228]
[310, 120]
[311, 120]
[312, 228]
[313, 120]
[314, 121]
[315, 229]
[316, 120]
[317, 120]
[318, 228]
[319, 120]
[320, 130]
[321, 231]
[322, 122]
[323, 121]
[324, 228]
[325, 120]
[326, 121]
[327, 229]
[328, 120]
[329, 120]
[330, 228]
[331, 122]
[332, 120]
[333, 228]
[334, 121]
[335, 121]
[336, 228]
[337, 120]
[338, 120]
[339, 228]
[340, 130]
[341, 123]
[342, 230]
[343, 121]
[344, 120]
[345, 228]
[346, 121]
[347, 121]
[348, 228]
[349, 120]
[350, 120]
[351, 230]
[352, 120]
[353, 120]
[354, 229]
[355, 121]
[356, 120]
[357, 228]
[358, 120]
[359, 120]
[360, 238]
[361, 123]
[362, 122]
[363, 229]
[364, 120]
[365, 120]
[366, 229]
[367, 121]
[368, 120]
[369, 228]
[370, 120]
[371, 122]
[372, 228]
[373, 120]
[374, 121]
[375, 229]
[376, 120]
[377, 120]
[378, 228]
[379, 120]
[380, 129]
[381, 231]
[382, 122]
[383, 122]
[384, 228]
[385, 120]
[386, 121]
[387, 229]
[388, 120]
[389, 120]
[390, 228]
[391, 122]
[392, 120]
[393, 228]
[394, 121]
[395, 121]
[396, 228]
[397, 120]
[398, 120]
[399, 228]
[400, 129]
[401, 123]
[402, 230]
[403, 122]
[404, 120]
[405, 228]
[406, 121]
[407, 121]
[408, 228]
[409, 120]
[410, 120]
[411, 230]
[412, 120]
[413, 120]
[414, 229]
[415, 121]
[416, 120]
[417, 228]
[418, 120]
[419, 120]
[420, 237]
[421, 123]
[422, 122]
[423, 230]
[424, 120]
[425, 120]
[426, 229]
[427, 121]
[428, 120]
[429, 228]
[430, 120]
[431, 122]
[432, 228]
[433, 120]
[434, 121]
[435, 229]
[436, 120]
[437, 120]
[438, 228]
[439, 120]
[440, 128]
[441, 232]
[442, 122]
[443, 122]
[444, 228]
[445, 120]
[446, 121]
[447, 229]
[448, 120]
[449, 120]
[450, 228]
[451, 122]
[452, 120]
[453, 228]
[454, 121]
[455, 121]
[456, 228]
[457, 120]
[458, 120]
[459, 228]
[460, 128]
[461, 124]
[462, 230]
[463, 122]
[464, 120]
[465, 228]
[466, 121]
[467, 121]
[468, 228]
[469, 120]
[470, 120]
[471, 230]
[472, 120]
[473, 120]
[474, 229]
[475, 121]
[476, 120]
[477, 228]
[478, 120]
[479, 120]
[480, 236]
[481, 124]
[482, 122]
[483, 230]
[484, 120]
[485, 120]
[486, 229]
[487, 120]
[488, 121]
[489, 228]
[490, 120]
[491, 122]
[492, 228]
[493, 120]
[494, 121]
[495, 229]
[496, 120]
[497, 120]
[498, 228]
[499, 120]
[500, 128]
[501, 232]
[502, 122]
[503, 122]
[504, 228]
[505, 120]
[506, 121]
[507, 228]
[508, 121]
[509, 120]
[510, 228]
[511, 122]
[512, 120]
[513, 228]
[514, 121]
[515, 121]
[516, 228]
[517, 120]
[518, 120]
[519, 228]
[520, 128]
[521, 124]
[522, 230]
[523, 122]
[524, 120]
[525, 228]
[526, 121]
[527, 120]
[528, 229]
[529, 120]
[530, 120]
[531, 230]
[532, 120]
[533, 120]
[534, 229]
[535, 121]
[536, 120]
[537, 228]
[538, 120]
[539, 120]
[540, 236]
[541, 124]
[542, 122]
[543, 230]
[544, 120]
[545, 120]
[546, 229]
[547, 120]
[548, 121]
[549, 228]
[550, 120]
[551, 122]
[552, 228]
[553, 120]
[554, 121]
[555, 229]
[556, 120]
[557, 120]
[558, 228]
[559, 120]
[560, 127]
[561, 233]
[562, 122]
[563, 122]
[564, 228]
[565, 120]
[566, 121]
[567, 228]
[568, 121]
[569, 120]
[570, 228]
[571, 122]
[572, 120]
[573, 228]
[574, 120]
[575, 122]
[576, 228]
[577, 120]
[578, 120]
[579, 228]
[580, 127]
[581, 125]
[582, 230]
[583, 122]
[584, 120]
[585, 228]
[586, 121]
[587, 120]
[588, 229]
[589, 120]
[590, 120]
[591, 230]
[592, 120]
[593, 120]
[594, 228]
[595, 122]
[596, 120]
[597, 228]
[598, 120]
[599, 120]
[600, 234]
[601, 125]
[602, 122]
[603, 230]
[604, 120]
[605, 120]
[606, 229]
[607, 121]
[608, 121]
[609, 228]
[610, 120]
[611, 122]
[612, 228]
[613, 120]
[614, 120]
[615, 230]
[616, 120]
[617, 120]
[618, 228]
[619, 120]
[620, 126]
[621, 233]
[622, 122]
[623, 122]
[624, 228]
[625, 120]
[626, 121]
[627, 229]
[628, 121]
[629, 120]
[630, 228]
[631, 122]
[632, 120]
[633, 228]
[634, 120]
[635, 122]
[636, 228]
[637, 120]
[638, 120]
[639, 228]
[640, 126]
[641, 125]
[642, 230]
[643, 122]
[644, 120]
[645, 228]
[646, 121]
[647, 121]
[648, 229]
[649, 120]
[650, 120]
[651, 230]
[652, 120]
[653, 120]
[654, 228]
[655, 122]
[656, 120]
[657, 228]
[658, 120]
[659, 120]
[660, 234]
[661, 125]
[662, 122]
[663, 230]
[664, 120]
[665, 120]
[666, 229]
[667, 121]
[668, 121]
[669, 228]
[670, 120]
[671, 122]
[672, 228]
[673, 120]
[674, 120]
[675, 230]
[676, 120]
[677, 120]
[678, 228]
[679, 120]
[680, 125]
[681, 233]
[682, 123]
[683, 122]
[684, 228]
[685, 120]
[686, 121]
[687, 229]
[688, 121]
[689, 120]
[690, 228]
[691, 122]
[692, 120]
[693, 228]
[694, 120]
[695, 122]
[696, 228]
[697, 120]
[698, 120]
[699, 228]
[700, 124]
[701, 126]
[702, 231]
[703, 122]
[704, 120]
[705, 228]
[706, 121]
[707, 121]
[708, 229]
[709, 120]
[710, 120]
[711, 230]
[712, 120]
[713, 120]
[714, 228]
[715, 122]
[716, 120]
[717, 228]
[718, 120]
[719, 120]
[720, 232]
[721, 125]
[722, 123]
[723, 231]
[724, 120]
[725, 120]
[726, 229]
[727, 121]
[728, 121]
[729, 228]
[730, 120]
[731, 122]
[732, 228]
[733, 120]
[734, 120]
[735, 230]
[736, 120]
[737, 120]
[738, 228]
[739, 120]
[740, 124]
[741, 233]
[742, 122]
[743, 123]
[744, 228]
[745, 120]
[746, 122]
[747, 229]
[748, 121]
[749, 120]
[750, 228]
[751, 122]
[752, 120]
[753, 228]
[754, 120]
[755, 122]
[756, 228]
[757, 120]
[758, 120]
[759, 228]
[760, 123]
[761, 125]
[762, 230]
[763, 123]
[764, 120]
[765, 228]
[766, 122]
[767, 121]
[768, 229]
[769, 120]
[770, 120]
[771, 230]
[772, 120]
[773, 120]
[774, 228]
[775, 121]
[776, 120]
[777, 229]
[778, 120]
[779, 120]
[780, 231]
[781, 125]
[782, 122]
[783, 232]
[784, 120]
[785, 120]
[786, 230]
[787, 121]
[788, 121]
[789, 228]
[790, 120]
[791, 122]
[792, 228]
[793, 120]
[794, 120]
[795, 229]
[796, 120]
[797, 121]
[798, 228]
[799, 120]
[800, 122]
[801, 233]
[802, 122]
[803, 124]
[804, 228]
[805, 120]
[806, 123]
[807, 229]
[808, 121]
[809, 120]
[810, 228]
[811, 122]
[812, 120]
[813, 228]
[814, 120]
[815, 120]
[816, 228]
[817, 121]
[818, 121]
[819, 228]
[820, 122]
[821, 125]
[822, 230]
[823, 124]
[824, 120]
[825, 228]
[826, 123]
[827, 121]
[828, 229]
[829, 120]
[830, 120]
[831, 230]
[832, 120]
[833, 120]
[834, 228]
[835, 120]
[836, 120]
[837, 229]
[838, 121]
[839, 120]
[840, 230]
[841, 125]
[842, 122]
[843, 232]
[844, 120]
[845, 120]
[846, 231]
[847, 121]
[848, 121]
[849, 228]
[850, 120]
[851, 122]
[852, 228]
[853, 120]
[854, 120]
[855, 228]
[856, 120]
[857, 121]
[858, 229]
[859, 120]
[860, 122]
[861, 232]
[862, 122]
[863, 124]
[864, 229]
[865, 120]
[866, 122]
[867, 229]
[868, 121]
[869, 120]
[870, 228]
[871, 122]
[872, 120]
[873, 228]
[874, 120]
[875, 120]
[876, 228]
[877, 121]
[878, 121]
[879, 228]
[880, 122]
[881, 124]
[882, 230]
[883, 123]
[884, 121]
[885, 228]
[886, 122]
[887, 121]
[888, 229]
[889, 121]
[890, 120]
[891, 230]
[892, 120]
[893, 121]
[894, 228]
[895, 120]
[896, 120]
[897, 229]
[898, 121]
[899, 120]
[900, 230]
[901, 124]
[902, 122]
[903, 231]
[904, 121]
[905, 120]
[906, 230]
[907, 121]
[908, 121]
[909, 229]
[910, 120]
[911, 122]
[912, 228]
[913, 121]
[914, 120]
[915, 228]
[916, 120]
[917, 121]
[918, 229]
[919, 120]
[920, 122]
[921, 232]
[922, 122]
[923, 122]
[924, 229]
[925, 120]
[926, 122]
[927, 229]
[928, 121]
[929, 121]
[930, 228]
[931, 122]
[932, 120]
[933, 229]
[934, 120]
[935, 120]
[936, 228]
[937, 121]
[938, 121]
[939, 229]
[940, 122]
[941, 123]
[942, 229]
[943, 122]
[944, 122]
[945, 228]
[946, 122]
[947, 121]
[948, 229]
[949, 120]
[950, 120]
[951, 230]
[952, 120]
[953, 121]
[954, 228]
[955, 120]
[956, 120]
[957, 230]
[958, 121]
[959, 121]
