SimulationV04.py[0, 250]
[1, 120]
[2, 120]
[3, 228]
[4, 120]
[5, 120]
[6, 228]
[7, 120]
[8, 120]
[9, 228]
[10, 120]
[11, 120]
[12, 228]
[13, 120]
[14, 120]
[15, 228]
[16, 120]
[17, 120]
[18, 228]
[19, 120]
[20, 141]
[21, 228]
[22, 120]
[23, 120]
[24, 228]
[25, 120]
[26, 120]
[27, 228]
[28, 120]
[29, 120]
[30, 228]
[31, 121]
[32, 120]
[33, 228]
[34, 120]
[35, 120]
[36, 228]
[37, 120]
[38, 120]
[39, 228]
[40, 141]
[41, 120]
[42, 228]
[43, 120]
[44, 120]
[45, 228]
[46, 120]
[47, 120]
[48, 228]
[49, 120]
[50, 120]
[51, 229]
[52, 120]
[53, 120]
[54, 228]
[55, 120]
[56, 120]
[57, 228]
[58, 120]
[59, 120]
[60, 249]
[61, 120]
[62, 120]
[63, 228]
[64, 120]
[65, 120]
[66, 228]
[67, 120]
[68, 120]
[69, 228]
[70, 120]
[71, 121]
[72, 228]
[73, 120]
[74, 120]
[75, 228]
[76, 120]
[77, 120]
[78, 228]
[79, 120]
[80, 140]
[81, 228]
[82, 120]
[83, 120]
[84, 228]
[85, 120]
[86, 120]
[87, 228]
[88, 120]
[89, 120]
[90, 229]
[91, 121]
[92, 120]
[93, 228]
[94, 120]
[95, 120]
[96, 228]
[97, 120]
[98, 120]
[99, 228]
[100, 139]
[101, 121]
[102, 228]
[103, 120]
[104, 120]
[105, 228]
[106, 120]
[107, 120]
[108, 228]
[109, 120]
[110, 121]
[111, 229]
[112, 120]
[113, 120]
[114, 228]
[115, 120]
[116, 120]
[117, 228]
[118, 120]
[119, 120]
[120, 247]
[121, 121]
[122, 120]
[123, 228]
[124, 120]
[125, 120]
[126, 228]
[127, 120]
[128, 120]
[129, 228]
[130, 121]
[131, 121]
[132, 228]
[133, 120]
[134, 120]
[135, 228]
[136, 120]
[137, 120]
[138, 228]
[139, 120]
[140, 138]
[141, 230]
[142, 120]
[143, 120]
[144, 228]
[145, 120]
[146, 120]
[147, 228]
[148, 120]
[149, 120]
[150, 229]
[151, 121]
[152, 120]
[153, 228]
[154, 120]
[155, 120]
[156, 228]
[157, 120]
[158, 120]
[159, 228]
[160, 137]
[161, 122]
[162, 229]
[163, 120]
[164, 120]
[165, 228]
[166, 120]
[167, 120]
[168, 228]
[169, 120]
[170, 121]
[171, 229]
[172, 120]
[173, 120]
[174, 228]
[175, 120]
[176, 120]
[177, 228]
[178, 120]
[179, 120]
[180, 244]
[181, 122]
[182, 121]
[183, 228]
[184, 120]
[185, 120]
[186, 228]
[187, 120]
[188, 120]
[189, 228]
[190, 121]
[191, 121]
[192, 228]
[193, 120]
[194, 121]
[195, 228]
[196, 120]
[197, 120]
[198, 228]
[199, 120]
[200, 135]
[201, 230]
[202, 121]
[203, 120]
[204, 228]
[205, 120]
[206, 120]
[207, 228]
[208, 120]
[209, 121]
[210, 229]
[211, 121]
[212, 120]
[213, 228]
[214, 121]
[215, 120]
[216, 228]
[217, 120]
[218, 120]
[219, 228]
[220, 134]
[221, 122]
[222, 230]
[223, 120]
[224, 120]
[225, 228]
[226, 120]
[227, 120]
[228, 228]
[229, 121]
[230, 121]
[231, 229]
[232, 120]
[233, 120]
[234, 229]
[235, 120]
[236, 120]
[237, 228]
[238, 120]
[239, 120]
[240, 242]
[241, 122]
[242, 122]
[243, 228]
[244, 120]
[245, 120]
[246, 228]
[247, 120]
[248, 120]
[249, 229]
[250, 121]
[251, 121]
[252, 228]
[253, 120]
[254, 121]
[255, 228]
[256, 120]
[257, 120]
[258, 228]
[259, 120]
[260, 133]
[261, 230]
[262, 123]
[263, 120]
[264, 228]
[265, 120]
[266, 120]
[267, 228]
[268, 120]
[269, 121]
[270, 229]
[271, 121]
[272, 120]
[273, 228]
[274, 121]
[275, 120]
[276, 228]
[277, 120]
[278, 120]
[279, 228]
[280, 132]
[281, 123]
[282, 231]
[283, 120]
[284, 120]
[285, 228]
[286, 120]
[287, 120]
[288, 228]
[289, 121]
[290, 121]
[291, 229]
[292, 120]
[293, 120]
[294, 229]
[295, 120]
[296, 120]
[297, 228]
[298, 120]
[299, 120]
[300, 240]
[301, 123]
[302, 123]
[303, 228]
[304, 120]
[305, 120]
[306, 228]
[307, 120]
[308, 120]
[309, 229]
[310, 121]
[311, 121]
[312, 228]
[313, 120]
[314, 121]
[315, 228]
[316, 120]
[317, 120]
[318, 228]
[319, 120]
[320, 132]
[321, 231]
[322, 123]
[323, 120]
[324, 228]
[325, 120]
[326, 120]
[327, 228]
[328, 120]
[329, 120]
[330, 229]
[331, 121]
[332, 120]
[333, 228]
[334, 121]
[335, 121]
[336, 228]
[337, 120]
[338, 120]
[339, 228]
[340, 131]
[341, 123]
[342, 230]
[343, 120]
[344, 120]
[345, 228]
[346, 121]
[347, 120]
[348, 228]
[349, 120]
[350, 122]
[351, 229]
[352, 120]
[353, 120]
[354, 229]
[355, 121]
[356, 120]
[357, 228]
[358, 120]
[359, 120]
[360, 237]
[361, 123]
[362, 122]
[363, 228]
[364, 121]
[365, 120]
[366, 229]
[367, 120]
[368, 120]
[369, 228]
[370, 122]
[371, 121]
[372, 229]
[373, 120]
[374, 121]
[375, 229]
[376, 120]
[377, 120]
[378, 228]
[379, 120]
[380, 129]
[381, 231]
[382, 122]
[383, 120]
[384, 229]
[385, 120]
[386, 121]
[387, 228]
[388, 120]
[389, 120]
[390, 230]
[391, 121]
[392, 121]
[393, 228]
[394, 121]
[395, 121]
[396, 228]
[397, 120]
[398, 120]
[399, 228]
[400, 128]
[401, 122]
[402, 230]
[403, 120]
[404, 121]
[405, 229]
[406, 121]
[407, 120]
[408, 228]
[409, 120]
[410, 123]
[411, 229]
[412, 121]
[413, 120]
[414, 229]
[415, 121]
[416, 120]
[417, 228]
[418, 120]
[419, 120]
[420, 236]
[421, 122]
[422, 122]
[423, 228]
[424, 121]
[425, 121]
[426, 229]
[427, 120]
[428, 120]
[429, 228]
[430, 123]
[431, 121]
[432, 229]
[433, 120]
[434, 121]
[435, 229]
[436, 120]
[437, 120]
[438, 228]
[439, 120]
[440, 126]
[441, 230]
[442, 122]
[443, 120]
[444, 229]
[445, 121]
[446, 121]
[447, 229]
[448, 120]
[449, 120]
[450, 231]
[451, 121]
[452, 121]
[453, 228]
[454, 121]
[455, 121]
[456, 228]
[457, 120]
[458, 120]
[459, 228]
[460, 125]
[461, 121]
[462, 230]
[463, 120]
[464, 122]
[465, 229]
[466, 122]
[467, 121]
[468, 228]
[469, 120]
[470, 123]
[471, 229]
[472, 121]
[473, 120]
[474, 229]
[475, 121]
[476, 120]
[477, 228]
[478, 120]
[479, 120]
[480, 233]
[481, 122]
[482, 122]
[483, 228]
[484, 122]
[485, 121]
[486, 230]
[487, 121]
[488, 120]
[489, 228]
[490, 123]
[491, 121]
[492, 229]
[493, 120]
[494, 121]
[495, 229]
[496, 120]
[497, 120]
[498, 228]
[499, 120]
[500, 124]
[501, 231]
[502, 122]
[503, 120]
[504, 230]
[505, 121]
[506, 122]
[507, 229]
[508, 120]
[509, 120]
[510, 231]
[511, 121]
[512, 121]
[513, 228]
[514, 121]
[515, 121]
[516, 228]
[517, 120]
[518, 120]
[519, 228]
[520, 124]
[521, 123]
[522, 230]
[523, 120]
[524, 121]
[525, 229]
[526, 122]
[527, 121]
[528, 228]
[529, 120]
[530, 122]
[531, 229]
[532, 121]
[533, 120]
[534, 229]
[535, 122]
[536, 120]
[537, 228]
[538, 121]
[539, 120]
[540, 232]
[541, 122]
[542, 122]
[543, 228]
[544, 122]
[545, 121]
[546, 230]
[547, 121]
[548, 120]
[549, 228]
[550, 122]
[551, 121]
[552, 229]
[553, 120]
[554, 121]
[555, 230]
[556, 120]
[557, 120]
[558, 229]
[559, 120]
[560, 124]
[561, 230]
[562, 122]
[563, 120]
[564, 230]
[565, 120]
[566, 122]
[567, 229]
[568, 120]
[569, 120]
[570, 230]
[571, 121]
[572, 121]
[573, 229]
[574, 121]
[575, 122]
[576, 228]
[577, 120]
[578, 121]
[579, 228]
[580, 124]
[581, 122]
[582, 230]
[583, 120]
[584, 122]
[585, 228]
[586, 122]
[587, 120]
[588, 228]
[589, 120]
[590, 122]
[591, 229]
[592, 121]
[593, 121]
[594, 229]
[595, 122]
[596, 121]
[597, 228]
[598, 121]
[599, 120]
[600, 232]
[601, 122]
[602, 122]
[603, 228]
[604, 122]
[605, 120]
[606, 230]
[607, 120]
[608, 120]
[609, 228]
[610, 122]
[611, 121]
[612, 229]
[613, 121]
[614, 121]
[615, 230]
[616, 121]
[617, 120]
[618, 229]
[619, 120]
[620, 124]
[621, 230]
[622, 122]
[623, 120]
[624, 230]
[625, 120]
[626, 122]
[627, 228]
[628, 120]
[629, 120]
[630, 230]
[631, 121]
[632, 121]
[633, 229]
[634, 121]
[635, 122]
[636, 229]
[637, 120]
[638, 121]
[639, 228]
[640, 124]
[641, 122]
[642, 230]
[643, 120]
[644, 122]
[645, 228]
[646, 122]
[647, 120]
[648, 228]
[649, 120]
[650, 122]
[651, 229]
[652, 121]
[653, 121]
[654, 229]
[655, 122]
[656, 121]
[657, 228]
[658, 121]
[659, 120]
[660, 232]
[661, 122]
[662, 122]
[663, 228]
[664, 122]
[665, 120]
[666, 229]
[667, 120]
[668, 120]
[669, 228]
[670, 122]
[671, 121]
[672, 229]
[673, 121]
[674, 121]
[675, 230]
[676, 121]
[677, 120]
[678, 229]
[679, 120]
[680, 123]
[681, 230]
[682, 122]
[683, 120]
[684, 230]
[685, 120]
[686, 121]
[687, 228]
[688, 121]
[689, 120]
[690, 230]
[691, 121]
[692, 121]
[693, 229]
[694, 121]
[695, 122]
[696, 229]
[697, 121]
[698, 121]
[699, 228]
[700, 123]
[701, 122]
[702, 230]
[703, 120]
[704, 122]
[705, 228]
[706, 121]
[707, 120]
[708, 229]
[709, 120]
[710, 122]
[711, 229]
[712, 121]
[713, 121]
[714, 229]
[715, 122]
[716, 121]
[717, 229]
[718, 121]
[719, 120]
[720, 231]
[721, 121]
[722, 122]
[723, 228]
[724, 122]
[725, 120]
[726, 229]
[727, 121]
[728, 121]
[729, 228]
[730, 121]
[731, 121]
[732, 229]
[733, 122]
[734, 121]
[735, 230]
[736, 121]
[737, 121]
[738, 229]
[739, 120]
[740, 123]
[741, 229]
[742, 122]
[743, 120]
[744, 230]
[745, 120]
[746, 121]
[747, 229]
[748, 121]
[749, 120]
[750, 229]
[751, 121]
[752, 121]
[753, 230]
[754, 121]
[755, 122]
[756, 229]
[757, 121]
[758, 121]
[759, 228]
[760, 123]
[761, 121]
[762, 230]
[763, 120]
[764, 122]
[765, 228]
[766, 121]
[767, 121]
[768, 229]
[769, 120]
[770, 121]
[771, 229]
[772, 121]
[773, 122]
[774, 229]
[775, 122]
[776, 121]
[777, 229]
[778, 121]
[779, 120]
[780, 231]
[781, 121]
[782, 122]
[783, 228]
[784, 122]
[785, 120]
[786, 229]
[787, 121]
[788, 121]
[789, 228]
[790, 121]
[791, 121]
[792, 229]
[793, 122]
[794, 121]
[795, 230]
[796, 121]
[797, 121]
[798, 229]
[799, 120]
[800, 122]
[801, 229]
[802, 123]
[803, 120]
[804, 230]
[805, 120]
[806, 121]
[807, 229]
[808, 121]
[809, 120]
[810, 229]
[811, 121]
[812, 121]
[813, 230]
[814, 121]
[815, 122]
[816, 228]
[817, 121]
[818, 121]
[819, 229]
[820, 122]
[821, 121]
[822, 231]
[823, 120]
[824, 122]
[825, 228]
[826, 121]
[827, 121]
[828, 229]
[829, 120]
[830, 121]
[831, 229]
[832, 121]
[833, 122]
[834, 229]
[835, 122]
[836, 120]
[837, 229]
[838, 121]
[839, 121]
[840, 230]
[841, 121]
[842, 123]
[843, 228]
[844, 122]
[845, 120]
[846, 229]
[847, 120]
[848, 121]
[849, 228]
[850, 121]
[851, 121]
[852, 229]
[853, 122]
[854, 121]
[855, 230]
[856, 120]
[857, 122]
[858, 229]
[859, 121]
[860, 122]
[861, 229]
[862, 123]
[863, 120]
[864, 230]
[865, 120]
[866, 121]
[867, 228]
[868, 121]
[869, 120]
[870, 229]
[871, 121]
[872, 121]
[873, 230]
[874, 121]
[875, 122]
[876, 228]
[877, 122]
[878, 121]
[879, 229]
[880, 122]
[881, 121]
[882, 231]
[883, 120]
[884, 122]
[885, 228]
[886, 120]
[887, 120]
[888, 229]
[889, 120]
[890, 121]
[891, 229]
[892, 120]
[893, 122]
[894, 229]
[895, 122]
[896, 120]
[897, 231]
[898, 121]
[899, 121]
[900, 230]
[901, 121]
[902, 123]
[903, 228]
[904, 123]
[905, 120]
[906, 228]
[907, 120]
[908, 121]
[909, 228]
[910, 121]
[911, 121]
[912, 228]
[913, 122]
[914, 121]
[915, 230]
[916, 120]
[917, 123]
[918, 229]
[919, 121]
[920, 122]
[921, 229]
[922, 123]
[923, 120]
[924, 231]
[925, 120]
[926, 120]
[927, 228]
[928, 121]
[929, 120]
[930, 229]
[931, 121]
[932, 120]
[933, 230]
[934, 121]
[935, 122]
[936, 228]
[937, 123]
[938, 121]
[939, 229]
[940, 122]
[941, 121]
[942, 231]
[943, 120]
[944, 123]
[945, 228]
[946, 120]
[947, 120]
[948, 229]
[949, 120]
[950, 121]
[951, 229]
[952, 120]
[953, 122]
[954, 229]
[955, 122]
[956, 120]
[957, 231]
[958, 121]
[959, 121]
