SimulationV08.py[0, 277]
[1, 135]
[2, 135]
[3, 252]
[4, 135]
[5, 135]
[6, 252]
[7, 135]
[8, 135]
[9, 252]
[10, 135]
[11, 135]
[12, 252]
[13, 135]
[14, 135]
[15, 252]
[16, 135]
[17, 135]
[18, 252]
[19, 135]
[20, 157]
[21, 252]
[22, 135]
[23, 136]
[24, 252]
[25, 135]
[26, 135]
[27, 253]
[28, 135]
[29, 135]
[30, 252]
[31, 135]
[32, 135]
[33, 252]
[34, 135]
[35, 135]
[36, 252]
[37, 135]
[38, 135]
[39, 252]
[40, 157]
[41, 136]
[42, 252]
[43, 136]
[44, 135]
[45, 252]
[46, 135]
[47, 136]
[48, 252]
[49, 135]
[50, 135]
[51, 252]
[52, 135]
[53, 135]
[54, 252]
[55, 135]
[56, 135]
[57, 252]
[58, 135]
[59, 135]
[60, 274]
[61, 136]
[62, 135]
[63, 253]
[64, 135]
[65, 135]
[66, 252]
[67, 136]
[68, 135]
[69, 252]
[70, 135]
[71, 135]
[72, 252]
[73, 135]
[74, 135]
[75, 252]
[76, 135]
[77, 135]
[78, 252]
[79, 135]
[80, 156]
[81, 254]
[82, 135]
[83, 136]
[84, 252]
[85, 135]
[86, 135]
[87, 253]
[88, 135]
[89, 135]
[90, 252]
[91, 135]
[92, 135]
[93, 252]
[94, 135]
[95, 135]
[96, 252]
[97, 135]
[98, 135]
[99, 252]
[100, 155]
[101, 137]
[102, 252]
[103, 136]
[104, 136]
[105, 252]
[106, 135]
[107, 136]
[108, 252]
[109, 135]
[110, 135]
[111, 252]
[112, 135]
[113, 135]
[114, 252]
[115, 135]
[116, 135]
[117, 252]
[118, 135]
[119, 135]
[120, 270]
[121, 137]
[122, 136]
[123, 253]
[124, 136]
[125, 135]
[126, 252]
[127, 136]
[128, 135]
[129, 252]
[130, 135]
[131, 136]
[132, 252]
[133, 135]
[134, 135]
[135, 252]
[136, 135]
[137, 135]
[138, 252]
[139, 135]
[140, 151]
[141, 255]
[142, 136]
[143, 136]
[144, 253]
[145, 135]
[146, 135]
[147, 253]
[148, 135]
[149, 135]
[150, 252]
[151, 136]
[152, 135]
[153, 252]
[154, 135]
[155, 136]
[156, 252]
[157, 135]
[158, 135]
[159, 252]
[160, 150]
[161, 138]
[162, 253]
[163, 136]
[164, 135]
[165, 252]
[166, 135]
[167, 136]
[168, 252]
[169, 135]
[170, 135]
[171, 253]
[172, 137]
[173, 135]
[174, 252]
[175, 136]
[176, 135]
[177, 252]
[178, 135]
[179, 135]
[180, 267]
[181, 138]
[182, 136]
[183, 253]
[184, 135]
[185, 135]
[186, 252]
[187, 136]
[188, 135]
[189, 252]
[190, 135]
[191, 136]
[192, 254]
[193, 135]
[194, 135]
[195, 253]
[196, 135]
[197, 135]
[198, 252]
[199, 135]
[200, 148]
[201, 255]
[202, 137]
[203, 136]
[204, 252]
[205, 135]
[206, 135]
[207, 253]
[208, 135]
[209, 135]
[210, 252]
[211, 136]
[212, 138]
[213, 252]
[214, 135]
[215, 136]
[216, 252]
[217, 135]
[218, 135]
[219, 252]
[220, 148]
[221, 138]
[222, 253]
[223, 136]
[224, 135]
[225, 253]
[226, 135]
[227, 136]
[228, 252]
[229, 135]
[230, 135]
[231, 253]
[232, 138]
[233, 135]
[234, 252]
[235, 136]
[236, 135]
[237, 252]
[238, 135]
[239, 135]
[240, 265]
[241, 138]
[242, 136]
[243, 253]
[244, 135]
[245, 136]
[246, 252]
[247, 136]
[248, 135]
[249, 252]
[250, 135]
[251, 135]
[252, 255]
[253, 135]
[254, 135]
[255, 253]
[256, 135]
[257, 135]
[258, 252]
[259, 135]
[260, 148]
[261, 255]
[262, 136]
[263, 136]
[264, 252]
[265, 136]
[266, 136]
[267, 253]
[268, 135]
[269, 135]
[270, 252]
[271, 135]
[272, 138]
[273, 252]
[274, 135]
[275, 136]
[276, 252]
[277, 135]
[278, 135]
[279, 252]
[280, 148]
[281, 138]
[282, 253]
[283, 136]
[284, 135]
[285, 253]
[286, 136]
[287, 136]
[288, 252]
[289, 135]
[290, 135]
[291, 252]
[292, 138]
[293, 135]
[294, 252]
[295, 136]
[296, 135]
[297, 252]
[298, 135]
[299, 135]
[300, 265]
[301, 138]
[302, 136]
[303, 253]
[304, 135]
[305, 136]
[306, 253]
[307, 136]
[308, 135]
[309, 252]
[310, 135]
[311, 135]
[312, 255]
[313, 135]
[314, 135]
[315, 253]
[316, 135]
[317, 135]
[318, 252]
[319, 135]
[320, 147]
[321, 255]
[322, 136]
[323, 136]
[324, 252]
[325, 136]
[326, 136]
[327, 253]
[328, 135]
[329, 135]
[330, 252]
[331, 135]
[332, 138]
[333, 252]
[334, 135]
[335, 136]
[336, 252]
[337, 135]
[338, 135]
[339, 252]
[340, 147]
[341, 138]
[342, 254]
[343, 136]
[344, 135]
[345, 253]
[346, 136]
[347, 136]
[348, 252]
[349, 135]
[350, 135]
[351, 252]
[352, 138]
[353, 135]
[354, 252]
[355, 136]
[356, 135]
[357, 252]
[358, 135]
[359, 135]
[360, 264]
[361, 138]
[362, 137]
[363, 253]
[364, 135]
[365, 136]
[366, 253]
[367, 136]
[368, 135]
[369, 252]
[370, 135]
[371, 135]
[372, 255]
[373, 135]
[374, 135]
[375, 253]
[376, 135]
[377, 135]
[378, 252]
[379, 135]
[380, 147]
[381, 255]
[382, 137]
[383, 136]
[384, 252]
[385, 136]
[386, 136]
[387, 253]
[388, 135]
[389, 135]
[390, 252]
[391, 135]
[392, 138]
[393, 252]
[394, 135]
[395, 136]
[396, 252]
[397, 135]
[398, 135]
[399, 252]
[400, 147]
[401, 138]
[402, 254]
[403, 136]
[404, 135]
[405, 253]
[406, 136]
[407, 136]
[408, 252]
[409, 135]
[410, 135]
[411, 252]
[412, 138]
[413, 135]
[414, 252]
[415, 136]
[416, 135]
[417, 252]
[418, 135]
[419, 135]
[420, 264]
[421, 137]
[422, 138]
[423, 253]
[424, 135]
[425, 136]
[426, 253]
[427, 136]
[428, 135]
[429, 252]
[430, 135]
[431, 135]
[432, 255]
[433, 135]
[434, 135]
[435, 253]
[436, 135]
[437, 135]
[438, 252]
[439, 135]
[440, 147]
[441, 254]
[442, 137]
[443, 136]
[444, 252]
[445, 136]
[446, 137]
[447, 253]
[448, 135]
[449, 135]
[450, 252]
[451, 135]
[452, 138]
[453, 252]
[454, 135]
[455, 136]
[456, 252]
[457, 135]
[458, 135]
[459, 252]
[460, 147]
[461, 137]
[462, 254]
[463, 136]
[464, 135]
[465, 253]
[466, 136]
[467, 136]
[468, 252]
[469, 135]
[470, 135]
[471, 252]
[472, 138]
[473, 135]
[474, 252]
[475, 136]
[476, 135]
[477, 252]
[478, 135]
[479, 135]
