SimulationV03.py[0, [0, 16, 16, 0, 0, 0]]
[1, [0, 32, 32, 0, 0, 0]]
[2, [48, 48, 48, 0, 0, 0]]
[3, [48, 64, 64, 0, 0, 0]]
[4, [48, 80, 80, 0, 0, 0]]
[5, [96, 96, 96, 0, 0, 0]]
[6, [96, 112, 112, 0, 0, 0]]
[7, [96, 128, 128, 0, 0, 0]]
[8, [144, 144, 144, 0, 0, 0]]
[9, [144, 160, 160, 0, 0, 0]]
[10, [144, 176, 176, 0, 0, 0]]
[11, [192, 192, 192, 0, 0, 0]]
[12, [192, 208, 208, 0, 0, 0]]
[13, [192, 224, 224, 0, 0, 0]]
[14, [240, 240, 240, 0, 0, 0]]
[15, [240, 256, 256, 0, 0, 0]]
[16, [240, 272, 272, 0, 0, 0]]
[17, [288, 288, 288, 0, 0, 0]]
[18, [288, 304, 304, 0, 0, 0]]
[19, [288, 320, 320, 315, 0, 0]]
[20, [336, 336, 336, 171, 144, 0]]
[21, [304, 320, 320, 27, 255, 1]]
[22, [270, 302, 302, 27, 222, 0]]
[23, [286, 286, 286, 27, 189, 1]]
[24, [252, 268, 268, 27, 156, 0]]
[25, [220, 252, 252, 27, 123, 1]]
[26, [234, 234, 234, 27, 90, 0]]
[27, [202, 218, 218, 42, 57, 1]]
[28, [168, 200, 200, 42, 24, 0]]
[29, [192, 192, 192, 42, 0, 0]]
[30, [192, 208, 208, 42, 0, 0]]
[31, [192, 224, 224, 42, 0, 0]]
[32, [240, 240, 240, 42, 0, 0]]
[33, [240, 256, 256, 42, 0, 0]]
[34, [240, 272, 272, 42, 0, 0]]
[35, [288, 288, 288, 42, 0, 0]]
[36, [288, 304, 304, 42, 0, 0]]
[37, [288, 320, 320, 42, 0, 0]]
[38, [336, 336, 336, 42, 0, 0]]
[39, [336, 352, 352, 327, 0, 0]]
[40, [336, 368, 368, 183, 144, 0]]
[41, [352, 352, 352, 39, 255, 1]]
[42, [318, 334, 334, 39, 222, 0]]
[43, [286, 318, 318, 39, 189, 1]]
[44, [300, 300, 300, 54, 156, 0]]
[45, [268, 284, 284, 54, 123, 1]]
[46, [234, 266, 266, 54, 90, 0]]
[47, [250, 250, 250, 84, 57, 1]]
[48, [216, 232, 232, 84, 24, 0]]
[49, [192, 224, 224, 84, 0, 0]]
[50, [240, 240, 240, 84, 0, 0]]
[51, [240, 256, 256, 84, 0, 0]]
[52, [240, 272, 272, 84, 0, 0]]
[53, [288, 288, 288, 84, 0, 0]]
[54, [288, 304, 304, 84, 0, 0]]
[55, [288, 320, 320, 84, 0, 0]]
[56, [336, 336, 336, 84, 0, 0]]
[57, [336, 352, 352, 84, 0, 0]]
[58, [336, 368, 368, 84, 0, 0]]
[59, [384, 384, 384, 354, 0, 0]]
[60, [384, 400, 400, 210, 144, 0]]
[61, [352, 384, 384, 66, 255, 1]]
[62, [366, 366, 366, 66, 222, 0]]
[63, [334, 350, 350, 66, 189, 1]]
[64, [300, 332, 332, 81, 156, 0]]
[65, [316, 316, 316, 81, 123, 1]]
[66, [282, 298, 298, 96, 90, 0]]
[67, [250, 282, 282, 126, 57, 1]]
[68, [264, 264, 264, 126, 24, 0]]
[69, [240, 256, 256, 126, 0, 0]]
[70, [240, 272, 272, 126, 0, 0]]
[71, [288, 288, 288, 126, 0, 0]]
[72, [288, 304, 304, 126, 0, 0]]
[73, [288, 320, 320, 126, 0, 0]]
[74, [336, 336, 336, 126, 0, 0]]
[75, [336, 352, 352, 126, 0, 0]]
[76, [336, 368, 368, 126, 0, 0]]
[77, [384, 384, 384, 126, 0, 0]]
[78, [384, 400, 400, 126, 0, 0]]
[79, [384, 416, 416, 396, 0, 0]]
[80, [432, 432, 432, 252, 144, 0]]
[81, [400, 416, 416, 108, 255, 1]]
[82, [366, 398, 398, 108, 222, 0]]
[83, [382, 382, 382, 108, 189, 1]]
[84, [348, 364, 364, 123, 156, 0]]
[85, [316, 348, 348, 123, 123, 1]]
[86, [330, 330, 330, 138, 90, 0]]
[87, [298, 314, 314, 168, 57, 1]]
[88, [264, 296, 296, 24, 168, 0]]
[89, [280, 280, 280, 24, 135, 1]]
[90, [246, 262, 262, 24, 102, 0]]
[91, [214, 246, 246, 24, 69, 1]]
[92, [228, 228, 228, 24, 36, 0]]
[93, [196, 212, 212, 24, 3, 1]]
[94, [192, 224, 224, 24, 0, 0]]
[95, [240, 240, 240, 24, 0, 0]]
[96, [240, 256, 256, 24, 0, 0]]
[97, [240, 272, 272, 24, 0, 0]]
[98, [288, 288, 288, 24, 0, 0]]
[99, [288, 304, 304, 264, 0, 0]]
[100, [288, 320, 320, 135, 144, 0]]
[101, [304, 304, 304, 135, 111, 1]]
[102, [270, 286, 286, 135, 78, 0]]
[103, [238, 270, 270, 135, 45, 1]]
[104, [252, 252, 252, 150, 12, 0]]
[105, [240, 256, 256, 6, 144, 0]]
[106, [208, 240, 240, 21, 111, 1]]
[107, [222, 222, 222, 51, 78, 0]]
[108, [190, 206, 206, 51, 45, 1]]
[109, [156, 188, 188, 51, 12, 0]]
[110, [192, 192, 192, 51, 0, 0]]
[111, [192, 208, 208, 66, 0, 0]]
[112, [192, 224, 224, 66, 0, 0]]
[113, [240, 240, 240, 66, 0, 0]]
[114, [240, 256, 256, 66, 0, 0]]
[115, [240, 272, 272, 66, 0, 0]]
[116, [288, 288, 288, 66, 0, 0]]
[117, [288, 304, 304, 66, 0, 0]]
[118, [288, 320, 320, 66, 0, 0]]
[119, [336, 336, 336, 306, 0, 0]]
[120, [336, 352, 352, 177, 144, 0]]
[121, [304, 336, 336, 33, 255, 1]]
[122, [318, 318, 318, 33, 222, 0]]
[123, [286, 302, 302, 33, 189, 1]]
[124, [260, 292, 292, 48, 156, 8]]
[125, [308, 308, 308, 48, 123, 41]]
[126, [308, 324, 324, 63, 90, 74]]
[127, [308, 340, 340, 93, 57, 107]]
[128, [338, 338, 338, 93, 24, 122]]
[129, [318, 334, 334, 93, 0, 126]]
[130, [306, 338, 338, 93, 0, 114]]
[131, [340, 340, 340, 108, 0, 100]]
[132, [340, 356, 356, 108, 0, 100]]
[133, [336, 368, 368, 108, 0, 96]]
[134, [380, 380, 380, 108, 0, 92]]
[135, [376, 392, 392, 108, 0, 88]]
[136, [368, 400, 400, 108, 0, 80]]
[137, [410, 410, 410, 108, 0, 74]]
[138, [400, 416, 416, 108, 0, 64]]
[139, [396, 428, 428, 348, 0, 60]]
[140, [432, 432, 432, 219, 144, 48]]
[141, [422, 438, 438, 75, 255, 71]]
[142, [404, 436, 436, 75, 222, 86]]
[143, [430, 430, 430, 75, 189, 97]]
[144, [412, 428, 428, 90, 156, 112]]
[145, [382, 414, 414, 90, 123, 115]]
[146, [410, 410, 410, 105, 90, 128]]
[147, [386, 402, 402, 135, 57, 137]]
[148, [360, 392, 392, 135, 24, 144]]
[149, [368, 368, 368, 135, 0, 128]]
[150, [340, 356, 356, 135, 0, 100]]
[151, [310, 342, 342, 150, 0, 70]]
[152, [324, 324, 324, 6, 144, 36]]
[153, [304, 320, 320, 6, 111, 49]]
[154, [280, 312, 312, 6, 78, 58]]
[155, [302, 302, 302, 6, 45, 65]]
[156, [262, 278, 278, 6, 12, 58]]
[157, [218, 250, 250, 6, 0, 26]]
[158, [240, 240, 240, 6, 0, 0]]
[159, [240, 256, 256, 246, 0, 0]]
[160, [240, 272, 272, 117, 144, 0]]
[161, [256, 256, 256, 117, 111, 1]]
[162, [222, 238, 238, 117, 78, 0]]
[163, [190, 222, 222, 117, 45, 1]]
[164, [204, 204, 204, 132, 12, 0]]
[165, [192, 208, 208, 132, 0, 0]]
[166, [192, 224, 224, 147, 0, 0]]
[167, [240, 240, 240, 33, 144, 0]]
[168, [208, 224, 224, 33, 111, 1]]
[169, [174, 206, 206, 33, 78, 0]]
[170, [190, 190, 190, 33, 45, 1]]
[171, [156, 172, 172, 48, 12, 0]]
[172, [144, 176, 176, 48, 0, 0]]
[173, [192, 192, 192, 48, 0, 0]]
[174, [192, 208, 208, 48, 0, 0]]
[175, [192, 224, 224, 48, 0, 0]]
[176, [240, 240, 240, 48, 0, 0]]
[177, [240, 256, 256, 48, 0, 0]]
[178, [240, 272, 272, 48, 0, 0]]
[179, [288, 288, 288, 288, 0, 0]]
[180, [288, 304, 304, 159, 144, 0]]
[181, [256, 288, 288, 15, 255, 1]]
[182, [270, 270, 270, 15, 222, 0]]
[183, [238, 254, 254, 15, 189, 1]]
[184, [204, 236, 236, 30, 156, 0]]
[185, [220, 220, 220, 30, 123, 1]]
[186, [186, 202, 202, 45, 90, 0]]
[187, [154, 186, 186, 75, 57, 1]]
[188, [168, 168, 168, 75, 24, 0]]
[189, [144, 160, 160, 75, 0, 0]]
[190, [144, 176, 176, 75, 0, 0]]
[191, [192, 192, 192, 90, 0, 0]]
[192, [192, 208, 208, 90, 0, 0]]
[193, [192, 224, 224, 90, 0, 0]]
[194, [240, 240, 240, 90, 0, 0]]
[195, [240, 256, 256, 90, 0, 0]]
[196, [240, 272, 272, 90, 0, 0]]
[197, [288, 288, 288, 90, 0, 0]]
[198, [288, 304, 304, 90, 0, 0]]
[199, [288, 320, 320, 315, 0, 0]]
[200, [336, 336, 336, 186, 144, 0]]
[201, [304, 320, 320, 42, 255, 1]]
[202, [270, 302, 302, 57, 222, 0]]
[203, [286, 286, 286, 57, 189, 1]]
[204, [252, 268, 268, 72, 156, 0]]
[205, [220, 252, 252, 72, 123, 1]]
[206, [234, 234, 234, 72, 90, 0]]
[207, [202, 218, 218, 102, 57, 1]]
[208, [168, 200, 200, 102, 24, 0]]
[209, [192, 192, 192, 102, 0, 0]]
[210, [192, 208, 208, 102, 0, 0]]
[211, [192, 224, 224, 117, 0, 0]]
[212, [240, 240, 240, 117, 0, 0]]
[213, [240, 256, 256, 117, 0, 0]]
[214, [240, 272, 272, 117, 0, 0]]
[215, [288, 288, 288, 117, 0, 0]]
[216, [288, 304, 304, 117, 0, 0]]
[217, [288, 320, 320, 117, 0, 0]]
[218, [336, 336, 336, 117, 0, 0]]
[219, [336, 352, 352, 342, 0, 0]]
[220, [336, 368, 368, 213, 144, 0]]
[221, [352, 352, 352, 69, 255, 1]]
[222, [318, 334, 334, 84, 222, 0]]
[223, [286, 318, 318, 84, 189, 1]]
[224, [300, 300, 300, 99, 156, 0]]
[225, [268, 284, 284, 99, 123, 1]]
[226, [234, 266, 266, 99, 90, 0]]
[227, [250, 250, 250, 144, 57, 1]]
[228, [216, 232, 232, 0, 168, 0]]
[229, [184, 216, 216, 0, 135, 1]]
[230, [198, 198, 198, 0, 102, 0]]
[231, [166, 182, 182, 15, 69, 1]]
[232, [132, 164, 164, 15, 36, 0]]
[233, [148, 148, 148, 15, 3, 1]]
[234, [144, 160, 160, 15, 0, 0]]
[235, [144, 176, 176, 15, 0, 0]]
[236, [192, 192, 192, 15, 0, 0]]
[237, [192, 208, 208, 15, 0, 0]]
[238, [192, 224, 224, 15, 0, 0]]
[239, [240, 240, 240, 240, 0, 0]]
[240, [240, 256, 256, 111, 144, 0]]
[241, [208, 240, 240, 111, 111, 1]]
[242, [222, 222, 222, 126, 78, 0]]
[243, [190, 206, 206, 126, 45, 1]]
[244, [156, 188, 188, 141, 12, 0]]
[245, [192, 192, 192, 141, 0, 0]]
[246, [192, 208, 208, 141, 0, 0]]
[247, [192, 224, 224, 186, 0, 0]]
[248, [240, 240, 240, 42, 144, 0]]
[249, [208, 224, 224, 42, 111, 1]]
[250, [174, 206, 206, 42, 78, 0]]
[251, [190, 190, 190, 57, 45, 1]]
[252, [156, 172, 172, 57, 12, 0]]
[253, [144, 176, 176, 57, 0, 0]]
[254, [192, 192, 192, 57, 0, 0]]
[255, [192, 208, 208, 57, 0, 0]]
[256, [192, 224, 224, 57, 0, 0]]
[257, [240, 240, 240, 57, 0, 0]]
[258, [240, 256, 256, 57, 0, 0]]
[259, [240, 272, 272, 282, 0, 0]]
[260, [288, 288, 288, 153, 144, 0]]
[261, [256, 272, 272, 9, 255, 1]]
[262, [222, 254, 254, 24, 222, 0]]
[263, [238, 238, 238, 24, 189, 1]]
[264, [204, 220, 220, 39, 156, 0]]
[265, [172, 204, 204, 39, 123, 1]]
[266, [186, 186, 186, 39, 90, 0]]
[267, [172, 188, 188, 84, 57, 19]]
[268, [154, 186, 186, 84, 24, 34]]
[269, [176, 176, 176, 84, 0, 32]]
[270, [146, 162, 162, 84, 0, 2]]
[271, [144, 176, 176, 99, 0, 0]]
[272, [192, 192, 192, 99, 0, 0]]
[273, [192, 208, 208, 99, 0, 0]]
[274, [192, 224, 224, 99, 0, 0]]
[275, [240, 240, 240, 99, 0, 0]]
[276, [240, 256, 256, 99, 0, 0]]
[277, [240, 272, 272, 99, 0, 0]]
[278, [288, 288, 288, 99, 0, 0]]
[279, [288, 304, 304, 324, 0, 0]]
[280, [288, 320, 320, 195, 144, 0]]
[281, [304, 304, 304, 51, 255, 1]]
[282, [270, 286, 286, 66, 222, 0]]
[283, [258, 290, 290, 66, 189, 21]]
[284, [300, 300, 300, 81, 156, 48]]
[285, [296, 312, 312, 81, 123, 77]]
[286, [292, 324, 324, 81, 90, 106]]
[287, [328, 328, 328, 126, 57, 127]]
[288, [294, 310, 310, 126, 24, 126]]
[289, [258, 290, 290, 126, 0, 114]]
[290, [292, 292, 292, 126, 0, 100]]
[291, [278, 294, 294, 141, 0, 86]]
[292, [262, 294, 294, 141, 0, 70]]
[293, [300, 300, 300, 141, 0, 60]]
[294, [286, 302, 302, 141, 0, 46]]
[295, [258, 290, 290, 141, 0, 18]]
[296, [288, 288, 288, 141, 0, 0]]
[297, [288, 304, 304, 141, 0, 0]]
[298, [288, 320, 320, 141, 0, 0]]
[299, [336, 336, 336, 366, 0, 0]]
[300, [336, 352, 352, 237, 144, 0]]
[301, [304, 336, 336, 93, 255, 1]]
[302, [318, 318, 318, 108, 222, 0]]
[303, [286, 302, 302, 108, 189, 1]]
[304, [252, 284, 284, 108, 156, 0]]
[305, [268, 268, 268, 108, 123, 1]]
[306, [234, 250, 250, 108, 90, 0]]
[307, [202, 234, 234, 153, 57, 1]]
[308, [216, 216, 216, 9, 168, 0]]
[309, [184, 200, 200, 24, 135, 1]]
[310, [150, 182, 182, 24, 102, 0]]
[311, [166, 166, 166, 39, 69, 1]]
[312, [132, 148, 148, 39, 36, 0]]
[313, [100, 132, 132, 39, 3, 1]]
[314, [144, 144, 144, 39, 0, 0]]
[315, [144, 160, 160, 39, 0, 0]]
[316, [144, 176, 176, 39, 0, 0]]
[317, [192, 192, 192, 39, 0, 0]]
[318, [192, 208, 208, 39, 0, 0]]
[319, [192, 224, 224, 249, 0, 0]]
[320, [240, 240, 240, 135, 144, 0]]
[321, [208, 224, 224, 135, 111, 1]]
[322, [174, 206, 206, 150, 78, 0]]
[323, [190, 190, 190, 6, 189, 1]]
[324, [156, 172, 172, 6, 156, 0]]
[325, [124, 156, 156, 6, 123, 1]]
[326, [138, 138, 138, 6, 90, 0]]
[327, [106, 122, 122, 51, 57, 1]]
[328, [72, 104, 104, 51, 24, 0]]
[329, [96, 96, 96, 66, 0, 0]]
[330, [96, 112, 112, 66, 0, 0]]
[331, [96, 128, 128, 81, 0, 0]]
[332, [144, 144, 144, 81, 0, 0]]
[333, [144, 160, 160, 81, 0, 0]]
[334, [144, 176, 176, 81, 0, 0]]
[335, [192, 192, 192, 81, 0, 0]]
[336, [192, 208, 208, 81, 0, 0]]
[337, [192, 224, 224, 81, 0, 0]]
[338, [240, 240, 240, 81, 0, 0]]
[339, [240, 256, 256, 291, 0, 0]]
[340, [240, 272, 272, 177, 144, 0]]
[341, [256, 256, 256, 33, 255, 1]]
[342, [222, 238, 238, 48, 222, 0]]
[343, [190, 222, 222, 48, 189, 1]]
[344, [204, 204, 204, 48, 156, 0]]
[345, [172, 188, 188, 48, 123, 1]]
[346, [138, 170, 170, 48, 90, 0]]
[347, [154, 154, 154, 93, 57, 1]]
[348, [120, 136, 136, 93, 24, 0]]
[349, [96, 128, 128, 108, 0, 0]]
[350, [144, 144, 144, 108, 0, 0]]
[351, [144, 160, 160, 123, 0, 0]]
[352, [144, 176, 176, 123, 0, 0]]
[353, [192, 192, 192, 123, 0, 0]]
[354, [192, 208, 208, 123, 0, 0]]
[355, [192, 224, 224, 123, 0, 0]]
[356, [240, 240, 240, 123, 0, 0]]
[357, [240, 256, 256, 123, 0, 0]]
[358, [240, 272, 272, 123, 0, 0]]
[359, [288, 288, 288, 318, 0, 0]]
[360, [288, 304, 304, 204, 144, 0]]
[361, [256, 288, 288, 60, 255, 1]]
[362, [270, 270, 270, 75, 222, 0]]
[363, [238, 254, 254, 75, 189, 1]]
[364, [204, 236, 236, 90, 156, 0]]
[365, [220, 220, 220, 90, 123, 1]]
[366, [186, 202, 202, 90, 90, 0]]
[367, [154, 186, 186, 120, 57, 1]]
[368, [168, 168, 168, 120, 24, 0]]
[369, [144, 160, 160, 135, 0, 0]]
[370, [144, 176, 176, 135, 0, 0]]
[371, [192, 192, 192, 135, 0, 0]]
[372, [192, 208, 208, 135, 0, 0]]
[373, [192, 224, 224, 150, 0, 0]]
[374, [240, 240, 240, 6, 144, 0]]
[375, [208, 224, 224, 6, 111, 1]]
[376, [174, 206, 206, 6, 78, 0]]
[377, [190, 190, 190, 6, 45, 1]]
[378, [156, 172, 172, 6, 12, 0]]
[379, [144, 176, 176, 186, 0, 0]]
[380, [192, 192, 192, 72, 144, 0]]
[381, [160, 176, 176, 72, 111, 1]]
[382, [126, 158, 158, 87, 78, 0]]
[383, [142, 142, 142, 87, 45, 1]]
[384, [108, 124, 124, 102, 12, 0]]
[385, [96, 128, 128, 102, 0, 0]]
[386, [144, 144, 144, 102, 0, 0]]
[387, [144, 160, 160, 147, 0, 0]]
[388, [144, 176, 176, 3, 144, 0]]
[389, [160, 160, 160, 18, 111, 1]]
[390, [126, 142, 142, 18, 78, 0]]
[391, [94, 126, 126, 18, 45, 1]]
[392, [108, 108, 108, 18, 12, 0]]
[393, [96, 112, 112, 33, 0, 0]]
[394, [96, 128, 128, 33, 0, 0]]
[395, [144, 144, 144, 48, 0, 0]]
[396, [144, 160, 160, 48, 0, 0]]
[397, [144, 176, 176, 48, 0, 0]]
[398, [192, 192, 192, 48, 0, 0]]
[399, [192, 208, 208, 198, 0, 0]]
[400, [192, 224, 224, 84, 144, 0]]
[401, [208, 208, 208, 99, 111, 1]]
[402, [174, 190, 190, 114, 78, 0]]
[403, [142, 174, 174, 114, 45, 1]]
[404, [156, 156, 156, 129, 12, 0]]
[405, [144, 160, 160, 129, 0, 0]]
[406, [144, 176, 176, 129, 0, 0]]
[407, [192, 192, 192, 174, 0, 0]]
[408, [192, 208, 208, 30, 144, 0]]
[409, [160, 192, 192, 45, 111, 1]]
[410, [174, 174, 174, 45, 78, 0]]
[411, [142, 158, 158, 45, 45, 1]]
[412, [108, 140, 140, 60, 12, 0]]
[413, [144, 144, 144, 75, 0, 0]]
[414, [144, 160, 160, 75, 0, 0]]
[415, [144, 176, 176, 90, 0, 0]]
[416, [192, 192, 192, 90, 0, 0]]
[417, [192, 208, 208, 90, 0, 0]]
[418, [192, 224, 224, 90, 0, 0]]
[419, [240, 240, 240, 225, 0, 0]]
[420, [240, 256, 256, 111, 144, 0]]
[421, [208, 240, 240, 126, 111, 1]]
[422, [222, 222, 222, 141, 78, 0]]
[423, [190, 206, 206, 141, 45, 1]]
[424, [156, 188, 188, 156, 12, 0]]
[425, [192, 192, 192, 12, 144, 0]]
[426, [186, 202, 202, 12, 111, 27]]
[427, [184, 216, 216, 57, 78, 58]]
[428, [210, 210, 210, 57, 45, 69]]
[429, [180, 196, 196, 72, 12, 72]]
[430, [160, 192, 192, 72, 0, 64]]
[431, [188, 188, 188, 72, 0, 44]]
[432, [174, 190, 190, 87, 0, 30]]
[433, [164, 196, 196, 102, 0, 20]]
[434, [204, 204, 204, 102, 0, 12]]
[435, [192, 208, 208, 117, 0, 0]]
[436, [192, 224, 224, 117, 0, 0]]
[437, [240, 240, 240, 132, 0, 0]]
[438, [240, 256, 256, 132, 0, 0]]
[439, [240, 272, 272, 252, 0, 0]]
[440, [288, 288, 288, 138, 144, 0]]
[441, [256, 272, 272, 153, 111, 1]]
[442, [222, 254, 254, 24, 222, 0]]
[443, [238, 238, 238, 24, 189, 1]]
[444, [204, 220, 220, 39, 156, 0]]
[445, [188, 220, 220, 39, 123, 17]]
[446, [226, 226, 226, 39, 90, 40]]
[447, [222, 238, 238, 99, 57, 69]]
[448, [170, 202, 202, 99, 24, 50]]
[449, [174, 174, 174, 99, 0, 30]]
[450, [144, 160, 160, 99, 0, 0]]
[451, [144, 176, 176, 99, 0, 0]]
[452, [192, 192, 192, 114, 0, 0]]
[453, [192, 208, 208, 144, 0, 0]]
[454, [192, 224, 224, 0, 144, 0]]
[455, [208, 208, 208, 15, 111, 1]]
[456, [174, 190, 190, 15, 78, 0]]
[457, [142, 174, 174, 30, 45, 1]]
[458, [156, 156, 156, 30, 12, 0]]
[459, [144, 160, 160, 150, 0, 0]]
[460, [144, 176, 176, 36, 144, 0]]
[461, [160, 160, 160, 51, 111, 1]]
[462, [126, 142, 142, 66, 78, 0]]
[463, [94, 126, 126, 66, 45, 1]]
[464, [108, 108, 108, 81, 12, 0]]
[465, [96, 112, 112, 81, 0, 0]]
[466, [96, 128, 128, 81, 0, 0]]
[467, [144, 144, 144, 141, 0, 0]]
[468, [144, 160, 160, 141, 0, 0]]
[469, [144, 176, 176, 141, 0, 0]]
[470, [192, 192, 192, 141, 0, 0]]
[471, [192, 208, 208, 141, 0, 0]]
[472, [192, 224, 224, 156, 0, 0]]
[473, [240, 240, 240, 42, 144, 0]]
[474, [208, 224, 224, 42, 111, 1]]
[475, [174, 206, 206, 57, 78, 0]]
[476, [190, 190, 190, 57, 45, 1]]
[477, [156, 172, 172, 72, 12, 0]]
[478, [144, 176, 176, 72, 0, 0]]
[479, [192, 192, 192, 192, 0, 0]]
[480, [192, 208, 208, 78, 144, 0]]
[481, [160, 192, 192, 93, 111, 1]]
[482, [174, 174, 174, 108, 78, 0]]
[483, [142, 158, 158, 108, 45, 1]]
[484, [108, 140, 140, 123, 12, 0]]
[485, [144, 144, 144, 123, 0, 0]]
[486, [144, 160, 160, 123, 0, 0]]
[487, [144, 176, 176, 183, 0, 0]]
[488, [192, 192, 192, 39, 144, 0]]
[489, [160, 176, 176, 39, 111, 1]]
[490, [126, 158, 158, 39, 78, 0]]
[491, [142, 142, 142, 39, 45, 1]]
[492, [108, 124, 124, 54, 12, 0]]
[493, [96, 128, 128, 69, 0, 0]]
[494, [144, 144, 144, 69, 0, 0]]
[495, [144, 160, 160, 84, 0, 0]]
[496, [144, 176, 176, 84, 0, 0]]
[497, [192, 192, 192, 99, 0, 0]]
[498, [192, 208, 208, 99, 0, 0]]
[499, [192, 224, 224, 219, 0, 0]]
[500, [240, 240, 240, 105, 144, 0]]
[501, [208, 224, 224, 120, 111, 1]]
[502, [174, 206, 206, 135, 78, 0]]
[503, [190, 190, 190, 135, 45, 1]]
[504, [156, 172, 172, 150, 12, 0]]
[505, [144, 176, 176, 6, 144, 0]]
[506, [160, 160, 160, 6, 111, 1]]
[507, [126, 142, 142, 66, 78, 0]]
[508, [94, 126, 126, 66, 45, 1]]
[509, [108, 108, 108, 66, 12, 0]]
[510, [96, 112, 112, 66, 0, 0]]
[511, [96, 128, 128, 66, 0, 0]]
[512, [144, 144, 144, 81, 0, 0]]
[513, [144, 160, 160, 96, 0, 0]]
[514, [144, 176, 176, 111, 0, 0]]
[515, [192, 192, 192, 126, 0, 0]]
[516, [192, 208, 208, 126, 0, 0]]
[517, [192, 224, 224, 141, 0, 0]]
[518, [240, 240, 240, 141, 0, 0]]
[519, [240, 256, 256, 261, 0, 0]]
[520, [240, 272, 272, 132, 144, 0]]
[521, [256, 256, 256, 147, 111, 1]]
[522, [222, 238, 238, 18, 222, 0]]
[523, [190, 222, 222, 18, 189, 1]]
[524, [204, 204, 204, 48, 156, 0]]
[525, [172, 188, 188, 48, 123, 1]]
[526, [138, 170, 170, 48, 90, 0]]
[527, [154, 154, 154, 108, 57, 1]]
[528, [120, 136, 136, 108, 24, 0]]
[529, [96, 128, 128, 108, 0, 0]]
[530, [144, 144, 144, 108, 0, 0]]
[531, [144, 160, 160, 108, 0, 0]]
[532, [144, 176, 176, 123, 0, 0]]
[533, [192, 192, 192, 138, 0, 0]]
[534, [192, 208, 208, 153, 0, 0]]
[535, [192, 224, 224, 24, 144, 0]]
[536, [208, 208, 208, 24, 111, 1]]
[537, [174, 190, 190, 39, 78, 0]]
[538, [142, 174, 174, 39, 45, 1]]
[539, [156, 156, 156, 159, 12, 0]]
[540, [144, 160, 160, 30, 144, 0]]
[541, [112, 144, 144, 45, 111, 1]]
[542, [126, 126, 126, 60, 78, 0]]
[543, [94, 110, 110, 60, 45, 1]]
[544, [60, 92, 92, 90, 12, 0]]
[545, [96, 96, 96, 90, 0, 0]]
[546, [96, 112, 112, 90, 0, 0]]
[547, [96, 128, 128, 150, 0, 0]]
[548, [144, 144, 144, 6, 144, 0]]
[549, [112, 128, 128, 6, 111, 1]]
[550, [78, 110, 110, 6, 78, 0]]
[551, [94, 94, 94, 6, 45, 1]]
[552, [60, 76, 76, 21, 12, 0]]
[553, [48, 80, 80, 36, 0, 0]]
[554, [96, 96, 96, 36, 0, 0]]
[555, [96, 112, 112, 51, 0, 0]]
[556, [96, 128, 128, 66, 0, 0]]
[557, [144, 144, 144, 81, 0, 0]]
[558, [144, 160, 160, 81, 0, 0]]
[559, [144, 176, 176, 201, 0, 0]]
[560, [192, 192, 192, 72, 144, 0]]
[561, [160, 176, 176, 87, 111, 1]]
[562, [126, 158, 158, 102, 78, 0]]
[563, [142, 142, 142, 102, 45, 1]]
[564, [108, 124, 124, 132, 12, 0]]
[565, [96, 128, 128, 132, 0, 0]]
[566, [144, 144, 144, 132, 0, 0]]
[567, [144, 160, 160, 192, 0, 0]]
[568, [144, 176, 176, 48, 144, 0]]
[569, [160, 160, 160, 48, 111, 1]]
[570, [126, 142, 142, 48, 78, 0]]
[571, [94, 126, 126, 48, 45, 1]]
[572, [108, 108, 108, 63, 12, 0]]
[573, [96, 112, 112, 78, 0, 0]]
[574, [96, 128, 128, 78, 0, 0]]
[575, [144, 144, 144, 93, 0, 0]]
[576, [144, 160, 160, 108, 0, 0]]
[577, [144, 176, 176, 123, 0, 0]]
[578, [192, 192, 192, 123, 0, 0]]
[579, [192, 208, 208, 243, 0, 0]]
[580, [192, 224, 224, 114, 144, 0]]
[581, [208, 208, 208, 129, 111, 1]]
[582, [174, 190, 190, 144, 78, 0]]
[583, [142, 174, 174, 0, 189, 1]]
[584, [162, 162, 162, 30, 156, 6]]
[585, [152, 168, 168, 30, 123, 29]]
[586, [144, 176, 176, 30, 90, 54]]
[587, [186, 186, 186, 90, 57, 81]]
[588, [154, 170, 170, 90, 24, 82]]
[589, [110, 142, 142, 90, 0, 62]]
[590, [128, 128, 128, 90, 0, 32]]
[591, [98, 114, 114, 90, 0, 2]]
[592, [96, 128, 128, 105, 0, 0]]
[593, [144, 144, 144, 120, 0, 0]]
[594, [144, 160, 160, 120, 0, 0]]
[595, [144, 176, 176, 135, 0, 0]]
[596, [192, 192, 192, 150, 0, 0]]
[597, [192, 208, 208, 21, 144, 0]]
[598, [160, 192, 192, 21, 111, 1]]
[599, [174, 174, 174, 111, 78, 0]]
[600, [142, 158, 158, 126, 45, 1]]
[601, [108, 140, 140, 141, 12, 0]]
[602, [144, 144, 144, 171, 0, 0]]
[603, [144, 160, 160, 27, 144, 0]]
[604, [112, 144, 144, 72, 111, 1]]
[605, [126, 126, 126, 72, 78, 0]]
[606, [94, 110, 110, 72, 45, 1]]
[607, [60, 92, 92, 132, 12, 0]]
[608, [96, 96, 96, 132, 0, 0]]
[609, [96, 112, 112, 132, 0, 0]]
[610, [96, 128, 128, 132, 0, 0]]
[611, [144, 144, 144, 132, 0, 0]]
[612, [144, 160, 160, 147, 0, 0]]
[613, [144, 176, 176, 18, 144, 0]]
[614, [160, 160, 160, 18, 111, 1]]
[615, [126, 142, 142, 33, 78, 0]]
[616, [94, 126, 126, 33, 45, 1]]
[617, [108, 108, 108, 48, 12, 0]]
[618, [96, 112, 112, 48, 0, 0]]
[619, [96, 128, 128, 123, 0, 0]]
[620, [144, 144, 144, 138, 0, 0]]
[621, [144, 160, 160, 168, 0, 0]]
[622, [144, 176, 176, 54, 144, 0]]
[623, [160, 160, 160, 54, 111, 1]]
[624, [126, 142, 142, 99, 78, 0]]
[625, [94, 126, 126, 114, 45, 1]]
[626, [108, 108, 108, 114, 12, 0]]
[627, [96, 112, 112, 174, 0, 0]]
[628, [96, 128, 128, 30, 144, 0]]
[629, [112, 112, 112, 30, 111, 1]]
[630, [78, 94, 94, 30, 78, 0]]
[631, [46, 78, 78, 30, 45, 1]]
[632, [60, 60, 60, 45, 12, 0]]
[633, [48, 64, 64, 60, 0, 0]]
[634, [48, 80, 80, 60, 0, 0]]
[635, [96, 96, 96, 75, 0, 0]]
[636, [96, 112, 112, 75, 0, 0]]
[637, [96, 128, 128, 90, 0, 0]]
[638, [144, 144, 144, 90, 0, 0]]
[639, [144, 160, 160, 165, 0, 0]]
[640, [144, 176, 176, 36, 144, 0]]
[641, [160, 160, 160, 66, 111, 1]]
[642, [126, 142, 142, 81, 78, 0]]
[643, [94, 126, 126, 81, 45, 1]]
[644, [108, 108, 108, 126, 12, 0]]
[645, [96, 112, 112, 141, 0, 0]]
[646, [96, 128, 128, 141, 0, 0]]
[647, [144, 144, 144, 201, 0, 0]]
[648, [144, 160, 160, 57, 144, 0]]
[649, [112, 144, 144, 57, 111, 1]]
[650, [126, 126, 126, 57, 78, 0]]
[651, [94, 110, 110, 57, 45, 1]]
[652, [60, 92, 92, 72, 12, 0]]
[653, [96, 96, 96, 87, 0, 0]]
[654, [96, 112, 112, 87, 0, 0]]
[655, [96, 128, 128, 102, 0, 0]]
[656, [144, 144, 144, 102, 0, 0]]
[657, [144, 160, 160, 117, 0, 0]]
[658, [144, 176, 176, 117, 0, 0]]
[659, [192, 192, 192, 192, 0, 0]]
[660, [192, 208, 208, 48, 144, 0]]
[661, [160, 192, 192, 78, 111, 1]]
[662, [174, 174, 174, 108, 78, 0]]
[663, [142, 158, 158, 108, 45, 1]]
[664, [108, 140, 140, 153, 12, 0]]
[665, [144, 144, 144, 24, 144, 0]]
[666, [112, 128, 128, 24, 111, 1]]
[667, [78, 110, 110, 84, 78, 0]]
[668, [94, 94, 94, 84, 45, 1]]
[669, [60, 76, 76, 84, 12, 0]]
[670, [48, 80, 80, 84, 0, 0]]
[671, [96, 96, 96, 84, 0, 0]]
[672, [96, 112, 112, 114, 0, 0]]
[673, [96, 128, 128, 129, 0, 0]]
[674, [144, 144, 144, 129, 0, 0]]
[675, [144, 160, 160, 144, 0, 0]]
[676, [144, 176, 176, 0, 144, 0]]
[677, [160, 160, 160, 15, 111, 1]]
[678, [126, 142, 142, 15, 78, 0]]
[679, [94, 126, 126, 90, 45, 1]]
[680, [108, 108, 108, 90, 12, 0]]
[681, [96, 112, 112, 120, 0, 0]]
[682, [96, 128, 128, 135, 0, 0]]
[683, [144, 144, 144, 135, 0, 0]]
[684, [144, 160, 160, 180, 0, 0]]
[685, [144, 176, 176, 51, 144, 0]]
[686, [160, 160, 160, 51, 111, 1]]
[687, [126, 142, 142, 111, 78, 0]]
[688, [94, 126, 126, 111, 45, 1]]
[689, [108, 108, 108, 111, 12, 0]]
[690, [96, 112, 112, 111, 0, 0]]
[691, [96, 128, 128, 111, 0, 0]]
[692, [144, 144, 144, 141, 0, 0]]
[693, [144, 160, 160, 156, 0, 0]]
[694, [144, 176, 176, 12, 144, 0]]
[695, [160, 160, 160, 27, 111, 1]]
[696, [126, 142, 142, 27, 78, 0]]
[697, [94, 126, 126, 42, 45, 1]]
[698, [108, 108, 108, 42, 12, 0]]
[699, [96, 112, 112, 117, 0, 0]]
[700, [96, 128, 128, 117, 0, 0]]
[701, [144, 144, 144, 147, 0, 0]]
[702, [144, 160, 160, 18, 144, 0]]
[703, [112, 144, 144, 18, 111, 1]]
[704, [126, 126, 126, 78, 78, 0]]
[705, [94, 110, 110, 93, 45, 1]]
[706, [60, 92, 92, 93, 12, 0]]
[707, [96, 96, 96, 138, 0, 0]]
[708, [96, 112, 112, 153, 0, 0]]
[709, [96, 128, 128, 9, 144, 0]]
[710, [112, 112, 112, 9, 111, 1]]
[711, [78, 94, 94, 9, 78, 0]]
[712, [46, 78, 78, 39, 45, 1]]
[713, [60, 60, 60, 54, 12, 0]]
[714, [48, 64, 64, 54, 0, 0]]
[715, [48, 80, 80, 69, 0, 0]]
[716, [96, 96, 96, 69, 0, 0]]
[717, [96, 112, 112, 84, 0, 0]]
[718, [96, 128, 128, 84, 0, 0]]
[719, [144, 144, 144, 159, 0, 0]]
[720, [144, 160, 160, 15, 144, 0]]
[721, [112, 144, 144, 45, 111, 1]]
[722, [126, 126, 126, 60, 78, 0]]
[723, [94, 110, 110, 60, 45, 1]]
[724, [60, 92, 92, 105, 12, 0]]
[725, [96, 96, 96, 120, 0, 0]]
[726, [96, 112, 112, 120, 0, 0]]
[727, [96, 128, 128, 165, 0, 0]]
[728, [144, 144, 144, 36, 144, 0]]
[729, [112, 128, 128, 36, 111, 1]]
[730, [78, 110, 110, 36, 78, 0]]
[731, [94, 94, 94, 36, 45, 1]]
[732, [60, 76, 76, 66, 12, 0]]
[733, [48, 80, 80, 81, 0, 0]]
[734, [96, 96, 96, 81, 0, 0]]
[735, [96, 112, 112, 111, 0, 0]]
[736, [96, 128, 128, 111, 0, 0]]
[737, [144, 144, 144, 126, 0, 0]]
[738, [144, 160, 160, 126, 0, 0]]
[739, [144, 176, 176, 201, 0, 0]]
[740, [192, 192, 192, 57, 144, 0]]
[741, [160, 176, 176, 87, 111, 1]]
[742, [126, 158, 158, 102, 78, 0]]
[743, [142, 142, 142, 102, 45, 1]]
[744, [108, 124, 124, 147, 12, 0]]
[745, [96, 128, 128, 18, 144, 0]]
[746, [112, 112, 112, 18, 111, 1]]
[747, [78, 94, 94, 48, 78, 0]]
[748, [46, 78, 78, 63, 45, 1]]
[749, [60, 60, 60, 63, 12, 0]]
[750, [48, 64, 64, 63, 0, 0]]
[751, [48, 80, 80, 63, 0, 0]]
[752, [96, 96, 96, 93, 0, 0]]
[753, [96, 112, 112, 108, 0, 0]]
[754, [96, 128, 128, 108, 0, 0]]
[755, [144, 144, 144, 138, 0, 0]]
[756, [144, 160, 160, 138, 0, 0]]
[757, [144, 176, 176, 168, 0, 0]]
[758, [192, 192, 192, 24, 144, 0]]
[759, [160, 176, 176, 99, 111, 1]]
[760, [126, 158, 158, 99, 78, 0]]
[761, [142, 142, 142, 129, 45, 1]]
[762, [108, 124, 124, 129, 12, 0]]
[763, [96, 128, 128, 129, 0, 0]]
[764, [144, 144, 144, 174, 0, 0]]
[765, [144, 160, 160, 45, 144, 0]]
[766, [112, 144, 144, 45, 111, 1]]
[767, [126, 126, 126, 75, 78, 0]]
[768, [94, 110, 110, 90, 45, 1]]
[769, [60, 92, 92, 90, 12, 0]]
[770, [96, 96, 96, 90, 0, 0]]
[771, [96, 112, 112, 90, 0, 0]]
[772, [96, 128, 128, 120, 0, 0]]
[773, [144, 144, 144, 135, 0, 0]]
[774, [144, 160, 160, 150, 0, 0]]
[775, [144, 176, 176, 36, 144, 0]]
[776, [160, 160, 160, 36, 111, 1]]
[777, [126, 142, 142, 66, 78, 0]]
[778, [94, 126, 126, 66, 45, 1]]
[779, [108, 108, 108, 141, 12, 0]]
[780, [96, 112, 112, 141, 0, 0]]
[781, [96, 128, 128, 171, 0, 0]]
[782, [144, 144, 144, 27, 144, 0]]
[783, [112, 128, 128, 27, 111, 1]]
[784, [78, 110, 110, 72, 78, 0]]
[785, [94, 94, 94, 87, 45, 1]]
[786, [60, 76, 76, 87, 12, 0]]
[787, [48, 80, 80, 117, 0, 0]]
[788, [96, 96, 96, 132, 0, 0]]
[789, [96, 112, 112, 132, 0, 0]]
[790, [96, 128, 128, 132, 0, 0]]
[791, [144, 144, 144, 132, 0, 0]]
[792, [144, 160, 160, 162, 0, 0]]
[793, [144, 176, 176, 33, 144, 0]]
[794, [160, 160, 160, 48, 111, 1]]
[795, [126, 142, 142, 78, 78, 0]]
[796, [94, 126, 126, 78, 45, 1]]
[797, [108, 108, 108, 108, 12, 0]]
[798, [96, 112, 112, 108, 0, 0]]
[799, [96, 128, 128, 183, 0, 0]]
[800, [144, 144, 144, 39, 144, 0]]
[801, [112, 128, 128, 69, 111, 1]]
[802, [78, 110, 110, 69, 78, 0]]
[803, [94, 94, 94, 69, 45, 1]]
[804, [60, 76, 76, 114, 12, 0]]
[805, [48, 80, 80, 129, 0, 0]]
[806, [96, 96, 96, 129, 0, 0]]
[807, [96, 112, 112, 159, 0, 0]]
[808, [96, 128, 128, 30, 144, 0]]
[809, [112, 112, 112, 30, 111, 1]]
[810, [78, 94, 94, 30, 78, 0]]
[811, [46, 78, 78, 30, 45, 1]]
[812, [60, 60, 60, 30, 12, 0]]
[813, [48, 64, 64, 45, 0, 0]]
[814, [48, 80, 80, 60, 0, 0]]
[815, [96, 96, 96, 90, 0, 0]]
[816, [96, 112, 112, 90, 0, 0]]
[817, [96, 128, 128, 120, 0, 0]]
[818, [144, 144, 144, 135, 0, 0]]
[819, [144, 160, 160, 210, 0, 0]]
[820, [144, 176, 176, 81, 144, 0]]
[821, [160, 160, 160, 96, 111, 1]]
[822, [126, 142, 142, 96, 78, 0]]
[823, [94, 126, 126, 96, 45, 1]]
[824, [108, 108, 108, 141, 12, 0]]
[825, [96, 112, 112, 156, 0, 0]]
[826, [96, 128, 128, 12, 144, 0]]
[827, [112, 112, 112, 42, 111, 1]]
[828, [78, 94, 94, 57, 78, 0]]
[829, [46, 78, 78, 57, 45, 1]]
[830, [60, 60, 60, 57, 12, 0]]
[831, [48, 64, 64, 57, 0, 0]]
[832, [48, 80, 80, 57, 0, 0]]
[833, [96, 96, 96, 87, 0, 0]]
[834, [96, 112, 112, 102, 0, 0]]
[835, [96, 128, 128, 132, 0, 0]]
[836, [144, 144, 144, 132, 0, 0]]
[837, [144, 160, 160, 162, 0, 0]]
[838, [144, 176, 176, 33, 144, 0]]
[839, [160, 160, 160, 108, 111, 1]]
[840, [126, 142, 142, 123, 78, 0]]
[841, [94, 126, 126, 138, 45, 1]]
[842, [108, 108, 108, 138, 12, 0]]
[843, [96, 112, 112, 138, 0, 0]]
[844, [96, 128, 128, 183, 0, 0]]
[845, [144, 144, 144, 39, 144, 0]]
[846, [112, 128, 128, 39, 111, 1]]
[847, [78, 110, 110, 69, 78, 0]]
[848, [94, 94, 94, 84, 45, 1]]
[849, [60, 76, 76, 84, 12, 0]]
[850, [48, 80, 80, 84, 0, 0]]
[851, [96, 96, 96, 84, 0, 0]]
[852, [96, 112, 112, 84, 0, 0]]
[853, [96, 128, 128, 114, 0, 0]]
[854, [144, 144, 144, 129, 0, 0]]
[855, [144, 160, 160, 144, 0, 0]]
[856, [144, 176, 176, 0, 144, 0]]
[857, [160, 160, 160, 30, 111, 1]]
[858, [126, 142, 142, 30, 78, 0]]
[859, [94, 126, 126, 105, 45, 1]]
[860, [108, 108, 108, 120, 12, 0]]
[861, [96, 112, 112, 135, 0, 0]]
[862, [96, 128, 128, 135, 0, 0]]
[863, [144, 144, 144, 135, 0, 0]]
[864, [144, 160, 160, 195, 0, 0]]
[865, [144, 176, 176, 66, 144, 0]]
[866, [160, 160, 160, 66, 111, 1]]
[867, [126, 142, 142, 96, 78, 0]]
[868, [94, 126, 126, 111, 45, 1]]
[869, [108, 108, 108, 111, 12, 0]]
[870, [96, 112, 112, 111, 0, 0]]
[871, [96, 128, 128, 111, 0, 0]]
[872, [144, 144, 144, 126, 0, 0]]
[873, [144, 160, 160, 156, 0, 0]]
[874, [144, 176, 176, 27, 144, 0]]
[875, [160, 160, 160, 42, 111, 1]]
[876, [126, 142, 142, 42, 78, 0]]
[877, [94, 126, 126, 72, 45, 1]]
[878, [108, 108, 108, 72, 12, 0]]
[879, [96, 112, 112, 147, 0, 0]]
[880, [96, 128, 128, 18, 144, 0]]
[881, [112, 112, 112, 33, 111, 1]]
[882, [78, 94, 94, 33, 78, 0]]
[883, [46, 78, 78, 33, 45, 1]]
[884, [60, 60, 60, 93, 12, 0]]
[885, [48, 64, 64, 108, 0, 0]]
[886, [48, 80, 80, 108, 0, 0]]
[887, [96, 96, 96, 138, 0, 0]]
[888, [96, 112, 112, 153, 0, 0]]
[889, [96, 128, 128, 9, 144, 0]]
[890, [112, 112, 112, 9, 111, 1]]
[891, [78, 94, 94, 9, 78, 0]]
[892, [46, 78, 78, 24, 45, 1]]
[893, [60, 60, 60, 54, 12, 0]]
[894, [48, 64, 64, 69, 0, 0]]
[895, [48, 80, 80, 84, 0, 0]]
[896, [96, 96, 96, 84, 0, 0]]
[897, [96, 112, 112, 114, 0, 0]]
[898, [96, 128, 128, 114, 0, 0]]
[899, [144, 144, 144, 189, 0, 0]]
[900, [144, 160, 160, 60, 144, 0]]
[901, [112, 144, 144, 75, 111, 1]]
[902, [126, 126, 126, 75, 78, 0]]
[903, [94, 110, 110, 75, 45, 1]]
[904, [60, 92, 92, 135, 12, 0]]
[905, [96, 96, 96, 150, 0, 0]]
[906, [96, 112, 112, 6, 144, 0]]
[907, [64, 96, 96, 36, 111, 1]]
[908, [78, 78, 78, 51, 78, 0]]
[909, [46, 62, 62, 51, 45, 1]]
[910, [12, 44, 44, 51, 12, 0]]
[911, [48, 48, 48, 51, 0, 0]]
[912, [48, 64, 64, 66, 0, 0]]
[913, [48, 80, 80, 96, 0, 0]]
[914, [96, 96, 96, 111, 0, 0]]
[915, [96, 112, 112, 111, 0, 0]]
[916, [96, 128, 128, 111, 0, 0]]
[917, [144, 144, 144, 141, 0, 0]]
[918, [144, 160, 160, 141, 0, 0]]
[919, [144, 176, 176, 216, 0, 0]]
[920, [192, 192, 192, 87, 144, 0]]
[921, [160, 176, 176, 102, 111, 1]]
[922, [126, 158, 158, 117, 78, 0]]
[923, [142, 142, 142, 117, 45, 1]]
[924, [108, 124, 124, 177, 12, 0]]
[925, [96, 128, 128, 48, 144, 0]]
[926, [112, 112, 112, 48, 111, 1]]
[927, [78, 94, 94, 78, 78, 0]]
[928, [46, 78, 78, 93, 45, 1]]
[929, [60, 60, 60, 93, 12, 0]]
[930, [48, 64, 64, 93, 0, 0]]
[931, [48, 80, 80, 93, 0, 0]]
[932, [96, 96, 96, 108, 0, 0]]
[933, [96, 112, 112, 138, 0, 0]]
[934, [96, 128, 128, 153, 0, 0]]
[935, [144, 144, 144, 9, 144, 0]]
[936, [112, 128, 128, 9, 111, 1]]
[937, [78, 110, 110, 39, 78, 0]]
[938, [94, 94, 94, 39, 45, 1]]
[939, [60, 76, 76, 114, 12, 0]]
[940, [48, 80, 80, 129, 0, 0]]
[941, [96, 96, 96, 144, 0, 0]]
[942, [96, 112, 112, 15, 144, 0]]
[943, [64, 96, 96, 15, 111, 1]]
[944, [78, 78, 78, 75, 78, 0]]
[945, [46, 62, 62, 90, 45, 1]]
[946, [12, 44, 44, 90, 12, 0]]
[947, [48, 48, 48, 120, 0, 0]]
[948, [48, 64, 64, 135, 0, 0]]
[949, [48, 80, 80, 135, 0, 0]]
[950, [96, 96, 96, 135, 0, 0]]
[951, [96, 112, 112, 135, 0, 0]]
[952, [96, 128, 128, 150, 0, 0]]
[953, [144, 144, 144, 36, 144, 0]]
[954, [112, 128, 128, 51, 111, 1]]
[955, [78, 110, 110, 51, 78, 0]]
[956, [94, 94, 94, 51, 45, 1]]
[957, [60, 76, 76, 66, 12, 0]]
[958, [48, 80, 80, 66, 0, 0]]
[959, [96, 96, 96, 141, 0, 0]]
