SimulationV010.py[0, [0, 16, 16, 0, 0, 0]]
[1, [0, 32, 32, 0, 0, 0]]
[2, [48, 48, 48, 0, 0, 0]]
[3, [48, 64, 64, 0, 0, 0]]
[4, [48, 80, 80, 0, 0, 0]]
[5, [96, 96, 96, 0, 0, 0]]
[6, [96, 112, 112, 0, 0, 0]]
[7, [96, 128, 128, 0, 0, 0]]
[8, [144, 144, 144, 0, 0, 0]]
[9, [144, 160, 160, 0, 0, 0]]
[10, [144, 176, 176, 0, 0, 0]]
[11, [192, 192, 192, 0, 0, 0]]
[12, [192, 198, 198, 0, 0, 0]]
[14, [196, 198, 198, 0, 0, 0]]
[19, [196, 198, 198, 195, 0, 0]]
[20, [196, 198, 198, 186, 144, 0]]
[21, [166, 168, 168, 42, 111, 3]]
[22, [168, 154, 154, 42, 78, 6]]
[23, [150, 140, 140, 42, 189, 9]]
[24, [114, 116, 116, 42, 156, 2]]
[25, [116, 102, 102, 42, 123, 5]]
[26, [98, 88, 88, 42, 90, 8]]
[27, [62, 64, 64, 42, 57, 1]]
[28, [64, 50, 50, 42, 24, 4]]
[29, [56, 46, 46, 42, 0, 8]]
[30, [60, 62, 62, 42, 0, 8]]
[31, [92, 78, 78, 42, 0, 8]]
[32, [104, 94, 94, 42, 0, 8]]
[33, [108, 110, 110, 42, 0, 8]]
[34, [140, 126, 126, 42, 0, 8]]
[35, [152, 142, 142, 42, 0, 8]]
[36, [156, 158, 158, 42, 0, 8]]
[37, [188, 174, 174, 42, 0, 8]]
[38, [196, 190, 190, 42, 0, 8]]
[39, [196, 198, 198, 192, 0, 8]]
[40, [196, 198, 198, 93, 144, 8]]
[41, [156, 158, 158, 198, 111, 1]]
[42, [134, 144, 144, 84, 78, 4]]
[43, [136, 130, 130, 84, 189, 7]]
[44, [104, 106, 106, 84, 156, 0]]
[45, [82, 92, 92, 84, 123, 3]]
[46, [84, 78, 78, 84, 90, 6]]
[47, [62, 64, 64, 84, 57, 9]]
[48, [30, 40, 40, 84, 24, 2]]
[49, [42, 36, 36, 84, 0, 6]]
[50, [50, 52, 52, 84, 0, 6]]
[51, [58, 68, 68, 84, 0, 6]]
[52, [90, 84, 84, 84, 0, 6]]
[53, [98, 100, 100, 84, 0, 6]]
[54, [106, 116, 116, 84, 0, 6]]
[55, [138, 132, 132, 84, 0, 6]]
[56, [146, 148, 148, 84, 0, 6]]
[57, [154, 164, 164, 84, 0, 6]]
[58, [186, 180, 180, 84, 0, 6]]
[59, [194, 196, 196, 189, 0, 6]]
[60, [198, 198, 198, 90, 144, 6]]
[61, [168, 168, 168, 135, 111, 9]]
[62, [132, 144, 144, 195, 78, 2]]
[63, [134, 130, 130, 96, 189, 5]]
[64, [116, 116, 116, 126, 156, 8]]
[65, [80, 92, 92, 126, 123, 1]]
[66, [82, 78, 78, 126, 90, 4]]
[67, [64, 64, 64, 126, 57, 7]]
[68, [28, 40, 40, 126, 24, 0]]
[69, [40, 36, 36, 126, 0, 4]]
[70, [52, 52, 52, 126, 0, 4]]
[71, [56, 68, 68, 126, 0, 4]]
[72, [88, 84, 84, 126, 0, 4]]
[73, [100, 100, 100, 126, 0, 4]]
[74, [104, 116, 116, 126, 0, 4]]
[75, [136, 132, 132, 126, 0, 4]]
[76, [148, 148, 148, 126, 0, 4]]
[77, [152, 164, 164, 126, 0, 4]]
[78, [184, 180, 180, 126, 0, 4]]
[79, [196, 196, 196, 186, 0, 4]]
[80, [196, 198, 198, 87, 144, 4]]
[81, [166, 168, 168, 117, 111, 7]]
[82, [126, 144, 144, 162, 78, 0]]
[83, [132, 130, 130, 78, 189, 3]]
[84, [114, 116, 116, 123, 156, 6]]
[85, [84, 102, 102, 153, 123, 9]]
[86, [80, 78, 78, 9, 90, 2]]
[87, [62, 64, 64, 9, 57, 5]]
[88, [32, 50, 50, 24, 168, 8]]
[89, [28, 26, 26, 24, 135, 1]]
[90, [10, 12, 12, 24, 102, 4]]
[91, [0, 18, 18, 24, 69, 27]]
[92, [6, 4, 4, 24, 36, 30]]
[93, [8, 10, 10, 24, 3, 53]]
[94, [8, 26, 26, 24, 0, 56]]
[95, [4, 2, 2, 24, 0, 16]]
[96, [6, 8, 8, 24, 0, 6]]
[97, [6, 24, 24, 24, 0, 6]]
[98, [42, 40, 40, 24, 0, 6]]
[99, [54, 56, 56, 84, 0, 6]]
[100, [54, 72, 72, 129, 0, 6]]
[101, [90, 88, 88, 159, 0, 6]]
[102, [102, 104, 104, 60, 144, 6]]
[103, [72, 90, 90, 120, 111, 9]]
[104, [68, 66, 66, 165, 78, 2]]
[105, [50, 52, 52, 51, 189, 5]]
[106, [20, 38, 38, 51, 156, 8]]
[107, [16, 14, 14, 51, 123, 1]]
[108, [8, 10, 10, 66, 90, 14]]
[109, [8, 26, 26, 66, 57, 47]]
[110, [4, 2, 2, 66, 24, 40]]
[111, [6, 8, 8, 66, 0, 54]]
[112, [6, 24, 24, 66, 0, 54]]
[113, [2, 0, 0, 66, 0, 14]]
[114, [4, 6, 6, 66, 0, 4]]
[115, [4, 22, 22, 66, 0, 4]]
[116, [40, 38, 38, 66, 0, 4]]
[117, [52, 54, 54, 66, 0, 4]]
[118, [52, 70, 70, 66, 0, 4]]
[119, [88, 86, 86, 126, 0, 4]]
[120, [100, 102, 102, 171, 0, 4]]
[121, [100, 118, 118, 57, 144, 4]]
[122, [106, 104, 104, 102, 111, 7]]
[123, [78, 80, 80, 162, 78, 0]]
[124, [48, 66, 66, 63, 189, 3]]
[125, [54, 52, 52, 93, 156, 6]]
[126, [66, 68, 68, 93, 123, 39]]
[127, [66, 84, 84, 93, 90, 72]]
[128, [82, 80, 80, 108, 57, 85]]
[129, [84, 86, 86, 108, 24, 108]]
[130, [84, 102, 102, 108, 0, 132]]
[131, [110, 108, 108, 108, 0, 122]]
[132, [102, 104, 104, 108, 0, 102]]
[133, [102, 120, 120, 108, 0, 102]]
[134, [118, 116, 116, 108, 0, 82]]
[135, [120, 122, 122, 108, 0, 72]]
[136, [120, 138, 138, 108, 0, 72]]
[137, [156, 154, 154, 108, 0, 72]]
[138, [138, 140, 140, 108, 0, 42]]
[139, [118, 136, 136, 168, 0, 22]]
[140, [134, 132, 132, 69, 144, 2]]
[141, [116, 118, 118, 99, 111, 5]]
[142, [86, 104, 104, 144, 78, 8]]
[143, [112, 110, 110, 60, 189, 31]]
[144, [94, 96, 96, 105, 156, 34]]
[145, [84, 102, 102, 135, 123, 57]]
[146, [110, 108, 108, 135, 90, 80]]
[147, [92, 94, 94, 135, 57, 83]]
[148, [92, 110, 110, 150, 24, 116]]
[149, [98, 96, 96, 6, 144, 110]]
[150, [30, 32, 32, 6, 111, 63]]
[151, [0, 18, 18, 6, 78, 66]]
[152, [6, 4, 4, 6, 45, 69]]
[153, [8, 10, 10, 6, 12, 92]]
[154, [8, 26, 26, 6, 0, 104]]
[155, [4, 2, 2, 6, 0, 64]]
[156, [6, 8, 8, 6, 0, 54]]
[157, [6, 24, 24, 6, 0, 54]]
[158, [2, 0, 0, 6, 0, 14]]
[159, [4, 6, 6, 66, 0, 4]]
[160, [4, 22, 22, 111, 0, 4]]
[161, [40, 38, 38, 141, 0, 4]]
[162, [52, 54, 54, 186, 0, 4]]
[163, [52, 70, 70, 42, 144, 4]]
[164, [58, 56, 56, 102, 111, 7]]
[165, [30, 32, 32, 147, 78, 0]]
[166, [0, 18, 18, 33, 189, 3]]
[167, [6, 4, 4, 33, 156, 6]]
[168, [8, 10, 10, 48, 123, 29]]
[169, [8, 26, 26, 48, 90, 62]]
[170, [4, 2, 2, 48, 57, 55]]
[171, [6, 8, 8, 48, 24, 78]]
[172, [6, 24, 24, 48, 0, 102]]
[173, [2, 0, 0, 48, 0, 62]]
[174, [4, 6, 6, 48, 0, 52]]
[175, [4, 22, 22, 48, 0, 52]]
[176, [10, 8, 8, 48, 0, 22]]
[177, [2, 4, 4, 48, 0, 2]]
[178, [2, 20, 20, 48, 0, 2]]
[179, [38, 36, 36, 108, 0, 2]]
[180, [50, 52, 52, 153, 0, 2]]
[181, [50, 68, 68, 39, 144, 2]]
[182, [56, 54, 54, 84, 111, 5]]
[183, [38, 40, 40, 84, 78, 8]]
[184, [8, 26, 26, 144, 45, 11]]
[185, [4, 2, 2, 45, 156, 4]]
[186, [6, 8, 8, 75, 123, 27]]
[187, [6, 24, 24, 75, 90, 60]]
[188, [2, 0, 0, 90, 57, 53]]
[189, [4, 6, 6, 90, 24, 76]]
[190, [4, 22, 22, 90, 0, 100]]
[191, [10, 8, 8, 90, 0, 70]]
[192, [2, 4, 4, 90, 0, 50]]
[193, [2, 20, 20, 90, 0, 50]]
[194, [8, 6, 6, 90, 0, 20]]
[195, [0, 2, 2, 90, 0, 0]]
[196, [0, 18, 18, 90, 0, 0]]
[197, [36, 34, 34, 90, 0, 0]]
[198, [48, 50, 50, 90, 0, 0]]
[199, [48, 66, 66, 150, 0, 0]]
[200, [84, 82, 82, 51, 144, 0]]
[201, [66, 68, 68, 81, 111, 3]]
[202, [36, 54, 54, 126, 78, 6]]
[203, [42, 40, 40, 126, 45, 9]]
[204, [14, 16, 16, 186, 12, 2]]
[205, [4, 22, 22, 42, 144, 4]]
[206, [10, 8, 8, 87, 111, 7]]
[207, [2, 4, 4, 117, 78, 20]]
[208, [2, 20, 20, 132, 45, 53]]
[209, [8, 6, 6, 132, 12, 56]]
[210, [0, 2, 2, 132, 0, 48]]
[211, [0, 18, 18, 132, 0, 48]]
[212, [6, 4, 4, 132, 0, 18]]
[213, [8, 10, 10, 132, 0, 8]]
[214, [8, 26, 26, 132, 0, 8]]
[215, [44, 42, 42, 132, 0, 8]]
[216, [56, 58, 58, 132, 0, 8]]
[217, [56, 74, 74, 132, 0, 8]]
[218, [92, 90, 90, 132, 0, 8]]
[219, [104, 106, 106, 192, 0, 8]]
[220, [104, 122, 122, 48, 144, 8]]
[221, [100, 98, 98, 93, 111, 1]]
[222, [82, 84, 84, 123, 78, 4]]
[223, [52, 70, 70, 168, 45, 7]]
[224, [48, 46, 46, 24, 156, 0]]
[225, [30, 32, 32, 84, 123, 3]]
[226, [0, 18, 18, 84, 90, 6]]
[227, [6, 4, 4, 129, 57, 9]]
[228, [8, 10, 10, 159, 24, 32]]
[229, [8, 26, 26, 30, 144, 56]]
[230, [4, 2, 2, 30, 111, 49]]
[231, [6, 8, 8, 30, 78, 72]]
[232, [6, 24, 24, 30, 45, 105]]
[233, [2, 0, 0, 30, 12, 98]]
[234, [4, 6, 6, 30, 0, 100]]
[235, [4, 22, 22, 30, 0, 100]]
[236, [10, 8, 8, 30, 0, 70]]
[237, [2, 4, 4, 30, 0, 50]]
[238, [2, 20, 20, 30, 0, 50]]
[239, [8, 6, 6, 90, 0, 20]]
[240, [0, 2, 2, 90, 0, 0]]
[241, [0, 18, 18, 135, 0, 0]]
[242, [36, 34, 34, 165, 0, 0]]
[243, [48, 50, 50, 66, 144, 0]]
[244, [18, 36, 36, 66, 111, 3]]
[245, [24, 22, 22, 126, 78, 6]]
[246, [6, 8, 8, 126, 45, 9]]
[247, [6, 24, 24, 171, 12, 42]]
[248, [2, 0, 0, 57, 144, 14]]
[249, [4, 6, 6, 72, 111, 37]]
[250, [4, 22, 22, 72, 78, 70]]
[251, [10, 8, 8, 72, 45, 73]]
[252, [2, 4, 4, 72, 12, 86]]
[253, [2, 20, 20, 72, 0, 98]]
[254, [8, 6, 6, 72, 0, 68]]
[255, [0, 2, 2, 72, 0, 48]]
[256, [0, 18, 18, 72, 0, 48]]
[257, [6, 4, 4, 72, 0, 18]]
[258, [8, 10, 10, 72, 0, 8]]
[259, [8, 26, 26, 132, 0, 8]]
[260, [44, 42, 42, 132, 0, 8]]
[261, [56, 58, 58, 177, 0, 8]]
[262, [56, 74, 74, 63, 144, 8]]
[263, [52, 50, 50, 108, 111, 1]]
[264, [34, 36, 36, 108, 78, 4]]
[265, [4, 22, 22, 168, 45, 7]]
[266, [10, 8, 8, 24, 156, 10]]
[267, [2, 4, 4, 69, 123, 23]]
[268, [2, 20, 20, 99, 90, 56]]
[269, [8, 6, 6, 114, 57, 59]]
[270, [0, 2, 2, 114, 24, 72]]
[271, [0, 18, 18, 114, 0, 96]]
[272, [6, 4, 4, 114, 0, 66]]
[273, [8, 10, 10, 114, 0, 56]]
[274, [8, 26, 26, 114, 0, 56]]
[275, [4, 2, 2, 114, 0, 16]]
[276, [6, 8, 8, 114, 0, 6]]
[277, [6, 24, 24, 114, 0, 6]]
[278, [42, 40, 40, 114, 0, 6]]
[279, [54, 56, 56, 174, 0, 6]]
[280, [54, 72, 72, 30, 144, 6]]
[281, [60, 58, 58, 75, 111, 9]]
[282, [42, 44, 44, 105, 78, 12]]
[283, [22, 40, 40, 150, 45, 25]]
[284, [48, 46, 46, 6, 156, 48]]
[285, [50, 52, 52, 66, 123, 71]]
[286, [40, 58, 58, 66, 90, 94]]
[287, [56, 54, 54, 111, 57, 107]]
[288, [58, 60, 60, 141, 24, 130]]
[289, [58, 76, 76, 156, 0, 154]]
[290, [74, 72, 72, 12, 144, 134]]
[291, [66, 68, 68, 12, 111, 147]]
[292, [46, 64, 64, 12, 78, 160]]
[293, [32, 30, 30, 12, 45, 143]]
[294, [34, 36, 36, 12, 12, 166]]
[295, [4, 22, 22, 12, 0, 148]]
[296, [10, 8, 8, 12, 0, 118]]
[297, [2, 4, 4, 12, 0, 98]]
[298, [2, 20, 20, 12, 0, 98]]
[299, [8, 6, 6, 72, 0, 68]]
[300, [0, 2, 2, 72, 0, 48]]
[301, [0, 18, 18, 117, 0, 48]]
[302, [6, 4, 4, 147, 0, 18]]
[303, [8, 10, 10, 48, 144, 8]]
[304, [8, 26, 26, 48, 111, 41]]
[305, [4, 2, 2, 108, 78, 34]]
[306, [6, 8, 8, 108, 45, 57]]
[307, [6, 24, 24, 153, 12, 90]]
[308, [2, 0, 0, 39, 144, 62]]
[309, [4, 6, 6, 54, 111, 85]]
[310, [4, 22, 22, 54, 78, 118]]
[311, [10, 8, 8, 54, 45, 121]]
[312, [2, 4, 4, 54, 12, 134]]
[313, [2, 20, 20, 54, 0, 146]]
[314, [8, 6, 6, 54, 0, 116]]
[315, [0, 2, 2, 54, 0, 96]]
[316, [0, 18, 18, 54, 0, 96]]
[317, [6, 4, 4, 54, 0, 66]]
[318, [8, 10, 10, 54, 0, 56]]
[319, [8, 26, 26, 114, 0, 56]]
[320, [4, 2, 2, 114, 0, 16]]
[321, [6, 8, 8, 159, 0, 6]]
[322, [6, 24, 24, 45, 144, 6]]
[323, [12, 10, 10, 90, 111, 9]]
[324, [4, 6, 6, 90, 78, 22]]
[325, [4, 22, 22, 150, 45, 55]]
[326, [10, 8, 8, 6, 156, 58]]
[327, [2, 4, 4, 51, 123, 71]]
[328, [2, 20, 20, 81, 90, 104]]
[329, [8, 6, 6, 96, 57, 107]]
[330, [0, 2, 2, 96, 24, 120]]
[331, [0, 18, 18, 96, 0, 144]]
[332, [6, 4, 4, 96, 0, 114]]
[333, [8, 10, 10, 96, 0, 104]]
[334, [8, 26, 26, 96, 0, 104]]
[335, [4, 2, 2, 96, 0, 64]]
[336, [6, 8, 8, 96, 0, 54]]
[337, [6, 24, 24, 96, 0, 54]]
[338, [2, 0, 0, 96, 0, 14]]
[339, [4, 6, 6, 156, 0, 4]]
[340, [4, 22, 22, 12, 144, 4]]
[341, [10, 8, 8, 57, 111, 7]]
[342, [2, 4, 4, 87, 78, 20]]
[343, [2, 20, 20, 132, 45, 53]]
[344, [8, 6, 6, 132, 12, 56]]
[345, [0, 2, 2, 192, 0, 48]]
[346, [0, 18, 18, 48, 144, 48]]
[347, [6, 4, 4, 48, 111, 51]]
[348, [8, 10, 10, 93, 78, 74]]
[349, [8, 26, 26, 138, 45, 107]]
[350, [4, 2, 2, 138, 12, 100]]
[351, [6, 8, 8, 138, 0, 102]]
[352, [6, 24, 24, 138, 0, 102]]
[353, [2, 0, 0, 138, 0, 62]]
[354, [4, 6, 6, 138, 0, 52]]
[355, [4, 22, 22, 138, 0, 52]]
[356, [10, 8, 8, 138, 0, 22]]
[357, [2, 4, 4, 138, 0, 2]]
[358, [2, 20, 20, 138, 0, 2]]
[359, [38, 36, 36, 198, 0, 2]]
[360, [50, 52, 52, 54, 144, 2]]
[361, [20, 38, 38, 54, 111, 5]]
[362, [26, 24, 24, 99, 78, 8]]
[363, [8, 10, 10, 129, 45, 11]]
[364, [8, 26, 26, 174, 12, 44]]
[365, [4, 2, 2, 30, 144, 16]]
[366, [6, 8, 8, 90, 111, 39]]
[367, [6, 24, 24, 90, 78, 72]]
[368, [2, 0, 0, 90, 45, 65]]
[369, [4, 6, 6, 135, 12, 88]]
[370, [4, 22, 22, 180, 0, 100]]
[371, [10, 8, 8, 36, 144, 70]]
[372, [2, 4, 4, 36, 111, 83]]
[373, [2, 20, 20, 36, 78, 116]]
[374, [8, 6, 6, 36, 45, 119]]
[375, [0, 2, 2, 36, 12, 132]]
[376, [0, 18, 18, 36, 0, 144]]
[377, [6, 4, 4, 36, 0, 114]]
[378, [8, 10, 10, 36, 0, 104]]
[379, [8, 26, 26, 96, 0, 104]]
[380, [4, 2, 2, 96, 0, 64]]
[381, [6, 8, 8, 96, 0, 54]]
[382, [6, 24, 24, 141, 0, 54]]
[383, [2, 0, 0, 171, 0, 14]]
[384, [4, 6, 6, 72, 144, 4]]
[385, [4, 22, 22, 72, 111, 37]]
[386, [10, 8, 8, 132, 78, 40]]
[387, [2, 4, 4, 132, 45, 53]]
[388, [2, 20, 20, 132, 12, 86]]
[389, [8, 6, 6, 177, 0, 68]]
[390, [0, 2, 2, 78, 144, 48]]
[391, [0, 18, 18, 78, 111, 81]]
[392, [6, 4, 4, 78, 78, 84]]
[393, [8, 10, 10, 78, 45, 107]]
[394, [8, 26, 26, 78, 12, 140]]
[395, [4, 2, 2, 78, 0, 112]]
[396, [6, 8, 8, 78, 0, 102]]
[397, [6, 24, 24, 78, 0, 102]]
[398, [2, 0, 0, 78, 0, 62]]
[399, [4, 6, 6, 138, 0, 52]]
[400, [4, 22, 22, 138, 0, 52]]
[401, [10, 8, 8, 138, 0, 22]]
[402, [2, 4, 4, 183, 0, 2]]
[403, [2, 20, 20, 69, 144, 2]]
[404, [8, 6, 6, 114, 111, 5]]
[405, [0, 2, 2, 114, 78, 18]]
[406, [0, 18, 18, 174, 45, 51]]
[407, [6, 4, 4, 30, 156, 54]]
[408, [8, 10, 10, 30, 123, 77]]
[409, [8, 26, 26, 75, 90, 110]]
[410, [4, 2, 2, 120, 57, 103]]
[411, [6, 8, 8, 120, 24, 126]]
[412, [6, 24, 24, 120, 0, 150]]
[413, [2, 0, 0, 120, 0, 110]]
[414, [4, 6, 6, 120, 0, 100]]
[415, [4, 22, 22, 120, 0, 100]]
[416, [10, 8, 8, 120, 0, 70]]
[417, [2, 4, 4, 120, 0, 50]]
[418, [2, 20, 20, 120, 0, 50]]
[419, [8, 6, 6, 180, 0, 20]]
[420, [0, 2, 2, 36, 144, 0]]
[421, [0, 18, 18, 36, 111, 33]]
[422, [6, 4, 4, 81, 78, 36]]
[423, [8, 10, 10, 111, 45, 59]]
[424, [8, 26, 26, 156, 12, 92]]
[425, [4, 2, 2, 12, 144, 64]]
[426, [6, 8, 8, 72, 111, 87]]
[427, [6, 24, 24, 72, 78, 120]]
[428, [2, 0, 0, 72, 45, 113]]
[429, [4, 6, 6, 117, 12, 136]]
[430, [4, 22, 22, 162, 0, 148]]
[431, [10, 8, 8, 18, 144, 118]]
[432, [2, 4, 4, 18, 111, 131]]
[433, [2, 20, 20, 18, 78, 164]]
[434, [8, 6, 6, 18, 45, 167]]
[435, [0, 2, 2, 18, 12, 177]]
[436, [0, 18, 18, 18, 0, 192]]
[437, [6, 4, 4, 18, 0, 162]]
[438, [8, 10, 10, 18, 0, 152]]
[439, [8, 26, 26, 78, 0, 152]]
[440, [4, 2, 2, 78, 0, 112]]
[441, [6, 8, 8, 78, 0, 102]]
[442, [6, 24, 24, 123, 0, 102]]
[443, [2, 0, 0, 153, 0, 62]]
[444, [4, 6, 6, 54, 144, 52]]
[445, [4, 22, 22, 54, 111, 85]]
[446, [10, 8, 8, 114, 78, 88]]
[447, [2, 4, 4, 114, 45, 101]]
[448, [2, 20, 20, 114, 12, 134]]
[449, [8, 6, 6, 159, 0, 116]]
[450, [0, 2, 2, 60, 144, 96]]
[451, [0, 18, 18, 60, 111, 129]]
[452, [6, 4, 4, 60, 78, 132]]
[453, [8, 10, 10, 60, 45, 155]]
[454, [8, 26, 26, 60, 12, 188]]
[455, [4, 2, 2, 60, 0, 157]]
[456, [6, 8, 8, 60, 0, 150]]
[457, [6, 24, 24, 60, 0, 150]]
[458, [2, 0, 0, 60, 0, 110]]
[459, [4, 6, 6, 120, 0, 100]]
[460, [4, 22, 22, 120, 0, 100]]
[461, [10, 8, 8, 120, 0, 70]]
[462, [2, 4, 4, 165, 0, 50]]
[463, [2, 20, 20, 51, 144, 50]]
[464, [8, 6, 6, 96, 111, 53]]
[465, [0, 2, 2, 96, 78, 66]]
[466, [0, 18, 18, 156, 45, 99]]
[467, [6, 4, 4, 12, 156, 102]]
[468, [8, 10, 10, 12, 123, 125]]
[469, [8, 26, 26, 57, 90, 158]]
[470, [4, 2, 2, 102, 57, 151]]
[471, [6, 8, 8, 102, 24, 174]]
[472, [6, 24, 24, 102, 0, 198]]
[473, [2, 0, 0, 102, 0, 158]]
[474, [4, 6, 6, 102, 0, 148]]
[475, [4, 22, 22, 102, 0, 148]]
[476, [10, 8, 8, 102, 0, 118]]
[477, [2, 4, 4, 102, 0, 98]]
[478, [2, 20, 20, 102, 0, 98]]
[479, [8, 6, 6, 162, 0, 68]]
[480, [0, 2, 2, 18, 144, 48]]
[481, [0, 18, 18, 18, 111, 81]]
[482, [6, 4, 4, 63, 78, 84]]
[483, [8, 10, 10, 93, 45, 107]]
[484, [8, 26, 26, 138, 12, 140]]
[485, [4, 2, 2, 138, 0, 112]]
[486, [6, 8, 8, 198, 0, 102]]
[487, [6, 24, 24, 54, 144, 102]]
[488, [2, 0, 0, 54, 111, 95]]
[489, [4, 6, 6, 54, 78, 118]]
[490, [4, 22, 22, 114, 45, 151]]
[491, [10, 8, 8, 144, 12, 154]]
[492, [2, 4, 4, 0, 144, 146]]
[493, [2, 20, 20, 0, 111, 179]]
[494, [8, 6, 6, 0, 78, 167]]
[495, [0, 2, 2, 0, 60, 177]]
[496, [0, 18, 18, 0, 30, 198]]
[497, [6, 4, 4, 0, 9, 168]]
[498, [8, 10, 10, 0, 9, 188]]
[499, [8, 26, 26, 60, 0, 197]]
[500, [4, 2, 2, 60, 0, 157]]
[501, [6, 8, 8, 60, 0, 150]]
[502, [6, 24, 24, 105, 0, 150]]
[503, [2, 0, 0, 135, 0, 110]]
[504, [4, 6, 6, 180, 0, 100]]
[505, [4, 22, 22, 36, 144, 100]]
[506, [10, 8, 8, 96, 111, 103]]
[507, [2, 4, 4, 96, 78, 116]]
[508, [2, 20, 20, 96, 45, 149]]
[509, [8, 6, 6, 96, 12, 152]]
[510, [0, 2, 2, 156, 0, 144]]
[511, [0, 18, 18, 42, 144, 144]]
[512, [6, 4, 4, 42, 111, 147]]
[513, [8, 10, 10, 42, 78, 170]]
[514, [8, 26, 26, 42, 45, 197]]
[515, [4, 2, 2, 42, 18, 157]]
[516, [6, 8, 8, 42, 18, 180]]
[517, [6, 24, 24, 42, 0, 198]]
[518, [2, 0, 0, 42, 0, 158]]
[519, [4, 6, 6, 102, 0, 148]]
[520, [4, 22, 22, 102, 0, 148]]
[521, [10, 8, 8, 102, 0, 118]]
[522, [2, 4, 4, 147, 0, 98]]
[523, [2, 20, 20, 33, 144, 98]]
[524, [8, 6, 6, 78, 111, 101]]
[525, [0, 2, 2, 78, 78, 114]]
[526, [0, 18, 18, 138, 45, 147]]
[527, [6, 4, 4, 138, 12, 150]]
[528, [8, 10, 10, 138, 0, 152]]
[529, [8, 26, 26, 138, 0, 152]]
[530, [4, 2, 2, 198, 0, 112]]
[531, [6, 8, 8, 54, 144, 102]]
[532, [6, 24, 24, 84, 111, 135]]
[533, [2, 0, 0, 84, 78, 128]]
[534, [4, 6, 6, 84, 45, 151]]
[535, [4, 22, 22, 84, 12, 184]]
[536, [10, 8, 8, 84, 0, 166]]
[537, [2, 4, 4, 84, 0, 146]]
[538, [2, 20, 20, 84, 0, 146]]
[539, [8, 6, 6, 144, 0, 116]]
[540, [0, 2, 2, 0, 144, 96]]
[541, [0, 18, 18, 0, 111, 129]]
[542, [6, 4, 4, 45, 78, 132]]
[543, [8, 10, 10, 75, 45, 155]]
[544, [8, 26, 26, 120, 12, 188]]
[545, [4, 2, 2, 120, 0, 157]]
[546, [6, 8, 8, 180, 0, 150]]
[547, [6, 24, 24, 36, 144, 150]]
[548, [2, 0, 0, 36, 111, 143]]
[549, [4, 6, 6, 36, 78, 166]]
[550, [4, 22, 22, 96, 45, 199]]
[551, [10, 8, 8, 96, 12, 169]]
[552, [2, 4, 4, 126, 12, 179]]
[553, [2, 20, 20, 126, 0, 194]]
[554, [8, 6, 6, 126, 0, 164]]
[555, [0, 2, 2, 126, 0, 144]]
[556, [0, 18, 18, 126, 0, 144]]
[557, [6, 4, 4, 126, 0, 114]]
[558, [8, 10, 10, 126, 0, 104]]
[559, [8, 26, 26, 186, 0, 104]]
[560, [4, 2, 2, 42, 144, 64]]
[561, [6, 8, 8, 42, 111, 87]]
[562, [6, 24, 24, 42, 78, 120]]
[563, [2, 0, 0, 87, 45, 113]]
[564, [4, 6, 6, 117, 12, 136]]
[565, [4, 22, 22, 162, 0, 148]]
[566, [10, 8, 8, 18, 144, 118]]
[567, [2, 4, 4, 78, 111, 131]]
[568, [2, 20, 20, 78, 78, 164]]
[569, [8, 6, 6, 78, 45, 167]]
[570, [0, 2, 2, 78, 12, 177]]
[571, [0, 18, 18, 138, 0, 192]]
[572, [6, 4, 4, 138, 0, 162]]
[573, [8, 10, 10, 168, 0, 152]]
[574, [8, 26, 26, 24, 144, 152]]
[575, [4, 2, 2, 24, 111, 145]]
[576, [6, 8, 8, 24, 78, 168]]
[577, [6, 24, 24, 24, 45, 198]]
[578, [2, 0, 0, 24, 15, 158]]
[579, [4, 6, 6, 84, 15, 181]]
[580, [4, 22, 22, 84, 0, 196]]
[581, [10, 8, 8, 84, 0, 166]]
[582, [2, 4, 4, 84, 0, 146]]
[583, [2, 20, 20, 129, 0, 146]]
[584, [8, 6, 6, 159, 0, 116]]
[585, [0, 2, 2, 60, 144, 96]]
[586, [0, 18, 18, 60, 111, 129]]
[587, [6, 4, 4, 120, 78, 132]]
[588, [8, 10, 10, 120, 45, 155]]
[589, [8, 26, 26, 120, 12, 188]]
[590, [4, 2, 2, 120, 0, 157]]
[591, [6, 8, 8, 180, 0, 150]]
[592, [6, 24, 24, 36, 144, 150]]
[593, [2, 0, 0, 66, 111, 143]]
[594, [4, 6, 6, 66, 78, 166]]
[595, [4, 22, 22, 66, 45, 199]]
[596, [10, 8, 8, 66, 12, 169]]
[597, [2, 4, 4, 66, 12, 179]]
[598, [2, 20, 20, 66, 0, 194]]
[599, [8, 6, 6, 126, 0, 164]]
[600, [0, 2, 2, 126, 0, 144]]
[601, [0, 18, 18, 126, 0, 144]]
[602, [6, 4, 4, 126, 0, 114]]
[603, [8, 10, 10, 171, 0, 104]]
[604, [8, 26, 26, 57, 144, 104]]
[605, [4, 2, 2, 102, 111, 97]]
[606, [6, 8, 8, 102, 78, 120]]
[607, [6, 24, 24, 162, 45, 153]]
[608, [2, 0, 0, 18, 156, 146]]
[609, [4, 6, 6, 18, 123, 169]]
[610, [4, 22, 22, 18, 90, 199]]
[611, [10, 8, 8, 78, 60, 169]]
[612, [2, 4, 4, 78, 60, 179]]
[613, [2, 20, 20, 108, 30, 197]]
[614, [8, 6, 6, 108, 12, 167]]
[615, [0, 2, 2, 108, 12, 177]]
[616, [0, 18, 18, 108, 0, 192]]
[617, [6, 4, 4, 108, 0, 162]]
[618, [8, 10, 10, 108, 0, 152]]
[619, [8, 26, 26, 168, 0, 152]]
[620, [4, 2, 2, 24, 144, 112]]
[621, [6, 8, 8, 24, 111, 135]]
[622, [6, 24, 24, 24, 78, 168]]
[623, [2, 0, 0, 69, 45, 158]]
[624, [4, 6, 6, 99, 15, 181]]
[625, [4, 22, 22, 144, 0, 196]]
[626, [10, 8, 8, 0, 144, 166]]
[627, [2, 4, 4, 60, 111, 179]]
[628, [2, 20, 20, 60, 78, 197]]
[629, [8, 6, 6, 60, 60, 167]]
[630, [0, 2, 2, 60, 60, 177]]
[631, [0, 18, 18, 120, 30, 198]]
[632, [6, 4, 4, 120, 9, 168]]
[633, [8, 10, 10, 150, 9, 188]]
[634, [8, 26, 26, 6, 144, 197]]
[635, [4, 2, 2, 6, 114, 157]]
[636, [6, 8, 8, 6, 114, 180]]
[637, [6, 24, 24, 6, 81, 198]]
[638, [2, 0, 0, 6, 63, 158]]
[639, [4, 6, 6, 66, 63, 181]]
[640, [4, 22, 22, 66, 30, 199]]
[641, [10, 8, 8, 66, 12, 169]]
[642, [2, 4, 4, 66, 12, 179]]
[643, [2, 20, 20, 111, 0, 194]]
[644, [8, 6, 6, 141, 0, 164]]
[645, [0, 2, 2, 186, 0, 144]]
[646, [0, 18, 18, 42, 144, 144]]
[647, [6, 4, 4, 42, 111, 147]]
[648, [8, 10, 10, 102, 78, 170]]
[649, [8, 26, 26, 102, 45, 197]]
[650, [4, 2, 2, 102, 18, 157]]
[651, [6, 8, 8, 117, 18, 180]]
[652, [6, 24, 24, 162, 0, 198]]
[653, [2, 0, 0, 18, 144, 158]]
[654, [4, 6, 6, 48, 111, 181]]
[655, [4, 22, 22, 48, 78, 199]]
[656, [10, 8, 8, 48, 60, 169]]
[657, [2, 4, 4, 48, 60, 179]]
[658, [2, 20, 20, 48, 30, 197]]
[659, [8, 6, 6, 108, 12, 167]]
[660, [0, 2, 2, 108, 12, 177]]
[661, [0, 18, 18, 108, 0, 192]]
[662, [6, 4, 4, 108, 0, 162]]
[663, [8, 10, 10, 153, 0, 152]]
[664, [8, 26, 26, 39, 144, 152]]
[665, [4, 2, 2, 84, 111, 145]]
[666, [6, 8, 8, 84, 78, 168]]
[667, [6, 24, 24, 84, 45, 198]]
[668, [2, 0, 0, 144, 15, 158]]
[669, [4, 6, 6, 0, 159, 181]]
[670, [4, 22, 22, 0, 126, 199]]
[671, [10, 8, 8, 15, 108, 169]]
[672, [2, 4, 4, 60, 108, 179]]
[673, [2, 20, 20, 60, 78, 197]]
[674, [8, 6, 6, 90, 60, 167]]
[675, [0, 2, 2, 90, 60, 177]]
[676, [0, 18, 18, 90, 30, 198]]
[677, [6, 4, 4, 90, 9, 168]]
[678, [8, 10, 10, 90, 9, 188]]
[679, [8, 26, 26, 150, 0, 197]]
[680, [4, 2, 2, 6, 144, 157]]
[681, [6, 8, 8, 6, 114, 180]]
[682, [6, 24, 24, 6, 81, 198]]
[683, [2, 0, 0, 51, 63, 158]]
[684, [4, 6, 6, 81, 63, 181]]
[685, [4, 22, 22, 126, 30, 199]]
[686, [10, 8, 8, 126, 12, 169]]
[687, [2, 4, 4, 126, 12, 179]]
[688, [2, 20, 20, 186, 0, 194]]
[689, [8, 6, 6, 42, 144, 164]]
[690, [0, 2, 2, 42, 111, 177]]
[691, [0, 18, 18, 57, 78, 198]]
[692, [6, 4, 4, 57, 57, 168]]
[693, [8, 10, 10, 102, 57, 188]]
[694, [8, 26, 26, 102, 27, 197]]
[695, [4, 2, 2, 132, 18, 157]]
[696, [6, 8, 8, 132, 18, 180]]
[697, [6, 24, 24, 132, 0, 198]]
[698, [2, 0, 0, 132, 0, 158]]
[699, [4, 6, 6, 192, 0, 148]]
[700, [4, 22, 22, 48, 144, 148]]
[701, [10, 8, 8, 48, 111, 151]]
[702, [2, 4, 4, 48, 78, 164]]
[703, [2, 20, 20, 48, 45, 197]]
[704, [8, 6, 6, 93, 12, 167]]
[705, [0, 2, 2, 123, 12, 177]]
[706, [0, 18, 18, 168, 0, 192]]
[707, [6, 4, 4, 24, 144, 162]]
[708, [8, 10, 10, 24, 111, 185]]
[709, [8, 26, 26, 84, 78, 197]]
[710, [4, 2, 2, 84, 66, 157]]
[711, [6, 8, 8, 84, 66, 180]]
[712, [6, 24, 24, 99, 33, 198]]
[713, [2, 0, 0, 99, 15, 158]]
[714, [4, 6, 6, 144, 15, 181]]
[715, [4, 22, 22, 0, 144, 196]]
[716, [10, 8, 8, 30, 111, 169]]
[717, [2, 4, 4, 30, 108, 179]]
[718, [2, 20, 20, 30, 78, 197]]
[719, [8, 6, 6, 90, 60, 167]]
[720, [0, 2, 2, 90, 60, 177]]
[721, [0, 18, 18, 90, 30, 198]]
[722, [6, 4, 4, 90, 9, 168]]
[723, [8, 10, 10, 90, 9, 188]]
[724, [8, 26, 26, 135, 0, 197]]
[725, [4, 2, 2, 165, 0, 157]]
[726, [6, 8, 8, 66, 144, 150]]
[727, [6, 24, 24, 66, 111, 183]]
[728, [2, 0, 0, 66, 78, 158]]
[729, [4, 6, 6, 126, 63, 181]]
[730, [4, 22, 22, 126, 30, 199]]
[731, [10, 8, 8, 126, 12, 169]]
[732, [2, 4, 4, 141, 12, 179]]
[733, [2, 20, 20, 141, 0, 194]]
[734, [8, 6, 6, 186, 0, 164]]
[735, [0, 2, 2, 42, 144, 144]]
[736, [0, 18, 18, 42, 111, 177]]
[737, [6, 4, 4, 72, 78, 168]]
[738, [8, 10, 10, 72, 57, 188]]
[739, [8, 26, 26, 132, 27, 197]]
[740, [4, 2, 2, 132, 18, 157]]
[741, [6, 8, 8, 132, 18, 180]]
[742, [6, 24, 24, 132, 0, 198]]
[743, [2, 0, 0, 132, 0, 158]]
[744, [4, 6, 6, 177, 0, 148]]
[745, [4, 22, 22, 63, 144, 148]]
[746, [10, 8, 8, 108, 111, 151]]
[747, [2, 4, 4, 108, 78, 164]]
[748, [2, 20, 20, 108, 45, 197]]
[749, [8, 6, 6, 168, 12, 167]]
[750, [0, 2, 2, 24, 156, 177]]
[751, [0, 18, 18, 24, 126, 198]]
[752, [6, 4, 4, 39, 105, 168]]
[753, [8, 10, 10, 39, 105, 188]]
[754, [8, 26, 26, 84, 75, 197]]
[755, [4, 2, 2, 84, 66, 157]]
[756, [6, 8, 8, 84, 66, 180]]
[757, [6, 24, 24, 114, 33, 198]]
[758, [2, 0, 0, 114, 15, 158]]
[759, [4, 6, 6, 174, 15, 181]]
[760, [4, 22, 22, 30, 144, 196]]
[761, [10, 8, 8, 30, 111, 169]]
[762, [2, 4, 4, 30, 108, 179]]
[763, [2, 20, 20, 30, 78, 197]]
[764, [8, 6, 6, 75, 60, 167]]
[765, [0, 2, 2, 105, 60, 177]]
[766, [0, 18, 18, 150, 30, 198]]
[767, [6, 4, 4, 6, 153, 168]]
[768, [8, 10, 10, 6, 153, 188]]
[769, [8, 26, 26, 66, 123, 197]]
[770, [4, 2, 2, 66, 114, 157]]
[771, [6, 8, 8, 66, 114, 180]]
[772, [6, 24, 24, 81, 81, 198]]
[773, [2, 0, 0, 81, 63, 158]]
[774, [4, 6, 6, 126, 63, 181]]
[775, [4, 22, 22, 126, 30, 199]]
[776, [10, 8, 8, 126, 12, 169]]
[777, [2, 4, 4, 156, 12, 179]]
[778, [2, 20, 20, 12, 144, 194]]
[779, [8, 6, 6, 72, 111, 167]]
[780, [0, 2, 2, 72, 108, 177]]
[781, [0, 18, 18, 72, 78, 198]]
[782, [6, 4, 4, 72, 57, 168]]
[783, [8, 10, 10, 72, 57, 188]]
[784, [8, 26, 26, 117, 27, 197]]
[785, [4, 2, 2, 147, 18, 157]]
[786, [6, 8, 8, 48, 162, 180]]
[787, [6, 24, 24, 48, 129, 198]]
[788, [2, 0, 0, 48, 111, 158]]
[789, [4, 6, 6, 108, 111, 181]]
[790, [4, 22, 22, 108, 78, 199]]
[791, [10, 8, 8, 108, 60, 169]]
[792, [2, 4, 4, 123, 60, 179]]
[793, [2, 20, 20, 123, 30, 197]]
[794, [8, 6, 6, 168, 12, 167]]
[795, [0, 2, 2, 24, 156, 177]]
[796, [0, 18, 18, 24, 126, 198]]
[797, [6, 4, 4, 54, 105, 168]]
[798, [8, 10, 10, 54, 105, 188]]
[799, [8, 26, 26, 114, 75, 197]]
[800, [4, 2, 2, 114, 66, 157]]
[801, [6, 8, 8, 114, 66, 180]]
[802, [6, 24, 24, 114, 33, 198]]
[803, [2, 0, 0, 114, 15, 158]]
[804, [4, 6, 6, 159, 15, 181]]
[805, [4, 22, 22, 45, 144, 196]]
[806, [10, 8, 8, 90, 111, 169]]
[807, [2, 4, 4, 90, 108, 179]]
[808, [2, 20, 20, 90, 78, 197]]
[809, [8, 6, 6, 150, 60, 167]]
[810, [0, 2, 2, 6, 60, 177]]
[811, [0, 18, 18, 6, 174, 198]]
[812, [6, 4, 4, 21, 153, 168]]
[813, [8, 10, 10, 21, 153, 188]]
[814, [8, 26, 26, 66, 123, 197]]
[815, [4, 2, 2, 66, 114, 157]]
[816, [6, 8, 8, 66, 114, 180]]
[817, [6, 24, 24, 96, 81, 198]]
[818, [2, 0, 0, 96, 63, 158]]
[819, [4, 6, 6, 156, 63, 181]]
[820, [4, 22, 22, 12, 174, 199]]
[821, [10, 8, 8, 12, 156, 169]]
[822, [2, 4, 4, 12, 156, 179]]
[823, [2, 20, 20, 12, 126, 197]]
[824, [8, 6, 6, 57, 108, 167]]
[825, [0, 2, 2, 87, 108, 177]]
[826, [0, 18, 18, 132, 78, 198]]
[827, [6, 4, 4, 132, 57, 168]]
[828, [8, 10, 10, 132, 57, 188]]
[829, [8, 26, 26, 192, 27, 197]]
[830, [4, 2, 2, 48, 162, 157]]
[831, [6, 8, 8, 48, 162, 180]]
[832, [6, 24, 24, 63, 129, 198]]
[833, [2, 0, 0, 63, 111, 158]]
[834, [4, 6, 6, 63, 111, 181]]
[835, [4, 22, 22, 108, 78, 199]]
[836, [10, 8, 8, 108, 60, 169]]
[837, [2, 4, 4, 108, 60, 179]]
[838, [2, 20, 20, 138, 30, 197]]
[839, [8, 6, 6, 198, 12, 167]]
[840, [0, 2, 2, 54, 156, 177]]
[841, [0, 18, 18, 54, 126, 198]]
[842, [6, 4, 4, 54, 105, 168]]
[843, [8, 10, 10, 54, 105, 188]]
[844, [8, 26, 26, 54, 75, 197]]
[845, [4, 2, 2, 99, 66, 157]]
[846, [6, 8, 8, 129, 66, 180]]
[847, [6, 24, 24, 174, 33, 198]]
[848, [2, 0, 0, 30, 159, 158]]
[849, [4, 6, 6, 30, 159, 181]]
[850, [4, 22, 22, 90, 126, 199]]
[851, [10, 8, 8, 90, 108, 169]]
[852, [2, 4, 4, 90, 108, 179]]
[853, [2, 20, 20, 105, 78, 197]]
[854, [8, 6, 6, 105, 60, 167]]
[855, [0, 2, 2, 105, 60, 177]]
[856, [0, 18, 18, 150, 30, 198]]
[857, [6, 4, 4, 6, 153, 168]]
[858, [8, 10, 10, 6, 153, 188]]
[859, [8, 26, 26, 96, 123, 197]]
[860, [4, 2, 2, 96, 114, 157]]
[861, [6, 8, 8, 96, 114, 180]]
[862, [6, 24, 24, 96, 81, 198]]
[863, [2, 0, 0, 96, 63, 158]]
[864, [4, 6, 6, 96, 63, 181]]
[865, [4, 22, 22, 141, 30, 199]]
[866, [10, 8, 8, 171, 12, 169]]
[867, [2, 4, 4, 72, 156, 179]]
[868, [2, 20, 20, 72, 126, 197]]
[869, [8, 6, 6, 72, 108, 167]]
[870, [0, 2, 2, 132, 108, 177]]
[871, [0, 18, 18, 132, 78, 198]]
[872, [6, 4, 4, 132, 57, 168]]
[873, [8, 10, 10, 147, 57, 188]]
[874, [8, 26, 26, 3, 171, 197]]
[875, [4, 2, 2, 3, 162, 157]]
[876, [6, 8, 8, 48, 162, 180]]
[877, [6, 24, 24, 48, 129, 198]]
[878, [2, 0, 0, 48, 111, 158]]
[879, [4, 6, 6, 138, 111, 181]]
[880, [4, 22, 22, 138, 78, 199]]
[881, [10, 8, 8, 138, 60, 169]]
[882, [2, 4, 4, 138, 60, 179]]
[883, [2, 20, 20, 138, 30, 197]]
[884, [8, 6, 6, 138, 12, 167]]
[885, [0, 2, 2, 183, 12, 177]]
[886, [0, 18, 18, 69, 144, 192]]
[887, [6, 4, 4, 114, 111, 168]]
[888, [8, 10, 10, 114, 105, 188]]
[889, [8, 26, 26, 114, 75, 197]]
[890, [4, 2, 2, 174, 66, 157]]
[891, [6, 8, 8, 30, 66, 180]]
[892, [6, 24, 24, 30, 177, 198]]
[893, [2, 0, 0, 45, 159, 158]]
[894, [4, 6, 6, 45, 159, 181]]
[895, [4, 22, 22, 45, 126, 199]]
[896, [10, 8, 8, 90, 108, 169]]
[897, [2, 4, 4, 90, 108, 179]]
[898, [2, 20, 20, 90, 78, 197]]
[899, [8, 6, 6, 180, 60, 167]]
[900, [0, 2, 2, 36, 60, 177]]
[901, [0, 18, 18, 36, 174, 198]]
[902, [6, 4, 4, 36, 153, 168]]
[903, [8, 10, 10, 36, 153, 188]]
[904, [8, 26, 26, 36, 123, 197]]
[905, [4, 2, 2, 81, 114, 157]]
[906, [6, 8, 8, 111, 114, 180]]
[907, [6, 24, 24, 156, 81, 198]]
[908, [2, 0, 0, 12, 63, 158]]
[909, [4, 6, 6, 12, 63, 181]]
[910, [4, 22, 22, 72, 174, 199]]
[911, [10, 8, 8, 72, 156, 169]]
[912, [2, 4, 4, 72, 156, 179]]
[913, [2, 20, 20, 87, 126, 197]]
[914, [8, 6, 6, 87, 108, 167]]
[915, [0, 2, 2, 87, 108, 177]]
[916, [0, 18, 18, 132, 78, 198]]
[917, [6, 4, 4, 132, 57, 168]]
[918, [8, 10, 10, 132, 57, 188]]
[919, [8, 26, 26, 192, 27, 197]]
[920, [4, 2, 2, 78, 162, 157]]
[921, [6, 8, 8, 78, 162, 180]]
[922, [6, 24, 24, 78, 129, 198]]
[923, [2, 0, 0, 78, 111, 158]]
[924, [4, 6, 6, 78, 111, 181]]
[925, [4, 22, 22, 78, 78, 199]]
[926, [10, 8, 8, 123, 60, 169]]
[927, [2, 4, 4, 153, 60, 179]]
[928, [2, 20, 20, 54, 174, 197]]
[929, [8, 6, 6, 54, 156, 167]]
[930, [0, 2, 2, 54, 156, 177]]
[931, [0, 18, 18, 114, 126, 198]]
[932, [6, 4, 4, 114, 105, 168]]
[933, [8, 10, 10, 114, 105, 188]]
[934, [8, 26, 26, 129, 75, 197]]
[935, [4, 2, 2, 129, 66, 157]]
[936, [6, 8, 8, 129, 66, 180]]
[937, [6, 24, 24, 174, 33, 198]]
[938, [2, 0, 0, 30, 159, 158]]
[939, [4, 6, 6, 90, 159, 181]]
[940, [4, 22, 22, 120, 126, 199]]
[941, [10, 8, 8, 120, 108, 169]]
[942, [2, 4, 4, 120, 108, 179]]
[943, [2, 20, 20, 120, 78, 197]]
[944, [8, 6, 6, 120, 60, 167]]
[945, [0, 2, 2, 120, 60, 177]]
[946, [0, 18, 18, 165, 30, 198]]
[947, [6, 4, 4, 51, 153, 168]]
[948, [8, 10, 10, 96, 153, 188]]
[949, [8, 26, 26, 96, 123, 197]]
[950, [4, 2, 2, 96, 114, 157]]
[951, [6, 8, 8, 156, 114, 180]]
[952, [6, 24, 24, 12, 81, 198]]
[953, [2, 0, 0, 12, 63, 158]]
[954, [4, 6, 6, 27, 63, 181]]
[955, [4, 22, 22, 27, 174, 199]]
[956, [10, 8, 8, 27, 156, 169]]
[957, [2, 4, 4, 72, 156, 179]]
[958, [2, 20, 20, 72, 126, 197]]
[959, [8, 6, 6, 132, 108, 167]]
