SimulationV06.py[0, [0, 16, 16, 0, 0, 0]]
[1, [0, 32, 32, 0, 0, 0]]
[2, [48, 48, 48, 0, 0, 0]]
[3, [48, 64, 64, 0, 0, 0]]
[4, [48, 80, 80, 0, 0, 0]]
[5, [96, 96, 96, 0, 0, 0]]
[6, [96, 112, 112, 0, 0, 0]]
[7, [96, 128, 128, 0, 0, 0]]
[8, [144, 144, 144, 0, 0, 0]]
[9, [144, 160, 160, 0, 0, 0]]
[10, [144, 176, 176, 0, 0, 0]]
[11, [192, 192, 192, 0, 0, 0]]
[12, [192, 208, 208, 0, 0, 0]]
[13, [192, 224, 224, 0, 0, 0]]
[14, [240, 240, 240, 0, 0, 0]]
[15, [240, 256, 256, 0, 0, 0]]
[16, [240, 272, 272, 0, 0, 0]]
[17, [288, 288, 288, 0, 0, 0]]
[18, [288, 304, 304, 0, 0, 0]]
[19, [288, 320, 320, 315, 0, 0]]
[20, [336, 336, 336, 171, 144, 0]]
[21, [306, 322, 322, 27, 258, 0]]
[22, [276, 308, 308, 27, 228, 0]]
[23, [294, 294, 294, 27, 198, 0]]
[24, [264, 280, 280, 42, 168, 0]]
[25, [234, 266, 266, 42, 138, 0]]
[26, [252, 252, 252, 42, 108, 0]]
[27, [222, 238, 238, 42, 78, 0]]
[28, [192, 224, 224, 42, 48, 0]]
[29, [210, 210, 210, 42, 18, 0]]
[30, [200, 216, 216, 42, 0, 8]]
[31, [200, 232, 232, 42, 0, 8]]
[32, [248, 248, 248, 42, 0, 8]]
[33, [248, 264, 264, 42, 0, 8]]
[34, [248, 280, 280, 42, 0, 8]]
[35, [296, 296, 296, 42, 0, 8]]
[36, [296, 312, 312, 42, 0, 8]]
[37, [296, 328, 328, 42, 0, 8]]
[38, [344, 344, 344, 42, 0, 8]]
[39, [344, 360, 360, 327, 0, 8]]
[40, [344, 376, 376, 183, 144, 8]]
[41, [362, 362, 362, 39, 258, 8]]
[42, [332, 348, 348, 39, 228, 8]]
[43, [302, 334, 334, 39, 198, 8]]
[44, [320, 320, 320, 54, 168, 8]]
[45, [290, 306, 306, 54, 138, 8]]
[46, [260, 292, 292, 54, 108, 8]]
[47, [278, 278, 278, 54, 78, 8]]
[48, [248, 264, 264, 54, 48, 8]]
[49, [218, 250, 250, 54, 18, 8]]
[50, [246, 246, 246, 54, 0, 6]]
[51, [246, 262, 262, 54, 0, 6]]
[52, [246, 278, 278, 54, 0, 6]]
[53, [294, 294, 294, 54, 0, 6]]
[54, [294, 310, 310, 54, 0, 6]]
[55, [294, 326, 326, 54, 0, 6]]
[56, [342, 342, 342, 54, 0, 6]]
[57, [342, 358, 358, 54, 0, 6]]
[58, [342, 374, 374, 54, 0, 6]]
[59, [390, 390, 390, 309, 0, 6]]
[60, [390, 406, 406, 165, 144, 6]]
[61, [360, 392, 392, 21, 258, 6]]
[62, [378, 378, 378, 21, 228, 6]]
[63, [348, 364, 364, 21, 198, 6]]
[64, [318, 350, 350, 36, 168, 6]]
[65, [336, 336, 336, 36, 138, 6]]
[66, [306, 322, 322, 51, 108, 6]]
[67, [276, 308, 308, 51, 78, 6]]
[68, [294, 294, 294, 51, 48, 6]]
[69, [264, 280, 280, 66, 18, 6]]
[70, [244, 276, 276, 66, 0, 4]]
[71, [292, 292, 292, 81, 0, 4]]
[72, [292, 308, 308, 96, 0, 4]]
[73, [292, 324, 324, 96, 0, 4]]
[74, [340, 340, 340, 96, 0, 4]]
[75, [340, 356, 356, 96, 0, 4]]
[76, [340, 372, 372, 96, 0, 4]]
[77, [388, 388, 388, 96, 0, 4]]
[78, [388, 404, 404, 96, 0, 4]]
[79, [388, 420, 420, 336, 0, 4]]
[80, [436, 436, 436, 192, 144, 4]]
[81, [406, 422, 422, 48, 258, 4]]
[82, [376, 408, 408, 48, 228, 4]]
[83, [394, 394, 394, 48, 198, 4]]
[84, [364, 380, 380, 63, 168, 4]]
[85, [334, 366, 366, 78, 138, 4]]
[86, [352, 352, 352, 93, 108, 4]]
[87, [322, 338, 338, 93, 78, 4]]
[88, [292, 324, 324, 93, 48, 4]]
[89, [310, 310, 310, 108, 18, 4]]
[90, [290, 306, 306, 108, 0, 2]]
[91, [290, 322, 322, 108, 0, 2]]
[92, [338, 338, 338, 123, 0, 2]]
[93, [338, 354, 354, 123, 0, 2]]
[94, [338, 370, 370, 123, 0, 2]]
[95, [386, 386, 386, 123, 0, 2]]
[96, [386, 402, 402, 123, 0, 2]]
[97, [386, 418, 418, 138, 0, 2]]
[98, [434, 434, 434, 138, 0, 2]]
[99, [434, 450, 450, 378, 0, 2]]
[100, [434, 466, 466, 234, 144, 2]]
[101, [452, 452, 452, 90, 258, 2]]
[102, [422, 438, 438, 90, 228, 2]]
[103, [392, 424, 424, 90, 198, 2]]
[104, [410, 410, 410, 105, 168, 2]]
[105, [380, 396, 396, 120, 138, 2]]
[106, [350, 382, 382, 135, 108, 2]]
[107, [368, 368, 368, 135, 78, 2]]
[108, [338, 354, 354, 135, 48, 2]]
[109, [308, 340, 340, 150, 18, 2]]
[110, [336, 336, 336, 6, 144, 0]]
[111, [306, 322, 322, 6, 114, 0]]
[112, [276, 308, 308, 21, 84, 0]]
[113, [294, 294, 294, 21, 54, 0]]
[114, [264, 280, 280, 21, 24, 0]]
[115, [244, 276, 276, 21, 0, 4]]
[116, [292, 292, 292, 21, 0, 4]]
[117, [292, 308, 308, 36, 0, 4]]
[118, [292, 324, 324, 36, 0, 4]]
[119, [340, 340, 340, 276, 0, 4]]
[120, [340, 356, 356, 132, 144, 4]]
[121, [310, 342, 342, 132, 114, 4]]
[122, [328, 328, 328, 132, 84, 4]]
[123, [298, 314, 314, 132, 54, 4]]
[124, [268, 300, 300, 147, 24, 4]]
[125, [316, 316, 316, 18, 144, 28]]
[126, [306, 322, 322, 33, 114, 48]]
[127, [306, 338, 338, 33, 84, 78]]
[128, [354, 354, 354, 33, 54, 108]]
[129, [354, 370, 370, 48, 24, 138]]
[130, [354, 386, 386, 48, 0, 162]]
[131, [392, 392, 392, 48, 0, 152]]
[132, [392, 408, 408, 63, 0, 152]]
[133, [392, 424, 424, 63, 0, 152]]
[134, [430, 430, 430, 63, 0, 142]]
[135, [420, 436, 436, 63, 0, 132]]
[136, [420, 452, 452, 63, 0, 132]]
[137, [458, 458, 458, 63, 0, 122]]
[138, [448, 464, 464, 63, 0, 112]]
[139, [438, 470, 470, 303, 0, 102]]
[140, [466, 466, 466, 159, 144, 82]]
[141, [466, 482, 482, 15, 258, 112]]
[142, [426, 458, 458, 15, 228, 102]]
[143, [474, 474, 474, 15, 198, 132]]
[144, [454, 470, 470, 30, 168, 142]]
[145, [434, 466, 466, 45, 138, 152]]
[146, [482, 482, 482, 60, 108, 182]]
[147, [482, 498, 498, 60, 78, 212]]
[148, [432, 464, 464, 75, 48, 192]]
[149, [470, 470, 470, 90, 18, 212]]
[150, [410, 426, 426, 90, 0, 170]]
[151, [380, 412, 412, 90, 0, 140]]
[152, [388, 388, 388, 105, 0, 100]]
[153, [338, 354, 354, 105, 0, 50]]
[154, [308, 340, 340, 105, 0, 20]]
[155, [336, 336, 336, 105, 0, 0]]
[156, [336, 352, 352, 105, 0, 0]]
[157, [336, 368, 368, 105, 0, 0]]
[158, [384, 384, 384, 105, 0, 0]]
[159, [384, 400, 400, 345, 0, 0]]
[160, [384, 416, 416, 201, 144, 0]]
[161, [402, 402, 402, 57, 258, 0]]
[162, [372, 388, 388, 57, 228, 0]]
[163, [342, 374, 374, 57, 198, 0]]
[164, [360, 360, 360, 72, 168, 0]]
[165, [330, 346, 346, 87, 138, 0]]
[166, [300, 332, 332, 102, 108, 0]]
[167, [318, 318, 318, 102, 78, 0]]
[168, [288, 304, 304, 117, 48, 0]]
[169, [258, 290, 290, 132, 18, 0]]
[170, [296, 296, 296, 132, 0, 8]]
[171, [296, 312, 312, 132, 0, 8]]
[172, [296, 328, 328, 147, 0, 8]]
[173, [344, 344, 344, 3, 144, 8]]
[174, [314, 330, 330, 3, 114, 8]]
[175, [284, 316, 316, 3, 84, 8]]
[176, [302, 302, 302, 3, 54, 8]]
[177, [272, 288, 288, 3, 24, 8]]
[178, [242, 274, 274, 3, 0, 2]]
[179, [290, 290, 290, 213, 0, 2]]
[180, [290, 306, 306, 69, 144, 2]]
[181, [260, 292, 292, 69, 114, 2]]
[182, [278, 278, 278, 84, 84, 2]]
[183, [248, 264, 264, 84, 54, 2]]
[184, [218, 250, 250, 114, 24, 2]]
[185, [246, 246, 246, 129, 0, 6]]
[186, [246, 262, 262, 144, 0, 6]]
[187, [246, 278, 278, 0, 144, 6]]
[188, [264, 264, 264, 15, 114, 6]]
[189, [234, 250, 250, 30, 84, 6]]
[190, [204, 236, 236, 30, 54, 6]]
[191, [222, 222, 222, 30, 24, 6]]
[192, [192, 208, 208, 45, 0, 0]]
[193, [192, 224, 224, 45, 0, 0]]
[194, [240, 240, 240, 45, 0, 0]]
[195, [240, 256, 256, 45, 0, 0]]
[196, [240, 272, 272, 45, 0, 0]]
[197, [288, 288, 288, 45, 0, 0]]
[198, [288, 304, 304, 45, 0, 0]]
[199, [288, 320, 320, 240, 0, 0]]
[200, [336, 336, 336, 96, 144, 0]]
[201, [306, 322, 322, 96, 114, 0]]
[202, [276, 308, 308, 126, 84, 0]]
[203, [294, 294, 294, 126, 54, 0]]
[204, [264, 280, 280, 156, 24, 0]]
[205, [244, 276, 276, 27, 144, 4]]
[206, [262, 262, 262, 42, 114, 4]]
[207, [232, 248, 248, 42, 84, 4]]
[208, [202, 234, 234, 57, 54, 4]]
[209, [220, 220, 220, 72, 24, 4]]
[210, [200, 216, 216, 72, 0, 8]]
[211, [200, 232, 232, 72, 0, 8]]
[212, [248, 248, 248, 87, 0, 8]]
[213, [248, 264, 264, 87, 0, 8]]
[214, [248, 280, 280, 87, 0, 8]]
[215, [296, 296, 296, 87, 0, 8]]
[216, [296, 312, 312, 87, 0, 8]]
[217, [296, 328, 328, 87, 0, 8]]
[218, [344, 344, 344, 87, 0, 8]]
[219, [344, 360, 360, 282, 0, 8]]
[220, [344, 376, 376, 138, 144, 8]]
[221, [362, 362, 362, 138, 114, 8]]
[222, [332, 348, 348, 153, 84, 8]]
[223, [302, 334, 334, 24, 198, 8]]
[224, [320, 320, 320, 54, 168, 8]]
[225, [290, 306, 306, 69, 138, 8]]
[226, [260, 292, 292, 84, 108, 8]]
[227, [278, 278, 278, 84, 78, 8]]
[228, [248, 264, 264, 99, 48, 8]]
[229, [218, 250, 250, 114, 18, 8]]
[230, [246, 246, 246, 114, 0, 6]]
[231, [246, 262, 262, 114, 0, 6]]
[232, [246, 278, 278, 129, 0, 6]]
[233, [294, 294, 294, 129, 0, 6]]
[234, [294, 310, 310, 129, 0, 6]]
[235, [294, 326, 326, 129, 0, 6]]
[236, [342, 342, 342, 129, 0, 6]]
[237, [342, 358, 358, 129, 0, 6]]
[238, [342, 374, 374, 129, 0, 6]]
[239, [390, 390, 390, 324, 0, 6]]
[240, [390, 406, 406, 180, 144, 6]]
[241, [360, 392, 392, 36, 258, 6]]
[242, [378, 378, 378, 51, 228, 6]]
[243, [348, 364, 364, 66, 198, 6]]
[244, [318, 350, 350, 96, 168, 6]]
[245, [336, 336, 336, 111, 138, 6]]
[246, [306, 322, 322, 126, 108, 6]]
[247, [276, 308, 308, 126, 78, 6]]
[248, [294, 294, 294, 141, 48, 6]]
[249, [264, 280, 280, 156, 18, 6]]
[250, [244, 276, 276, 12, 144, 4]]
[251, [262, 262, 262, 12, 114, 4]]
[252, [232, 248, 248, 27, 84, 4]]
[253, [202, 234, 234, 27, 54, 4]]
[254, [220, 220, 220, 27, 24, 4]]
[255, [200, 216, 216, 27, 0, 8]]
[256, [200, 232, 232, 27, 0, 8]]
[257, [248, 248, 248, 27, 0, 8]]
[258, [248, 264, 264, 27, 0, 8]]
[259, [248, 280, 280, 222, 0, 8]]
[260, [296, 296, 296, 78, 144, 8]]
[261, [266, 282, 282, 78, 114, 8]]
[262, [236, 268, 268, 93, 84, 8]]
[263, [254, 254, 254, 108, 54, 8]]
[264, [224, 240, 240, 138, 24, 8]]
[265, [194, 226, 226, 153, 0, 2]]
[266, [242, 242, 242, 24, 144, 2]]
[267, [212, 228, 228, 24, 114, 2]]
[268, [182, 214, 214, 39, 84, 2]]
[269, [200, 200, 200, 54, 54, 2]]
[270, [170, 186, 186, 54, 24, 2]]
[271, [150, 182, 182, 54, 0, 6]]
[272, [198, 198, 198, 69, 0, 6]]
[273, [198, 214, 214, 69, 0, 6]]
[274, [198, 230, 230, 69, 0, 6]]
[275, [246, 246, 246, 69, 0, 6]]
[276, [246, 262, 262, 69, 0, 6]]
[277, [246, 278, 278, 69, 0, 6]]
[278, [294, 294, 294, 69, 0, 6]]
[279, [294, 310, 310, 249, 0, 6]]
[280, [294, 326, 326, 105, 144, 6]]
[281, [312, 312, 312, 105, 114, 6]]
[282, [282, 298, 298, 120, 84, 6]]
[283, [252, 284, 284, 135, 54, 6]]
[284, [280, 280, 280, 165, 24, 16]]
[285, [280, 296, 296, 36, 144, 40]]
[286, [250, 282, 282, 51, 114, 40]]
[287, [298, 298, 298, 66, 84, 70]]
[288, [258, 274, 274, 81, 54, 60]]
[289, [248, 280, 280, 96, 24, 80]]
[290, [266, 266, 266, 96, 0, 74]]
[291, [236, 252, 252, 96, 0, 44]]
[292, [216, 248, 248, 111, 0, 24]]
[293, [244, 244, 244, 111, 0, 4]]
[294, [244, 260, 260, 111, 0, 4]]
[295, [244, 276, 276, 111, 0, 4]]
[296, [292, 292, 292, 111, 0, 4]]
[297, [292, 308, 308, 111, 0, 4]]
[298, [292, 324, 324, 111, 0, 4]]
[299, [340, 340, 340, 291, 0, 4]]
[300, [340, 356, 356, 147, 144, 4]]
[301, [310, 342, 342, 3, 258, 4]]
[302, [328, 328, 328, 18, 228, 4]]
[303, [298, 314, 314, 33, 198, 4]]
[304, [268, 300, 300, 63, 168, 4]]
[305, [286, 286, 286, 78, 138, 4]]
[306, [256, 272, 272, 93, 108, 4]]
[307, [226, 258, 258, 108, 78, 4]]
[308, [244, 244, 244, 123, 48, 4]]
[309, [214, 230, 230, 138, 18, 4]]
[310, [194, 226, 226, 138, 0, 2]]
[311, [242, 242, 242, 138, 0, 2]]
[312, [242, 258, 258, 153, 0, 2]]
[313, [242, 274, 274, 9, 144, 2]]
[314, [260, 260, 260, 9, 114, 2]]
[315, [230, 246, 246, 9, 84, 2]]
[316, [200, 232, 232, 9, 54, 2]]
[317, [218, 218, 218, 9, 24, 2]]
[318, [198, 214, 214, 9, 0, 6]]
[319, [198, 230, 230, 189, 0, 6]]
[320, [246, 246, 246, 45, 144, 6]]
[321, [216, 232, 232, 45, 114, 6]]
[322, [186, 218, 218, 60, 84, 6]]
[323, [204, 204, 204, 75, 54, 6]]
[324, [174, 190, 190, 105, 24, 6]]
[325, [144, 176, 176, 120, 0, 0]]
[326, [192, 192, 192, 135, 0, 0]]
[327, [192, 208, 208, 150, 0, 0]]
[328, [192, 224, 224, 21, 144, 0]]
[329, [210, 210, 210, 36, 114, 0]]
[330, [180, 196, 196, 36, 84, 0]]
[331, [150, 182, 182, 36, 54, 0]]
[332, [164, 168, 168, 36, 24, 0]]
[333, [148, 164, 164, 36, 0, 4]]
[334, [148, 180, 180, 36, 0, 4]]
[335, [192, 196, 196, 36, 0, 4]]
[336, [196, 212, 212, 36, 0, 4]]
[337, [196, 228, 228, 36, 0, 4]]
[338, [240, 244, 244, 36, 0, 4]]
[339, [244, 260, 260, 201, 0, 4]]
[340, [244, 276, 276, 57, 144, 4]]
[341, [258, 262, 262, 57, 114, 4]]
[342, [232, 248, 248, 72, 84, 4]]
[343, [202, 234, 234, 87, 54, 4]]
[344, [216, 220, 220, 117, 24, 4]]
[345, [200, 216, 216, 132, 0, 8]]
[346, [200, 232, 232, 147, 0, 8]]
[347, [244, 248, 248, 18, 144, 8]]
[348, [218, 234, 234, 33, 114, 8]]
[349, [188, 220, 220, 48, 84, 8]]
[350, [202, 206, 206, 48, 54, 8]]
[351, [176, 192, 192, 48, 24, 8]]
[352, [146, 178, 178, 48, 0, 2]]
[353, [190, 194, 194, 48, 0, 2]]
[354, [194, 210, 210, 48, 0, 2]]
[355, [194, 226, 226, 48, 0, 2]]
[356, [238, 242, 242, 63, 0, 2]]
[357, [242, 258, 258, 63, 0, 2]]
[358, [242, 274, 274, 63, 0, 2]]
[359, [286, 290, 290, 228, 0, 2]]
[360, [290, 306, 306, 84, 144, 2]]
[361, [260, 292, 292, 84, 114, 2]]
[362, [274, 278, 278, 99, 84, 2]]
[363, [248, 264, 264, 114, 54, 2]]
[364, [218, 250, 250, 144, 24, 2]]
[365, [242, 246, 246, 15, 144, 6]]
[366, [216, 232, 232, 30, 114, 6]]
[367, [186, 218, 218, 45, 84, 6]]
[368, [200, 204, 204, 60, 54, 6]]
[369, [174, 190, 190, 75, 24, 6]]
[370, [144, 176, 176, 90, 0, 0]]
[371, [188, 192, 192, 90, 0, 0]]
[372, [192, 208, 208, 90, 0, 0]]
[373, [192, 224, 224, 90, 0, 0]]
[374, [236, 240, 240, 90, 0, 0]]
[375, [240, 256, 256, 90, 0, 0]]
[376, [240, 272, 272, 105, 0, 0]]
[377, [284, 288, 288, 105, 0, 0]]
[378, [288, 304, 304, 105, 0, 0]]
[379, [288, 320, 320, 240, 0, 0]]
[380, [332, 336, 336, 96, 144, 0]]
[381, [306, 322, 322, 96, 114, 0]]
[382, [276, 308, 308, 111, 84, 0]]
[383, [290, 294, 294, 126, 54, 0]]
[384, [264, 280, 280, 171, 24, 0]]
[385, [244, 276, 276, 42, 144, 4]]
[386, [258, 262, 262, 57, 114, 4]]
[387, [232, 248, 248, 87, 84, 4]]
[388, [202, 234, 234, 102, 54, 4]]
[389, [216, 220, 220, 117, 24, 4]]
[390, [200, 216, 216, 132, 0, 8]]
[391, [200, 232, 232, 132, 0, 8]]
[392, [244, 248, 248, 132, 0, 8]]
[393, [248, 264, 264, 132, 0, 8]]
[394, [248, 280, 280, 132, 0, 8]]
[395, [292, 296, 296, 132, 0, 8]]
[396, [296, 312, 312, 147, 0, 8]]
[397, [296, 328, 328, 3, 144, 8]]
[398, [310, 314, 314, 3, 114, 8]]
[399, [284, 300, 300, 138, 84, 8]]
[400, [254, 286, 286, 138, 54, 8]]
[401, [268, 272, 272, 138, 24, 8]]
[402, [242, 258, 258, 153, 0, 2]]
[403, [242, 274, 274, 24, 144, 2]]
[404, [256, 260, 260, 69, 114, 2]]
[405, [230, 246, 246, 84, 84, 2]]
[406, [200, 232, 232, 99, 54, 2]]
[407, [214, 218, 218, 129, 24, 2]]
[408, [198, 214, 214, 144, 0, 6]]
[409, [198, 230, 230, 15, 144, 6]]
[410, [212, 216, 216, 30, 114, 6]]
[411, [186, 202, 202, 30, 84, 6]]
[412, [156, 188, 188, 30, 54, 6]]
[413, [170, 174, 174, 30, 24, 6]]
[414, [144, 160, 160, 30, 0, 0]]
[415, [144, 176, 176, 30, 0, 0]]
[416, [188, 192, 192, 45, 0, 0]]
[417, [192, 208, 208, 45, 0, 0]]
[418, [192, 224, 224, 45, 0, 0]]
[419, [236, 240, 240, 165, 0, 0]]
[420, [240, 256, 256, 21, 144, 0]]
[421, [210, 242, 242, 21, 114, 0]]
[422, [224, 228, 228, 36, 84, 0]]
[423, [198, 214, 214, 66, 54, 0]]
[424, [168, 200, 200, 96, 24, 0]]
[425, [192, 196, 196, 111, 0, 4]]
[426, [196, 212, 212, 126, 0, 4]]
[427, [196, 228, 228, 141, 0, 4]]
[428, [240, 244, 244, 156, 0, 4]]
[429, [244, 260, 260, 27, 144, 4]]
[430, [214, 246, 246, 57, 114, 4]]
[431, [228, 232, 232, 57, 84, 4]]
[432, [202, 218, 218, 57, 54, 4]]
[433, [172, 204, 204, 57, 24, 4]]
[434, [196, 200, 200, 57, 0, 8]]
[435, [200, 216, 216, 57, 0, 8]]
[436, [200, 232, 232, 72, 0, 8]]
[437, [244, 248, 248, 72, 0, 8]]
[438, [248, 264, 264, 87, 0, 8]]
[439, [248, 280, 280, 207, 0, 8]]
[440, [292, 296, 296, 63, 144, 8]]
[441, [266, 282, 282, 63, 114, 8]]
[442, [236, 268, 268, 78, 84, 8]]
[443, [250, 254, 254, 108, 54, 8]]
[444, [224, 240, 240, 138, 24, 8]]
[445, [194, 226, 226, 153, 0, 2]]
[446, [238, 242, 242, 24, 144, 2]]
[447, [212, 228, 228, 39, 114, 2]]
[448, [182, 214, 214, 54, 84, 2]]
[449, [196, 200, 200, 69, 54, 2]]
[450, [170, 186, 186, 99, 24, 2]]
[451, [150, 182, 182, 99, 0, 6]]
[452, [194, 198, 198, 99, 0, 6]]
[453, [198, 214, 214, 99, 0, 6]]
[454, [198, 230, 230, 99, 0, 6]]
[455, [242, 246, 246, 99, 0, 6]]
[456, [246, 262, 262, 114, 0, 6]]
[457, [246, 278, 278, 114, 0, 6]]
[458, [290, 294, 294, 114, 0, 6]]
[459, [294, 310, 310, 234, 0, 6]]
[460, [294, 326, 326, 90, 144, 6]]
[461, [308, 312, 312, 90, 114, 6]]
[462, [282, 298, 298, 105, 84, 6]]
[463, [252, 284, 284, 135, 54, 6]]
[464, [266, 270, 270, 165, 24, 6]]
[465, [240, 256, 256, 36, 144, 0]]
[466, [210, 242, 242, 66, 114, 0]]
[467, [224, 228, 228, 81, 84, 0]]
[468, [198, 214, 214, 96, 54, 0]]
[469, [168, 200, 200, 111, 24, 0]]
[470, [192, 196, 196, 141, 0, 4]]
[471, [196, 212, 212, 141, 0, 4]]
[472, [196, 228, 228, 141, 0, 4]]
[473, [240, 244, 244, 141, 0, 4]]
[474, [244, 260, 260, 141, 0, 4]]
[475, [244, 276, 276, 141, 0, 4]]
[476, [288, 292, 292, 156, 0, 4]]
[477, [292, 308, 308, 12, 144, 4]]
[478, [262, 294, 294, 12, 114, 4]]
[479, [276, 280, 280, 132, 84, 4]]
[480, [250, 266, 266, 132, 54, 4]]
[481, [220, 252, 252, 132, 24, 4]]
[482, [244, 248, 248, 147, 0, 8]]
[483, [248, 264, 264, 33, 144, 8]]
[484, [218, 250, 250, 63, 114, 8]]
[485, [232, 236, 236, 78, 84, 8]]
[486, [206, 222, 222, 108, 54, 8]]
[487, [176, 208, 208, 123, 24, 8]]
[488, [190, 194, 194, 138, 0, 2]]
[489, [194, 210, 210, 153, 0, 2]]
[490, [194, 226, 226, 39, 144, 2]]
[491, [208, 212, 212, 39, 114, 2]]
[492, [182, 198, 198, 39, 84, 2]]
[493, [152, 184, 184, 39, 54, 2]]
[494, [166, 170, 170, 39, 24, 2]]
[495, [150, 166, 166, 39, 0, 6]]
[496, [150, 182, 182, 54, 0, 6]]
[497, [194, 198, 198, 54, 0, 6]]
[498, [198, 214, 214, 54, 0, 6]]
[499, [198, 230, 230, 174, 0, 6]]
[500, [242, 246, 246, 30, 144, 6]]
[501, [216, 232, 232, 30, 114, 6]]
[502, [186, 218, 218, 45, 84, 6]]
[503, [200, 204, 204, 75, 54, 6]]
[504, [174, 190, 190, 105, 24, 6]]
[505, [144, 176, 176, 120, 0, 0]]
[506, [188, 192, 192, 150, 0, 0]]
[507, [192, 208, 208, 21, 144, 0]]
[508, [162, 194, 194, 36, 114, 0]]
[509, [176, 180, 180, 51, 84, 0]]
[510, [150, 166, 166, 81, 54, 0]]
[511, [120, 152, 152, 81, 24, 0]]
[512, [144, 148, 148, 81, 0, 4]]
[513, [148, 164, 164, 81, 0, 4]]
[514, [148, 180, 180, 81, 0, 4]]
[515, [192, 196, 196, 81, 0, 4]]
[516, [196, 212, 212, 96, 0, 4]]
[517, [196, 228, 228, 96, 0, 4]]
[518, [240, 244, 244, 96, 0, 4]]
[519, [244, 260, 260, 216, 0, 4]]
[520, [244, 276, 276, 72, 144, 4]]
[521, [258, 262, 262, 72, 114, 4]]
[522, [232, 248, 248, 87, 84, 4]]
[523, [202, 234, 234, 102, 54, 4]]
[524, [216, 220, 220, 132, 24, 4]]
[525, [200, 216, 216, 147, 0, 8]]
[526, [200, 232, 232, 48, 144, 8]]
[527, [214, 218, 218, 63, 114, 8]]
[528, [188, 204, 204, 78, 84, 8]]
[529, [158, 190, 190, 93, 54, 8]]
[530, [172, 176, 176, 123, 24, 8]]
[531, [146, 162, 162, 123, 0, 2]]
[532, [146, 178, 178, 123, 0, 2]]
[533, [190, 194, 194, 123, 0, 2]]
[534, [194, 210, 210, 123, 0, 2]]
[535, [194, 226, 226, 123, 0, 2]]
[536, [238, 242, 242, 138, 0, 2]]
[537, [242, 258, 258, 138, 0, 2]]
[538, [242, 274, 274, 138, 0, 2]]
[539, [286, 290, 290, 258, 0, 2]]
[540, [290, 306, 306, 114, 144, 2]]
[541, [260, 292, 292, 114, 114, 2]]
[542, [274, 278, 278, 129, 84, 2]]
[543, [248, 264, 264, 144, 54, 2]]
[544, [218, 250, 250, 30, 168, 2]]
[545, [232, 236, 236, 45, 138, 2]]
[546, [206, 222, 222, 90, 108, 2]]
[547, [176, 208, 208, 105, 78, 2]]
[548, [186, 194, 194, 120, 48, 2]]
[549, [160, 180, 180, 135, 18, 2]]
[550, [140, 176, 176, 165, 0, 0]]
[551, [180, 192, 192, 21, 144, 0]]
[552, [154, 178, 178, 21, 114, 0]]
[553, [124, 164, 164, 21, 84, 0]]
[554, [134, 150, 150, 21, 54, 0]]
[555, [108, 136, 136, 21, 24, 0]]
[556, [88, 132, 132, 36, 0, 4]]
[557, [132, 148, 148, 36, 0, 4]]
[558, [136, 164, 164, 36, 0, 4]]
[559, [136, 180, 180, 156, 0, 4]]
[560, [180, 196, 196, 12, 144, 4]]
[561, [154, 182, 182, 12, 114, 4]]
[562, [124, 168, 168, 12, 84, 4]]
[563, [138, 154, 154, 27, 54, 4]]
[564, [112, 140, 140, 57, 24, 4]]
[565, [92, 136, 136, 72, 0, 8]]
[566, [136, 152, 152, 117, 0, 8]]
[567, [140, 168, 168, 132, 0, 8]]
[568, [140, 184, 184, 147, 0, 8]]
[569, [184, 200, 200, 18, 144, 8]]
[570, [158, 186, 186, 48, 114, 8]]
[571, [128, 172, 172, 48, 84, 8]]
[572, [142, 158, 158, 48, 54, 8]]
[573, [116, 144, 144, 48, 24, 8]]
[574, [86, 130, 130, 48, 0, 2]]
[575, [130, 146, 146, 48, 0, 2]]
[576, [134, 162, 162, 63, 0, 2]]
[577, [134, 178, 178, 63, 0, 2]]
[578, [178, 194, 194, 78, 0, 2]]
[579, [182, 210, 210, 198, 0, 2]]
[580, [182, 226, 226, 54, 144, 2]]
[581, [196, 212, 212, 54, 114, 2]]
[582, [170, 198, 198, 54, 84, 2]]
[583, [140, 184, 184, 69, 54, 2]]
[584, [154, 170, 170, 99, 24, 2]]
[585, [138, 166, 166, 114, 0, 6]]
[586, [138, 182, 182, 159, 0, 6]]
[587, [182, 198, 198, 30, 144, 6]]
[588, [156, 184, 184, 45, 114, 6]]
[589, [126, 170, 170, 60, 84, 6]]
[590, [140, 156, 156, 75, 54, 6]]
[591, [114, 142, 142, 90, 24, 6]]
[592, [84, 128, 128, 90, 0, 0]]
[593, [128, 144, 144, 90, 0, 0]]
[594, [132, 160, 160, 90, 0, 0]]
[595, [132, 176, 176, 90, 0, 0]]
[596, [176, 192, 192, 90, 0, 0]]
[597, [180, 208, 208, 90, 0, 0]]
[598, [180, 224, 224, 105, 0, 0]]
[599, [224, 240, 240, 210, 0, 0]]
[600, [228, 256, 256, 66, 144, 0]]
[601, [198, 242, 242, 66, 114, 0]]
[602, [212, 228, 228, 66, 84, 0]]
[603, [186, 214, 214, 81, 54, 0]]
[604, [156, 200, 200, 126, 24, 0]]
[605, [180, 196, 196, 141, 0, 4]]
[606, [184, 212, 212, 186, 0, 4]]
[607, [184, 228, 228, 42, 144, 4]]
[608, [198, 214, 214, 57, 114, 4]]
[609, [172, 200, 200, 87, 84, 4]]
[610, [142, 186, 186, 117, 54, 4]]
[611, [156, 172, 172, 132, 24, 4]]
[612, [140, 168, 168, 132, 0, 8]]
[613, [140, 184, 184, 132, 0, 8]]
[614, [184, 200, 200, 132, 0, 8]]
[615, [188, 216, 216, 132, 0, 8]]
[616, [188, 232, 232, 132, 0, 8]]
[617, [232, 248, 248, 132, 0, 8]]
[618, [236, 264, 264, 147, 0, 8]]
[619, [236, 280, 280, 108, 144, 8]]
[620, [250, 266, 266, 108, 114, 8]]
[621, [224, 252, 252, 108, 84, 8]]
[622, [194, 238, 238, 108, 54, 8]]
[623, [208, 224, 224, 123, 24, 8]]
[624, [182, 210, 210, 168, 0, 2]]
[625, [182, 226, 226, 39, 144, 2]]
[626, [196, 212, 212, 84, 114, 2]]
[627, [170, 198, 198, 84, 84, 2]]
[628, [140, 184, 184, 99, 54, 2]]
[629, [154, 170, 170, 129, 24, 2]]
[630, [138, 166, 166, 159, 0, 6]]
[631, [138, 182, 182, 30, 144, 6]]
[632, [152, 168, 168, 30, 114, 6]]
[633, [126, 154, 154, 30, 84, 6]]
[634, [96, 140, 140, 30, 54, 6]]
[635, [110, 126, 126, 30, 24, 6]]
[636, [84, 112, 112, 30, 0, 0]]
[637, [84, 128, 128, 30, 0, 0]]
[638, [128, 144, 144, 45, 0, 0]]
[639, [132, 160, 160, 150, 0, 0]]
[640, [132, 176, 176, 6, 144, 0]]
[641, [146, 162, 162, 6, 114, 0]]
[642, [120, 148, 148, 6, 84, 0]]
[643, [90, 134, 134, 21, 54, 0]]
[644, [104, 120, 120, 66, 24, 0]]
[645, [88, 116, 116, 81, 0, 4]]
[646, [88, 132, 132, 111, 0, 4]]
[647, [132, 148, 148, 111, 0, 4]]
[648, [136, 164, 164, 126, 0, 4]]
[649, [136, 180, 180, 156, 0, 4]]
[650, [180, 196, 196, 42, 144, 4]]
[651, [154, 182, 182, 57, 114, 4]]
[652, [124, 168, 168, 57, 84, 4]]
[653, [138, 154, 154, 57, 54, 4]]
[654, [112, 140, 140, 57, 24, 4]]
[655, [92, 136, 136, 72, 0, 8]]
[656, [136, 152, 152, 72, 0, 8]]
[657, [140, 168, 168, 72, 0, 8]]
[658, [140, 184, 184, 87, 0, 8]]
[659, [184, 200, 200, 177, 0, 8]]
[660, [188, 216, 216, 33, 144, 8]]
[661, [158, 202, 202, 33, 114, 8]]
[662, [172, 188, 188, 48, 84, 8]]
[663, [146, 174, 174, 48, 54, 8]]
[664, [116, 160, 160, 78, 24, 8]]
[665, [130, 146, 146, 93, 0, 2]]
[666, [134, 162, 162, 138, 0, 2]]
[667, [134, 178, 178, 138, 0, 2]]
[668, [178, 194, 194, 153, 0, 2]]
[669, [182, 210, 210, 54, 144, 2]]
[670, [152, 196, 196, 84, 114, 2]]
[671, [166, 182, 182, 99, 84, 2]]
[672, [140, 168, 168, 99, 54, 2]]
[673, [110, 154, 154, 99, 24, 2]]
[674, [134, 150, 150, 99, 0, 6]]
[675, [138, 166, 166, 114, 0, 6]]
[676, [138, 182, 182, 114, 0, 6]]
[677, [182, 198, 198, 114, 0, 6]]
[678, [186, 214, 214, 129, 0, 6]]
[679, [186, 230, 230, 219, 0, 6]]
[680, [230, 246, 246, 75, 144, 6]]
[681, [204, 232, 232, 75, 114, 6]]
[682, [174, 218, 218, 90, 84, 6]]
[683, [188, 204, 204, 90, 54, 6]]
[684, [162, 190, 190, 120, 24, 6]]
[685, [132, 176, 176, 135, 0, 0]]
[686, [176, 192, 192, 180, 0, 0]]
[687, [180, 208, 208, 36, 144, 0]]
[688, [150, 194, 194, 51, 114, 0]]
[689, [164, 180, 180, 96, 84, 0]]
[690, [138, 166, 166, 126, 54, 0]]
[691, [108, 152, 152, 141, 24, 0]]
[692, [132, 148, 148, 141, 0, 4]]
[693, [136, 164, 164, 141, 0, 4]]
[694, [136, 180, 180, 141, 0, 4]]
[695, [180, 196, 196, 156, 0, 4]]
[696, [184, 212, 212, 12, 144, 4]]
[697, [154, 198, 198, 12, 114, 4]]
[698, [168, 184, 184, 27, 84, 4]]
[699, [142, 170, 170, 117, 54, 4]]
[700, [112, 156, 156, 117, 24, 4]]
[701, [136, 152, 152, 117, 0, 8]]
[702, [140, 168, 168, 132, 0, 8]]
[703, [140, 184, 184, 132, 0, 8]]
[704, [184, 200, 200, 162, 0, 8]]
[705, [188, 216, 216, 33, 144, 8]]
[706, [158, 202, 202, 78, 114, 8]]
[707, [172, 188, 188, 78, 84, 8]]
[708, [146, 174, 174, 93, 54, 8]]
[709, [116, 160, 160, 138, 24, 8]]
[710, [130, 146, 146, 168, 0, 2]]
[711, [134, 162, 162, 39, 144, 2]]
[712, [104, 148, 148, 39, 114, 2]]
[713, [118, 134, 134, 39, 84, 2]]
[714, [92, 120, 120, 39, 54, 2]]
[715, [62, 106, 106, 54, 24, 2]]
[716, [86, 102, 102, 54, 0, 6]]
[717, [90, 118, 118, 54, 0, 6]]
[718, [90, 134, 134, 69, 0, 6]]
[719, [134, 150, 150, 144, 0, 6]]
[720, [138, 166, 166, 0, 144, 6]]
[721, [108, 152, 152, 0, 114, 6]]
[722, [122, 138, 138, 30, 84, 6]]
[723, [96, 124, 124, 30, 54, 6]]
[724, [66, 110, 110, 60, 24, 6]]
[725, [80, 96, 96, 75, 0, 0]]
[726, [84, 112, 112, 120, 0, 0]]
[727, [84, 128, 128, 120, 0, 0]]
[728, [128, 144, 144, 135, 0, 0]]
[729, [132, 160, 160, 180, 0, 0]]
[730, [132, 176, 176, 66, 144, 0]]
[731, [146, 162, 162, 81, 114, 0]]
[732, [120, 148, 148, 81, 84, 0]]
[733, [90, 134, 134, 81, 54, 0]]
[734, [104, 120, 120, 81, 24, 0]]
[735, [88, 116, 116, 96, 0, 4]]
[736, [88, 132, 132, 96, 0, 4]]
[737, [132, 148, 148, 96, 0, 4]]
[738, [136, 164, 164, 111, 0, 4]]
[739, [136, 180, 180, 186, 0, 4]]
[740, [180, 196, 196, 42, 144, 4]]
[741, [154, 182, 182, 42, 114, 4]]
[742, [124, 168, 168, 72, 84, 4]]
[743, [138, 154, 154, 72, 54, 4]]
[744, [112, 140, 140, 102, 24, 4]]
[745, [92, 136, 136, 117, 0, 8]]
[746, [136, 152, 152, 162, 0, 8]]
[747, [140, 168, 168, 18, 144, 8]]
[748, [110, 154, 154, 33, 114, 8]]
[749, [124, 140, 140, 78, 84, 8]]
[750, [98, 126, 126, 108, 54, 8]]
[751, [68, 112, 112, 123, 24, 8]]
[752, [82, 98, 98, 123, 0, 2]]
[753, [86, 114, 114, 123, 0, 2]]
[754, [86, 130, 130, 123, 0, 2]]
[755, [130, 146, 146, 138, 0, 2]]
[756, [134, 162, 162, 138, 0, 2]]
[757, [134, 178, 178, 138, 0, 2]]
[758, [178, 194, 194, 153, 0, 2]]
[759, [182, 210, 210, 84, 144, 2]]
[760, [152, 196, 196, 84, 114, 2]]
[761, [166, 182, 182, 84, 84, 2]]
[762, [140, 168, 168, 114, 54, 2]]
[763, [110, 154, 154, 114, 24, 2]]
[764, [134, 150, 150, 144, 0, 6]]
[765, [138, 166, 166, 15, 144, 6]]
[766, [108, 152, 152, 60, 114, 6]]
[767, [122, 138, 138, 60, 84, 6]]
[768, [96, 124, 124, 75, 54, 6]]
[769, [66, 110, 110, 120, 24, 6]]
[770, [80, 96, 96, 150, 0, 0]]
[771, [84, 112, 112, 21, 144, 0]]
[772, [54, 98, 98, 21, 114, 0]]
[773, [68, 84, 84, 21, 84, 0]]
[774, [42, 70, 70, 21, 54, 0]]
[775, [12, 56, 56, 36, 24, 0]]
[776, [36, 52, 52, 36, 0, 4]]
[777, [40, 68, 68, 36, 0, 4]]
[778, [40, 84, 84, 51, 0, 4]]
[779, [84, 100, 100, 126, 0, 4]]
[780, [88, 116, 116, 126, 0, 4]]
[781, [88, 132, 132, 126, 0, 4]]
[782, [132, 148, 148, 156, 0, 4]]
[783, [136, 164, 164, 12, 144, 4]]
[784, [106, 150, 150, 42, 114, 4]]
[785, [120, 136, 136, 57, 84, 4]]
[786, [94, 122, 122, 102, 54, 4]]
[787, [64, 108, 108, 102, 24, 4]]
[788, [88, 104, 104, 117, 0, 8]]
[789, [92, 120, 120, 162, 0, 8]]
[790, [92, 136, 136, 48, 144, 8]]
[791, [106, 122, 122, 63, 114, 8]]
[792, [80, 108, 108, 63, 84, 8]]
[793, [50, 94, 94, 63, 54, 8]]
[794, [64, 80, 80, 63, 24, 8]]
[795, [38, 66, 66, 78, 0, 2]]
[796, [38, 82, 82, 78, 0, 2]]
[797, [82, 98, 98, 78, 0, 2]]
[798, [86, 114, 114, 93, 0, 2]]
[799, [86, 130, 130, 168, 0, 2]]
[800, [130, 146, 146, 24, 144, 2]]
[801, [104, 132, 132, 24, 114, 2]]
[802, [74, 118, 118, 54, 84, 2]]
[803, [88, 104, 104, 54, 54, 2]]
[804, [62, 90, 90, 84, 24, 2]]
[805, [42, 86, 86, 99, 0, 6]]
[806, [86, 102, 102, 144, 0, 6]]
[807, [90, 118, 118, 0, 144, 6]]
[808, [60, 104, 104, 15, 114, 6]]
[809, [74, 90, 90, 60, 84, 6]]
[810, [48, 76, 76, 90, 54, 6]]
[811, [18, 62, 62, 105, 24, 6]]
[812, [32, 48, 48, 105, 0, 0]]
[813, [36, 64, 64, 105, 0, 0]]
[814, [36, 80, 80, 105, 0, 0]]
[815, [80, 96, 96, 120, 0, 0]]
[816, [84, 112, 112, 120, 0, 0]]
[817, [84, 128, 128, 120, 0, 0]]
[818, [128, 144, 144, 135, 0, 0]]
[819, [132, 160, 160, 195, 0, 0]]
[820, [132, 176, 176, 51, 144, 0]]
[821, [146, 162, 162, 66, 114, 0]]
[822, [120, 148, 148, 96, 84, 0]]
[823, [90, 134, 134, 96, 54, 0]]
[824, [104, 120, 120, 126, 24, 0]]
[825, [88, 116, 116, 141, 0, 4]]
[826, [88, 132, 132, 186, 0, 4]]
[827, [132, 148, 148, 42, 144, 4]]
[828, [106, 134, 134, 57, 114, 4]]
[829, [76, 120, 120, 102, 84, 4]]
[830, [90, 106, 106, 102, 54, 4]]
[831, [64, 92, 92, 117, 24, 4]]
[832, [44, 88, 88, 117, 0, 8]]
[833, [88, 104, 104, 117, 0, 8]]
[834, [92, 120, 120, 132, 0, 8]]
[835, [92, 136, 136, 147, 0, 8]]
[836, [136, 152, 152, 3, 144, 8]]
[837, [110, 138, 138, 18, 114, 8]]
[838, [80, 124, 124, 33, 84, 8]]
[839, [94, 110, 110, 93, 54, 8]]
[840, [68, 96, 96, 93, 24, 8]]
[841, [38, 82, 82, 108, 0, 2]]
[842, [82, 98, 98, 138, 0, 2]]
[843, [86, 114, 114, 138, 0, 2]]
[844, [86, 130, 130, 168, 0, 2]]
[845, [130, 146, 146, 39, 144, 2]]
[846, [104, 132, 132, 69, 114, 2]]
[847, [74, 118, 118, 69, 84, 2]]
[848, [88, 104, 104, 69, 54, 2]]
[849, [62, 90, 90, 114, 24, 2]]
[850, [42, 86, 86, 114, 0, 6]]
[851, [86, 102, 102, 129, 0, 6]]
[852, [90, 118, 118, 129, 0, 6]]
[853, [90, 134, 134, 129, 0, 6]]
[854, [134, 150, 150, 144, 0, 6]]
[855, [138, 166, 166, 15, 144, 6]]
[856, [108, 152, 152, 30, 114, 6]]
[857, [122, 138, 138, 45, 84, 6]]
[858, [96, 124, 124, 60, 54, 6]]
[859, [66, 110, 110, 120, 24, 6]]
[860, [80, 96, 96, 120, 0, 0]]
[861, [84, 112, 112, 135, 0, 0]]
[862, [84, 128, 128, 165, 0, 0]]
[863, [128, 144, 144, 36, 144, 0]]
[864, [102, 130, 130, 66, 114, 0]]
[865, [72, 116, 116, 81, 84, 0]]
[866, [86, 102, 102, 111, 54, 0]]
[867, [60, 88, 88, 111, 24, 0]]
[868, [40, 84, 84, 111, 0, 4]]
[869, [84, 100, 100, 156, 0, 4]]
[870, [88, 116, 116, 12, 144, 4]]
[871, [58, 102, 102, 27, 114, 4]]
[872, [72, 88, 88, 27, 84, 4]]
[873, [46, 74, 74, 27, 54, 4]]
[874, [16, 60, 60, 42, 24, 4]]
[875, [40, 56, 56, 57, 0, 8]]
[876, [44, 72, 72, 57, 0, 8]]
[877, [44, 88, 88, 72, 0, 8]]
[878, [88, 104, 104, 87, 0, 8]]
[879, [92, 120, 120, 147, 0, 8]]
[880, [92, 136, 136, 18, 144, 8]]
[881, [106, 122, 122, 33, 114, 8]]
[882, [80, 108, 108, 63, 84, 8]]
[883, [50, 94, 94, 78, 54, 8]]
[884, [64, 80, 80, 108, 24, 8]]
[885, [38, 66, 66, 123, 0, 2]]
[886, [38, 82, 82, 153, 0, 2]]
[887, [82, 98, 98, 9, 144, 2]]
[888, [56, 84, 84, 9, 114, 2]]
[889, [26, 70, 70, 54, 84, 2]]
[890, [40, 56, 56, 54, 54, 2]]
[891, [14, 42, 42, 69, 24, 2]]
[892, [4, 48, 48, 69, 0, 16]]
[893, [38, 54, 54, 69, 0, 6]]
[894, [42, 70, 70, 84, 0, 6]]
[895, [42, 86, 86, 99, 0, 6]]
[896, [86, 102, 102, 99, 0, 6]]
[897, [90, 118, 118, 114, 0, 6]]
[898, [90, 134, 134, 129, 0, 6]]
[899, [134, 150, 150, 174, 0, 6]]
[900, [138, 166, 166, 45, 144, 6]]
[901, [108, 152, 152, 60, 114, 6]]
[902, [122, 138, 138, 90, 84, 6]]
[903, [96, 124, 124, 105, 54, 6]]
[904, [66, 110, 110, 135, 24, 6]]
[905, [80, 96, 96, 150, 0, 0]]
[906, [84, 112, 112, 36, 144, 0]]
[907, [54, 98, 98, 36, 114, 0]]
[908, [68, 84, 84, 36, 84, 0]]
[909, [42, 70, 70, 81, 54, 0]]
[910, [12, 56, 56, 81, 24, 0]]
[911, [36, 52, 52, 96, 0, 4]]
[912, [40, 68, 68, 96, 0, 4]]
[913, [40, 84, 84, 96, 0, 4]]
[914, [84, 100, 100, 111, 0, 4]]
[915, [88, 116, 116, 126, 0, 4]]
[916, [88, 132, 132, 126, 0, 4]]
[917, [132, 148, 148, 141, 0, 4]]
[918, [136, 164, 164, 156, 0, 4]]
[919, [136, 180, 180, 57, 144, 4]]
[920, [150, 166, 166, 72, 114, 4]]
[921, [124, 152, 152, 87, 84, 4]]
[922, [94, 138, 138, 132, 54, 4]]
[923, [108, 124, 124, 147, 24, 4]]
[924, [92, 120, 120, 33, 144, 8]]
[925, [62, 106, 106, 33, 114, 8]]
[926, [76, 92, 92, 63, 84, 8]]
[927, [50, 78, 78, 63, 54, 8]]
[928, [20, 64, 64, 63, 24, 8]]
[929, [34, 50, 50, 108, 0, 2]]
[930, [38, 66, 66, 108, 0, 2]]
[931, [38, 82, 82, 123, 0, 2]]
[932, [82, 98, 98, 123, 0, 2]]
[933, [86, 114, 114, 123, 0, 2]]
[934, [86, 130, 130, 138, 0, 2]]
[935, [130, 146, 146, 168, 0, 2]]
[936, [134, 162, 162, 24, 144, 2]]
[937, [104, 148, 148, 39, 114, 2]]
[938, [118, 134, 134, 54, 84, 2]]
[939, [92, 120, 120, 99, 54, 2]]
[940, [62, 106, 106, 114, 24, 2]]
[941, [86, 102, 102, 129, 0, 6]]
[942, [90, 118, 118, 174, 0, 6]]
[943, [90, 134, 134, 45, 144, 6]]
[944, [104, 120, 120, 75, 114, 6]]
[945, [78, 106, 106, 75, 84, 6]]
[946, [48, 92, 92, 105, 54, 6]]
[947, [62, 78, 78, 105, 24, 6]]
[948, [36, 64, 64, 105, 0, 0]]
[949, [36, 80, 80, 150, 0, 0]]
[950, [80, 96, 96, 6, 144, 0]]
[951, [54, 82, 82, 21, 114, 0]]
[952, [24, 68, 68, 21, 84, 0]]
[953, [38, 54, 54, 21, 54, 0]]
[954, [12, 40, 40, 36, 24, 0]]
[955, [2, 46, 46, 66, 0, 14]]
[956, [36, 52, 52, 66, 0, 4]]
[957, [40, 68, 68, 81, 0, 4]]
[958, [40, 84, 84, 96, 0, 4]]
[959, [84, 100, 100, 141, 0, 4]]
[960, [88, 116, 116, 156, 0, 4]]
[961, [88, 132, 132, 27, 144, 4]]
[962, [102, 118, 118, 72, 114, 4]]
[963, [76, 104, 104, 87, 84, 4]]
[964, [46, 90, 90, 117, 54, 4]]
[965, [60, 76, 76, 117, 24, 4]]
[966, [44, 72, 72, 147, 0, 8]]
[967, [44, 88, 88, 3, 144, 8]]
[968, [58, 74, 74, 3, 114, 8]]
[969, [32, 60, 60, 48, 84, 8]]
[970, [2, 46, 46, 48, 54, 8]]
[971, [16, 32, 32, 63, 24, 8]]
[972, [0, 28, 28, 63, 0, 12]]
[973, [0, 44, 44, 63, 0, 12]]
[974, [34, 50, 50, 78, 0, 2]]
[975, [38, 66, 66, 108, 0, 2]]
[976, [38, 82, 82, 108, 0, 2]]
[977, [82, 98, 98, 123, 0, 2]]
[978, [86, 114, 114, 138, 0, 2]]
[979, [86, 130, 130, 183, 0, 2]]
[980, [130, 146, 146, 54, 144, 2]]
[981, [104, 132, 132, 69, 114, 2]]
[982, [74, 118, 118, 114, 84, 2]]
[983, [88, 104, 104, 129, 54, 2]]
[984, [62, 90, 90, 159, 24, 2]]
[985, [42, 86, 86, 15, 144, 6]]
[986, [56, 72, 72, 45, 114, 6]]
[987, [30, 58, 58, 45, 84, 6]]
[988, [0, 44, 44, 45, 54, 6]]
[989, [14, 30, 30, 90, 24, 6]]
[990, [8, 36, 36, 90, 0, 20]]
[991, [8, 52, 52, 105, 0, 20]]
[992, [32, 48, 48, 105, 0, 0]]
[993, [36, 64, 64, 105, 0, 0]]
[994, [36, 80, 80, 120, 0, 0]]
[995, [80, 96, 96, 150, 0, 0]]
[996, [84, 112, 112, 6, 144, 0]]
[997, [54, 98, 98, 21, 114, 0]]
[998, [68, 84, 84, 36, 84, 0]]
[999, [42, 70, 70, 81, 54, 0]]
[1000, [12, 56, 56, 96, 24, 0]]
[1001, [36, 52, 52, 111, 0, 4]]
[1002, [40, 68, 68, 156, 0, 4]]
[1003, [40, 84, 84, 27, 144, 4]]
[1004, [54, 70, 70, 57, 114, 4]]
[1005, [28, 56, 56, 57, 84, 4]]
[1006, [8, 52, 52, 87, 54, 14]]
[1007, [12, 28, 28, 87, 24, 4]]
[1008, [6, 34, 34, 87, 0, 18]]
[1009, [6, 50, 50, 132, 0, 18]]
[1010, [40, 56, 56, 132, 0, 8]]
[1011, [44, 72, 72, 147, 0, 8]]
[1012, [44, 88, 88, 3, 144, 8]]
[1013, [58, 74, 74, 3, 114, 8]]
[1014, [32, 60, 60, 18, 84, 8]]
[1015, [2, 46, 46, 33, 54, 8]]
[1016, [16, 32, 32, 33, 24, 8]]
[1017, [0, 28, 28, 33, 0, 12]]
[1018, [0, 44, 44, 33, 0, 12]]
[1019, [34, 50, 50, 78, 0, 2]]
[1020, [38, 66, 66, 108, 0, 2]]
[1021, [38, 82, 82, 123, 0, 2]]
[1022, [82, 98, 98, 168, 0, 2]]
[1023, [86, 114, 114, 39, 144, 2]]
[1024, [56, 100, 100, 69, 114, 2]]
[1025, [70, 86, 86, 69, 84, 2]]
[1026, [44, 72, 72, 99, 54, 2]]
[1027, [14, 58, 58, 99, 24, 2]]
[1028, [38, 54, 54, 99, 0, 6]]
[1029, [42, 70, 70, 144, 0, 6]]
[1030, [42, 86, 86, 0, 144, 6]]
[1031, [56, 72, 72, 30, 114, 6]]
[1032, [30, 58, 58, 30, 84, 6]]
[1033, [0, 44, 44, 30, 54, 6]]
[1034, [14, 30, 30, 45, 24, 6]]
[1035, [8, 36, 36, 45, 0, 20]]
[1036, [8, 52, 52, 45, 0, 20]]
[1037, [32, 48, 48, 45, 0, 0]]
[1038, [36, 64, 64, 45, 0, 0]]
[1039, [36, 80, 80, 90, 0, 0]]
[1040, [80, 96, 96, 120, 0, 0]]
[1041, [84, 112, 112, 150, 0, 0]]
[1042, [84, 128, 128, 51, 144, 0]]
[1043, [98, 114, 114, 66, 114, 0]]
[1044, [72, 100, 100, 96, 84, 0]]
[1045, [42, 86, 86, 111, 54, 0]]
[1046, [56, 72, 72, 141, 24, 0]]
[1047, [40, 68, 68, 141, 0, 4]]
[1048, [40, 84, 84, 141, 0, 4]]
[1049, [84, 100, 100, 186, 0, 4]]
[1050, [88, 116, 116, 42, 144, 4]]
[1051, [58, 102, 102, 72, 114, 4]]
[1052, [72, 88, 88, 72, 84, 4]]
[1053, [46, 74, 74, 72, 54, 4]]
[1054, [16, 60, 60, 87, 24, 4]]
[1055, [40, 56, 56, 87, 0, 8]]
[1056, [44, 72, 72, 87, 0, 8]]
[1057, [44, 88, 88, 87, 0, 8]]
[1058, [88, 104, 104, 87, 0, 8]]
[1059, [92, 120, 120, 132, 0, 8]]
[1060, [92, 136, 136, 162, 0, 8]]
[1061, [136, 152, 152, 48, 144, 8]]
[1062, [110, 138, 138, 93, 114, 8]]
[1063, [80, 124, 124, 108, 84, 8]]
[1064, [94, 110, 110, 138, 54, 8]]
[1065, [68, 96, 96, 153, 24, 8]]
[1066, [38, 82, 82, 39, 144, 2]]
[1067, [52, 68, 68, 39, 114, 2]]
[1068, [26, 54, 54, 39, 84, 2]]
[1069, [6, 50, 50, 84, 54, 12]]
[1070, [10, 26, 26, 84, 24, 2]]
[1071, [4, 32, 32, 114, 0, 16]]
[1072, [4, 48, 48, 114, 0, 16]]
[1073, [38, 54, 54, 114, 0, 6]]
[1074, [42, 70, 70, 129, 0, 6]]
[1075, [42, 86, 86, 129, 0, 6]]
[1076, [86, 102, 102, 129, 0, 6]]
[1077, [90, 118, 118, 129, 0, 6]]
[1078, [90, 134, 134, 129, 0, 6]]
[1079, [134, 150, 150, 174, 0, 6]]
[1080, [138, 166, 166, 60, 144, 6]]
[1081, [108, 152, 152, 90, 114, 6]]
[1082, [122, 138, 138, 135, 84, 6]]
[1083, [96, 124, 124, 150, 54, 6]]
[1084, [66, 110, 110, 36, 168, 6]]
[1085, [80, 96, 96, 51, 138, 6]]
[1086, [54, 82, 82, 81, 108, 6]]
[1087, [24, 68, 68, 81, 78, 6]]
[1088, [38, 54, 54, 81, 48, 6]]
[1089, [12, 40, 40, 126, 18, 6]]
[1090, [2, 46, 46, 126, 0, 14]]
[1091, [36, 52, 52, 156, 0, 4]]
[1092, [40, 68, 68, 12, 144, 4]]
[1093, [10, 54, 54, 12, 114, 4]]
[1094, [24, 40, 40, 27, 84, 4]]
[1095, [8, 36, 36, 27, 54, 14]]
[1096, [8, 52, 52, 27, 24, 44]]
[1097, [2, 18, 18, 27, 0, 18]]
[1098, [6, 34, 34, 27, 0, 18]]
[1099, [6, 50, 50, 72, 0, 18]]
[1100, [40, 56, 56, 102, 0, 8]]
[1101, [44, 72, 72, 132, 0, 8]]
[1102, [44, 88, 88, 177, 0, 8]]
[1103, [88, 104, 104, 48, 144, 8]]
[1104, [62, 90, 90, 78, 114, 8]]
[1105, [32, 76, 76, 93, 84, 8]]
[1106, [46, 62, 62, 123, 54, 8]]
[1107, [20, 48, 48, 123, 24, 8]]
[1108, [0, 44, 44, 123, 0, 12]]
[1109, [34, 50, 50, 168, 0, 2]]
[1110, [38, 66, 66, 24, 144, 2]]
[1111, [8, 52, 52, 54, 114, 2]]
[1112, [22, 38, 38, 54, 84, 2]]
[1113, [6, 34, 34, 54, 54, 12]]
[1114, [6, 50, 50, 69, 24, 42]]
[1115, [0, 16, 16, 69, 0, 16]]
[1116, [4, 32, 32, 69, 0, 16]]
[1117, [4, 48, 48, 69, 0, 16]]
[1118, [38, 54, 54, 69, 0, 6]]
[1119, [42, 70, 70, 114, 0, 6]]
[1120, [42, 86, 86, 144, 0, 6]]
[1121, [86, 102, 102, 30, 144, 6]]
[1122, [60, 88, 88, 60, 114, 6]]
[1123, [30, 74, 74, 75, 84, 6]]
[1124, [44, 60, 60, 105, 54, 6]]
[1125, [18, 46, 46, 120, 24, 6]]
[1126, [8, 52, 52, 150, 0, 20]]
[1127, [32, 48, 48, 6, 144, 0]]
[1128, [6, 34, 34, 6, 114, 0]]
[1129, [6, 50, 50, 66, 84, 30]]
[1130, [0, 16, 16, 66, 54, 10]]
[1131, [4, 32, 32, 96, 24, 40]]
[1132, [4, 48, 48, 96, 0, 64]]
[1133, [8, 24, 24, 96, 0, 24]]
[1134, [2, 30, 30, 111, 0, 14]]
[1135, [2, 46, 46, 111, 0, 14]]
[1136, [36, 52, 52, 111, 0, 4]]
[1137, [40, 68, 68, 111, 0, 4]]
[1138, [40, 84, 84, 111, 0, 4]]
[1139, [84, 100, 100, 156, 0, 4]]
[1140, [88, 116, 116, 42, 144, 4]]
[1141, [58, 102, 102, 72, 114, 4]]
[1142, [72, 88, 88, 102, 84, 4]]
[1143, [46, 74, 74, 117, 54, 4]]
[1144, [16, 60, 60, 147, 24, 4]]
[1145, [40, 56, 56, 18, 144, 8]]
[1146, [14, 42, 42, 48, 114, 8]]
[1147, [4, 48, 48, 48, 84, 28]]
[1148, [8, 24, 24, 48, 54, 18]]
[1149, [2, 30, 30, 108, 24, 38]]
[1150, [2, 46, 46, 108, 0, 62]]
[1151, [6, 22, 22, 138, 0, 22]]
[1152, [0, 28, 28, 138, 0, 12]]
[1153, [0, 44, 44, 138, 0, 12]]
[1154, [34, 50, 50, 153, 0, 2]]
[1155, [38, 66, 66, 9, 144, 2]]
[1156, [8, 52, 52, 9, 114, 2]]
[1157, [22, 38, 38, 9, 84, 2]]
[1158, [6, 34, 34, 9, 54, 12]]
[1159, [6, 50, 50, 54, 24, 42]]
[1160, [0, 16, 16, 84, 0, 16]]
[1161, [4, 32, 32, 114, 0, 16]]
[1162, [4, 48, 48, 144, 0, 16]]
[1163, [38, 54, 54, 15, 144, 6]]
[1164, [12, 40, 40, 45, 114, 6]]
[1165, [2, 46, 46, 60, 84, 26]]
[1166, [6, 22, 22, 75, 54, 16]]
[1167, [0, 28, 28, 75, 24, 36]]
[1168, [0, 44, 44, 90, 0, 60]]
[1169, [4, 20, 20, 150, 0, 20]]
[1170, [8, 36, 36, 6, 144, 20]]
[1171, [8, 52, 52, 36, 114, 50]]
[1172, [2, 18, 18, 36, 84, 30]]
[1173, [6, 34, 34, 36, 54, 60]]
[1174, [6, 50, 50, 51, 24, 90]]
[1175, [0, 16, 16, 51, 0, 64]]
[1176, [4, 32, 32, 51, 0, 64]]
[1177, [4, 48, 48, 51, 0, 64]]
[1178, [8, 24, 24, 51, 0, 24]]
[1179, [2, 30, 30, 96, 0, 14]]
[1180, [2, 46, 46, 126, 0, 14]]
[1181, [36, 52, 52, 156, 0, 4]]
[1182, [40, 68, 68, 42, 144, 4]]
[1183, [10, 54, 54, 57, 114, 4]]
[1184, [24, 40, 40, 87, 84, 4]]
[1185, [8, 36, 36, 102, 54, 14]]
[1186, [8, 52, 52, 117, 24, 44]]
[1187, [2, 18, 18, 117, 0, 18]]
[1188, [6, 34, 34, 132, 0, 18]]
[1189, [6, 50, 50, 192, 0, 18]]
[1190, [40, 56, 56, 48, 144, 8]]
[1191, [14, 42, 42, 78, 114, 8]]
[1192, [4, 48, 48, 78, 84, 28]]
[1193, [8, 24, 24, 78, 54, 18]]
[1194, [2, 30, 30, 93, 24, 38]]
[1195, [2, 46, 46, 93, 0, 62]]
[1196, [6, 22, 22, 93, 0, 22]]
[1197, [0, 28, 28, 93, 0, 12]]
[1198, [0, 44, 44, 93, 0, 12]]
[1199, [34, 50, 50, 138, 0, 2]]
[1200, [38, 66, 66, 168, 0, 2]]
[1201, [38, 82, 82, 54, 144, 2]]
[1202, [52, 68, 68, 84, 114, 2]]
[1203, [26, 54, 54, 99, 84, 2]]
[1204, [6, 50, 50, 129, 54, 12]]
[1205, [10, 26, 26, 144, 24, 2]]
[1206, [4, 32, 32, 15, 144, 16]]
[1207, [4, 48, 48, 15, 114, 46]]
[1208, [8, 24, 24, 30, 84, 36]]
[1209, [2, 30, 30, 90, 54, 56]]
[1210, [2, 46, 46, 90, 24, 86]]
[1211, [6, 22, 22, 120, 0, 70]]
[1212, [0, 28, 28, 120, 0, 60]]
[1213, [0, 44, 44, 120, 0, 60]]
[1214, [4, 20, 20, 135, 0, 20]]
[1215, [8, 36, 36, 135, 0, 20]]
[1216, [8, 52, 52, 135, 0, 20]]
[1217, [32, 48, 48, 135, 0, 0]]
[1218, [36, 64, 64, 135, 0, 0]]
[1219, [36, 80, 80, 180, 0, 0]]
[1220, [80, 96, 96, 66, 144, 0]]
[1221, [54, 82, 82, 96, 114, 0]]
[1222, [24, 68, 68, 126, 84, 0]]
[1223, [38, 54, 54, 141, 54, 0]]
[1224, [12, 40, 40, 171, 24, 0]]
[1225, [2, 46, 46, 42, 144, 14]]
[1226, [6, 22, 22, 57, 114, 4]]
[1227, [0, 28, 28, 57, 84, 24]]
[1228, [0, 44, 44, 72, 54, 54]]
[1229, [4, 20, 20, 132, 24, 44]]
[1230, [8, 36, 36, 132, 0, 68]]
[1231, [8, 52, 52, 162, 0, 68]]
[1232, [2, 18, 18, 18, 144, 18]]
[1233, [6, 34, 34, 18, 114, 48]]
[1234, [6, 50, 50, 33, 84, 78]]
[1235, [0, 16, 16, 33, 54, 58]]
[1236, [4, 32, 32, 33, 24, 88]]
[1237, [4, 48, 48, 33, 0, 112]]
[1238, [8, 24, 24, 33, 0, 72]]
[1239, [2, 30, 30, 78, 0, 62]]
[1240, [2, 46, 46, 108, 0, 62]]
[1241, [6, 22, 22, 138, 0, 22]]
[1242, [0, 28, 28, 153, 0, 12]]
[1243, [0, 44, 44, 24, 144, 12]]
[1244, [4, 20, 20, 54, 114, 2]]
[1245, [8, 36, 36, 69, 84, 32]]
[1246, [8, 52, 52, 84, 54, 62]]
[1247, [2, 18, 18, 84, 24, 42]]
[1248, [6, 34, 34, 99, 0, 66]]
[1249, [6, 50, 50, 159, 0, 66]]
[1250, [0, 16, 16, 15, 144, 16]]
[1251, [4, 32, 32, 45, 114, 46]]
[1252, [4, 48, 48, 45, 84, 76]]
[1253, [8, 24, 24, 45, 54, 66]]
[1254, [2, 30, 30, 60, 24, 86]]
[1255, [2, 46, 46, 60, 0, 110]]
[1256, [6, 22, 22, 60, 0, 70]]
[1257, [0, 28, 28, 60, 0, 60]]
[1258, [0, 44, 44, 60, 0, 60]]
[1259, [4, 20, 20, 105, 0, 20]]
[1260, [8, 36, 36, 135, 0, 20]]
[1261, [8, 52, 52, 165, 0, 20]]
[1262, [32, 48, 48, 36, 144, 0]]
[1263, [6, 34, 34, 51, 114, 0]]
[1264, [6, 50, 50, 81, 84, 30]]
[1265, [0, 16, 16, 96, 54, 10]]
[1266, [4, 32, 32, 111, 24, 40]]
[1267, [4, 48, 48, 111, 0, 64]]
[1268, [8, 24, 24, 111, 0, 24]]
[1269, [2, 30, 30, 171, 0, 14]]
[1270, [2, 46, 46, 27, 144, 14]]
[1271, [6, 22, 22, 42, 114, 4]]
[1272, [0, 28, 28, 42, 84, 24]]
[1273, [0, 44, 44, 42, 54, 54]]
[1274, [4, 20, 20, 57, 24, 44]]
[1275, [8, 36, 36, 57, 0, 68]]
[1276, [8, 52, 52, 57, 0, 68]]
[1277, [2, 18, 18, 57, 0, 18]]
[1278, [6, 34, 34, 57, 0, 18]]
[1279, [6, 50, 50, 102, 0, 18]]
[1280, [40, 56, 56, 147, 0, 8]]
[1281, [44, 72, 72, 33, 144, 8]]
[1282, [14, 58, 58, 48, 114, 8]]
[1283, [28, 44, 44, 63, 84, 8]]
[1284, [2, 30, 30, 93, 54, 8]]
[1285, [2, 46, 46, 123, 24, 38]]
[1286, [6, 22, 22, 153, 0, 22]]
[1287, [0, 28, 28, 9, 144, 12]]
[1288, [0, 44, 44, 9, 114, 42]]
[1289, [4, 20, 20, 69, 84, 32]]
[1290, [8, 36, 36, 69, 54, 62]]
[1291, [8, 52, 52, 84, 24, 92]]
[1292, [2, 18, 18, 84, 0, 66]]
[1293, [6, 34, 34, 84, 0, 66]]
[1294, [6, 50, 50, 99, 0, 66]]
[1295, [0, 16, 16, 99, 0, 16]]
[1296, [4, 32, 32, 99, 0, 16]]
[1297, [4, 48, 48, 99, 0, 16]]
[1298, [38, 54, 54, 99, 0, 6]]
[1299, [42, 70, 70, 144, 0, 6]]
[1300, [42, 86, 86, 30, 144, 6]]
[1301, [56, 72, 72, 75, 114, 6]]
[1302, [30, 58, 58, 90, 84, 6]]
[1303, [0, 44, 44, 105, 54, 6]]
[1304, [14, 30, 30, 120, 24, 6]]
[1305, [8, 36, 36, 150, 0, 20]]
[1306, [8, 52, 52, 36, 144, 20]]
[1307, [2, 18, 18, 36, 114, 0]]
[1308, [6, 34, 34, 36, 84, 30]]
[1309, [6, 50, 50, 96, 54, 60]]
[1310, [0, 16, 16, 96, 24, 40]]
[1311, [4, 32, 32, 111, 0, 64]]
[1312, [4, 48, 48, 126, 0, 64]]
[1313, [8, 24, 24, 126, 0, 24]]
[1314, [2, 30, 30, 141, 0, 14]]
[1315, [2, 46, 46, 141, 0, 14]]
[1316, [36, 52, 52, 141, 0, 4]]
[1317, [40, 68, 68, 141, 0, 4]]
[1318, [40, 84, 84, 141, 0, 4]]
[1319, [84, 100, 100, 186, 0, 4]]
[1320, [88, 116, 116, 72, 144, 4]]
[1321, [58, 102, 102, 117, 114, 4]]
[1322, [72, 88, 88, 132, 84, 4]]
[1323, [46, 74, 74, 132, 54, 4]]
[1324, [16, 60, 60, 147, 24, 4]]
[1325, [40, 56, 56, 33, 144, 8]]
[1326, [14, 42, 42, 63, 114, 8]]
[1327, [4, 48, 48, 63, 84, 28]]
[1328, [8, 24, 24, 63, 54, 18]]
[1329, [2, 30, 30, 123, 24, 38]]
[1330, [2, 46, 46, 123, 0, 62]]
[1331, [6, 22, 22, 138, 0, 22]]
[1332, [0, 28, 28, 138, 0, 12]]
[1333, [0, 44, 44, 138, 0, 12]]
[1334, [34, 50, 50, 153, 0, 2]]
[1335, [38, 66, 66, 9, 144, 2]]
[1336, [8, 52, 52, 24, 114, 2]]
[1337, [22, 38, 38, 24, 84, 2]]
[1338, [6, 34, 34, 24, 54, 12]]
[1339, [6, 50, 50, 69, 24, 42]]
[1340, [0, 16, 16, 99, 0, 16]]
[1341, [4, 32, 32, 144, 0, 16]]
[1342, [4, 48, 48, 15, 144, 16]]
[1343, [8, 24, 24, 15, 114, 6]]
[1344, [2, 30, 30, 30, 84, 26]]
[1345, [2, 46, 46, 75, 54, 56]]
[1346, [6, 22, 22, 90, 24, 46]]
[1347, [0, 28, 28, 90, 0, 60]]
[1348, [0, 44, 44, 90, 0, 60]]
[1349, [4, 20, 20, 135, 0, 20]]
[1350, [8, 36, 36, 135, 0, 20]]
[1351, [8, 52, 52, 165, 0, 20]]
[1352, [32, 48, 48, 21, 144, 0]]
[1353, [6, 34, 34, 21, 114, 0]]
[1354, [6, 50, 50, 36, 84, 30]]
[1355, [0, 16, 16, 36, 54, 10]]
[1356, [4, 32, 32, 51, 24, 40]]
[1357, [4, 48, 48, 51, 0, 64]]
[1358, [8, 24, 24, 51, 0, 24]]
[1359, [2, 30, 30, 96, 0, 14]]
[1360, [2, 46, 46, 141, 0, 14]]
[1361, [36, 52, 52, 186, 0, 4]]
[1362, [40, 68, 68, 42, 144, 4]]
[1363, [10, 54, 54, 42, 114, 4]]
[1364, [24, 40, 40, 57, 84, 4]]
[1365, [8, 36, 36, 102, 54, 14]]
[1366, [8, 52, 52, 117, 24, 44]]
[1367, [2, 18, 18, 117, 0, 18]]
[1368, [6, 34, 34, 117, 0, 18]]
[1369, [6, 50, 50, 162, 0, 18]]
[1370, [40, 56, 56, 18, 144, 8]]
[1371, [14, 42, 42, 48, 114, 8]]
[1372, [4, 48, 48, 48, 84, 28]]
[1373, [8, 24, 24, 48, 54, 18]]
[1374, [2, 30, 30, 63, 24, 38]]
[1375, [2, 46, 46, 63, 0, 62]]
[1376, [6, 22, 22, 93, 0, 22]]
[1377, [0, 28, 28, 93, 0, 12]]
[1378, [0, 44, 44, 93, 0, 12]]
[1379, [34, 50, 50, 138, 0, 2]]
[1380, [38, 66, 66, 183, 0, 2]]
[1381, [38, 82, 82, 84, 144, 2]]
[1382, [52, 68, 68, 84, 114, 2]]
[1383, [26, 54, 54, 84, 84, 2]]
[1384, [6, 50, 50, 99, 54, 12]]
[1385, [10, 26, 26, 144, 24, 2]]
[1386, [4, 32, 32, 15, 144, 16]]
[1387, [4, 48, 48, 15, 114, 46]]
[1388, [8, 24, 24, 15, 84, 36]]
[1389, [2, 30, 30, 60, 54, 56]]
[1390, [2, 46, 46, 60, 24, 86]]
[1391, [6, 22, 22, 90, 0, 70]]
[1392, [0, 28, 28, 90, 0, 60]]
[1393, [0, 44, 44, 90, 0, 60]]
[1394, [4, 20, 20, 105, 0, 20]]
[1395, [8, 36, 36, 105, 0, 20]]
[1396, [8, 52, 52, 135, 0, 20]]
[1397, [32, 48, 48, 135, 0, 0]]
[1398, [36, 64, 64, 135, 0, 0]]
[1399, [36, 80, 80, 180, 0, 0]]
[1400, [80, 96, 96, 81, 144, 0]]
[1401, [54, 82, 82, 111, 114, 0]]
[1402, [24, 68, 68, 111, 84, 0]]
[1403, [38, 54, 54, 111, 54, 0]]
[1404, [12, 40, 40, 126, 24, 0]]
[1405, [2, 46, 46, 171, 0, 14]]
[1406, [36, 52, 52, 27, 144, 4]]
[1407, [10, 38, 38, 42, 114, 4]]
[1408, [0, 44, 44, 42, 84, 24]]
[1409, [4, 20, 20, 87, 54, 14]]
[1410, [8, 36, 36, 87, 24, 44]]
[1411, [8, 52, 52, 117, 0, 68]]
[1412, [2, 18, 18, 117, 0, 18]]
[1413, [6, 34, 34, 117, 0, 18]]
[1414, [6, 50, 50, 132, 0, 18]]
[1415, [40, 56, 56, 132, 0, 8]]
[1416, [44, 72, 72, 162, 0, 8]]
[1417, [44, 88, 88, 18, 144, 8]]
[1418, [58, 74, 74, 18, 114, 8]]
[1419, [32, 60, 60, 63, 84, 8]]
[1420, [2, 46, 46, 108, 54, 8]]
[1421, [16, 32, 32, 138, 24, 8]]
[1422, [0, 28, 28, 138, 0, 12]]
[1423, [0, 44, 44, 138, 0, 12]]
[1424, [34, 50, 50, 153, 0, 2]]
[1425, [38, 66, 66, 54, 144, 2]]
[1426, [8, 52, 52, 54, 114, 2]]
[1427, [22, 38, 38, 84, 84, 2]]
[1428, [6, 34, 34, 84, 54, 12]]
[1429, [6, 50, 50, 129, 24, 42]]
[1430, [0, 16, 16, 129, 0, 16]]
[1431, [4, 32, 32, 159, 0, 16]]
[1432, [4, 48, 48, 15, 144, 16]]
[1433, [8, 24, 24, 15, 114, 6]]
[1434, [2, 30, 30, 15, 84, 26]]
[1435, [2, 46, 46, 15, 54, 56]]
[1436, [6, 22, 22, 45, 24, 46]]
[1437, [0, 28, 28, 45, 0, 60]]
[1438, [0, 44, 44, 60, 0, 60]]
[1439, [4, 20, 20, 90, 0, 20]]
