SimulationV04.py[0, [0, 16, 16, 0, 0, 0]]
[1, [0, 32, 32, 0, 0, 0]]
[2, [48, 48, 48, 0, 0, 0]]
[3, [48, 64, 64, 0, 0, 0]]
[4, [48, 80, 80, 0, 0, 0]]
[5, [96, 96, 96, 0, 0, 0]]
[6, [96, 112, 112, 0, 0, 0]]
[7, [96, 128, 128, 0, 0, 0]]
[8, [144, 144, 144, 0, 0, 0]]
[9, [144, 160, 160, 0, 0, 0]]
[10, [144, 176, 176, 0, 0, 0]]
[11, [192, 192, 192, 0, 0, 0]]
[12, [192, 208, 208, 0, 0, 0]]
[13, [192, 224, 224, 0, 0, 0]]
[14, [240, 240, 240, 0, 0, 0]]
[15, [240, 256, 256, 0, 0, 0]]
[16, [240, 272, 272, 0, 0, 0]]
[17, [288, 288, 288, 0, 0, 0]]
[18, [288, 304, 304, 0, 0, 0]]
[19, [288, 320, 320, 315, 0, 0]]
[20, [336, 336, 336, 171, 144, 0]]
[21, [306, 322, 322, 27, 255, 3]]
[22, [276, 308, 308, 27, 222, 6]]
[23, [294, 294, 294, 27, 189, 9]]
[24, [254, 270, 270, 27, 156, 2]]
[25, [224, 256, 256, 27, 123, 5]]
[26, [242, 242, 242, 27, 90, 8]]
[27, [202, 218, 218, 27, 57, 1]]
[28, [172, 204, 204, 27, 24, 4]]
[29, [200, 200, 200, 42, 0, 8]]
[30, [200, 216, 216, 42, 0, 8]]
[31, [200, 232, 232, 42, 0, 8]]
[32, [248, 248, 248, 42, 0, 8]]
[33, [248, 264, 264, 42, 0, 8]]
[34, [248, 280, 280, 42, 0, 8]]
[35, [296, 296, 296, 42, 0, 8]]
[36, [296, 312, 312, 42, 0, 8]]
[37, [296, 328, 328, 42, 0, 8]]
[38, [344, 344, 344, 42, 0, 8]]
[39, [344, 360, 360, 342, 0, 8]]
[40, [344, 376, 376, 198, 144, 8]]
[41, [352, 352, 352, 54, 255, 1]]
[42, [322, 338, 338, 54, 222, 4]]
[43, [292, 324, 324, 54, 189, 7]]
[44, [300, 300, 300, 69, 156, 0]]
[45, [270, 286, 286, 69, 123, 3]]
[46, [240, 272, 272, 69, 90, 6]]
[47, [258, 258, 258, 69, 57, 9]]
[48, [218, 234, 234, 69, 24, 2]]
[49, [198, 230, 230, 84, 0, 6]]
[50, [246, 246, 246, 84, 0, 6]]
[51, [246, 262, 262, 84, 0, 6]]
[52, [246, 278, 278, 84, 0, 6]]
[53, [294, 294, 294, 84, 0, 6]]
[54, [294, 310, 310, 84, 0, 6]]
[55, [294, 326, 326, 84, 0, 6]]
[56, [342, 342, 342, 84, 0, 6]]
[57, [342, 358, 358, 84, 0, 6]]
[58, [342, 374, 374, 84, 0, 6]]
[59, [390, 390, 390, 384, 0, 6]]
[60, [390, 406, 406, 240, 144, 6]]
[61, [360, 392, 392, 96, 255, 9]]
[62, [368, 368, 368, 96, 222, 2]]
[63, [338, 354, 354, 96, 189, 5]]
[64, [308, 340, 340, 111, 156, 8]]
[65, [316, 316, 316, 111, 123, 1]]
[66, [286, 302, 302, 111, 90, 4]]
[67, [256, 288, 288, 111, 57, 7]]
[68, [264, 264, 264, 111, 24, 0]]
[69, [244, 260, 260, 126, 0, 4]]
[70, [244, 276, 276, 126, 0, 4]]
[71, [292, 292, 292, 126, 0, 4]]
[72, [292, 308, 308, 126, 0, 4]]
[73, [292, 324, 324, 126, 0, 4]]
[74, [340, 340, 340, 126, 0, 4]]
[75, [340, 356, 356, 126, 0, 4]]
[76, [340, 372, 372, 126, 0, 4]]
[77, [388, 388, 388, 126, 0, 4]]
[78, [388, 404, 404, 126, 0, 4]]
[79, [388, 420, 420, 426, 0, 4]]
[80, [436, 436, 436, 282, 144, 4]]
[81, [406, 422, 422, 138, 255, 7]]
[82, [366, 398, 398, 138, 222, 0]]
[83, [384, 384, 384, 138, 189, 3]]
[84, [354, 370, 370, 138, 156, 6]]
[85, [324, 356, 356, 138, 123, 9]]
[86, [332, 332, 332, 138, 90, 2]]
[87, [302, 318, 318, 153, 57, 5]]
[88, [272, 304, 304, 9, 168, 8]]
[89, [280, 280, 280, 24, 135, 1]]
[90, [250, 266, 266, 24, 102, 4]]
[91, [220, 252, 252, 24, 69, 7]]
[92, [228, 228, 228, 24, 36, 0]]
[93, [198, 214, 214, 24, 3, 3]]
[94, [198, 230, 230, 24, 0, 6]]
[95, [246, 246, 246, 24, 0, 6]]
[96, [246, 262, 262, 24, 0, 6]]
[97, [246, 278, 278, 24, 0, 6]]
[98, [294, 294, 294, 24, 0, 6]]
[99, [294, 310, 310, 324, 0, 6]]
[100, [294, 326, 326, 180, 144, 6]]
[101, [312, 312, 312, 36, 255, 9]]
[102, [272, 288, 288, 36, 222, 2]]
[103, [242, 274, 274, 36, 189, 5]]
[104, [260, 260, 260, 36, 156, 8]]
[105, [220, 236, 236, 36, 123, 1]]
[106, [190, 222, 222, 36, 90, 4]]
[107, [208, 208, 208, 51, 57, 7]]
[108, [168, 184, 184, 51, 24, 0]]
[109, [148, 180, 180, 66, 0, 4]]
[110, [196, 196, 196, 66, 0, 4]]
[111, [196, 212, 212, 66, 0, 4]]
[112, [196, 228, 228, 66, 0, 4]]
[113, [244, 244, 244, 66, 0, 4]]
[114, [244, 260, 260, 66, 0, 4]]
[115, [244, 276, 276, 66, 0, 4]]
[116, [292, 292, 292, 66, 0, 4]]
[117, [292, 308, 308, 66, 0, 4]]
[118, [292, 324, 324, 66, 0, 4]]
[119, [340, 340, 340, 366, 0, 4]]
[120, [340, 356, 356, 222, 144, 4]]
[121, [310, 342, 342, 78, 255, 7]]
[122, [318, 318, 318, 78, 222, 0]]
[123, [288, 304, 304, 78, 189, 3]]
[124, [258, 290, 290, 78, 156, 6]]
[125, [276, 276, 276, 78, 123, 9]]
[126, [236, 252, 252, 78, 90, 2]]
[127, [226, 258, 258, 93, 57, 25]]
[128, [274, 274, 274, 93, 24, 58]]
[129, [274, 290, 290, 108, 0, 82]]
[130, [274, 306, 306, 108, 0, 82]]
[131, [322, 322, 322, 108, 0, 82]]
[132, [322, 338, 338, 108, 0, 82]]
[133, [322, 354, 354, 108, 0, 82]]
[134, [370, 370, 370, 108, 0, 82]]
[135, [370, 386, 386, 108, 0, 82]]
[136, [370, 402, 402, 108, 0, 82]]
[137, [408, 408, 408, 108, 0, 72]]
[138, [408, 424, 424, 108, 0, 72]]
[139, [398, 430, 430, 393, 0, 62]]
[140, [436, 436, 436, 249, 144, 52]]
[141, [426, 442, 442, 105, 255, 75]]
[142, [416, 448, 448, 105, 222, 98]]
[143, [444, 444, 444, 105, 189, 111]]
[144, [424, 440, 440, 105, 156, 124]]
[145, [424, 456, 456, 105, 123, 157]]
[146, [452, 452, 452, 105, 90, 170]]
[147, [432, 448, 448, 120, 57, 183]]
[148, [402, 434, 434, 120, 24, 186]]
[149, [400, 400, 400, 135, 0, 160]]
[150, [350, 366, 366, 135, 0, 110]]
[151, [310, 342, 342, 135, 0, 70]]
[152, [288, 288, 288, 135, 0, 0]]
[153, [288, 304, 304, 135, 0, 0]]
[154, [288, 320, 320, 135, 0, 0]]
[155, [336, 336, 336, 135, 0, 0]]
[156, [336, 352, 352, 150, 0, 0]]
[157, [336, 368, 368, 6, 144, 0]]
[158, [354, 354, 354, 6, 111, 3]]
[159, [324, 340, 340, 261, 78, 6]]
[160, [294, 326, 326, 117, 189, 9]]
[161, [302, 302, 302, 117, 156, 2]]
[162, [272, 288, 288, 117, 123, 5]]
[163, [242, 274, 274, 117, 90, 8]]
[164, [250, 250, 250, 117, 57, 1]]
[165, [220, 236, 236, 132, 24, 4]]
[166, [200, 232, 232, 132, 0, 8]]
[167, [248, 248, 248, 147, 0, 8]]
[168, [248, 264, 264, 3, 144, 8]]
[169, [208, 240, 240, 18, 111, 1]]
[170, [226, 226, 226, 18, 78, 4]]
[171, [196, 212, 212, 18, 45, 7]]
[172, [156, 188, 188, 18, 12, 0]]
[173, [194, 194, 194, 33, 0, 2]]
[174, [194, 210, 210, 33, 0, 2]]
[175, [194, 226, 226, 33, 0, 2]]
[176, [242, 242, 242, 48, 0, 2]]
[177, [242, 258, 258, 48, 0, 2]]
[178, [242, 274, 274, 48, 0, 2]]
[179, [290, 290, 290, 273, 0, 2]]
[180, [290, 306, 306, 129, 144, 2]]
[181, [260, 292, 292, 144, 111, 5]]
[182, [278, 278, 278, 0, 222, 8]]
[183, [238, 254, 254, 0, 189, 1]]
[184, [208, 240, 240, 15, 156, 4]]
[185, [226, 226, 226, 30, 123, 7]]
[186, [186, 202, 202, 30, 90, 0]]
[187, [156, 188, 188, 45, 57, 3]]
[188, [174, 174, 174, 45, 24, 6]]
[189, [144, 160, 160, 60, 0, 0]]
[190, [144, 176, 176, 60, 0, 0]]
[191, [192, 192, 192, 60, 0, 0]]
[192, [192, 208, 208, 60, 0, 0]]
[193, [192, 224, 224, 75, 0, 0]]
[194, [240, 240, 240, 75, 0, 0]]
[195, [240, 256, 256, 75, 0, 0]]
[196, [240, 272, 272, 90, 0, 0]]
[197, [288, 288, 288, 90, 0, 0]]
[198, [288, 304, 304, 90, 0, 0]]
[199, [288, 320, 320, 315, 0, 0]]
[200, [336, 336, 336, 171, 144, 0]]
[201, [306, 322, 322, 42, 255, 3]]
[202, [276, 308, 308, 42, 222, 6]]
[203, [294, 294, 294, 42, 189, 9]]
[204, [254, 270, 270, 57, 156, 2]]
[205, [224, 256, 256, 57, 123, 5]]
[206, [242, 242, 242, 57, 90, 8]]
[207, [202, 218, 218, 72, 57, 1]]
[208, [172, 204, 204, 72, 24, 4]]
[209, [200, 200, 200, 102, 0, 8]]
[210, [200, 216, 216, 102, 0, 8]]
[211, [200, 232, 232, 102, 0, 8]]
[212, [248, 248, 248, 102, 0, 8]]
[213, [248, 264, 264, 117, 0, 8]]
[214, [248, 280, 280, 117, 0, 8]]
[215, [296, 296, 296, 117, 0, 8]]
[216, [296, 312, 312, 132, 0, 8]]
[217, [296, 328, 328, 132, 0, 8]]
[218, [344, 344, 344, 132, 0, 8]]
[219, [344, 360, 360, 342, 0, 8]]
[220, [344, 376, 376, 198, 144, 8]]
[221, [352, 352, 352, 69, 255, 1]]
[222, [322, 338, 338, 69, 222, 4]]
[223, [292, 324, 324, 69, 189, 7]]
[224, [300, 300, 300, 84, 156, 0]]
[225, [270, 286, 286, 99, 123, 3]]
[226, [240, 272, 272, 99, 90, 6]]
[227, [258, 258, 258, 114, 57, 9]]
[228, [218, 234, 234, 114, 24, 2]]
[229, [198, 230, 230, 144, 0, 6]]
[230, [246, 246, 246, 0, 144, 6]]
[231, [216, 232, 232, 0, 111, 9]]
[232, [176, 208, 208, 0, 78, 2]]
[233, [194, 194, 194, 15, 45, 5]]
[234, [164, 180, 180, 15, 12, 8]]
[235, [144, 176, 176, 15, 0, 0]]
[236, [192, 192, 192, 30, 0, 0]]
[237, [192, 208, 208, 30, 0, 0]]
[238, [192, 224, 224, 30, 0, 0]]
[239, [240, 240, 240, 240, 0, 0]]
[240, [240, 256, 256, 96, 144, 0]]
[241, [210, 242, 242, 111, 111, 3]]
[242, [228, 228, 228, 111, 78, 6]]
[243, [198, 214, 214, 111, 45, 9]]
[244, [158, 190, 190, 126, 12, 2]]
[245, [196, 196, 196, 141, 0, 4]]
[246, [196, 212, 212, 141, 0, 4]]
[247, [196, 228, 228, 156, 0, 4]]
[248, [244, 244, 244, 12, 144, 4]]
[249, [214, 230, 230, 42, 111, 7]]
[250, [174, 206, 206, 42, 78, 0]]
[251, [192, 192, 192, 42, 45, 3]]
[252, [162, 178, 178, 42, 12, 6]]
[253, [152, 184, 184, 57, 0, 8]]
[254, [200, 200, 200, 57, 0, 8]]
[255, [200, 216, 216, 57, 0, 8]]
[256, [200, 232, 232, 72, 0, 8]]
[257, [248, 248, 248, 72, 0, 8]]
[258, [248, 264, 264, 72, 0, 8]]
[259, [248, 280, 280, 252, 0, 8]]
[260, [296, 296, 296, 123, 144, 8]]
[261, [256, 272, 272, 138, 111, 1]]
[262, [226, 258, 258, 138, 78, 4]]
[263, [244, 244, 244, 138, 45, 7]]
[264, [204, 220, 220, 153, 12, 0]]
[265, [194, 226, 226, 24, 144, 2]]
[266, [212, 212, 212, 24, 111, 5]]
[267, [182, 198, 198, 39, 78, 8]]
[268, [142, 174, 174, 39, 45, 1]]
[269, [160, 160, 160, 69, 12, 4]]
[270, [150, 166, 166, 69, 0, 6]]
[271, [150, 182, 182, 69, 0, 6]]
[272, [198, 198, 198, 69, 0, 6]]
[273, [198, 214, 214, 84, 0, 6]]
[274, [198, 230, 230, 84, 0, 6]]
[275, [246, 246, 246, 84, 0, 6]]
[276, [246, 262, 262, 99, 0, 6]]
[277, [246, 278, 278, 99, 0, 6]]
[278, [294, 294, 294, 99, 0, 6]]
[279, [294, 310, 310, 249, 0, 6]]
[280, [294, 326, 326, 120, 144, 6]]
[281, [312, 312, 312, 165, 111, 9]]
[282, [272, 288, 288, 21, 222, 2]]
[283, [242, 274, 274, 21, 189, 5]]
[284, [260, 260, 260, 36, 156, 8]]
[285, [220, 236, 236, 51, 123, 1]]
[286, [210, 242, 242, 51, 90, 24]]
[287, [248, 248, 248, 66, 57, 47]]
[288, [248, 264, 264, 66, 24, 80]]
[289, [228, 260, 260, 96, 0, 84]]
[290, [266, 266, 266, 96, 0, 74]]
[291, [226, 242, 242, 96, 0, 34]]
[292, [196, 228, 228, 96, 0, 4]]
[293, [244, 244, 244, 111, 0, 4]]
[294, [244, 260, 260, 111, 0, 4]]
[295, [244, 276, 276, 111, 0, 4]]
[296, [292, 292, 292, 111, 0, 4]]
[297, [292, 308, 308, 111, 0, 4]]
[298, [292, 324, 324, 111, 0, 4]]
[299, [340, 340, 340, 261, 0, 4]]
[300, [340, 356, 356, 147, 144, 4]]
[301, [310, 342, 342, 48, 255, 7]]
[302, [318, 318, 318, 48, 222, 0]]
[303, [288, 304, 304, 48, 189, 3]]
[304, [258, 290, 290, 78, 156, 6]]
[305, [276, 276, 276, 93, 123, 9]]
[306, [236, 252, 252, 93, 90, 2]]
[307, [206, 238, 238, 108, 57, 5]]
[308, [224, 224, 224, 108, 24, 8]]
[309, [194, 210, 210, 138, 0, 2]]
[310, [194, 226, 226, 138, 0, 2]]
[311, [242, 242, 242, 138, 0, 2]]
[312, [242, 258, 258, 138, 0, 2]]
[313, [242, 274, 274, 153, 0, 2]]
[314, [290, 290, 290, 9, 144, 2]]
[315, [260, 276, 276, 9, 111, 5]]
[316, [230, 262, 262, 9, 78, 8]]
[317, [238, 238, 238, 9, 45, 1]]
[318, [208, 224, 224, 9, 12, 4]]
[319, [198, 230, 230, 159, 0, 6]]
[320, [246, 246, 246, 45, 144, 6]]
[321, [216, 232, 232, 90, 111, 9]]
[322, [176, 208, 208, 90, 78, 2]]
[323, [194, 194, 194, 90, 45, 5]]
[324, [164, 180, 180, 120, 12, 8]]
[325, [144, 176, 176, 135, 0, 0]]
[326, [192, 192, 192, 135, 0, 0]]
[327, [192, 208, 208, 150, 0, 0]]
[328, [192, 224, 224, 6, 144, 0]]
[329, [210, 210, 210, 36, 111, 3]]
[330, [180, 196, 196, 36, 78, 6]]
[331, [150, 182, 182, 36, 45, 9]]
[332, [158, 158, 158, 36, 12, 2]]
[333, [148, 164, 164, 51, 0, 4]]
[334, [148, 180, 180, 51, 0, 4]]
[335, [196, 196, 196, 51, 0, 4]]
[336, [196, 212, 212, 51, 0, 4]]
[337, [196, 228, 228, 51, 0, 4]]
[338, [244, 244, 244, 51, 0, 4]]
[339, [244, 260, 260, 171, 0, 4]]
[340, [244, 276, 276, 57, 144, 4]]
[341, [262, 262, 262, 102, 111, 7]]
[342, [222, 238, 238, 102, 78, 0]]
[343, [192, 224, 224, 102, 45, 3]]
[344, [210, 210, 210, 117, 12, 6]]
[345, [200, 216, 216, 147, 0, 8]]
[346, [200, 232, 232, 3, 144, 8]]
[347, [208, 208, 208, 33, 111, 1]]
[348, [178, 194, 194, 33, 78, 4]]
[349, [148, 180, 180, 63, 45, 7]]
[350, [156, 156, 156, 63, 12, 0]]
[351, [146, 162, 162, 63, 0, 2]]
[352, [146, 178, 178, 63, 0, 2]]
[353, [194, 194, 194, 78, 0, 2]]
[354, [194, 210, 210, 93, 0, 2]]
[355, [194, 226, 226, 93, 0, 2]]
[356, [242, 242, 242, 93, 0, 2]]
[357, [242, 258, 258, 93, 0, 2]]
[358, [242, 274, 274, 93, 0, 2]]
[359, [290, 290, 290, 198, 0, 2]]
[360, [290, 306, 306, 84, 144, 2]]
[361, [260, 292, 292, 129, 111, 5]]
[362, [278, 278, 278, 129, 78, 8]]
[363, [238, 254, 254, 144, 45, 1]]
[364, [208, 240, 240, 15, 156, 4]]
[365, [226, 226, 226, 45, 123, 7]]
[366, [186, 202, 202, 45, 90, 0]]
[367, [156, 188, 188, 75, 57, 3]]
[368, [174, 174, 174, 75, 24, 6]]
[369, [144, 160, 160, 105, 0, 0]]
[370, [144, 176, 176, 105, 0, 0]]
[371, [192, 192, 192, 105, 0, 0]]
[372, [192, 208, 208, 105, 0, 0]]
[373, [192, 224, 224, 120, 0, 0]]
[374, [240, 240, 240, 135, 0, 0]]
[375, [240, 256, 256, 135, 0, 0]]
[376, [240, 272, 272, 135, 0, 0]]
[377, [288, 288, 288, 135, 0, 0]]
[378, [288, 304, 304, 135, 0, 0]]
[379, [288, 320, 320, 240, 0, 0]]
[380, [336, 336, 336, 126, 144, 0]]
[381, [306, 322, 322, 171, 111, 3]]
[382, [276, 308, 308, 27, 222, 6]]
[383, [294, 294, 294, 42, 189, 9]]
[384, [254, 270, 270, 57, 156, 2]]
[385, [224, 256, 256, 87, 123, 5]]
[386, [242, 242, 242, 87, 90, 8]]
[387, [202, 218, 218, 102, 57, 1]]
[388, [172, 204, 204, 102, 24, 4]]
[389, [200, 200, 200, 132, 0, 8]]
[390, [200, 216, 216, 132, 0, 8]]
[391, [200, 232, 232, 132, 0, 8]]
[392, [248, 248, 248, 132, 0, 8]]
[393, [248, 264, 264, 162, 0, 8]]
[394, [248, 280, 280, 33, 144, 8]]
[395, [256, 256, 256, 33, 111, 1]]
[396, [226, 242, 242, 33, 78, 4]]
[397, [196, 228, 228, 33, 45, 7]]
[398, [204, 204, 204, 33, 12, 0]]
[399, [194, 210, 210, 123, 0, 2]]
[400, [194, 226, 226, 153, 0, 2]]
[401, [242, 242, 242, 54, 144, 2]]
[402, [212, 228, 228, 54, 111, 5]]
[403, [182, 214, 214, 69, 78, 8]]
[404, [190, 190, 190, 84, 45, 1]]
[405, [160, 176, 176, 114, 12, 4]]
[406, [150, 182, 182, 129, 0, 6]]
[407, [198, 198, 198, 144, 0, 6]]
[408, [198, 214, 214, 0, 144, 6]]
[409, [168, 200, 200, 30, 111, 9]]
[410, [176, 176, 176, 30, 78, 2]]
[411, [146, 162, 162, 30, 45, 5]]
[412, [116, 148, 148, 30, 12, 8]]
[413, [144, 144, 144, 60, 0, 0]]
[414, [144, 160, 160, 75, 0, 0]]
[415, [144, 176, 176, 75, 0, 0]]
[416, [192, 192, 192, 75, 0, 0]]
[417, [192, 208, 208, 75, 0, 0]]
[418, [192, 224, 224, 75, 0, 0]]
[419, [240, 240, 240, 150, 0, 0]]
[420, [240, 256, 256, 51, 144, 0]]
[421, [210, 242, 242, 96, 111, 3]]
[422, [228, 228, 228, 96, 78, 6]]
[423, [198, 214, 214, 111, 45, 9]]
[424, [158, 190, 190, 126, 12, 2]]
[425, [196, 196, 196, 156, 0, 4]]
[426, [196, 212, 212, 27, 144, 4]]
[427, [166, 198, 198, 42, 111, 7]]
[428, [174, 174, 174, 42, 78, 0]]
[429, [154, 170, 170, 72, 45, 13]]
[430, [154, 186, 186, 72, 12, 46]]
[431, [192, 192, 192, 72, 0, 48]]
[432, [182, 198, 198, 72, 0, 38]]
[433, [172, 204, 204, 102, 0, 28]]
[434, [200, 200, 200, 117, 0, 8]]
[435, [200, 216, 216, 117, 0, 8]]
[436, [200, 232, 232, 117, 0, 8]]
[437, [248, 248, 248, 117, 0, 8]]
[438, [248, 264, 264, 117, 0, 8]]
[439, [248, 280, 280, 192, 0, 8]]
[440, [296, 296, 296, 93, 144, 8]]
[441, [256, 272, 272, 138, 111, 1]]
[442, [226, 258, 258, 138, 78, 4]]
[443, [244, 244, 244, 153, 45, 7]]
[444, [214, 230, 230, 24, 156, 10]]
[445, [194, 226, 226, 39, 123, 23]]
[446, [222, 222, 222, 54, 90, 36]]
[447, [212, 228, 228, 69, 57, 59]]
[448, [182, 214, 214, 69, 24, 62]]
[449, [210, 210, 210, 84, 0, 66]]
[450, [170, 186, 186, 84, 0, 26]]
[451, [150, 182, 182, 84, 0, 6]]
[452, [198, 198, 198, 84, 0, 6]]
[453, [198, 214, 214, 114, 0, 6]]
[454, [198, 230, 230, 129, 0, 6]]
[455, [246, 246, 246, 129, 0, 6]]
[456, [246, 262, 262, 129, 0, 6]]
[457, [246, 278, 278, 144, 0, 6]]
[458, [294, 294, 294, 0, 144, 6]]
[459, [264, 280, 280, 75, 111, 9]]
[460, [224, 256, 256, 120, 78, 2]]
[461, [242, 242, 242, 165, 45, 5]]
[462, [212, 228, 228, 21, 156, 8]]
[463, [172, 204, 204, 36, 123, 1]]
[464, [190, 190, 190, 36, 90, 4]]
[465, [160, 176, 176, 81, 57, 7]]
[466, [120, 152, 152, 96, 24, 0]]
[467, [148, 148, 148, 111, 0, 4]]
[468, [148, 164, 164, 111, 0, 4]]
[469, [148, 180, 180, 126, 0, 4]]
[470, [196, 196, 196, 126, 0, 4]]
[471, [196, 212, 212, 126, 0, 4]]
[472, [196, 228, 228, 126, 0, 4]]
[473, [244, 244, 244, 156, 0, 4]]
[474, [244, 260, 260, 27, 144, 4]]
[475, [214, 246, 246, 27, 111, 7]]
[476, [222, 222, 222, 27, 78, 0]]
[477, [192, 208, 208, 27, 45, 3]]
[478, [162, 194, 194, 27, 12, 6]]
[479, [200, 200, 200, 102, 0, 8]]
[480, [200, 216, 216, 147, 0, 8]]
[481, [200, 232, 232, 48, 144, 8]]
[482, [208, 208, 208, 48, 111, 1]]
[483, [178, 194, 194, 63, 78, 4]]
[484, [148, 180, 180, 63, 45, 7]]
[485, [156, 156, 156, 108, 12, 0]]
[486, [146, 162, 162, 123, 0, 2]]
[487, [146, 178, 178, 138, 0, 2]]
[488, [194, 194, 194, 138, 0, 2]]
[489, [194, 210, 210, 153, 0, 2]]
[490, [194, 226, 226, 9, 144, 2]]
[491, [212, 212, 212, 9, 111, 5]]
[492, [182, 198, 198, 24, 78, 8]]
[493, [142, 174, 174, 54, 45, 1]]
[494, [160, 160, 160, 69, 12, 4]]
[495, [150, 166, 166, 69, 0, 6]]
[496, [150, 182, 182, 69, 0, 6]]
[497, [198, 198, 198, 69, 0, 6]]
[498, [198, 214, 214, 69, 0, 6]]
[499, [198, 230, 230, 144, 0, 6]]
[500, [246, 246, 246, 45, 144, 6]]
[501, [216, 232, 232, 90, 111, 9]]
[502, [176, 208, 208, 90, 78, 2]]
[503, [194, 194, 194, 105, 45, 5]]
[504, [164, 180, 180, 105, 12, 8]]
[505, [144, 176, 176, 135, 0, 0]]
[506, [192, 192, 192, 150, 0, 0]]
[507, [192, 208, 208, 21, 144, 0]]
[508, [162, 194, 194, 21, 111, 3]]
[509, [180, 180, 180, 36, 78, 6]]
[510, [150, 166, 166, 36, 45, 9]]
[511, [110, 142, 142, 36, 12, 2]]
[512, [148, 148, 148, 51, 0, 4]]
[513, [148, 164, 164, 81, 0, 4]]
[514, [148, 180, 180, 96, 0, 4]]
[515, [196, 196, 196, 111, 0, 4]]
[516, [196, 212, 212, 111, 0, 4]]
[517, [196, 228, 228, 111, 0, 4]]
[518, [244, 244, 244, 111, 0, 4]]
[519, [244, 260, 260, 171, 0, 4]]
[520, [244, 276, 276, 72, 144, 4]]
[521, [262, 262, 262, 117, 111, 7]]
[522, [222, 238, 238, 117, 78, 0]]
[523, [192, 224, 224, 132, 45, 3]]
[524, [210, 210, 210, 132, 12, 6]]
[525, [200, 216, 216, 162, 0, 8]]
[526, [200, 232, 232, 33, 144, 8]]
[527, [208, 208, 208, 48, 111, 1]]
[528, [178, 194, 194, 48, 78, 4]]
[529, [148, 180, 180, 63, 45, 7]]
[530, [156, 156, 156, 63, 12, 0]]
[531, [146, 162, 162, 63, 0, 2]]
[532, [146, 178, 178, 93, 0, 2]]
[533, [194, 194, 194, 123, 0, 2]]
[534, [194, 210, 210, 138, 0, 2]]
[535, [194, 226, 226, 153, 0, 2]]
[536, [242, 242, 242, 9, 144, 2]]
[537, [212, 228, 228, 9, 111, 5]]
[538, [182, 214, 214, 9, 78, 8]]
[539, [190, 190, 190, 69, 45, 1]]
[540, [160, 176, 176, 114, 12, 4]]
[541, [150, 182, 182, 159, 0, 6]]
[542, [198, 198, 198, 15, 144, 6]]
[543, [168, 184, 184, 30, 111, 9]]
[544, [128, 160, 160, 30, 78, 2]]
[545, [146, 146, 146, 60, 45, 5]]
[546, [116, 132, 132, 75, 12, 8]]
[547, [96, 128, 128, 90, 0, 0]]
[548, [144, 144, 144, 90, 0, 0]]
[549, [144, 160, 160, 105, 0, 0]]
[550, [144, 176, 176, 105, 0, 0]]
[551, [192, 192, 192, 105, 0, 0]]
[552, [192, 208, 208, 120, 0, 0]]
[553, [192, 224, 224, 150, 0, 0]]
[554, [240, 240, 240, 21, 144, 0]]
[555, [210, 226, 226, 36, 111, 3]]
[556, [180, 212, 212, 36, 78, 6]]
[557, [198, 198, 198, 36, 45, 9]]
[558, [158, 174, 174, 36, 12, 2]]
[559, [148, 180, 180, 96, 0, 4]]
[560, [196, 196, 196, 141, 0, 4]]
[561, [196, 212, 212, 171, 0, 4]]
[562, [196, 228, 228, 27, 144, 4]]
[563, [214, 214, 214, 42, 111, 7]]
[564, [174, 190, 190, 57, 78, 0]]
[565, [144, 176, 176, 87, 45, 3]]
[566, [162, 162, 162, 102, 12, 6]]
[567, [152, 168, 168, 117, 0, 8]]
[568, [152, 184, 184, 117, 0, 8]]
[569, [200, 200, 200, 132, 0, 8]]
[570, [200, 216, 216, 132, 0, 8]]
[571, [200, 232, 232, 132, 0, 8]]
[572, [248, 248, 248, 162, 0, 8]]
[573, [248, 264, 264, 48, 144, 8]]
[574, [208, 240, 240, 63, 111, 1]]
[575, [226, 226, 226, 78, 78, 4]]
[576, [196, 212, 212, 78, 45, 7]]
[577, [156, 188, 188, 78, 12, 0]]
[578, [194, 194, 194, 78, 0, 2]]
[579, [194, 210, 210, 123, 0, 2]]
[580, [194, 226, 226, 168, 0, 2]]
[581, [242, 242, 242, 69, 144, 2]]
[582, [212, 228, 228, 69, 111, 5]]
[583, [182, 214, 214, 84, 78, 8]]
[584, [190, 190, 190, 99, 45, 1]]
[585, [160, 176, 176, 129, 12, 4]]
[586, [150, 182, 182, 144, 0, 6]]
[587, [198, 198, 198, 15, 144, 6]]
[588, [168, 184, 184, 15, 111, 9]]
[589, [128, 160, 160, 30, 78, 2]]
[590, [146, 146, 146, 30, 45, 5]]
[591, [126, 142, 142, 30, 12, 18]]
[592, [96, 128, 128, 60, 0, 0]]
[593, [144, 144, 144, 90, 0, 0]]
[594, [144, 160, 160, 105, 0, 0]]
[595, [144, 176, 176, 120, 0, 0]]
[596, [192, 192, 192, 120, 0, 0]]
[597, [192, 208, 208, 120, 0, 0]]
[598, [192, 224, 224, 120, 0, 0]]
[599, [240, 240, 240, 165, 0, 0]]
[600, [240, 256, 256, 66, 144, 0]]
[601, [210, 242, 242, 111, 111, 3]]
[602, [228, 228, 228, 111, 78, 6]]
[603, [198, 214, 214, 126, 45, 9]]
[604, [158, 190, 190, 141, 12, 2]]
[605, [196, 196, 196, 171, 0, 4]]
[606, [196, 212, 212, 42, 144, 4]]
[607, [166, 198, 198, 57, 111, 7]]
[608, [174, 174, 174, 57, 78, 0]]
[609, [144, 160, 160, 72, 45, 3]]
[610, [114, 146, 146, 72, 12, 6]]
[611, [152, 152, 152, 72, 0, 8]]
[612, [152, 168, 168, 102, 0, 8]]
[613, [152, 184, 184, 132, 0, 8]]
[614, [200, 200, 200, 147, 0, 8]]
[615, [200, 216, 216, 18, 144, 8]]
[616, [160, 192, 192, 18, 111, 1]]
[617, [178, 178, 178, 18, 78, 4]]
[618, [148, 164, 164, 18, 45, 7]]
[619, [108, 140, 140, 63, 12, 0]]
[620, [146, 146, 146, 108, 0, 2]]
[621, [146, 162, 162, 153, 0, 2]]
[622, [146, 178, 178, 9, 144, 2]]
[623, [164, 164, 164, 24, 111, 5]]
[624, [134, 150, 150, 39, 78, 8]]
[625, [94, 126, 126, 69, 45, 1]]
[626, [112, 112, 112, 84, 12, 4]]
[627, [102, 118, 118, 99, 0, 6]]
[628, [102, 134, 134, 99, 0, 6]]
[629, [150, 150, 150, 114, 0, 6]]
[630, [150, 166, 166, 114, 0, 6]]
[631, [150, 182, 182, 114, 0, 6]]
[632, [198, 198, 198, 144, 0, 6]]
[633, [198, 214, 214, 30, 144, 6]]
[634, [168, 200, 200, 45, 111, 9]]
[635, [176, 176, 176, 60, 78, 2]]
[636, [146, 162, 162, 60, 45, 5]]
[637, [116, 148, 148, 60, 12, 8]]
[638, [144, 144, 144, 60, 0, 0]]
[639, [144, 160, 160, 105, 0, 0]]
[640, [144, 176, 176, 150, 0, 0]]
[641, [192, 192, 192, 51, 144, 0]]
[642, [162, 178, 178, 51, 111, 3]]
[643, [132, 164, 164, 66, 78, 6]]
[644, [150, 150, 150, 81, 45, 9]]
[645, [110, 126, 126, 111, 12, 2]]
[646, [100, 132, 132, 126, 0, 4]]
[647, [148, 148, 148, 141, 0, 4]]
[648, [148, 164, 164, 141, 0, 4]]
[649, [148, 180, 180, 156, 0, 4]]
[650, [196, 196, 196, 12, 144, 4]]
[651, [166, 182, 182, 12, 111, 7]]
[652, [126, 158, 158, 27, 78, 0]]
[653, [144, 144, 144, 57, 45, 3]]
[654, [114, 130, 130, 72, 12, 6]]
[655, [104, 136, 136, 87, 0, 8]]
[656, [152, 152, 152, 87, 0, 8]]
[657, [152, 168, 168, 87, 0, 8]]
[658, [152, 184, 184, 87, 0, 8]]
[659, [200, 200, 200, 132, 0, 8]]
[660, [200, 216, 216, 192, 0, 8]]
[661, [200, 232, 232, 78, 144, 8]]
[662, [208, 208, 208, 78, 111, 1]]
[663, [178, 194, 194, 93, 78, 4]]
[664, [148, 180, 180, 108, 45, 7]]
[665, [156, 156, 156, 138, 12, 0]]
[666, [146, 162, 162, 153, 0, 2]]
[667, [146, 178, 178, 24, 144, 2]]
[668, [164, 164, 164, 24, 111, 5]]
[669, [134, 150, 150, 39, 78, 8]]
[670, [94, 126, 126, 39, 45, 1]]
[671, [112, 112, 112, 39, 12, 4]]
[672, [102, 118, 118, 54, 0, 6]]
[673, [102, 134, 134, 84, 0, 6]]
[674, [150, 150, 150, 99, 0, 6]]
[675, [150, 166, 166, 114, 0, 6]]
[676, [150, 182, 182, 114, 0, 6]]
[677, [198, 198, 198, 114, 0, 6]]
[678, [198, 214, 214, 114, 0, 6]]
[679, [198, 230, 230, 159, 0, 6]]
[680, [246, 246, 246, 75, 144, 6]]
[681, [216, 232, 232, 105, 111, 9]]
[682, [176, 208, 208, 105, 78, 2]]
[683, [194, 194, 194, 120, 45, 5]]
[684, [164, 180, 180, 135, 12, 8]]
[685, [144, 176, 176, 165, 0, 0]]
[686, [192, 192, 192, 36, 144, 0]]
[687, [162, 178, 178, 51, 111, 3]]
[688, [132, 164, 164, 51, 78, 6]]
[689, [150, 150, 150, 66, 45, 9]]
[690, [110, 126, 126, 66, 12, 2]]
[691, [100, 132, 132, 66, 0, 4]]
[692, [148, 148, 148, 81, 0, 4]]
[693, [148, 164, 164, 111, 0, 4]]
[694, [148, 180, 180, 126, 0, 4]]
[695, [196, 196, 196, 141, 0, 4]]
[696, [196, 212, 212, 141, 0, 4]]
[697, [196, 228, 228, 156, 0, 4]]
[698, [244, 244, 244, 12, 144, 4]]
[699, [214, 230, 230, 42, 111, 7]]
[700, [174, 206, 206, 102, 78, 0]]
[701, [192, 192, 192, 132, 45, 3]]
[702, [162, 178, 178, 132, 12, 6]]
[703, [152, 184, 184, 147, 0, 8]]
[704, [200, 200, 200, 18, 144, 8]]
[705, [160, 176, 176, 48, 111, 1]]
[706, [130, 162, 162, 63, 78, 4]]
[707, [148, 148, 148, 78, 45, 7]]
[708, [108, 124, 124, 78, 12, 0]]
[709, [98, 130, 130, 93, 0, 2]]
[710, [146, 146, 146, 93, 0, 2]]
[711, [146, 162, 162, 93, 0, 2]]
[712, [146, 178, 178, 108, 0, 2]]
[713, [194, 194, 194, 138, 0, 2]]
[714, [194, 210, 210, 168, 0, 2]]
[715, [194, 226, 226, 39, 144, 2]]
[716, [212, 212, 212, 39, 111, 5]]
[717, [182, 198, 198, 54, 78, 8]]
[718, [142, 174, 174, 54, 45, 1]]
[719, [160, 160, 160, 84, 12, 4]]
[720, [150, 166, 166, 129, 0, 6]]
[721, [150, 182, 182, 159, 0, 6]]
[722, [198, 198, 198, 30, 144, 6]]
[723, [168, 184, 184, 45, 111, 9]]
[724, [128, 160, 160, 60, 78, 2]]
[725, [146, 146, 146, 90, 45, 5]]
[726, [116, 132, 132, 105, 12, 8]]
[727, [96, 128, 128, 120, 0, 0]]
[728, [144, 144, 144, 120, 0, 0]]
[729, [144, 160, 160, 135, 0, 0]]
[730, [144, 176, 176, 135, 0, 0]]
[731, [192, 192, 192, 135, 0, 0]]
[732, [192, 208, 208, 150, 0, 0]]
[733, [192, 224, 224, 36, 144, 0]]
[734, [210, 210, 210, 66, 111, 3]]
[735, [180, 196, 196, 81, 78, 6]]
[736, [150, 182, 182, 81, 45, 9]]
[737, [158, 158, 158, 96, 12, 2]]
[738, [148, 164, 164, 96, 0, 4]]
[739, [148, 180, 180, 111, 0, 4]]
[740, [196, 196, 196, 156, 0, 4]]
[741, [196, 212, 212, 42, 144, 4]]
[742, [166, 198, 198, 72, 111, 7]]
[743, [174, 174, 174, 87, 78, 0]]
[744, [144, 160, 160, 102, 45, 3]]
[745, [114, 146, 146, 132, 12, 6]]
[746, [152, 152, 152, 147, 0, 8]]
[747, [152, 168, 168, 18, 144, 8]]
[748, [112, 144, 144, 18, 111, 1]]
[749, [130, 130, 130, 33, 78, 4]]
[750, [100, 116, 116, 33, 45, 7]]
[751, [60, 92, 92, 33, 12, 0]]
[752, [98, 98, 98, 48, 0, 2]]
[753, [98, 114, 114, 78, 0, 2]]
[754, [98, 130, 130, 108, 0, 2]]
[755, [146, 146, 146, 108, 0, 2]]
[756, [146, 162, 162, 108, 0, 2]]
[757, [146, 178, 178, 123, 0, 2]]
[758, [194, 194, 194, 123, 0, 2]]
[759, [194, 210, 210, 153, 0, 2]]
[760, [194, 226, 226, 54, 144, 2]]
[761, [212, 212, 212, 84, 111, 5]]
[762, [182, 198, 198, 114, 78, 8]]
[763, [142, 174, 174, 129, 45, 1]]
[764, [160, 160, 160, 144, 12, 4]]
[765, [150, 166, 166, 15, 144, 6]]
[766, [120, 152, 152, 30, 111, 9]]
[767, [128, 128, 128, 45, 78, 2]]
[768, [98, 114, 114, 45, 45, 5]]
[769, [68, 100, 100, 75, 12, 8]]
[770, [96, 96, 96, 75, 0, 0]]
[771, [96, 112, 112, 75, 0, 0]]
[772, [96, 128, 128, 90, 0, 0]]
[773, [144, 144, 144, 120, 0, 0]]
[774, [144, 160, 160, 150, 0, 0]]
[775, [144, 176, 176, 6, 144, 0]]
[776, [162, 162, 162, 6, 111, 3]]
[777, [132, 148, 148, 21, 78, 6]]
[778, [102, 134, 134, 21, 45, 9]]
[779, [110, 110, 110, 51, 12, 2]]
[780, [100, 116, 116, 96, 0, 4]]
[781, [100, 132, 132, 126, 0, 4]]
[782, [148, 148, 148, 156, 0, 4]]
[783, [148, 164, 164, 27, 144, 4]]
[784, [118, 150, 150, 42, 111, 7]]
[785, [126, 126, 126, 57, 78, 0]]
[786, [96, 112, 112, 57, 45, 3]]
[787, [66, 98, 98, 72, 12, 6]]
[788, [104, 104, 104, 72, 0, 8]]
[789, [104, 120, 120, 102, 0, 8]]
[790, [104, 136, 136, 117, 0, 8]]
[791, [152, 152, 152, 117, 0, 8]]
[792, [152, 168, 168, 132, 0, 8]]
[793, [152, 184, 184, 162, 0, 8]]
[794, [200, 200, 200, 48, 144, 8]]
[795, [160, 176, 176, 48, 111, 1]]
[796, [130, 162, 162, 48, 78, 4]]
[797, [148, 148, 148, 63, 45, 7]]
[798, [108, 124, 124, 63, 12, 0]]
[799, [98, 130, 130, 93, 0, 2]]
[800, [146, 146, 146, 138, 0, 2]]
[801, [146, 162, 162, 168, 0, 2]]
[802, [146, 178, 178, 54, 144, 2]]
[803, [164, 164, 164, 54, 111, 5]]
[804, [134, 150, 150, 54, 78, 8]]
[805, [94, 126, 126, 69, 45, 1]]
[806, [112, 112, 112, 84, 12, 4]]
[807, [102, 118, 118, 99, 0, 6]]
[808, [102, 134, 134, 99, 0, 6]]
[809, [150, 150, 150, 129, 0, 6]]
[810, [150, 166, 166, 144, 0, 6]]
[811, [150, 182, 182, 0, 144, 6]]
[812, [168, 168, 168, 15, 111, 9]]
[813, [128, 144, 144, 45, 78, 2]]
[814, [98, 130, 130, 90, 45, 5]]
[815, [116, 116, 116, 90, 12, 8]]
[816, [96, 112, 112, 90, 0, 0]]
[817, [96, 128, 128, 105, 0, 0]]
[818, [144, 144, 144, 105, 0, 0]]
[819, [144, 160, 160, 135, 0, 0]]
[820, [144, 176, 176, 150, 0, 0]]
[821, [192, 192, 192, 51, 144, 0]]
[822, [162, 178, 178, 81, 111, 3]]
[823, [132, 164, 164, 81, 78, 6]]
[824, [150, 150, 150, 81, 45, 9]]
[825, [110, 126, 126, 96, 12, 2]]
[826, [100, 132, 132, 111, 0, 4]]
[827, [148, 148, 148, 126, 0, 4]]
[828, [148, 164, 164, 126, 0, 4]]
[829, [148, 180, 180, 141, 0, 4]]
[830, [196, 196, 196, 156, 0, 4]]
[831, [196, 212, 212, 12, 144, 4]]
[832, [166, 198, 198, 27, 111, 7]]
[833, [174, 174, 174, 72, 78, 0]]
[834, [144, 160, 160, 117, 45, 3]]
[835, [114, 146, 146, 117, 12, 6]]
[836, [152, 152, 152, 117, 0, 8]]
[837, [152, 168, 168, 132, 0, 8]]
[838, [152, 184, 184, 132, 0, 8]]
[839, [200, 200, 200, 162, 0, 8]]
[840, [200, 216, 216, 48, 144, 8]]
[841, [160, 192, 192, 78, 111, 1]]
[842, [178, 178, 178, 108, 78, 4]]
[843, [148, 164, 164, 108, 45, 7]]
[844, [108, 140, 140, 108, 12, 0]]
[845, [146, 146, 146, 123, 0, 2]]
[846, [146, 162, 162, 138, 0, 2]]
[847, [146, 178, 178, 153, 0, 2]]
[848, [194, 194, 194, 9, 144, 2]]
[849, [164, 180, 180, 24, 111, 5]]
[850, [134, 166, 166, 39, 78, 8]]
[851, [142, 142, 142, 39, 45, 1]]
[852, [112, 128, 128, 54, 12, 4]]
[853, [102, 134, 134, 99, 0, 6]]
[854, [150, 150, 150, 144, 0, 6]]
[855, [150, 166, 166, 0, 144, 6]]
[856, [120, 152, 152, 0, 111, 9]]
[857, [128, 128, 128, 15, 78, 2]]
[858, [98, 114, 114, 15, 45, 5]]
[859, [68, 100, 100, 45, 12, 8]]
[860, [96, 96, 96, 60, 0, 0]]
[861, [96, 112, 112, 90, 0, 0]]
[862, [96, 128, 128, 120, 0, 0]]
[863, [144, 144, 144, 135, 0, 0]]
[864, [144, 160, 160, 150, 0, 0]]
[865, [144, 176, 176, 21, 144, 0]]
[866, [162, 162, 162, 36, 111, 3]]
[867, [132, 148, 148, 51, 78, 6]]
[868, [102, 134, 134, 51, 45, 9]]
[869, [110, 110, 110, 66, 12, 2]]
[870, [100, 116, 116, 81, 0, 4]]
[871, [100, 132, 132, 81, 0, 4]]
[872, [148, 148, 148, 96, 0, 4]]
[873, [148, 164, 164, 141, 0, 4]]
[874, [148, 180, 180, 186, 0, 4]]
[875, [196, 196, 196, 42, 144, 4]]
[876, [166, 182, 182, 42, 111, 7]]
[877, [126, 158, 158, 57, 78, 0]]
[878, [144, 144, 144, 57, 45, 3]]
[879, [114, 130, 130, 72, 12, 6]]
[880, [104, 136, 136, 87, 0, 8]]
[881, [152, 152, 152, 117, 0, 8]]
[882, [152, 168, 168, 147, 0, 8]]
[883, [152, 184, 184, 18, 144, 8]]
[884, [160, 160, 160, 48, 111, 1]]
[885, [130, 146, 146, 63, 78, 4]]
[886, [100, 132, 132, 78, 45, 7]]
[887, [108, 108, 108, 93, 12, 0]]
[888, [98, 114, 114, 93, 0, 2]]
[889, [98, 130, 130, 108, 0, 2]]
[890, [146, 146, 146, 123, 0, 2]]
[891, [146, 162, 162, 123, 0, 2]]
[892, [146, 178, 178, 138, 0, 2]]
[893, [194, 194, 194, 183, 0, 2]]
[894, [194, 210, 210, 84, 144, 2]]
[895, [164, 196, 196, 84, 111, 5]]
[896, [182, 182, 182, 84, 78, 8]]
[897, [142, 158, 158, 99, 45, 1]]
[898, [112, 144, 144, 99, 12, 4]]
[899, [150, 150, 150, 114, 0, 6]]
[900, [150, 166, 166, 129, 0, 6]]
[901, [150, 182, 182, 159, 0, 6]]
[902, [198, 198, 198, 45, 144, 6]]
[903, [168, 184, 184, 60, 111, 9]]
[904, [128, 160, 160, 90, 78, 2]]
[905, [146, 146, 146, 105, 45, 5]]
[906, [116, 132, 132, 120, 12, 8]]
[907, [96, 128, 128, 135, 0, 0]]
[908, [144, 144, 144, 135, 0, 0]]
[909, [144, 160, 160, 150, 0, 0]]
[910, [144, 176, 176, 21, 144, 0]]
[911, [162, 162, 162, 21, 111, 3]]
[912, [132, 148, 148, 36, 78, 6]]
[913, [102, 134, 134, 81, 45, 9]]
[914, [110, 110, 110, 126, 12, 2]]
[915, [100, 116, 116, 126, 0, 4]]
[916, [100, 132, 132, 126, 0, 4]]
[917, [148, 148, 148, 141, 0, 4]]
[918, [148, 164, 164, 141, 0, 4]]
[919, [148, 180, 180, 156, 0, 4]]
[920, [196, 196, 196, 27, 144, 4]]
[921, [166, 182, 182, 42, 111, 7]]
[922, [126, 158, 158, 87, 78, 0]]
[923, [144, 144, 144, 102, 45, 3]]
[924, [114, 130, 130, 132, 12, 6]]
[925, [104, 136, 136, 147, 0, 8]]
[926, [152, 152, 152, 18, 144, 8]]
[927, [112, 128, 128, 33, 111, 1]]
[928, [82, 114, 114, 33, 78, 4]]
[929, [100, 100, 100, 48, 45, 7]]
[930, [60, 76, 76, 63, 12, 0]]
[931, [50, 82, 82, 63, 0, 2]]
[932, [98, 98, 98, 78, 0, 2]]
[933, [98, 114, 114, 123, 0, 2]]
[934, [98, 130, 130, 168, 0, 2]]
[935, [146, 146, 146, 24, 144, 2]]
[936, [116, 132, 132, 24, 111, 5]]
[937, [86, 118, 118, 39, 78, 8]]
[938, [94, 94, 94, 39, 45, 1]]
[939, [64, 80, 80, 39, 12, 4]]
[940, [54, 86, 86, 54, 0, 6]]
[941, [102, 102, 102, 69, 0, 6]]
[942, [102, 118, 118, 114, 0, 6]]
[943, [102, 134, 134, 129, 0, 6]]
[944, [150, 150, 150, 159, 0, 6]]
[945, [150, 166, 166, 30, 144, 6]]
[946, [120, 152, 152, 45, 111, 9]]
[947, [128, 128, 128, 60, 78, 2]]
[948, [98, 114, 114, 60, 45, 5]]
[949, [68, 100, 100, 75, 12, 8]]
[950, [96, 96, 96, 90, 0, 0]]
[951, [96, 112, 112, 90, 0, 0]]
[952, [96, 128, 128, 105, 0, 0]]
[953, [144, 144, 144, 150, 0, 0]]
[954, [144, 160, 160, 36, 144, 0]]
[955, [114, 146, 146, 36, 111, 3]]
[956, [132, 132, 132, 36, 78, 6]]
[957, [102, 118, 118, 51, 45, 9]]
[958, [62, 94, 94, 66, 12, 2]]
[959, [100, 100, 100, 66, 0, 4]]
