SimulationV05.py[0, [0, 16, 16, 0, 0, 0]]
[1, [0, 32, 32, 0, 0, 0]]
[2, [48, 48, 48, 0, 0, 0]]
[3, [48, 64, 64, 0, 0, 0]]
[4, [48, 80, 80, 0, 0, 0]]
[5, [96, 96, 96, 0, 0, 0]]
[6, [96, 112, 112, 0, 0, 0]]
[7, [96, 128, 128, 0, 0, 0]]
[8, [144, 144, 144, 0, 0, 0]]
[9, [144, 160, 160, 0, 0, 0]]
[10, [144, 176, 176, 0, 0, 0]]
[11, [192, 192, 192, 0, 0, 0]]
[12, [192, 208, 208, 0, 0, 0]]
[13, [192, 224, 224, 0, 0, 0]]
[14, [240, 240, 240, 0, 0, 0]]
[15, [240, 256, 256, 0, 0, 0]]
[16, [240, 272, 272, 0, 0, 0]]
[17, [288, 288, 288, 0, 0, 0]]
[18, [288, 304, 304, 0, 0, 0]]
[19, [288, 320, 320, 330, 0, 0]]
[20, [336, 336, 336, 186, 144, 0]]
[21, [306, 322, 322, 42, 258, 0]]
[22, [276, 308, 308, 42, 228, 0]]
[23, [294, 294, 294, 42, 198, 0]]
[24, [264, 280, 280, 42, 168, 0]]
[25, [234, 266, 266, 42, 138, 0]]
[26, [252, 252, 252, 42, 108, 0]]
[27, [222, 238, 238, 42, 78, 0]]
[28, [192, 224, 224, 42, 48, 0]]
[29, [210, 210, 210, 42, 18, 0]]
[30, [192, 208, 208, 42, 0, 0]]
[31, [192, 224, 224, 42, 0, 0]]
[32, [240, 240, 240, 42, 0, 0]]
[33, [240, 256, 256, 42, 0, 0]]
[34, [240, 272, 272, 42, 0, 0]]
[35, [288, 288, 288, 42, 0, 0]]
[36, [288, 304, 304, 42, 0, 0]]
[37, [288, 320, 320, 42, 0, 0]]
[38, [336, 336, 336, 42, 0, 0]]
[39, [336, 352, 352, 357, 0, 0]]
[40, [336, 368, 368, 228, 144, 0]]
[41, [354, 354, 354, 84, 258, 0]]
[42, [324, 340, 340, 84, 228, 0]]
[43, [294, 326, 326, 84, 198, 0]]
[44, [312, 312, 312, 84, 168, 0]]
[45, [282, 298, 298, 84, 138, 0]]
[46, [252, 284, 284, 84, 108, 0]]
[47, [270, 270, 270, 84, 78, 0]]
[48, [240, 256, 256, 84, 48, 0]]
[49, [210, 242, 242, 84, 18, 0]]
[50, [240, 240, 240, 84, 0, 0]]
[51, [240, 256, 256, 84, 0, 0]]
[52, [240, 272, 272, 84, 0, 0]]
[53, [288, 288, 288, 84, 0, 0]]
[54, [288, 304, 304, 84, 0, 0]]
[55, [288, 320, 320, 84, 0, 0]]
[56, [336, 336, 336, 84, 0, 0]]
[57, [336, 352, 352, 84, 0, 0]]
[58, [336, 368, 368, 84, 0, 0]]
[59, [384, 384, 384, 354, 0, 0]]
[60, [384, 400, 400, 225, 144, 0]]
[61, [354, 386, 386, 81, 258, 0]]
[62, [372, 372, 372, 81, 228, 0]]
[63, [342, 358, 358, 81, 198, 0]]
[64, [312, 344, 344, 96, 168, 0]]
[65, [330, 330, 330, 96, 138, 0]]
[66, [300, 316, 316, 96, 108, 0]]
[67, [270, 302, 302, 96, 78, 0]]
[68, [288, 288, 288, 96, 48, 0]]
[69, [258, 274, 274, 96, 18, 0]]
[70, [240, 272, 272, 96, 0, 0]]
[71, [288, 288, 288, 96, 0, 0]]
[72, [288, 304, 304, 96, 0, 0]]
[73, [288, 320, 320, 96, 0, 0]]
[74, [336, 336, 336, 96, 0, 0]]
[75, [336, 352, 352, 111, 0, 0]]
[76, [336, 368, 368, 111, 0, 0]]
[77, [384, 384, 384, 111, 0, 0]]
[78, [384, 400, 400, 111, 0, 0]]
[79, [384, 416, 416, 366, 0, 0]]
[80, [432, 432, 432, 237, 144, 0]]
[81, [402, 418, 418, 93, 258, 0]]
[82, [372, 404, 404, 93, 228, 0]]
[83, [390, 390, 390, 93, 198, 0]]
[84, [360, 376, 376, 108, 168, 0]]
[85, [330, 362, 362, 108, 138, 0]]
[86, [348, 348, 348, 108, 108, 0]]
[87, [318, 334, 334, 108, 78, 0]]
[88, [288, 320, 320, 108, 48, 0]]
[89, [306, 306, 306, 108, 18, 0]]
[90, [288, 304, 304, 108, 0, 0]]
[91, [288, 320, 320, 123, 0, 0]]
[92, [336, 336, 336, 123, 0, 0]]
[93, [336, 352, 352, 123, 0, 0]]
[94, [336, 368, 368, 123, 0, 0]]
[95, [384, 384, 384, 138, 0, 0]]
[96, [384, 400, 400, 138, 0, 0]]
[97, [384, 416, 416, 138, 0, 0]]
[98, [432, 432, 432, 138, 0, 0]]
[99, [432, 448, 448, 363, 0, 0]]
[100, [432, 464, 464, 234, 144, 0]]
[101, [450, 450, 450, 90, 258, 0]]
[102, [420, 436, 436, 90, 228, 0]]
[103, [390, 422, 422, 105, 198, 0]]
[104, [408, 408, 408, 120, 168, 0]]
[105, [378, 394, 394, 120, 138, 0]]
[106, [348, 380, 380, 120, 108, 0]]
[107, [366, 366, 366, 120, 78, 0]]
[108, [336, 352, 352, 120, 48, 0]]
[109, [306, 338, 338, 120, 18, 0]]
[110, [336, 336, 336, 120, 0, 0]]
[111, [336, 352, 352, 135, 0, 0]]
[112, [336, 368, 368, 150, 0, 0]]
[113, [384, 384, 384, 6, 144, 0]]
[114, [354, 370, 370, 6, 114, 0]]
[115, [324, 356, 356, 21, 84, 0]]
[116, [342, 342, 342, 21, 54, 0]]
[117, [312, 328, 328, 21, 24, 0]]
[118, [288, 320, 320, 21, 0, 0]]
[119, [336, 336, 336, 261, 0, 0]]
[120, [336, 352, 352, 132, 144, 0]]
[121, [306, 338, 338, 132, 114, 0]]
[122, [328, 328, 328, 132, 84, 4]]
[123, [308, 324, 324, 147, 54, 14]]
[124, [284, 316, 316, 18, 168, 20]]
[125, [324, 324, 324, 18, 138, 42]]
[126, [324, 340, 340, 18, 108, 72]]
[127, [322, 354, 354, 18, 78, 100]]
[128, [358, 358, 358, 18, 48, 118]]
[129, [346, 362, 362, 18, 18, 136]]
[130, [334, 366, 366, 18, 0, 142]]
[131, [374, 374, 374, 33, 0, 134]]
[132, [366, 382, 382, 48, 0, 126]]
[133, [364, 396, 396, 48, 0, 124]]
[134, [408, 408, 408, 48, 0, 120]]
[135, [402, 418, 418, 48, 0, 114]]
[136, [398, 430, 430, 48, 0, 110]]
[137, [442, 442, 442, 48, 0, 106]]
[138, [434, 450, 450, 48, 0, 98]]
[139, [428, 460, 460, 273, 0, 92]]
[140, [466, 466, 466, 144, 144, 82]]
[141, [458, 474, 474, 0, 258, 104]]
[142, [442, 474, 474, 15, 228, 118]]
[143, [478, 478, 478, 30, 198, 136]]
[144, [464, 480, 480, 45, 168, 152]]
[145, [450, 482, 482, 45, 138, 168]]
[146, [476, 476, 476, 45, 108, 176]]
[147, [466, 482, 482, 45, 78, 196]]
[148, [458, 490, 490, 45, 48, 218]]
[149, [492, 492, 492, 45, 18, 234]]
[150, [466, 482, 482, 45, 0, 226]]
[151, [428, 460, 460, 60, 0, 188]]
[152, [452, 452, 452, 60, 0, 164]]
[153, [424, 440, 440, 60, 0, 136]]
[154, [398, 430, 430, 60, 0, 110]]
[155, [438, 438, 438, 60, 0, 102]]
[156, [424, 440, 440, 60, 0, 88]]
[157, [380, 412, 412, 60, 0, 44]]
[158, [384, 384, 384, 60, 0, 0]]
[159, [384, 400, 400, 285, 0, 0]]
[160, [384, 416, 416, 156, 144, 0]]
[161, [402, 402, 402, 12, 258, 0]]
[162, [372, 388, 388, 27, 228, 0]]
[163, [342, 374, 374, 42, 198, 0]]
[164, [360, 360, 360, 57, 168, 0]]
[165, [330, 346, 346, 57, 138, 0]]
[166, [300, 332, 332, 57, 108, 0]]
[167, [318, 318, 318, 57, 78, 0]]
[168, [288, 304, 304, 72, 48, 0]]
[169, [258, 290, 290, 72, 18, 0]]
[170, [288, 288, 288, 72, 0, 0]]
[171, [288, 304, 304, 87, 0, 0]]
[172, [288, 320, 320, 87, 0, 0]]
[173, [336, 336, 336, 87, 0, 0]]
[174, [336, 352, 352, 87, 0, 0]]
[175, [336, 368, 368, 87, 0, 0]]
[176, [384, 384, 384, 87, 0, 0]]
[177, [384, 400, 400, 87, 0, 0]]
[178, [384, 416, 416, 102, 0, 0]]
[179, [432, 432, 432, 297, 0, 0]]
[180, [432, 448, 448, 168, 144, 0]]
[181, [402, 434, 434, 24, 258, 0]]
[182, [420, 420, 420, 54, 228, 0]]
[183, [390, 406, 406, 69, 198, 0]]
[184, [360, 392, 392, 84, 168, 0]]
[185, [378, 378, 378, 99, 138, 0]]
[186, [348, 364, 364, 99, 108, 0]]
[187, [318, 350, 350, 99, 78, 0]]
[188, [336, 336, 336, 114, 48, 0]]
[189, [306, 322, 322, 114, 18, 0]]
[190, [288, 320, 320, 114, 0, 0]]
[191, [336, 336, 336, 129, 0, 0]]
[192, [336, 352, 352, 129, 0, 0]]
[193, [336, 368, 368, 129, 0, 0]]
[194, [384, 384, 384, 129, 0, 0]]
[195, [384, 400, 400, 129, 0, 0]]
[196, [384, 416, 416, 129, 0, 0]]
[197, [432, 432, 432, 129, 0, 0]]
[198, [432, 448, 448, 129, 0, 0]]
[199, [432, 464, 464, 339, 0, 0]]
[200, [480, 480, 480, 210, 144, 0]]
[201, [450, 466, 466, 66, 258, 0]]
[202, [420, 452, 452, 96, 228, 0]]
[203, [438, 438, 438, 111, 198, 0]]
[204, [408, 424, 424, 126, 168, 0]]
[205, [378, 410, 410, 141, 138, 0]]
[206, [396, 396, 396, 141, 108, 0]]
[207, [366, 382, 382, 141, 78, 0]]
[208, [336, 368, 368, 156, 48, 0]]
[209, [354, 354, 354, 12, 162, 0]]
[210, [324, 340, 340, 12, 132, 0]]
[211, [294, 326, 326, 27, 102, 0]]
[212, [312, 312, 312, 27, 72, 0]]
[213, [282, 298, 298, 27, 42, 0]]
[214, [252, 284, 284, 27, 12, 0]]
[215, [288, 288, 288, 27, 0, 0]]
[216, [288, 304, 304, 27, 0, 0]]
[217, [288, 320, 320, 27, 0, 0]]
[218, [336, 336, 336, 27, 0, 0]]
[219, [336, 352, 352, 237, 0, 0]]
[220, [336, 368, 368, 108, 144, 0]]
[221, [354, 354, 354, 108, 114, 0]]
[222, [324, 340, 340, 123, 84, 0]]
[223, [294, 326, 326, 153, 54, 0]]
[224, [312, 312, 312, 24, 168, 0]]
[225, [282, 298, 298, 39, 138, 0]]
[226, [252, 284, 284, 39, 108, 0]]
[227, [270, 270, 270, 39, 78, 0]]
[228, [240, 256, 256, 54, 48, 0]]
[229, [210, 242, 242, 54, 18, 0]]
[230, [240, 240, 240, 54, 0, 0]]
[231, [240, 256, 256, 69, 0, 0]]
[232, [240, 272, 272, 69, 0, 0]]
[233, [288, 288, 288, 69, 0, 0]]
[234, [288, 304, 304, 69, 0, 0]]
[235, [288, 320, 320, 69, 0, 0]]
[236, [336, 336, 336, 69, 0, 0]]
[237, [336, 352, 352, 69, 0, 0]]
[238, [336, 368, 368, 69, 0, 0]]
[239, [384, 384, 384, 279, 0, 0]]
[240, [384, 400, 400, 150, 144, 0]]
[241, [354, 386, 386, 6, 258, 0]]
[242, [372, 372, 372, 21, 228, 0]]
[243, [342, 358, 358, 51, 198, 0]]
[244, [312, 344, 344, 66, 168, 0]]
[245, [330, 330, 330, 81, 138, 0]]
[246, [300, 316, 316, 81, 108, 0]]
[247, [270, 302, 302, 81, 78, 0]]
[248, [288, 288, 288, 96, 48, 0]]
[249, [258, 274, 274, 96, 18, 0]]
[250, [240, 272, 272, 96, 0, 0]]
[251, [288, 288, 288, 111, 0, 0]]
[252, [288, 304, 304, 111, 0, 0]]
[253, [288, 320, 320, 111, 0, 0]]
[254, [336, 336, 336, 111, 0, 0]]
[255, [336, 352, 352, 111, 0, 0]]
[256, [336, 368, 368, 111, 0, 0]]
[257, [384, 384, 384, 111, 0, 0]]
[258, [384, 400, 400, 111, 0, 0]]
[259, [384, 416, 416, 321, 0, 0]]
[260, [432, 432, 432, 192, 144, 0]]
[261, [402, 418, 418, 48, 258, 0]]
[262, [372, 404, 404, 63, 228, 0]]
[263, [390, 390, 390, 78, 198, 0]]
[264, [360, 376, 376, 93, 168, 0]]
[265, [330, 362, 362, 123, 138, 0]]
[266, [348, 348, 348, 123, 108, 0]]
[267, [340, 356, 356, 123, 78, 22]]
[268, [316, 348, 348, 138, 48, 28]]
[269, [344, 344, 344, 138, 18, 38]]
[270, [322, 338, 338, 138, 0, 34]]
[271, [302, 334, 334, 153, 0, 14]]
[272, [336, 336, 336, 9, 144, 0]]
[273, [306, 322, 322, 9, 114, 0]]
[274, [300, 332, 332, 9, 84, 24]]
[275, [332, 332, 332, 9, 54, 38]]
[276, [322, 338, 338, 9, 24, 58]]
[277, [312, 344, 344, 9, 0, 72]]
[278, [346, 346, 346, 9, 0, 58]]
[279, [336, 352, 352, 219, 0, 48]]
[280, [312, 344, 344, 90, 144, 24]]
[281, [356, 356, 356, 90, 114, 50]]
[282, [330, 346, 346, 105, 84, 54]]
[283, [320, 352, 352, 120, 54, 74]]
[284, [356, 356, 356, 135, 24, 92]]
[285, [344, 360, 360, 165, 0, 104]]
[286, [326, 358, 358, 21, 144, 86]]
[287, [358, 358, 358, 21, 114, 100]]
[288, [352, 368, 368, 36, 84, 124]]
[289, [330, 362, 362, 36, 54, 132]]
[290, [370, 370, 370, 36, 24, 154]]
[291, [352, 368, 368, 51, 0, 160]]
[292, [336, 368, 368, 51, 0, 144]]
[293, [360, 360, 360, 51, 0, 120]]
[294, [348, 364, 364, 51, 0, 108]]
[295, [340, 372, 372, 51, 0, 100]]
[296, [370, 370, 370, 51, 0, 82]]
[297, [354, 370, 370, 51, 0, 66]]
[298, [326, 358, 358, 51, 0, 38]]
[299, [356, 356, 356, 261, 0, 20]]
[300, [336, 352, 352, 132, 144, 0]]
[301, [306, 338, 338, 132, 114, 0]]
[302, [340, 340, 340, 147, 84, 16]]
[303, [318, 334, 334, 18, 198, 24]]
[304, [296, 328, 328, 33, 168, 32]]
[305, [306, 306, 306, 63, 138, 24]]
[306, [276, 292, 292, 63, 108, 24]]
[307, [250, 282, 282, 63, 78, 28]]
[308, [266, 266, 266, 78, 48, 26]]
[309, [244, 260, 260, 78, 18, 34]]
[310, [220, 252, 252, 78, 0, 28]]
[311, [240, 240, 240, 93, 0, 0]]
[312, [240, 256, 256, 93, 0, 0]]
[313, [240, 272, 272, 93, 0, 0]]
[314, [288, 288, 288, 93, 0, 0]]
[315, [288, 304, 304, 93, 0, 0]]
[316, [288, 320, 320, 93, 0, 0]]
[317, [336, 336, 336, 93, 0, 0]]
[318, [336, 352, 352, 93, 0, 0]]
[319, [336, 368, 368, 303, 0, 0]]
[320, [384, 384, 384, 174, 144, 0]]
[321, [354, 370, 370, 30, 258, 0]]
[322, [324, 356, 356, 45, 228, 0]]
[323, [342, 342, 342, 60, 198, 0]]
[324, [312, 328, 328, 75, 168, 0]]
[325, [282, 314, 314, 105, 138, 0]]
[326, [300, 300, 300, 105, 108, 0]]
[327, [270, 286, 286, 105, 78, 0]]
[328, [240, 272, 272, 120, 48, 0]]
[329, [258, 258, 258, 120, 18, 0]]
[330, [240, 256, 256, 120, 0, 0]]
[331, [240, 272, 272, 135, 0, 0]]
[332, [288, 288, 288, 135, 0, 0]]
[333, [288, 304, 304, 135, 0, 0]]
[334, [288, 320, 320, 135, 0, 0]]
[335, [336, 336, 336, 135, 0, 0]]
[336, [336, 352, 352, 135, 0, 0]]
[337, [336, 368, 368, 135, 0, 0]]
[338, [384, 384, 384, 135, 0, 0]]
[339, [384, 400, 400, 345, 0, 0]]
[340, [384, 416, 416, 216, 144, 0]]
[341, [402, 402, 402, 72, 258, 0]]
[342, [372, 388, 388, 87, 228, 0]]
[343, [342, 374, 374, 102, 198, 0]]
[344, [360, 360, 360, 117, 168, 0]]
[345, [330, 346, 346, 147, 138, 0]]
[346, [300, 332, 332, 3, 252, 0]]
[347, [318, 318, 318, 3, 222, 0]]
[348, [288, 304, 304, 18, 192, 0]]
[349, [258, 290, 290, 18, 162, 0]]
[350, [276, 276, 276, 18, 132, 0]]
[351, [246, 262, 262, 33, 102, 0]]
[352, [216, 248, 248, 33, 72, 0]]
[353, [234, 234, 234, 33, 42, 0]]
[354, [204, 220, 220, 33, 12, 0]]
[355, [192, 224, 224, 33, 0, 0]]
[356, [240, 240, 240, 33, 0, 0]]
[357, [240, 256, 256, 33, 0, 0]]
[358, [240, 272, 272, 33, 0, 0]]
[359, [288, 288, 288, 228, 0, 0]]
[360, [288, 304, 304, 99, 144, 0]]
[361, [258, 290, 290, 99, 114, 0]]
[362, [276, 276, 276, 114, 84, 0]]
[363, [246, 262, 262, 129, 54, 0]]
[364, [216, 248, 248, 144, 24, 0]]
[365, [240, 240, 240, 30, 144, 0]]
[366, [210, 226, 226, 30, 114, 0]]
[367, [180, 212, 212, 30, 84, 0]]
[368, [198, 198, 198, 45, 54, 0]]
[369, [168, 184, 184, 45, 24, 0]]
[370, [144, 176, 176, 45, 0, 0]]
[371, [192, 192, 192, 60, 0, 0]]
[372, [192, 208, 208, 60, 0, 0]]
[373, [192, 224, 224, 60, 0, 0]]
[374, [240, 240, 240, 60, 0, 0]]
[375, [240, 256, 256, 60, 0, 0]]
[376, [240, 272, 272, 60, 0, 0]]
[377, [288, 288, 288, 75, 0, 0]]
[378, [288, 304, 304, 75, 0, 0]]
[379, [288, 320, 320, 270, 0, 0]]
[380, [336, 336, 336, 141, 144, 0]]
[381, [306, 322, 322, 141, 114, 0]]
[382, [276, 308, 308, 156, 84, 0]]
[383, [294, 294, 294, 27, 198, 0]]
[384, [264, 280, 280, 42, 168, 0]]
[385, [234, 266, 266, 72, 138, 0]]
[386, [252, 252, 252, 72, 108, 0]]
[387, [222, 238, 238, 72, 78, 0]]
[388, [192, 224, 224, 87, 48, 0]]
[389, [210, 210, 210, 87, 18, 0]]
[390, [192, 208, 208, 87, 0, 0]]
[391, [192, 224, 224, 102, 0, 0]]
[392, [240, 240, 240, 102, 0, 0]]
[393, [240, 256, 256, 102, 0, 0]]
[394, [240, 272, 272, 102, 0, 0]]
[395, [288, 288, 288, 102, 0, 0]]
[396, [288, 304, 304, 102, 0, 0]]
[397, [288, 320, 320, 117, 0, 0]]
[398, [336, 336, 336, 117, 0, 0]]
[399, [336, 352, 352, 312, 0, 0]]
[400, [336, 368, 368, 183, 144, 0]]
[401, [354, 354, 354, 39, 258, 0]]
[402, [324, 340, 340, 54, 228, 0]]
[403, [294, 326, 326, 69, 198, 0]]
[404, [312, 312, 312, 84, 168, 0]]
[405, [282, 298, 298, 114, 138, 0]]
[406, [252, 284, 284, 114, 108, 0]]
[407, [270, 270, 270, 114, 78, 0]]
[408, [240, 256, 256, 129, 48, 0]]
[409, [210, 242, 242, 129, 18, 0]]
[410, [240, 240, 240, 129, 0, 0]]
[411, [240, 256, 256, 144, 0, 0]]
[412, [240, 272, 272, 0, 144, 0]]
[413, [258, 258, 258, 0, 114, 0]]
[414, [228, 244, 244, 0, 84, 0]]
[415, [198, 230, 230, 0, 54, 0]]
[416, [216, 216, 216, 0, 24, 0]]
[417, [192, 208, 208, 15, 0, 0]]
[418, [192, 224, 224, 15, 0, 0]]
[419, [240, 240, 240, 210, 0, 0]]
[420, [240, 256, 256, 81, 144, 0]]
[421, [210, 242, 242, 81, 114, 0]]
[422, [228, 228, 228, 96, 84, 0]]
[423, [198, 214, 214, 111, 54, 0]]
[424, [168, 200, 200, 126, 24, 0]]
[425, [200, 200, 200, 156, 0, 8]]
[426, [192, 208, 208, 12, 144, 0]]
[427, [186, 218, 218, 12, 114, 24]]
[428, [218, 218, 218, 27, 84, 38]]
[429, [200, 216, 216, 27, 54, 50]]
[430, [178, 210, 210, 27, 24, 58]]
[431, [202, 202, 202, 42, 0, 58]]
[432, [184, 200, 200, 42, 0, 40]]
[433, [176, 208, 208, 42, 0, 32]]
[434, [218, 218, 218, 42, 0, 26]]
[435, [208, 224, 224, 42, 0, 16]]
[436, [192, 224, 224, 42, 0, 0]]
[437, [240, 240, 240, 57, 0, 0]]
[438, [240, 256, 256, 57, 0, 0]]
[439, [240, 272, 272, 237, 0, 0]]
[440, [288, 288, 288, 108, 144, 0]]
[441, [258, 274, 274, 108, 114, 0]]
[442, [228, 260, 260, 138, 84, 0]]
[443, [246, 246, 246, 153, 54, 0]]
[444, [218, 234, 234, 24, 168, 2]]
[445, [212, 244, 244, 54, 138, 26]]
[446, [256, 256, 256, 54, 108, 52]]
[447, [256, 272, 272, 54, 78, 82]]
[448, [224, 256, 256, 69, 48, 80]]
[449, [242, 242, 242, 69, 18, 80]]
[450, [200, 216, 216, 69, 0, 56]]
[451, [164, 196, 196, 84, 0, 20]]
[452, [196, 196, 196, 84, 0, 4]]
[453, [192, 208, 208, 84, 0, 0]]
[454, [192, 224, 224, 84, 0, 0]]
[455, [240, 240, 240, 84, 0, 0]]
[456, [240, 256, 256, 84, 0, 0]]
[457, [240, 272, 272, 99, 0, 0]]
[458, [288, 288, 288, 99, 0, 0]]
[459, [288, 304, 304, 279, 0, 0]]
[460, [288, 320, 320, 150, 144, 0]]
[461, [306, 306, 306, 6, 258, 0]]
[462, [276, 292, 292, 36, 228, 0]]
[463, [246, 278, 278, 51, 198, 0]]
[464, [264, 264, 264, 66, 168, 0]]
[465, [234, 250, 250, 96, 138, 0]]
[466, [204, 236, 236, 96, 108, 0]]
[467, [222, 222, 222, 96, 78, 0]]
[468, [192, 208, 208, 111, 48, 0]]
[469, [162, 194, 194, 111, 18, 0]]
[470, [192, 192, 192, 111, 0, 0]]
[471, [192, 208, 208, 111, 0, 0]]
[472, [192, 224, 224, 111, 0, 0]]
[473, [240, 240, 240, 111, 0, 0]]
[474, [240, 256, 256, 111, 0, 0]]
[475, [240, 272, 272, 111, 0, 0]]
[476, [288, 288, 288, 111, 0, 0]]
[477, [288, 304, 304, 126, 0, 0]]
[478, [288, 320, 320, 141, 0, 0]]
[479, [336, 336, 336, 321, 0, 0]]
[480, [336, 352, 352, 192, 144, 0]]
[481, [306, 338, 338, 48, 258, 0]]
[482, [324, 324, 324, 63, 228, 0]]
[483, [294, 310, 310, 78, 198, 0]]
[484, [264, 296, 296, 93, 168, 0]]
[485, [282, 282, 282, 123, 138, 0]]
[486, [252, 268, 268, 123, 108, 0]]
[487, [222, 254, 254, 123, 78, 0]]
[488, [240, 240, 240, 138, 48, 0]]
[489, [210, 226, 226, 153, 18, 0]]
[490, [192, 224, 224, 9, 144, 0]]
[491, [210, 210, 210, 9, 114, 0]]
[492, [180, 196, 196, 9, 84, 0]]
[493, [150, 182, 182, 9, 54, 0]]
[494, [168, 168, 168, 9, 24, 0]]
[495, [144, 160, 160, 9, 0, 0]]
[496, [144, 176, 176, 9, 0, 0]]
[497, [192, 192, 192, 24, 0, 0]]
[498, [192, 208, 208, 39, 0, 0]]
[499, [192, 224, 224, 204, 0, 0]]
[500, [240, 240, 240, 90, 144, 0]]
[501, [210, 226, 226, 90, 114, 0]]
[502, [180, 212, 212, 105, 84, 0]]
[503, [198, 198, 198, 120, 54, 0]]
[504, [168, 184, 184, 135, 24, 0]]
[505, [144, 176, 176, 165, 0, 0]]
[506, [192, 192, 192, 21, 144, 0]]
[507, [162, 178, 178, 21, 114, 0]]
[508, [132, 164, 164, 36, 84, 0]]
[509, [150, 150, 150, 51, 54, 0]]
[510, [120, 136, 136, 51, 24, 0]]
[511, [96, 128, 128, 51, 0, 0]]
[512, [144, 144, 144, 51, 0, 0]]
[513, [144, 160, 160, 51, 0, 0]]
[514, [144, 176, 176, 51, 0, 0]]
[515, [192, 192, 192, 51, 0, 0]]
[516, [192, 208, 208, 51, 0, 0]]
[517, [192, 224, 224, 66, 0, 0]]
[518, [240, 240, 240, 81, 0, 0]]
[519, [240, 256, 256, 246, 0, 0]]
[520, [240, 272, 272, 132, 144, 0]]
[521, [258, 258, 258, 132, 114, 0]]
[522, [228, 244, 244, 147, 84, 0]]
[523, [198, 230, 230, 3, 198, 0]]
[524, [216, 216, 216, 33, 168, 0]]
[525, [186, 202, 202, 63, 138, 0]]
[526, [156, 188, 188, 63, 108, 0]]
[527, [174, 174, 174, 63, 78, 0]]
[528, [144, 160, 160, 78, 48, 0]]
[529, [114, 146, 146, 93, 18, 0]]
[530, [144, 144, 144, 93, 0, 0]]
[531, [144, 160, 160, 93, 0, 0]]
[532, [144, 176, 176, 93, 0, 0]]
[533, [192, 192, 192, 93, 0, 0]]
[534, [192, 208, 208, 93, 0, 0]]
[535, [192, 224, 224, 93, 0, 0]]
[536, [240, 240, 240, 93, 0, 0]]
[537, [240, 256, 256, 93, 0, 0]]
[538, [240, 272, 272, 108, 0, 0]]
[539, [288, 288, 288, 273, 0, 0]]
[540, [288, 304, 304, 159, 144, 0]]
[541, [258, 290, 290, 15, 258, 0]]
[542, [276, 276, 276, 30, 228, 0]]
[543, [246, 262, 262, 45, 198, 0]]
[544, [216, 248, 248, 75, 168, 0]]
[545, [234, 234, 234, 105, 138, 0]]
[546, [204, 220, 220, 105, 108, 0]]
[547, [174, 206, 206, 105, 78, 0]]
[548, [192, 192, 192, 120, 48, 0]]
[549, [162, 178, 178, 135, 18, 0]]
[550, [144, 176, 176, 135, 0, 0]]
[551, [192, 192, 192, 135, 0, 0]]
[552, [192, 208, 208, 135, 0, 0]]
[553, [192, 224, 224, 135, 0, 0]]
[554, [240, 240, 240, 135, 0, 0]]
[555, [240, 256, 256, 135, 0, 0]]
[556, [240, 272, 272, 135, 0, 0]]
[557, [288, 288, 288, 135, 0, 0]]
[558, [288, 304, 304, 150, 0, 0]]
[559, [288, 320, 320, 171, 144, 0]]
[560, [306, 306, 306, 57, 258, 0]]
[561, [276, 292, 292, 57, 228, 0]]
[562, [246, 278, 278, 72, 198, 0]]
[563, [264, 264, 264, 87, 168, 0]]
[564, [234, 250, 250, 102, 138, 0]]
[565, [212, 244, 244, 132, 108, 8]]
[566, [254, 254, 254, 132, 78, 32]]
[567, [230, 246, 246, 132, 48, 38]]
[568, [204, 236, 236, 147, 18, 42]]
[569, [224, 224, 224, 18, 144, 32]]
[570, [198, 214, 214, 18, 114, 36]]
[571, [174, 206, 206, 18, 84, 42]]
[572, [196, 196, 196, 18, 54, 46]]
[573, [188, 204, 204, 18, 24, 68]]
[574, [168, 200, 200, 18, 0, 72]]
[575, [200, 200, 200, 18, 0, 56]]
[576, [176, 192, 192, 33, 0, 32]]
[577, [156, 188, 188, 33, 0, 12]]
[578, [192, 192, 192, 48, 0, 0]]
[579, [192, 208, 208, 213, 0, 0]]
[580, [192, 224, 224, 99, 144, 0]]
[581, [210, 210, 210, 99, 114, 0]]
[582, [180, 196, 196, 114, 84, 0]]
[583, [150, 182, 182, 129, 54, 0]]
[584, [170, 170, 170, 144, 24, 2]]
[585, [158, 174, 174, 30, 144, 14]]
[586, [148, 180, 180, 30, 114, 34]]
[587, [190, 190, 190, 30, 84, 58]]
[588, [160, 176, 176, 45, 54, 58]]
[589, [130, 162, 162, 60, 24, 58]]
[590, [158, 158, 158, 60, 0, 62]]
[591, [122, 138, 138, 60, 0, 26]]
[592, [108, 140, 140, 60, 0, 12]]
[593, [146, 146, 146, 60, 0, 2]]
[594, [144, 160, 160, 60, 0, 0]]
[595, [144, 176, 176, 60, 0, 0]]
[596, [192, 192, 192, 75, 0, 0]]
[597, [192, 208, 208, 75, 0, 0]]
[598, [192, 224, 224, 90, 0, 0]]
[599, [240, 240, 240, 240, 0, 0]]
[600, [240, 256, 256, 126, 144, 0]]
[601, [210, 242, 242, 126, 114, 0]]
[602, [228, 228, 228, 141, 84, 0]]
[603, [198, 214, 214, 171, 54, 0]]
[604, [168, 200, 200, 42, 168, 0]]
[605, [186, 186, 186, 72, 138, 0]]
[606, [160, 176, 176, 72, 108, 4]]
[607, [156, 188, 188, 72, 78, 30]]
[608, [170, 170, 170, 87, 48, 26]]
[609, [138, 154, 154, 102, 18, 24]]
[610, [104, 136, 136, 102, 0, 8]]
[611, [144, 144, 144, 102, 0, 0]]
[612, [144, 160, 160, 102, 0, 0]]
[613, [144, 176, 176, 102, 0, 0]]
[614, [192, 192, 192, 102, 0, 0]]
[615, [192, 208, 208, 102, 0, 0]]
[616, [192, 224, 224, 117, 0, 0]]
[617, [240, 240, 240, 117, 0, 0]]
[618, [240, 256, 256, 132, 0, 0]]
[619, [240, 272, 272, 282, 0, 0]]
[620, [288, 288, 288, 168, 144, 0]]
[621, [258, 274, 274, 24, 258, 0]]
[622, [228, 260, 260, 39, 228, 0]]
[623, [246, 246, 246, 69, 198, 0]]
[624, [216, 232, 232, 84, 168, 0]]
[625, [186, 218, 218, 114, 138, 0]]
[626, [204, 204, 204, 114, 108, 0]]
[627, [174, 190, 190, 114, 78, 0]]
[628, [144, 176, 176, 129, 48, 0]]
[629, [162, 162, 162, 129, 18, 0]]
[630, [144, 160, 160, 129, 0, 0]]
[631, [144, 176, 176, 129, 0, 0]]
[632, [192, 192, 192, 129, 0, 0]]
[633, [192, 208, 208, 129, 0, 0]]
[634, [192, 224, 224, 129, 0, 0]]
[635, [240, 240, 240, 129, 0, 0]]
[636, [240, 256, 256, 144, 0, 0]]
[637, [240, 272, 272, 0, 144, 0]]
[638, [258, 258, 258, 15, 114, 0]]
[639, [228, 244, 244, 150, 84, 0]]
[640, [198, 230, 230, 36, 198, 0]]
[641, [216, 216, 216, 36, 168, 0]]
[642, [186, 202, 202, 51, 138, 0]]
[643, [156, 188, 188, 66, 108, 0]]
[644, [174, 174, 174, 81, 78, 0]]
[645, [144, 160, 160, 111, 48, 0]]
[646, [114, 146, 146, 141, 18, 0]]
[647, [144, 144, 144, 141, 0, 0]]
[648, [144, 160, 160, 156, 0, 0]]
[649, [144, 176, 176, 12, 144, 0]]
[650, [162, 162, 162, 12, 114, 0]]
[651, [132, 148, 148, 12, 84, 0]]
[652, [102, 134, 134, 12, 54, 0]]
[653, [120, 120, 120, 12, 24, 0]]
[654, [96, 112, 112, 12, 0, 0]]
[655, [96, 128, 128, 12, 0, 0]]
[656, [144, 144, 144, 27, 0, 0]]
[657, [144, 160, 160, 27, 0, 0]]
[658, [144, 176, 176, 42, 0, 0]]
[659, [192, 192, 192, 177, 0, 0]]
[660, [192, 208, 208, 63, 144, 0]]
[661, [162, 194, 194, 63, 114, 0]]
[662, [180, 180, 180, 78, 84, 0]]
[663, [150, 166, 166, 93, 54, 0]]
[664, [120, 152, 152, 108, 24, 0]]
[665, [144, 144, 144, 138, 0, 0]]
[666, [144, 160, 160, 168, 0, 0]]
[667, [144, 176, 176, 24, 144, 0]]
[668, [162, 162, 162, 54, 114, 0]]
[669, [132, 148, 148, 54, 84, 0]]
[670, [102, 134, 134, 54, 54, 0]]
[671, [120, 120, 120, 54, 24, 0]]
[672, [96, 112, 112, 54, 0, 0]]
[673, [96, 128, 128, 54, 0, 0]]
[674, [144, 144, 144, 54, 0, 0]]
[675, [144, 160, 160, 54, 0, 0]]
[676, [144, 176, 176, 69, 0, 0]]
[677, [192, 192, 192, 69, 0, 0]]
[678, [192, 208, 208, 84, 0, 0]]
[679, [192, 224, 224, 219, 0, 0]]
[680, [240, 240, 240, 105, 144, 0]]
[681, [210, 226, 226, 105, 114, 0]]
[682, [180, 212, 212, 120, 84, 0]]
[683, [198, 198, 198, 135, 54, 0]]
[684, [168, 184, 184, 150, 24, 0]]
[685, [144, 176, 176, 36, 144, 0]]
[686, [162, 162, 162, 66, 114, 0]]
[687, [132, 148, 148, 66, 84, 0]]
[688, [102, 134, 134, 96, 54, 0]]
[689, [120, 120, 120, 96, 24, 0]]
[690, [96, 112, 112, 96, 0, 0]]
[691, [96, 128, 128, 96, 0, 0]]
[692, [144, 144, 144, 96, 0, 0]]
[693, [144, 160, 160, 96, 0, 0]]
[694, [144, 176, 176, 96, 0, 0]]
[695, [192, 192, 192, 96, 0, 0]]
[696, [192, 208, 208, 111, 0, 0]]
[697, [192, 224, 224, 111, 0, 0]]
[698, [240, 240, 240, 126, 0, 0]]
[699, [240, 256, 256, 261, 0, 0]]
[700, [240, 272, 272, 147, 144, 0]]
[701, [258, 258, 258, 3, 258, 0]]
[702, [228, 244, 244, 18, 228, 0]]
[703, [198, 230, 230, 33, 198, 0]]
[704, [216, 216, 216, 48, 168, 0]]
[705, [186, 202, 202, 78, 138, 0]]
[706, [156, 188, 188, 108, 108, 0]]
[707, [174, 174, 174, 108, 78, 0]]
[708, [150, 166, 166, 138, 48, 6]]
[709, [124, 156, 156, 138, 18, 10]]
[710, [148, 148, 148, 138, 0, 4]]
[711, [144, 160, 160, 138, 0, 0]]
[712, [144, 176, 176, 138, 0, 0]]
[713, [192, 192, 192, 138, 0, 0]]
[714, [192, 208, 208, 138, 0, 0]]
[715, [192, 224, 224, 138, 0, 0]]
[716, [240, 240, 240, 153, 0, 0]]
[717, [240, 256, 256, 9, 144, 0]]
[718, [210, 242, 242, 24, 114, 0]]
[719, [228, 228, 228, 159, 84, 0]]
[720, [198, 214, 214, 45, 198, 0]]
[721, [168, 200, 200, 45, 168, 0]]
[722, [186, 186, 186, 60, 138, 0]]
[723, [172, 188, 188, 75, 108, 16]]
[724, [168, 200, 200, 90, 78, 42]]
[725, [190, 190, 190, 120, 48, 46]]
[726, [166, 182, 182, 150, 18, 52]]
[727, [140, 172, 172, 6, 144, 44]]
[728, [154, 154, 154, 36, 114, 40]]
[729, [124, 140, 140, 36, 84, 40]]
[730, [108, 140, 140, 36, 54, 54]]
[731, [152, 152, 152, 36, 24, 80]]
[732, [132, 148, 148, 36, 0, 84]]
[733, [110, 142, 142, 36, 0, 62]]
[734, [134, 134, 134, 36, 0, 38]]
[735, [110, 126, 126, 36, 0, 14]]
[736, [96, 128, 128, 51, 0, 0]]
[737, [144, 144, 144, 51, 0, 0]]
[738, [144, 160, 160, 66, 0, 0]]
[739, [144, 176, 176, 201, 0, 0]]
[740, [192, 192, 192, 87, 144, 0]]
[741, [162, 178, 178, 87, 114, 0]]
[742, [132, 164, 164, 102, 84, 0]]
[743, [150, 150, 150, 117, 54, 0]]
[744, [120, 136, 136, 132, 24, 0]]
[745, [96, 128, 128, 162, 0, 0]]
[746, [144, 144, 144, 48, 144, 0]]
[747, [114, 130, 130, 48, 114, 0]]
[748, [86, 118, 118, 63, 84, 2]]
[749, [102, 102, 102, 63, 54, 0]]
[750, [74, 90, 90, 63, 24, 2]]
[751, [48, 80, 80, 63, 0, 0]]
[752, [96, 96, 96, 63, 0, 0]]
[753, [96, 112, 112, 63, 0, 0]]
[754, [96, 128, 128, 63, 0, 0]]
[755, [144, 144, 144, 63, 0, 0]]
[756, [144, 160, 160, 78, 0, 0]]
[757, [144, 176, 176, 78, 0, 0]]
[758, [192, 192, 192, 93, 0, 0]]
[759, [192, 208, 208, 228, 0, 0]]
[760, [192, 224, 224, 114, 144, 0]]
[761, [210, 210, 210, 114, 114, 0]]
[762, [180, 196, 196, 129, 84, 0]]
[763, [150, 182, 182, 159, 54, 0]]
[764, [168, 168, 168, 30, 168, 0]]
[765, [138, 154, 154, 60, 138, 0]]
[766, [108, 140, 140, 90, 108, 0]]
[767, [126, 126, 126, 90, 78, 0]]
[768, [96, 112, 112, 105, 48, 0]]
[769, [66, 98, 98, 105, 18, 0]]
[770, [96, 96, 96, 105, 0, 0]]
[771, [96, 112, 112, 105, 0, 0]]
[772, [96, 128, 128, 105, 0, 0]]
[773, [144, 144, 144, 105, 0, 0]]
[774, [144, 160, 160, 105, 0, 0]]
[775, [144, 176, 176, 105, 0, 0]]
[776, [192, 192, 192, 120, 0, 0]]
[777, [192, 208, 208, 120, 0, 0]]
[778, [192, 224, 224, 135, 0, 0]]
[779, [240, 240, 240, 255, 0, 0]]
[780, [240, 256, 256, 141, 144, 0]]
[781, [210, 242, 242, 141, 114, 0]]
[782, [228, 228, 228, 171, 84, 0]]
[783, [198, 214, 214, 57, 198, 0]]
[784, [168, 200, 200, 72, 168, 0]]
[785, [186, 186, 186, 102, 138, 0]]
[786, [156, 172, 172, 132, 108, 0]]
[787, [126, 158, 158, 132, 78, 0]]
[788, [144, 144, 144, 147, 48, 0]]
[789, [114, 130, 130, 3, 162, 0]]
[790, [84, 116, 116, 3, 132, 0]]
[791, [102, 102, 102, 3, 102, 0]]
[792, [72, 88, 88, 3, 72, 0]]
[793, [42, 74, 74, 3, 42, 0]]
[794, [60, 60, 60, 3, 12, 0]]
[795, [48, 64, 64, 3, 0, 0]]
[796, [48, 80, 80, 18, 0, 0]]
[797, [96, 96, 96, 18, 0, 0]]
[798, [96, 112, 112, 33, 0, 0]]
[799, [96, 128, 128, 153, 0, 0]]
[800, [144, 144, 144, 39, 144, 0]]
[801, [114, 130, 130, 39, 114, 0]]
[802, [84, 116, 116, 69, 84, 0]]
[803, [102, 102, 102, 99, 54, 0]]
[804, [72, 88, 88, 114, 24, 0]]
[805, [48, 80, 80, 144, 0, 0]]
[806, [96, 96, 96, 30, 144, 0]]
[807, [66, 82, 82, 30, 114, 0]]
[808, [36, 68, 68, 45, 84, 0]]
[809, [54, 54, 54, 45, 54, 0]]
[810, [24, 40, 40, 45, 24, 0]]
[811, [0, 32, 32, 45, 0, 0]]
[812, [48, 48, 48, 45, 0, 0]]
[813, [48, 64, 64, 45, 0, 0]]
[814, [48, 80, 80, 45, 0, 0]]
[815, [96, 96, 96, 45, 0, 0]]
[816, [96, 112, 112, 60, 0, 0]]
[817, [96, 128, 128, 60, 0, 0]]
[818, [144, 144, 144, 75, 0, 0]]
[819, [144, 160, 160, 195, 0, 0]]
[820, [144, 176, 176, 81, 144, 0]]
[821, [162, 162, 162, 81, 114, 0]]
[822, [132, 148, 148, 111, 84, 0]]
[823, [102, 134, 134, 141, 54, 0]]
[824, [120, 120, 120, 156, 24, 0]]
[825, [96, 112, 112, 42, 144, 0]]
[826, [66, 98, 98, 72, 114, 0]]
[827, [84, 84, 84, 72, 84, 0]]
[828, [54, 70, 70, 87, 54, 0]]
[829, [24, 56, 56, 87, 24, 0]]
[830, [48, 48, 48, 87, 0, 0]]
[831, [48, 64, 64, 87, 0, 0]]
[832, [48, 80, 80, 87, 0, 0]]
[833, [96, 96, 96, 87, 0, 0]]
[834, [96, 112, 112, 87, 0, 0]]
[835, [96, 128, 128, 87, 0, 0]]
[836, [144, 144, 144, 102, 0, 0]]
[837, [144, 160, 160, 102, 0, 0]]
[838, [144, 176, 176, 117, 0, 0]]
[839, [192, 192, 192, 207, 0, 0]]
[840, [192, 208, 208, 93, 144, 0]]
[841, [162, 194, 194, 93, 114, 0]]
[842, [180, 180, 180, 123, 84, 0]]
[843, [150, 166, 166, 153, 54, 0]]
[844, [120, 152, 152, 24, 168, 0]]
[845, [138, 138, 138, 69, 138, 0]]
[846, [108, 124, 124, 99, 108, 0]]
[847, [78, 110, 110, 99, 78, 0]]
[848, [96, 96, 96, 114, 48, 0]]
[849, [66, 82, 82, 114, 18, 0]]
[850, [48, 80, 80, 114, 0, 0]]
[851, [96, 96, 96, 114, 0, 0]]
[852, [96, 112, 112, 114, 0, 0]]
[853, [96, 128, 128, 114, 0, 0]]
[854, [144, 144, 144, 114, 0, 0]]
[855, [144, 160, 160, 114, 0, 0]]
[856, [144, 176, 176, 129, 0, 0]]
[857, [192, 192, 192, 129, 0, 0]]
[858, [192, 208, 208, 159, 0, 0]]
[859, [192, 224, 224, 90, 144, 0]]
[860, [210, 210, 210, 120, 114, 0]]
[861, [180, 196, 196, 120, 84, 0]]
[862, [150, 182, 182, 150, 54, 0]]
[863, [168, 168, 168, 36, 168, 0]]
[864, [138, 154, 154, 51, 138, 0]]
[865, [108, 140, 140, 111, 108, 0]]
[866, [152, 152, 152, 126, 78, 26]]
[867, [132, 148, 148, 126, 48, 36]]
[868, [108, 140, 140, 141, 18, 42]]
[869, [124, 124, 124, 141, 0, 28]]
[870, [104, 120, 120, 156, 0, 8]]
[871, [96, 128, 128, 12, 144, 0]]
[872, [114, 114, 114, 12, 114, 0]]
[873, [90, 106, 106, 12, 84, 6]]
[874, [76, 108, 108, 12, 54, 22]]
[875, [106, 106, 106, 12, 24, 34]]
[876, [84, 100, 100, 27, 0, 36]]
[877, [64, 96, 96, 27, 0, 16]]
[878, [104, 104, 104, 57, 0, 8]]
[879, [96, 112, 112, 132, 0, 0]]
[880, [96, 128, 128, 162, 0, 0]]
[881, [144, 144, 144, 18, 144, 0]]
[882, [114, 130, 130, 48, 114, 0]]
[883, [84, 116, 116, 78, 84, 0]]
[884, [102, 102, 102, 93, 54, 0]]
[885, [72, 88, 88, 153, 24, 0]]
[886, [48, 80, 80, 24, 144, 0]]
[887, [90, 90, 90, 24, 114, 24]]
[888, [88, 104, 104, 39, 84, 52]]
[889, [56, 88, 88, 39, 54, 50]]
[890, [66, 66, 66, 54, 24, 42]]
[891, [42, 58, 58, 54, 0, 42]]
[892, [12, 44, 44, 54, 0, 12]]
[893, [48, 48, 48, 54, 0, 0]]
[894, [48, 64, 64, 54, 0, 0]]
[895, [48, 80, 80, 54, 0, 0]]
[896, [96, 96, 96, 69, 0, 0]]
[897, [96, 112, 112, 69, 0, 0]]
[898, [96, 128, 128, 99, 0, 0]]
[899, [144, 144, 144, 174, 0, 0]]
[900, [144, 160, 160, 60, 144, 0]]
[901, [114, 146, 146, 60, 114, 0]]
[902, [132, 132, 132, 90, 84, 0]]
[903, [102, 118, 118, 120, 54, 0]]
[904, [72, 104, 104, 135, 24, 0]]
[905, [96, 96, 96, 195, 0, 0]]
[906, [96, 112, 112, 66, 144, 0]]
[907, [66, 98, 98, 66, 114, 0]]
[908, [84, 84, 84, 81, 84, 0]]
[909, [54, 70, 70, 81, 54, 0]]
[910, [24, 56, 56, 96, 24, 0]]
[911, [48, 48, 48, 96, 0, 0]]
[912, [48, 64, 64, 96, 0, 0]]
[913, [48, 80, 80, 96, 0, 0]]
[914, [96, 96, 96, 96, 0, 0]]
[915, [96, 112, 112, 96, 0, 0]]
[916, [96, 128, 128, 111, 0, 0]]
[917, [144, 144, 144, 111, 0, 0]]
[918, [144, 160, 160, 141, 0, 0]]
[919, [144, 176, 176, 216, 0, 0]]
[920, [192, 192, 192, 102, 144, 0]]
[921, [162, 178, 178, 102, 114, 0]]
[922, [132, 164, 164, 132, 84, 0]]
[923, [150, 150, 150, 162, 54, 0]]
[924, [120, 136, 136, 33, 168, 0]]
[925, [90, 122, 122, 63, 138, 0]]
[926, [108, 108, 108, 78, 108, 0]]
[927, [78, 94, 94, 78, 78, 0]]
[928, [48, 80, 80, 108, 48, 0]]
[929, [66, 66, 66, 108, 18, 0]]
[930, [48, 64, 64, 123, 0, 0]]
[931, [48, 80, 80, 123, 0, 0]]
[932, [96, 96, 96, 123, 0, 0]]
[933, [96, 112, 112, 123, 0, 0]]
[934, [96, 128, 128, 123, 0, 0]]
[935, [144, 144, 144, 123, 0, 0]]
[936, [144, 160, 160, 123, 0, 0]]
[937, [144, 176, 176, 123, 0, 0]]
[938, [192, 192, 192, 153, 0, 0]]
[939, [192, 208, 208, 84, 144, 0]]
[940, [162, 194, 194, 99, 114, 0]]
[941, [180, 180, 180, 99, 84, 0]]
[942, [150, 166, 166, 129, 54, 0]]
[943, [120, 152, 152, 144, 24, 0]]
[944, [144, 144, 144, 30, 144, 0]]
[945, [114, 130, 130, 60, 114, 0]]
[946, [84, 116, 116, 75, 84, 0]]
[947, [102, 102, 102, 90, 54, 0]]
[948, [72, 88, 88, 120, 24, 0]]
[949, [48, 80, 80, 120, 0, 0]]
[950, [96, 96, 96, 150, 0, 0]]
[951, [96, 112, 112, 6, 144, 0]]
[952, [66, 98, 98, 6, 114, 0]]
[953, [84, 84, 84, 6, 84, 0]]
[954, [54, 70, 70, 21, 54, 0]]
[955, [24, 56, 56, 21, 24, 0]]
[956, [48, 48, 48, 21, 0, 0]]
[957, [48, 64, 64, 21, 0, 0]]
[958, [48, 80, 80, 51, 0, 0]]
[959, [96, 96, 96, 126, 0, 0]]
[960, [96, 112, 112, 141, 0, 0]]
[961, [96, 128, 128, 141, 0, 0]]
[962, [144, 144, 144, 171, 0, 0]]
[963, [144, 160, 160, 42, 144, 0]]
[964, [114, 146, 146, 72, 114, 0]]
[965, [132, 132, 132, 102, 84, 0]]
[966, [102, 118, 118, 117, 54, 0]]
[967, [72, 104, 104, 132, 24, 0]]
[968, [96, 96, 96, 162, 0, 0]]
[969, [96, 112, 112, 18, 144, 0]]
[970, [66, 98, 98, 48, 114, 0]]
[971, [84, 84, 84, 48, 84, 0]]
[972, [54, 70, 70, 48, 54, 0]]
[973, [24, 56, 56, 48, 24, 0]]
[974, [48, 48, 48, 63, 0, 0]]
[975, [48, 64, 64, 63, 0, 0]]
[976, [48, 80, 80, 63, 0, 0]]
[977, [96, 96, 96, 63, 0, 0]]
[978, [96, 112, 112, 78, 0, 0]]
[979, [96, 128, 128, 153, 0, 0]]
[980, [144, 144, 144, 24, 144, 0]]
[981, [114, 130, 130, 24, 114, 0]]
[982, [84, 116, 116, 54, 84, 0]]
[983, [102, 102, 102, 69, 54, 0]]
[984, [72, 88, 88, 99, 24, 0]]
[985, [48, 80, 80, 129, 0, 0]]
[986, [96, 96, 96, 144, 0, 0]]
[987, [96, 112, 112, 15, 144, 0]]
[988, [66, 98, 98, 45, 114, 0]]
[989, [84, 84, 84, 45, 84, 0]]
[990, [54, 70, 70, 75, 54, 0]]
[991, [24, 56, 56, 75, 24, 0]]
[992, [48, 48, 48, 75, 0, 0]]
[993, [48, 64, 64, 75, 0, 0]]
[994, [48, 80, 80, 75, 0, 0]]
[995, [96, 96, 96, 75, 0, 0]]
[996, [96, 112, 112, 75, 0, 0]]
[997, [96, 128, 128, 75, 0, 0]]
[998, [144, 144, 144, 105, 0, 0]]
[999, [144, 160, 160, 180, 0, 0]]
[1000, [144, 176, 176, 66, 144, 0]]
[1001, [162, 162, 162, 66, 114, 0]]
[1002, [132, 148, 148, 96, 84, 0]]
[1003, [102, 134, 134, 111, 54, 0]]
[1004, [120, 120, 120, 141, 24, 0]]
[1005, [96, 112, 112, 171, 0, 0]]
[1006, [96, 128, 128, 42, 144, 0]]
[1007, [114, 114, 114, 57, 114, 0]]
[1008, [84, 100, 100, 87, 84, 0]]
[1009, [54, 86, 86, 87, 54, 0]]
[1010, [72, 72, 72, 117, 24, 0]]
[1011, [48, 64, 64, 117, 0, 0]]
[1012, [48, 80, 80, 117, 0, 0]]
[1013, [96, 96, 96, 117, 0, 0]]
[1014, [96, 112, 112, 117, 0, 0]]
[1015, [96, 128, 128, 117, 0, 0]]
[1016, [144, 144, 144, 117, 0, 0]]
[1017, [144, 160, 160, 117, 0, 0]]
[1018, [144, 176, 176, 147, 0, 0]]
[1019, [192, 192, 192, 78, 144, 0]]
[1020, [162, 178, 178, 108, 114, 0]]
[1021, [132, 164, 164, 108, 84, 0]]
[1022, [150, 150, 150, 138, 54, 0]]
[1023, [120, 136, 136, 153, 24, 0]]
[1024, [96, 128, 128, 9, 144, 0]]
[1025, [114, 114, 114, 39, 114, 0]]
[1026, [84, 100, 100, 54, 84, 0]]
[1027, [54, 86, 86, 69, 54, 0]]
[1028, [72, 72, 72, 99, 24, 0]]
[1029, [48, 64, 64, 99, 0, 0]]
[1030, [48, 80, 80, 129, 0, 0]]
[1031, [96, 96, 96, 129, 0, 0]]
[1032, [96, 112, 112, 129, 0, 0]]
[1033, [96, 128, 128, 129, 0, 0]]
[1034, [144, 144, 144, 129, 0, 0]]
[1035, [144, 160, 160, 129, 0, 0]]
[1036, [144, 176, 176, 129, 0, 0]]
[1037, [192, 192, 192, 129, 0, 0]]
[1038, [192, 208, 208, 159, 0, 0]]
[1039, [192, 224, 224, 105, 144, 0]]
[1040, [210, 210, 210, 135, 114, 0]]
[1041, [180, 196, 196, 135, 84, 0]]
[1042, [150, 182, 182, 165, 54, 0]]
[1043, [168, 168, 168, 21, 168, 0]]
[1044, [138, 154, 154, 21, 138, 0]]
[1045, [108, 140, 140, 51, 108, 0]]
[1046, [126, 126, 126, 66, 78, 0]]
[1047, [96, 112, 112, 81, 48, 0]]
[1048, [66, 98, 98, 111, 18, 0]]
[1049, [96, 96, 96, 111, 0, 0]]
[1050, [96, 112, 112, 156, 0, 0]]
[1051, [96, 128, 128, 12, 144, 0]]
[1052, [114, 114, 114, 12, 114, 0]]
[1053, [84, 100, 100, 12, 84, 0]]
[1054, [54, 86, 86, 12, 54, 0]]
[1055, [72, 72, 72, 12, 24, 0]]
[1056, [48, 64, 64, 12, 0, 0]]
[1057, [48, 80, 80, 12, 0, 0]]
[1058, [96, 96, 96, 42, 0, 0]]
[1059, [96, 112, 112, 132, 0, 0]]
[1060, [96, 128, 128, 162, 0, 0]]
[1061, [144, 144, 144, 33, 144, 0]]
[1062, [114, 130, 130, 63, 114, 0]]
[1063, [84, 116, 116, 63, 84, 0]]
[1064, [102, 102, 102, 63, 54, 0]]
[1065, [72, 88, 88, 93, 24, 0]]
[1066, [48, 80, 80, 108, 0, 0]]
[1067, [96, 96, 96, 123, 0, 0]]
[1068, [96, 112, 112, 153, 0, 0]]
[1069, [96, 128, 128, 9, 144, 0]]
[1070, [114, 114, 114, 54, 114, 0]]
[1071, [84, 100, 100, 54, 84, 0]]
[1072, [54, 86, 86, 54, 54, 0]]
[1073, [72, 72, 72, 54, 24, 0]]
[1074, [48, 64, 64, 54, 0, 0]]
[1075, [48, 80, 80, 54, 0, 0]]
[1076, [96, 96, 96, 54, 0, 0]]
[1077, [96, 112, 112, 54, 0, 0]]
[1078, [96, 128, 128, 84, 0, 0]]
[1079, [144, 144, 144, 144, 0, 0]]
[1080, [144, 160, 160, 30, 144, 0]]
[1081, [114, 146, 146, 45, 114, 0]]
[1082, [132, 132, 132, 90, 84, 0]]
[1083, [102, 118, 118, 105, 54, 0]]
[1084, [72, 104, 104, 105, 24, 0]]
[1085, [96, 96, 96, 135, 0, 0]]
[1086, [96, 112, 112, 150, 0, 0]]
[1087, [96, 128, 128, 6, 144, 0]]
[1088, [114, 114, 114, 36, 114, 0]]
[1089, [84, 100, 100, 36, 84, 0]]
[1090, [54, 86, 86, 81, 54, 0]]
[1091, [72, 72, 72, 81, 24, 0]]
[1092, [48, 64, 64, 96, 0, 0]]
[1093, [48, 80, 80, 96, 0, 0]]
[1094, [96, 96, 96, 96, 0, 0]]
[1095, [96, 112, 112, 96, 0, 0]]
[1096, [96, 128, 128, 96, 0, 0]]
[1097, [144, 144, 144, 96, 0, 0]]
[1098, [144, 160, 160, 126, 0, 0]]
[1099, [144, 176, 176, 186, 0, 0]]
[1100, [192, 192, 192, 57, 144, 0]]
[1101, [162, 178, 178, 72, 114, 0]]
[1102, [132, 164, 164, 117, 84, 0]]
[1103, [150, 150, 150, 132, 54, 0]]
[1104, [120, 136, 136, 132, 24, 0]]
[1105, [96, 128, 128, 147, 0, 0]]
[1106, [144, 144, 144, 18, 144, 0]]
[1107, [114, 130, 130, 18, 114, 0]]
[1108, [84, 116, 116, 48, 84, 0]]
[1109, [102, 102, 102, 48, 54, 0]]
[1110, [72, 88, 88, 93, 24, 0]]
[1111, [48, 80, 80, 93, 0, 0]]
[1112, [96, 96, 96, 108, 0, 0]]
[1113, [96, 112, 112, 108, 0, 0]]
[1114, [96, 128, 128, 108, 0, 0]]
[1115, [144, 144, 144, 108, 0, 0]]
[1116, [144, 160, 160, 108, 0, 0]]
[1117, [144, 176, 176, 108, 0, 0]]
[1118, [192, 192, 192, 153, 0, 0]]
[1119, [192, 208, 208, 69, 144, 0]]
[1120, [162, 194, 194, 84, 114, 0]]
[1121, [180, 180, 180, 99, 84, 0]]
[1122, [150, 166, 166, 144, 54, 0]]
[1123, [120, 152, 152, 30, 168, 0]]
[1124, [138, 138, 138, 30, 138, 0]]
[1125, [108, 124, 124, 45, 108, 0]]
[1126, [78, 110, 110, 60, 78, 0]]
[1127, [96, 96, 96, 60, 48, 0]]
[1128, [66, 82, 82, 90, 18, 0]]
[1129, [48, 80, 80, 90, 0, 0]]
[1130, [96, 96, 96, 135, 0, 0]]
[1131, [96, 112, 112, 135, 0, 0]]
[1132, [96, 128, 128, 150, 0, 0]]
[1133, [144, 144, 144, 6, 144, 0]]
[1134, [114, 130, 130, 6, 114, 0]]
[1135, [84, 116, 116, 6, 84, 0]]
[1136, [102, 102, 102, 6, 54, 0]]
[1137, [72, 88, 88, 6, 24, 0]]
[1138, [48, 80, 80, 51, 0, 0]]
[1139, [96, 96, 96, 111, 0, 0]]
[1140, [96, 112, 112, 126, 0, 0]]
[1141, [96, 128, 128, 141, 0, 0]]
[1142, [144, 144, 144, 186, 0, 0]]
[1143, [144, 160, 160, 72, 144, 0]]
[1144, [114, 146, 146, 72, 114, 0]]
[1145, [132, 132, 132, 87, 84, 0]]
[1146, [102, 118, 118, 102, 54, 0]]
[1147, [72, 104, 104, 102, 24, 0]]
[1148, [96, 96, 96, 132, 0, 0]]
[1149, [96, 112, 112, 132, 0, 0]]
[1150, [96, 128, 128, 177, 0, 0]]
[1151, [144, 144, 144, 33, 144, 0]]
[1152, [114, 130, 130, 48, 114, 0]]
[1153, [84, 116, 116, 48, 84, 0]]
[1154, [102, 102, 102, 48, 54, 0]]
[1155, [72, 88, 88, 48, 24, 0]]
[1156, [48, 80, 80, 48, 0, 0]]
[1157, [96, 96, 96, 48, 0, 0]]
[1158, [96, 112, 112, 93, 0, 0]]
[1159, [96, 128, 128, 153, 0, 0]]
[1160, [144, 144, 144, 24, 144, 0]]
[1161, [114, 130, 130, 24, 114, 0]]
[1162, [84, 116, 116, 69, 84, 0]]
[1163, [102, 102, 102, 99, 54, 0]]
[1164, [72, 88, 88, 114, 24, 0]]
[1165, [48, 80, 80, 129, 0, 0]]
[1166, [96, 96, 96, 144, 0, 0]]
[1167, [96, 112, 112, 0, 144, 0]]
[1168, [66, 98, 98, 30, 114, 0]]
[1169, [84, 84, 84, 30, 84, 0]]
[1170, [54, 70, 70, 75, 54, 0]]
[1171, [24, 56, 56, 75, 24, 0]]
[1172, [48, 48, 48, 90, 0, 0]]
[1173, [48, 64, 64, 90, 0, 0]]
[1174, [48, 80, 80, 90, 0, 0]]
[1175, [96, 96, 96, 90, 0, 0]]
[1176, [96, 112, 112, 90, 0, 0]]
[1177, [96, 128, 128, 90, 0, 0]]
[1178, [144, 144, 144, 135, 0, 0]]
[1179, [144, 160, 160, 195, 0, 0]]
[1180, [144, 176, 176, 66, 144, 0]]
[1181, [162, 162, 162, 66, 114, 0]]
[1182, [132, 148, 148, 111, 84, 0]]
[1183, [102, 134, 134, 141, 54, 0]]
[1184, [120, 120, 120, 156, 24, 0]]
[1185, [96, 112, 112, 27, 144, 0]]
[1186, [66, 98, 98, 42, 114, 0]]
[1187, [84, 84, 84, 42, 84, 0]]
[1188, [54, 70, 70, 72, 54, 0]]
[1189, [24, 56, 56, 72, 24, 0]]
[1190, [48, 48, 48, 117, 0, 0]]
[1191, [48, 64, 64, 117, 0, 0]]
[1192, [48, 80, 80, 132, 0, 0]]
[1193, [96, 96, 96, 132, 0, 0]]
[1194, [96, 112, 112, 132, 0, 0]]
[1195, [96, 128, 128, 132, 0, 0]]
[1196, [144, 144, 144, 132, 0, 0]]
[1197, [144, 160, 160, 132, 0, 0]]
[1198, [144, 176, 176, 162, 0, 0]]
[1199, [192, 192, 192, 78, 144, 0]]
[1200, [162, 178, 178, 108, 114, 0]]
[1201, [132, 164, 164, 108, 84, 0]]
[1202, [150, 150, 150, 153, 54, 0]]
[1203, [120, 136, 136, 39, 168, 0]]
[1204, [90, 122, 122, 54, 138, 0]]
[1205, [108, 108, 108, 69, 108, 0]]
[1206, [78, 94, 94, 84, 78, 0]]
[1207, [48, 80, 80, 84, 48, 0]]
[1208, [66, 66, 66, 114, 18, 0]]
[1209, [48, 64, 64, 114, 0, 0]]
[1210, [48, 80, 80, 159, 0, 0]]
[1211, [96, 96, 96, 15, 144, 0]]
[1212, [66, 82, 82, 30, 114, 0]]
[1213, [36, 68, 68, 30, 84, 0]]
[1214, [54, 54, 54, 30, 54, 0]]
[1215, [24, 40, 40, 30, 24, 0]]
[1216, [0, 32, 32, 30, 0, 0]]
[1217, [48, 48, 48, 30, 0, 0]]
[1218, [48, 64, 64, 60, 0, 0]]
[1219, [48, 80, 80, 120, 0, 0]]
[1220, [96, 96, 96, 150, 0, 0]]
[1221, [96, 112, 112, 6, 144, 0]]
[1222, [66, 98, 98, 51, 114, 0]]
[1223, [84, 84, 84, 81, 84, 0]]
[1224, [54, 70, 70, 96, 54, 0]]
[1225, [24, 56, 56, 111, 24, 0]]
[1226, [48, 48, 48, 126, 0, 0]]
[1227, [48, 64, 64, 126, 0, 0]]
[1228, [48, 80, 80, 156, 0, 0]]
[1229, [96, 96, 96, 12, 144, 0]]
[1230, [66, 82, 82, 57, 114, 0]]
[1231, [36, 68, 68, 57, 84, 0]]
[1232, [54, 54, 54, 57, 54, 0]]
[1233, [24, 40, 40, 57, 24, 0]]
[1234, [0, 32, 32, 57, 0, 0]]
[1235, [48, 48, 48, 57, 0, 0]]
[1236, [48, 64, 64, 57, 0, 0]]
[1237, [48, 80, 80, 57, 0, 0]]
[1238, [96, 96, 96, 87, 0, 0]]
[1239, [96, 112, 112, 147, 0, 0]]
[1240, [96, 128, 128, 48, 144, 0]]
[1241, [114, 114, 114, 48, 114, 0]]
[1242, [84, 100, 100, 93, 84, 0]]
[1243, [54, 86, 86, 123, 54, 0]]
[1244, [72, 72, 72, 138, 24, 0]]
[1245, [48, 64, 64, 153, 0, 0]]
[1246, [48, 80, 80, 24, 144, 0]]
[1247, [66, 66, 66, 24, 114, 0]]
[1248, [36, 52, 52, 54, 84, 0]]
[1249, [6, 38, 38, 54, 54, 0]]
[1250, [24, 24, 24, 99, 24, 0]]
[1251, [0, 16, 16, 99, 0, 0]]
[1252, [0, 32, 32, 99, 0, 0]]
[1253, [48, 48, 48, 99, 0, 0]]
[1254, [48, 64, 64, 99, 0, 0]]
[1255, [48, 80, 80, 99, 0, 0]]
[1256, [96, 96, 96, 99, 0, 0]]
[1257, [96, 112, 112, 99, 0, 0]]
[1258, [96, 128, 128, 129, 0, 0]]
[1259, [144, 144, 144, 189, 0, 0]]
[1260, [144, 160, 160, 90, 144, 0]]
[1261, [114, 146, 146, 90, 114, 0]]
[1262, [132, 132, 132, 135, 84, 0]]
[1263, [102, 118, 118, 165, 54, 0]]
[1264, [72, 104, 104, 36, 168, 0]]
[1265, [90, 90, 90, 36, 138, 0]]
[1266, [60, 76, 76, 66, 108, 0]]
[1267, [30, 62, 62, 66, 78, 0]]
[1268, [48, 48, 48, 96, 48, 0]]
[1269, [18, 34, 34, 96, 18, 0]]
[1270, [0, 32, 32, 141, 0, 0]]
[1271, [48, 48, 48, 141, 0, 0]]
[1272, [48, 64, 64, 141, 0, 0]]
[1273, [48, 80, 80, 141, 0, 0]]
[1274, [96, 96, 96, 141, 0, 0]]
[1275, [96, 112, 112, 141, 0, 0]]
[1276, [96, 128, 128, 141, 0, 0]]
[1277, [144, 144, 144, 141, 0, 0]]
[1278, [144, 160, 160, 171, 0, 0]]
[1279, [144, 176, 176, 87, 144, 0]]
[1280, [162, 162, 162, 132, 114, 0]]
[1281, [132, 148, 148, 132, 84, 0]]
[1282, [102, 134, 134, 177, 54, 0]]
[1283, [120, 120, 120, 63, 168, 0]]
[1284, [90, 106, 106, 78, 138, 0]]
[1285, [60, 92, 92, 78, 108, 0]]
[1286, [78, 78, 78, 108, 78, 0]]
[1287, [48, 64, 64, 108, 48, 0]]
[1288, [18, 50, 50, 138, 18, 0]]
[1289, [48, 48, 48, 138, 0, 0]]
[1290, [48, 64, 64, 183, 0, 0]]
[1291, [48, 80, 80, 39, 144, 0]]
[1292, [66, 66, 66, 39, 114, 0]]
[1293, [36, 52, 52, 39, 84, 0]]
[1294, [6, 38, 38, 39, 54, 0]]
[1295, [24, 24, 24, 39, 24, 0]]
[1296, [0, 16, 16, 39, 0, 0]]
[1297, [0, 32, 32, 39, 0, 0]]
[1298, [48, 48, 48, 69, 0, 0]]
[1299, [48, 64, 64, 129, 0, 0]]
[1300, [48, 80, 80, 174, 0, 0]]
[1301, [96, 96, 96, 30, 144, 0]]
[1302, [66, 82, 82, 75, 114, 0]]
[1303, [36, 68, 68, 105, 84, 0]]
[1304, [54, 54, 54, 120, 54, 0]]
[1305, [24, 40, 40, 120, 24, 0]]
[1306, [0, 32, 32, 150, 0, 0]]
[1307, [48, 48, 48, 6, 144, 0]]
[1308, [18, 34, 34, 21, 114, 0]]
[1309, [0, 32, 32, 21, 84, 12]]
[1310, [6, 6, 6, 66, 54, 0]]
[1311, [0, 16, 16, 66, 24, 24]]
[1312, [0, 32, 32, 66, 0, 48]]
[1313, [0, 0, 0, 81, 0, 0]]
[1314, [0, 16, 16, 81, 0, 0]]
[1315, [0, 32, 32, 81, 0, 0]]
[1316, [48, 48, 48, 81, 0, 0]]
[1317, [48, 64, 64, 81, 0, 0]]
[1318, [48, 80, 80, 111, 0, 0]]
[1319, [96, 96, 96, 171, 0, 0]]
[1320, [96, 112, 112, 72, 144, 0]]
[1321, [66, 98, 98, 72, 114, 0]]
[1322, [84, 84, 84, 117, 84, 0]]
[1323, [54, 70, 70, 147, 54, 0]]
[1324, [24, 56, 56, 18, 168, 0]]
[1325, [42, 42, 42, 18, 138, 0]]
[1326, [12, 28, 28, 48, 108, 0]]
[1327, [0, 32, 32, 48, 78, 18]]
[1328, [0, 0, 0, 63, 48, 0]]
[1329, [0, 16, 16, 63, 18, 30]]
[1330, [0, 32, 32, 108, 0, 48]]
[1331, [0, 0, 0, 108, 0, 0]]
[1332, [0, 16, 16, 108, 0, 0]]
[1333, [0, 32, 32, 123, 0, 0]]
[1334, [48, 48, 48, 123, 0, 0]]
[1335, [48, 64, 64, 123, 0, 0]]
[1336, [48, 80, 80, 123, 0, 0]]
[1337, [96, 96, 96, 123, 0, 0]]
[1338, [96, 112, 112, 153, 0, 0]]
[1339, [96, 128, 128, 69, 144, 0]]
[1340, [114, 114, 114, 114, 114, 0]]
[1341, [84, 100, 100, 114, 84, 0]]
[1342, [54, 86, 86, 159, 54, 0]]
[1343, [72, 72, 72, 45, 168, 0]]
[1344, [42, 58, 58, 60, 138, 0]]
[1345, [12, 44, 44, 60, 108, 0]]
[1346, [30, 30, 30, 90, 78, 0]]
[1347, [0, 16, 16, 90, 48, 0]]
[1348, [0, 32, 32, 105, 18, 30]]
[1349, [0, 0, 0, 105, 0, 0]]
[1350, [0, 16, 16, 150, 0, 0]]
[1351, [0, 32, 32, 6, 144, 0]]
[1352, [18, 18, 18, 6, 114, 0]]
[1353, [0, 16, 16, 21, 84, 12]]
[1354, [0, 32, 32, 21, 54, 42]]
[1355, [0, 0, 0, 21, 24, 24]]
[1356, [0, 16, 16, 21, 0, 48]]
[1357, [0, 32, 32, 21, 0, 48]]
[1358, [0, 0, 0, 51, 0, 0]]
[1359, [0, 16, 16, 111, 0, 0]]
[1360, [0, 32, 32, 141, 0, 0]]
[1361, [48, 48, 48, 141, 0, 0]]
[1362, [48, 64, 64, 171, 0, 0]]
[1363, [48, 80, 80, 57, 144, 0]]
[1364, [66, 66, 66, 72, 114, 0]]
[1365, [36, 52, 52, 87, 84, 0]]
[1366, [6, 38, 38, 117, 54, 0]]
[1367, [24, 24, 24, 117, 24, 0]]
[1368, [0, 16, 16, 147, 0, 0]]
[1369, [0, 32, 32, 3, 144, 0]]
[1370, [18, 18, 18, 48, 114, 0]]
[1371, [0, 16, 16, 48, 84, 12]]
[1372, [0, 32, 32, 48, 54, 42]]
[1373, [0, 0, 0, 63, 24, 24]]
[1374, [0, 16, 16, 63, 0, 48]]
[1375, [0, 32, 32, 63, 0, 48]]
[1376, [0, 0, 0, 63, 0, 0]]
[1377, [0, 16, 16, 63, 0, 0]]
[1378, [0, 32, 32, 93, 0, 0]]
[1379, [48, 48, 48, 138, 0, 0]]
[1380, [48, 64, 64, 168, 0, 0]]
[1381, [48, 80, 80, 24, 144, 0]]
[1382, [66, 66, 66, 54, 114, 0]]
[1383, [36, 52, 52, 84, 84, 0]]
[1384, [6, 38, 38, 99, 54, 0]]
[1385, [24, 24, 24, 114, 24, 0]]
[1386, [0, 16, 16, 144, 0, 0]]
[1387, [0, 32, 32, 0, 144, 0]]
[1388, [18, 18, 18, 30, 114, 0]]
[1389, [0, 16, 16, 30, 84, 12]]
[1390, [0, 32, 32, 75, 54, 42]]
[1391, [0, 0, 0, 75, 24, 24]]
[1392, [0, 16, 16, 75, 0, 48]]
[1393, [0, 32, 32, 90, 0, 48]]
[1394, [0, 0, 0, 90, 0, 0]]
[1395, [0, 16, 16, 90, 0, 0]]
[1396, [0, 32, 32, 105, 0, 0]]
[1397, [48, 48, 48, 105, 0, 0]]
[1398, [48, 64, 64, 135, 0, 0]]
[1399, [48, 80, 80, 165, 0, 0]]
[1400, [96, 96, 96, 66, 144, 0]]
[1401, [66, 82, 82, 66, 114, 0]]
[1402, [36, 68, 68, 96, 84, 0]]
[1403, [54, 54, 54, 126, 54, 0]]
[1404, [24, 40, 40, 141, 24, 0]]
[1405, [0, 32, 32, 156, 0, 0]]
[1406, [48, 48, 48, 27, 144, 0]]
[1407, [18, 34, 34, 27, 114, 0]]
[1408, [0, 32, 32, 57, 84, 12]]
[1409, [6, 6, 6, 57, 54, 0]]
[1410, [0, 16, 16, 102, 24, 24]]
[1411, [0, 32, 32, 102, 0, 48]]
[1412, [0, 0, 0, 102, 0, 0]]
[1413, [0, 16, 16, 117, 0, 0]]
[1414, [0, 32, 32, 117, 0, 0]]
[1415, [48, 48, 48, 117, 0, 0]]
[1416, [48, 64, 64, 132, 0, 0]]
[1417, [48, 80, 80, 147, 0, 0]]
[1418, [96, 96, 96, 33, 144, 0]]
[1419, [66, 82, 82, 63, 114, 0]]
[1420, [36, 68, 68, 108, 84, 0]]
[1421, [54, 54, 54, 108, 54, 0]]
[1422, [24, 40, 40, 138, 24, 0]]
[1423, [0, 32, 32, 168, 0, 0]]
[1424, [48, 48, 48, 39, 144, 0]]
[1425, [18, 34, 34, 54, 114, 0]]
[1426, [0, 32, 32, 69, 84, 12]]
[1427, [6, 6, 6, 69, 54, 0]]
[1428, [0, 16, 16, 99, 24, 24]]
[1429, [0, 32, 32, 99, 0, 48]]
[1430, [0, 0, 0, 144, 0, 0]]
[1431, [0, 16, 16, 0, 144, 0]]
[1432, [0, 32, 32, 0, 114, 30]]
[1433, [0, 0, 0, 15, 84, 12]]
[1434, [0, 16, 16, 15, 54, 42]]
[1435, [0, 32, 32, 15, 24, 72]]
[1436, [0, 0, 0, 30, 0, 48]]
[1437, [0, 16, 16, 45, 0, 48]]
[1438, [0, 32, 32, 75, 0, 48]]
[1439, [0, 0, 0, 105, 0, 0]]
