SimulationV09.py[0, [0, 16, 16, 0, 0, 0]]
[1, [0, 32, 32, 0, 0, 0]]
[2, [48, 48, 48, 0, 0, 0]]
[3, [48, 64, 64, 0, 0, 0]]
[4, [48, 80, 80, 0, 0, 0]]
[5, [96, 96, 96, 0, 0, 0]]
[6, [96, 112, 112, 0, 0, 0]]
[7, [96, 128, 128, 0, 0, 0]]
[8, [144, 144, 144, 0, 0, 0]]
[9, [144, 160, 160, 0, 0, 0]]
[10, [144, 176, 176, 0, 0, 0]]
[11, [192, 192, 192, 0, 0, 0]]
[12, [192, 198, 198, 0, 0, 0]]
[14, [196, 198, 198, 0, 0, 0]]
[19, [196, 198, 198, 195, 0, 0]]
[20, [196, 198, 198, 186, 144, 0]]
[21, [164, 166, 166, 42, 111, 1]]
[22, [162, 148, 148, 42, 78, 0]]
[23, [142, 132, 132, 42, 189, 1]]
[24, [112, 114, 114, 42, 156, 0]]
[25, [112, 98, 98, 42, 123, 1]]
[26, [90, 80, 80, 42, 90, 0]]
[27, [62, 64, 64, 42, 57, 1]]
[28, [60, 46, 46, 42, 24, 0]]
[29, [48, 38, 38, 42, 0, 0]]
[30, [52, 54, 54, 42, 0, 0]]
[31, [84, 70, 70, 42, 0, 0]]
[32, [96, 86, 86, 42, 0, 0]]
[33, [100, 102, 102, 42, 0, 0]]
[34, [132, 118, 118, 42, 0, 0]]
[35, [144, 134, 134, 42, 0, 0]]
[36, [148, 150, 150, 42, 0, 0]]
[37, [180, 166, 166, 42, 0, 0]]
[38, [192, 182, 182, 42, 0, 0]]
[39, [196, 198, 198, 192, 0, 0]]
[40, [196, 198, 198, 93, 144, 0]]
[41, [164, 166, 166, 198, 111, 1]]
[42, [130, 148, 148, 84, 78, 0]]
[43, [130, 132, 132, 84, 189, 1]]
[44, [112, 114, 114, 84, 156, 0]]
[45, [80, 98, 98, 84, 123, 1]]
[46, [78, 80, 80, 84, 90, 0]]
[47, [62, 64, 64, 84, 57, 1]]
[48, [28, 46, 46, 84, 24, 0]]
[49, [36, 38, 38, 84, 0, 0]]
[50, [52, 54, 54, 84, 0, 0]]
[51, [52, 70, 70, 84, 0, 0]]
[52, [84, 86, 86, 84, 0, 0]]
[53, [100, 102, 102, 84, 0, 0]]
[54, [100, 118, 118, 84, 0, 0]]
[55, [132, 134, 134, 84, 0, 0]]
[56, [148, 150, 150, 84, 0, 0]]
[57, [148, 166, 166, 84, 0, 0]]
[58, [180, 182, 182, 84, 0, 0]]
[59, [196, 198, 198, 189, 0, 0]]
[60, [196, 198, 198, 90, 144, 0]]
[61, [164, 166, 166, 135, 111, 1]]
[62, [130, 148, 148, 195, 78, 0]]
[63, [130, 132, 132, 96, 189, 1]]
[64, [112, 114, 114, 126, 156, 0]]
[65, [80, 98, 98, 126, 123, 1]]
[66, [78, 80, 80, 126, 90, 0]]
[67, [62, 64, 64, 126, 57, 1]]
[68, [28, 46, 46, 126, 24, 0]]
[69, [36, 38, 38, 126, 0, 0]]
[70, [52, 54, 54, 126, 0, 0]]
[71, [52, 70, 70, 126, 0, 0]]
[72, [84, 86, 86, 126, 0, 0]]
[73, [100, 102, 102, 126, 0, 0]]
[74, [100, 118, 118, 126, 0, 0]]
[75, [132, 134, 134, 126, 0, 0]]
[76, [148, 150, 150, 126, 0, 0]]
[77, [148, 166, 166, 126, 0, 0]]
[78, [180, 182, 182, 126, 0, 0]]
[79, [196, 198, 198, 186, 0, 0]]
[80, [196, 198, 198, 87, 144, 0]]
[81, [164, 166, 166, 132, 111, 1]]
[82, [130, 148, 148, 177, 78, 0]]
[83, [130, 132, 132, 93, 189, 1]]
[84, [112, 114, 114, 138, 156, 0]]
[85, [80, 98, 98, 168, 123, 1]]
[86, [78, 80, 80, 24, 90, 0]]
[87, [62, 64, 64, 24, 57, 1]]
[88, [28, 46, 46, 24, 168, 0]]
[89, [28, 30, 30, 24, 135, 1]]
[90, [10, 12, 12, 24, 102, 0]]
[91, [0, 18, 18, 24, 69, 23]]
[92, [0, 2, 2, 24, 36, 24]]
[93, [0, 2, 2, 24, 3, 41]]
[94, [0, 18, 18, 24, 0, 44]]
[95, [0, 2, 2, 24, 0, 12]]
[96, [4, 6, 6, 24, 0, 0]]
[97, [4, 22, 22, 24, 0, 0]]
[98, [36, 38, 38, 24, 0, 0]]
[99, [52, 54, 54, 84, 0, 0]]
[100, [52, 70, 70, 129, 0, 0]]
[101, [84, 86, 86, 174, 0, 0]]
[102, [100, 102, 102, 75, 144, 0]]
[103, [68, 86, 86, 135, 111, 1]]
[104, [66, 68, 68, 180, 78, 0]]
[105, [50, 52, 52, 66, 189, 1]]
[106, [16, 34, 34, 66, 156, 0]]
[107, [16, 18, 18, 66, 123, 1]]
[108, [0, 2, 2, 66, 90, 2]]
[109, [0, 18, 18, 66, 57, 35]]
[110, [0, 2, 2, 66, 24, 36]]
[111, [0, 2, 2, 66, 0, 44]]
[112, [0, 18, 18, 66, 0, 44]]
[113, [0, 2, 2, 66, 0, 12]]
[114, [4, 6, 6, 66, 0, 0]]
[115, [4, 22, 22, 66, 0, 0]]
[116, [36, 38, 38, 66, 0, 0]]
[117, [52, 54, 54, 66, 0, 0]]
[118, [52, 70, 70, 66, 0, 0]]
[119, [84, 86, 86, 126, 0, 0]]
[120, [100, 102, 102, 171, 0, 0]]
[121, [100, 118, 118, 72, 144, 0]]
[122, [100, 102, 102, 117, 111, 1]]
[123, [82, 84, 84, 177, 78, 0]]
[124, [50, 68, 68, 78, 189, 1]]
[125, [56, 58, 58, 108, 156, 8]]
[126, [72, 74, 74, 108, 123, 41]]
[127, [70, 88, 88, 108, 90, 72]]
[128, [102, 104, 104, 108, 57, 105]]
[129, [108, 110, 110, 108, 24, 128]]
[130, [96, 114, 114, 108, 0, 140]]
[131, [114, 116, 116, 108, 0, 126]]
[132, [122, 124, 124, 108, 0, 118]]
[133, [116, 134, 134, 108, 0, 112]]
[134, [144, 146, 146, 108, 0, 108]]
[135, [158, 160, 160, 108, 0, 106]]
[136, [156, 174, 174, 108, 0, 104]]
[137, [186, 188, 188, 108, 0, 102]]
[138, [192, 192, 192, 108, 0, 96]]
[139, [180, 182, 182, 168, 0, 80]]
[140, [178, 180, 180, 69, 144, 62]]
[141, [188, 186, 186, 114, 111, 85]]
[142, [174, 184, 184, 159, 78, 104]]
[143, [186, 186, 186, 75, 189, 125]]
[144, [178, 178, 178, 120, 156, 138]]
[145, [170, 178, 178, 150, 123, 155]]
[146, [154, 158, 158, 6, 90, 152]]
[147, [148, 148, 148, 6, 57, 159]]
[148, [132, 140, 140, 6, 168, 168]]
[149, [112, 116, 116, 6, 135, 158]]
[150, [108, 108, 108, 6, 105, 167]]
[151, [86, 94, 94, 6, 72, 167]]
[152, [76, 80, 80, 6, 42, 167]]
[153, [56, 56, 56, 6, 12, 157]]
[154, [36, 44, 44, 6, 0, 144]]
[155, [32, 36, 36, 6, 0, 120]]
[156, [12, 12, 12, 6, 0, 80]]
[157, [0, 8, 8, 6, 0, 60]]
[158, [0, 4, 4, 6, 0, 40]]
[159, [0, 0, 0, 66, 0, 20]]
[160, [0, 8, 8, 111, 0, 12]]
[161, [8, 12, 12, 156, 0, 0]]
[162, [28, 28, 28, 57, 144, 0]]
[163, [4, 12, 12, 117, 111, 1]]
[164, [0, 4, 4, 162, 78, 10]]
[165, [0, 0, 0, 48, 189, 23]]
[166, [0, 8, 8, 48, 156, 48]]
[167, [0, 4, 4, 48, 123, 61]]
[168, [0, 0, 0, 48, 90, 74]]
[169, [0, 8, 8, 48, 57, 99]]
[170, [0, 4, 4, 48, 24, 112]]
[171, [0, 0, 0, 48, 0, 116]]
[172, [0, 8, 8, 48, 0, 108]]
[173, [0, 4, 4, 48, 0, 88]]
[174, [0, 0, 0, 48, 0, 68]]
[175, [0, 8, 8, 48, 0, 60]]
[176, [0, 4, 4, 48, 0, 40]]
[177, [0, 0, 0, 48, 0, 20]]
[178, [0, 8, 8, 48, 0, 12]]
[179, [8, 12, 12, 108, 0, 0]]
[180, [28, 28, 28, 153, 0, 0]]
[181, [36, 44, 44, 54, 144, 0]]
[182, [24, 28, 28, 99, 111, 1]]
[183, [10, 10, 10, 159, 78, 0]]
[184, [0, 8, 8, 60, 189, 15]]
[185, [0, 4, 4, 90, 156, 28]]
[186, [0, 0, 0, 90, 123, 41]]
[187, [0, 8, 8, 90, 90, 66]]
[188, [0, 4, 4, 90, 57, 79]]
[189, [0, 0, 0, 90, 24, 92]]
[190, [0, 8, 8, 90, 0, 108]]
[191, [0, 4, 4, 90, 0, 88]]
[192, [0, 0, 0, 90, 0, 68]]
[193, [0, 8, 8, 90, 0, 60]]
[194, [0, 4, 4, 90, 0, 40]]
[195, [0, 0, 0, 90, 0, 20]]
[196, [0, 8, 8, 90, 0, 12]]
[197, [8, 12, 12, 90, 0, 0]]
[198, [28, 28, 28, 90, 0, 0]]
[199, [36, 44, 44, 150, 0, 0]]
[200, [56, 60, 60, 51, 144, 0]]
[201, [44, 44, 44, 81, 111, 1]]
[202, [18, 26, 26, 126, 78, 0]]
[203, [6, 10, 10, 186, 45, 1]]
[204, [0, 0, 0, 57, 156, 8]]
[205, [0, 8, 8, 102, 123, 33]]
[206, [0, 4, 4, 132, 90, 46]]
[207, [0, 0, 0, 132, 57, 59]]
[208, [0, 8, 8, 132, 24, 84]]
[209, [0, 4, 4, 132, 0, 88]]
[210, [0, 0, 0, 132, 0, 68]]
[211, [0, 8, 8, 132, 0, 60]]
[212, [0, 4, 4, 132, 0, 40]]
[213, [0, 0, 0, 132, 0, 20]]
[214, [0, 8, 8, 132, 0, 12]]
[215, [8, 12, 12, 132, 0, 0]]
[216, [28, 28, 28, 132, 0, 0]]
[217, [36, 44, 44, 132, 0, 0]]
[218, [56, 60, 60, 132, 0, 0]]
[219, [76, 76, 76, 192, 0, 0]]
[220, [84, 92, 92, 48, 144, 0]]
[221, [72, 76, 76, 93, 111, 1]]
[222, [58, 58, 58, 123, 78, 0]]
[223, [34, 42, 42, 168, 45, 1]]
[224, [20, 24, 24, 84, 156, 0]]
[225, [8, 8, 8, 99, 123, 1]]
[226, [0, 8, 8, 144, 90, 18]]
[227, [0, 4, 4, 30, 57, 31]]
[228, [0, 0, 0, 30, 168, 44]]
[229, [0, 8, 8, 30, 135, 69]]
[230, [0, 4, 4, 30, 102, 82]]
[231, [0, 0, 0, 30, 69, 95]]
[232, [0, 8, 8, 30, 36, 120]]
[233, [0, 4, 4, 30, 3, 133]]
[234, [0, 0, 0, 30, 0, 116]]
[235, [0, 8, 8, 30, 0, 108]]
[236, [0, 4, 4, 30, 0, 88]]
[237, [0, 0, 0, 30, 0, 68]]
[238, [0, 8, 8, 30, 0, 60]]
[239, [0, 4, 4, 90, 0, 40]]
[240, [0, 0, 0, 90, 0, 20]]
[241, [0, 8, 8, 135, 0, 12]]
[242, [8, 12, 12, 165, 0, 0]]
[243, [28, 28, 28, 66, 144, 0]]
[244, [4, 12, 12, 126, 111, 1]]
[245, [0, 4, 4, 141, 78, 10]]
[246, [0, 0, 0, 186, 45, 23]]
[247, [0, 8, 8, 42, 156, 48]]
[248, [0, 4, 4, 72, 123, 61]]
[249, [0, 0, 0, 72, 90, 74]]
[250, [0, 8, 8, 72, 57, 99]]
[251, [0, 4, 4, 72, 24, 112]]
[252, [0, 0, 0, 72, 0, 116]]
[253, [0, 8, 8, 72, 0, 108]]
[254, [0, 4, 4, 72, 0, 88]]
[255, [0, 0, 0, 72, 0, 68]]
[256, [0, 8, 8, 72, 0, 60]]
[257, [0, 4, 4, 72, 0, 40]]
[258, [0, 0, 0, 72, 0, 20]]
[259, [0, 8, 8, 132, 0, 12]]
[260, [8, 12, 12, 132, 0, 0]]
[261, [28, 28, 28, 177, 0, 0]]
[262, [36, 44, 44, 63, 144, 0]]
[263, [24, 28, 28, 108, 111, 1]]
[264, [10, 10, 10, 168, 78, 0]]
[265, [0, 8, 8, 39, 189, 15]]
[266, [0, 4, 4, 84, 156, 28]]
[267, [0, 0, 0, 84, 123, 41]]
[268, [0, 8, 8, 114, 90, 66]]
[269, [0, 4, 4, 114, 57, 79]]
[270, [0, 0, 0, 114, 24, 92]]
[271, [0, 8, 8, 114, 0, 108]]
[272, [0, 4, 4, 114, 0, 88]]
[273, [0, 0, 0, 114, 0, 68]]
[274, [0, 8, 8, 114, 0, 60]]
[275, [0, 4, 4, 114, 0, 40]]
[276, [0, 0, 0, 114, 0, 20]]
[277, [0, 8, 8, 114, 0, 12]]
[278, [8, 12, 12, 114, 0, 0]]
[279, [28, 28, 28, 174, 0, 0]]
[280, [36, 44, 44, 30, 144, 0]]
[281, [24, 28, 28, 75, 111, 1]]
[282, [12, 12, 12, 105, 78, 2]]
[283, [14, 22, 22, 150, 45, 29]]
[284, [20, 24, 24, 66, 156, 48]]
[285, [28, 28, 28, 81, 123, 69]]
[286, [32, 40, 40, 126, 90, 98]]
[287, [48, 52, 52, 126, 57, 127]]
[288, [30, 30, 30, 156, 24, 122]]
[289, [14, 22, 22, 12, 144, 122]]
[290, [20, 24, 24, 12, 111, 141]]
[291, [22, 22, 22, 12, 78, 156]]
[292, [8, 16, 16, 12, 45, 167]]
[293, [10, 14, 14, 12, 12, 179]]
[294, [14, 14, 14, 12, 0, 178]]
[295, [0, 8, 8, 12, 0, 156]]
[296, [0, 4, 4, 12, 0, 136]]
[297, [0, 0, 0, 12, 0, 116]]
[298, [0, 8, 8, 12, 0, 108]]
[299, [0, 4, 4, 72, 0, 88]]
[300, [0, 0, 0, 72, 0, 68]]
[301, [0, 8, 8, 117, 0, 60]]
[302, [0, 4, 4, 147, 0, 40]]
[303, [0, 0, 0, 48, 144, 20]]
[304, [0, 8, 8, 108, 111, 45]]
[305, [0, 4, 4, 123, 78, 58]]
[306, [0, 0, 0, 168, 45, 71]]
[307, [0, 8, 8, 24, 156, 96]]
[308, [0, 4, 4, 54, 123, 109]]
[309, [0, 0, 0, 54, 90, 122]]
[310, [0, 8, 8, 54, 57, 147]]
[311, [0, 4, 4, 54, 24, 160]]
[312, [0, 0, 0, 54, 0, 164]]
[313, [0, 8, 8, 54, 0, 156]]
[314, [0, 4, 4, 54, 0, 136]]
[315, [0, 0, 0, 54, 0, 116]]
[316, [0, 8, 8, 54, 0, 108]]
[317, [0, 4, 4, 54, 0, 88]]
[318, [0, 0, 0, 54, 0, 68]]
[319, [0, 8, 8, 114, 0, 60]]
[320, [0, 4, 4, 114, 0, 40]]
[321, [0, 0, 0, 159, 0, 20]]
[322, [0, 8, 8, 45, 144, 12]]
[323, [0, 4, 4, 90, 111, 25]]
[324, [0, 0, 0, 150, 78, 38]]
[325, [0, 8, 8, 21, 189, 63]]
[326, [0, 4, 4, 66, 156, 76]]
[327, [0, 0, 0, 66, 123, 89]]
[328, [0, 8, 8, 96, 90, 114]]
[329, [0, 4, 4, 96, 57, 127]]
[330, [0, 0, 0, 96, 24, 140]]
[331, [0, 8, 8, 96, 0, 156]]
[332, [0, 4, 4, 96, 0, 136]]
[333, [0, 0, 0, 96, 0, 116]]
[334, [0, 8, 8, 96, 0, 108]]
[335, [0, 4, 4, 96, 0, 88]]
[336, [0, 0, 0, 96, 0, 68]]
[337, [0, 8, 8, 96, 0, 60]]
[338, [0, 4, 4, 96, 0, 40]]
[339, [0, 0, 0, 156, 0, 20]]
[340, [0, 8, 8, 12, 144, 12]]
[341, [0, 4, 4, 57, 111, 25]]
[342, [0, 0, 0, 87, 78, 38]]
[343, [0, 8, 8, 132, 45, 63]]
[344, [0, 4, 4, 192, 12, 76]]
[345, [0, 0, 0, 48, 144, 68]]
[346, [0, 8, 8, 63, 111, 93]]
[347, [0, 4, 4, 108, 78, 106]]
[348, [0, 0, 0, 108, 45, 119]]
[349, [0, 8, 8, 138, 12, 144]]
[350, [0, 4, 4, 138, 0, 136]]
[351, [0, 0, 0, 138, 0, 116]]
[352, [0, 8, 8, 138, 0, 108]]
[353, [0, 4, 4, 138, 0, 88]]
[354, [0, 0, 0, 138, 0, 68]]
[355, [0, 8, 8, 138, 0, 60]]
[356, [0, 4, 4, 138, 0, 40]]
[357, [0, 0, 0, 138, 0, 20]]
[358, [0, 8, 8, 138, 0, 12]]
[359, [8, 12, 12, 198, 0, 0]]
[360, [28, 28, 28, 54, 144, 0]]
[361, [4, 12, 12, 54, 111, 1]]
[362, [0, 4, 4, 99, 78, 10]]
[363, [0, 0, 0, 129, 45, 23]]
[364, [0, 8, 8, 174, 12, 48]]
[365, [0, 4, 4, 90, 144, 40]]
[366, [0, 0, 0, 90, 111, 53]]
[367, [0, 8, 8, 105, 78, 78]]
[368, [0, 4, 4, 150, 45, 91]]
[369, [0, 0, 0, 6, 156, 104]]
[370, [0, 8, 8, 36, 123, 129]]
[371, [0, 4, 4, 36, 90, 142]]
[372, [0, 0, 0, 36, 57, 155]]
[373, [0, 8, 8, 36, 24, 180]]
[374, [0, 4, 4, 36, 0, 178]]
[375, [0, 0, 0, 36, 0, 164]]
[376, [0, 8, 8, 36, 0, 156]]
[377, [0, 4, 4, 36, 0, 136]]
[378, [0, 0, 0, 36, 0, 116]]
[379, [0, 8, 8, 96, 0, 108]]
[380, [0, 4, 4, 96, 0, 88]]
[381, [0, 0, 0, 96, 0, 68]]
[382, [0, 8, 8, 141, 0, 60]]
[383, [0, 4, 4, 171, 0, 40]]
[384, [0, 0, 0, 72, 144, 20]]
[385, [0, 8, 8, 132, 111, 45]]
[386, [0, 4, 4, 132, 78, 58]]
[387, [0, 0, 0, 147, 45, 71]]
[388, [0, 8, 8, 48, 156, 96]]
[389, [0, 4, 4, 48, 123, 109]]
[390, [0, 0, 0, 78, 90, 122]]
[391, [0, 8, 8, 78, 57, 147]]
[392, [0, 4, 4, 78, 24, 160]]
[393, [0, 0, 0, 78, 0, 164]]
[394, [0, 8, 8, 78, 0, 156]]
[395, [0, 4, 4, 78, 0, 136]]
[396, [0, 0, 0, 78, 0, 116]]
[397, [0, 8, 8, 78, 0, 108]]
[398, [0, 4, 4, 78, 0, 88]]
[399, [0, 0, 0, 138, 0, 68]]
[400, [0, 8, 8, 138, 0, 60]]
[401, [0, 4, 4, 138, 0, 40]]
[402, [0, 0, 0, 183, 0, 20]]
[403, [0, 8, 8, 69, 144, 12]]
[404, [0, 4, 4, 114, 111, 25]]
[405, [0, 0, 0, 174, 78, 38]]
[406, [0, 8, 8, 30, 189, 63]]
[407, [0, 4, 4, 45, 156, 76]]
[408, [0, 0, 0, 90, 123, 89]]
[409, [0, 8, 8, 90, 90, 114]]
[410, [0, 4, 4, 120, 57, 127]]
[411, [0, 0, 0, 120, 24, 140]]
[412, [0, 8, 8, 120, 0, 156]]
[413, [0, 4, 4, 120, 0, 136]]
[414, [0, 0, 0, 120, 0, 116]]
[415, [0, 8, 8, 120, 0, 108]]
[416, [0, 4, 4, 120, 0, 88]]
[417, [0, 0, 0, 120, 0, 68]]
[418, [0, 8, 8, 120, 0, 60]]
[419, [0, 4, 4, 180, 0, 40]]
[420, [0, 0, 0, 36, 144, 20]]
[421, [0, 8, 8, 36, 111, 45]]
[422, [0, 4, 4, 81, 78, 58]]
[423, [0, 0, 0, 111, 45, 71]]
[424, [0, 8, 8, 156, 12, 96]]
[425, [0, 4, 4, 72, 144, 88]]
[426, [0, 0, 0, 72, 111, 101]]
[427, [0, 8, 8, 87, 78, 126]]
[428, [0, 4, 4, 132, 45, 139]]
[429, [0, 0, 0, 132, 12, 152]]
[430, [0, 8, 8, 162, 0, 156]]
[431, [0, 4, 4, 18, 144, 136]]
[432, [0, 0, 0, 18, 111, 149]]
[433, [0, 8, 8, 18, 78, 174]]
[434, [0, 4, 4, 18, 45, 178]]
[435, [0, 0, 0, 18, 21, 179]]
[436, [0, 8, 8, 18, 0, 189]]
[437, [0, 4, 4, 18, 0, 178]]
[438, [0, 0, 0, 18, 0, 164]]
[439, [0, 8, 8, 78, 0, 156]]
[440, [0, 4, 4, 78, 0, 136]]
[441, [0, 0, 0, 78, 0, 116]]
[442, [0, 8, 8, 123, 0, 108]]
[443, [0, 4, 4, 153, 0, 88]]
[444, [0, 0, 0, 54, 144, 68]]
[445, [0, 8, 8, 114, 111, 93]]
[446, [0, 4, 4, 114, 78, 106]]
[447, [0, 0, 0, 129, 45, 119]]
[448, [0, 8, 8, 174, 12, 144]]
[449, [0, 4, 4, 30, 144, 136]]
[450, [0, 0, 0, 60, 111, 149]]
[451, [0, 8, 8, 60, 78, 174]]
[452, [0, 4, 4, 60, 45, 178]]
[453, [0, 0, 0, 60, 21, 179]]
[454, [0, 8, 8, 60, 0, 189]]
[455, [0, 4, 4, 60, 0, 178]]
[456, [0, 0, 0, 60, 0, 164]]
[457, [0, 8, 8, 60, 0, 156]]
[458, [0, 4, 4, 60, 0, 136]]
[459, [0, 0, 0, 120, 0, 116]]
[460, [0, 8, 8, 120, 0, 108]]
[461, [0, 4, 4, 120, 0, 88]]
[462, [0, 0, 0, 165, 0, 68]]
[463, [0, 8, 8, 51, 144, 60]]
[464, [0, 4, 4, 96, 111, 73]]
[465, [0, 0, 0, 156, 78, 86]]
[466, [0, 8, 8, 12, 189, 111]]
[467, [0, 4, 4, 27, 156, 124]]
[468, [0, 0, 0, 72, 123, 137]]
[469, [0, 8, 8, 72, 90, 162]]
[470, [0, 4, 4, 102, 57, 175]]
[471, [0, 0, 0, 102, 24, 179]]
[472, [0, 8, 8, 102, 0, 189]]
[473, [0, 4, 4, 102, 0, 178]]
[474, [0, 0, 0, 102, 0, 164]]
[475, [0, 8, 8, 102, 0, 156]]
[476, [0, 4, 4, 102, 0, 136]]
[477, [0, 0, 0, 102, 0, 116]]
[478, [0, 8, 8, 102, 0, 108]]
[479, [0, 4, 4, 162, 0, 88]]
[480, [0, 0, 0, 18, 144, 68]]
[481, [0, 8, 8, 18, 111, 93]]
[482, [0, 4, 4, 63, 78, 106]]
[483, [0, 0, 0, 93, 45, 119]]
[484, [0, 8, 8, 138, 12, 144]]
[485, [0, 4, 4, 198, 0, 136]]
[486, [0, 0, 0, 54, 144, 116]]
[487, [0, 8, 8, 54, 111, 141]]
[488, [0, 4, 4, 69, 78, 154]]
[489, [0, 0, 0, 114, 45, 167]]
[490, [0, 8, 8, 114, 12, 189]]
[491, [0, 4, 4, 144, 0, 178]]
[492, [0, 0, 0, 0, 144, 164]]
[493, [0, 8, 8, 0, 111, 189]]
[494, [0, 4, 4, 0, 78, 178]]
[495, [0, 0, 0, 0, 69, 179]]
[496, [0, 8, 8, 0, 48, 189]]
[497, [0, 4, 4, 0, 30, 178]]
[498, [0, 0, 0, 0, 21, 179]]
[499, [0, 8, 8, 60, 0, 189]]
[500, [0, 4, 4, 60, 0, 178]]
[501, [0, 0, 0, 60, 0, 164]]
[502, [0, 8, 8, 105, 0, 156]]
[503, [0, 4, 4, 135, 0, 136]]
[504, [0, 0, 0, 180, 0, 116]]
[505, [0, 8, 8, 96, 144, 108]]
[506, [0, 4, 4, 96, 111, 121]]
[507, [0, 0, 0, 96, 78, 134]]
[508, [0, 8, 8, 111, 45, 159]]
[509, [0, 4, 4, 156, 12, 172]]
[510, [0, 0, 0, 12, 144, 164]]
[511, [0, 8, 8, 42, 111, 189]]
[512, [0, 4, 4, 42, 78, 178]]
[513, [0, 0, 0, 42, 69, 179]]
[514, [0, 8, 8, 42, 48, 189]]
[515, [0, 4, 4, 42, 30, 178]]
[516, [0, 0, 0, 42, 21, 179]]
[517, [0, 8, 8, 42, 0, 189]]
[518, [0, 4, 4, 42, 0, 178]]
[519, [0, 0, 0, 102, 0, 164]]
[520, [0, 8, 8, 102, 0, 156]]
[521, [0, 4, 4, 102, 0, 136]]
[522, [0, 0, 0, 147, 0, 116]]
[523, [0, 8, 8, 33, 144, 108]]
[524, [0, 4, 4, 78, 111, 121]]
[525, [0, 0, 0, 138, 78, 134]]
[526, [0, 8, 8, 138, 45, 159]]
[527, [0, 4, 4, 138, 12, 172]]
[528, [0, 0, 0, 153, 0, 164]]
[529, [0, 8, 8, 54, 144, 156]]
[530, [0, 4, 4, 54, 111, 169]]
[531, [0, 0, 0, 84, 78, 179]]
[532, [0, 8, 8, 84, 48, 189]]
[533, [0, 4, 4, 84, 30, 178]]
[534, [0, 0, 0, 84, 21, 179]]
[535, [0, 8, 8, 84, 0, 189]]
[536, [0, 4, 4, 84, 0, 178]]
[537, [0, 0, 0, 84, 0, 164]]
[538, [0, 8, 8, 84, 0, 156]]
[539, [0, 4, 4, 144, 0, 136]]
[540, [0, 0, 0, 0, 144, 116]]
[541, [0, 8, 8, 0, 111, 141]]
[542, [0, 4, 4, 45, 78, 154]]
[543, [0, 0, 0, 75, 45, 167]]
[544, [0, 8, 8, 120, 12, 189]]
[545, [0, 4, 4, 180, 0, 178]]
[546, [0, 0, 0, 36, 144, 164]]
[547, [0, 8, 8, 36, 111, 189]]
[548, [0, 4, 4, 51, 78, 178]]
[549, [0, 0, 0, 96, 69, 179]]
[550, [0, 8, 8, 96, 48, 189]]
[551, [0, 4, 4, 126, 30, 178]]
[552, [0, 0, 0, 126, 21, 179]]
[553, [0, 8, 8, 126, 0, 189]]
[554, [0, 4, 4, 126, 0, 178]]
[555, [0, 0, 0, 126, 0, 164]]
[556, [0, 8, 8, 126, 0, 156]]
[557, [0, 4, 4, 126, 0, 136]]
[558, [0, 0, 0, 126, 0, 116]]
[559, [0, 8, 8, 186, 0, 108]]
[560, [0, 4, 4, 42, 144, 88]]
[561, [0, 0, 0, 42, 111, 101]]
[562, [0, 8, 8, 42, 78, 126]]
[563, [0, 4, 4, 87, 45, 139]]
[564, [0, 0, 0, 117, 12, 152]]
[565, [0, 8, 8, 162, 0, 156]]
[566, [0, 4, 4, 78, 144, 136]]
[567, [0, 0, 0, 78, 111, 149]]
[568, [0, 8, 8, 78, 78, 174]]
[569, [0, 4, 4, 93, 45, 178]]
[570, [0, 0, 0, 138, 21, 179]]
[571, [0, 8, 8, 138, 0, 189]]
[572, [0, 4, 4, 168, 0, 178]]
[573, [0, 0, 0, 24, 144, 164]]
[574, [0, 8, 8, 24, 111, 189]]
[575, [0, 4, 4, 24, 78, 178]]
[576, [0, 0, 0, 24, 69, 179]]
[577, [0, 8, 8, 24, 48, 189]]
[578, [0, 4, 4, 24, 30, 178]]
[579, [0, 0, 0, 84, 21, 179]]
[580, [0, 8, 8, 84, 0, 189]]
[581, [0, 4, 4, 84, 0, 178]]
[582, [0, 0, 0, 84, 0, 164]]
[583, [0, 8, 8, 129, 0, 156]]
[584, [0, 4, 4, 159, 0, 136]]
[585, [0, 0, 0, 60, 144, 116]]
[586, [0, 8, 8, 120, 111, 141]]
[587, [0, 4, 4, 120, 78, 154]]
[588, [0, 0, 0, 120, 45, 167]]
[589, [0, 8, 8, 135, 12, 189]]
[590, [0, 4, 4, 180, 0, 178]]
[591, [0, 0, 0, 36, 144, 164]]
[592, [0, 8, 8, 66, 111, 189]]
[593, [0, 4, 4, 66, 78, 178]]
[594, [0, 0, 0, 66, 69, 179]]
[595, [0, 8, 8, 66, 48, 189]]
[596, [0, 4, 4, 66, 30, 178]]
[597, [0, 0, 0, 66, 21, 179]]
[598, [0, 8, 8, 66, 0, 189]]
[599, [0, 4, 4, 126, 0, 178]]
[600, [0, 0, 0, 126, 0, 164]]
[601, [0, 8, 8, 126, 0, 156]]
[602, [0, 4, 4, 126, 0, 136]]
[603, [0, 0, 0, 171, 0, 116]]
[604, [0, 8, 8, 57, 144, 108]]
[605, [0, 4, 4, 102, 111, 121]]
[606, [0, 0, 0, 162, 78, 134]]
[607, [0, 8, 8, 18, 189, 159]]
[608, [0, 4, 4, 18, 156, 172]]
[609, [0, 0, 0, 33, 123, 179]]
[610, [0, 8, 8, 78, 96, 189]]
[611, [0, 4, 4, 78, 78, 178]]
[612, [0, 0, 0, 108, 69, 179]]
[613, [0, 8, 8, 108, 48, 189]]
[614, [0, 4, 4, 108, 30, 178]]
[615, [0, 0, 0, 108, 21, 179]]
[616, [0, 8, 8, 108, 0, 189]]
[617, [0, 4, 4, 108, 0, 178]]
[618, [0, 0, 0, 108, 0, 164]]
[619, [0, 8, 8, 168, 0, 156]]
[620, [0, 4, 4, 24, 144, 136]]
[621, [0, 0, 0, 24, 111, 149]]
[622, [0, 8, 8, 24, 78, 174]]
[623, [0, 4, 4, 69, 45, 178]]
[624, [0, 0, 0, 99, 21, 179]]
[625, [0, 8, 8, 144, 0, 189]]
[626, [0, 4, 4, 60, 144, 178]]
[627, [0, 0, 0, 60, 117, 179]]
[628, [0, 8, 8, 60, 96, 189]]
[629, [0, 4, 4, 75, 78, 178]]
[630, [0, 0, 0, 120, 69, 179]]
[631, [0, 8, 8, 120, 48, 189]]
[632, [0, 4, 4, 150, 30, 178]]
[633, [0, 0, 0, 6, 165, 179]]
[634, [0, 8, 8, 6, 144, 189]]
[635, [0, 4, 4, 6, 126, 178]]
[636, [0, 0, 0, 6, 117, 179]]
[637, [0, 8, 8, 6, 96, 189]]
[638, [0, 4, 4, 6, 78, 178]]
[639, [0, 0, 0, 66, 69, 179]]
[640, [0, 8, 8, 66, 48, 189]]
[641, [0, 4, 4, 66, 30, 178]]
[642, [0, 0, 0, 66, 21, 179]]
[643, [0, 8, 8, 111, 0, 189]]
[644, [0, 4, 4, 141, 0, 178]]
[645, [0, 0, 0, 186, 0, 164]]
[646, [0, 8, 8, 57, 144, 156]]
[647, [0, 4, 4, 102, 111, 169]]
[648, [0, 0, 0, 102, 78, 179]]
[649, [0, 8, 8, 102, 48, 189]]
[650, [0, 4, 4, 117, 30, 178]]
[651, [0, 0, 0, 162, 21, 179]]
[652, [0, 8, 8, 18, 144, 189]]
[653, [0, 4, 4, 48, 126, 178]]
[654, [0, 0, 0, 48, 117, 179]]
[655, [0, 8, 8, 48, 96, 189]]
[656, [0, 4, 4, 48, 78, 178]]
[657, [0, 0, 0, 48, 69, 179]]
[658, [0, 8, 8, 48, 48, 189]]
[659, [0, 4, 4, 108, 30, 178]]
[660, [0, 0, 0, 108, 21, 179]]
[661, [0, 8, 8, 108, 0, 189]]
[662, [0, 4, 4, 108, 0, 178]]
[663, [0, 0, 0, 153, 0, 164]]
[664, [0, 8, 8, 39, 144, 156]]
[665, [0, 4, 4, 84, 111, 169]]
[666, [0, 0, 0, 99, 78, 179]]
[667, [0, 8, 8, 144, 48, 189]]
[668, [0, 4, 4, 0, 174, 178]]
[669, [0, 0, 0, 0, 165, 179]]
[670, [0, 8, 8, 15, 144, 189]]
[671, [0, 4, 4, 60, 126, 178]]
[672, [0, 0, 0, 60, 117, 179]]
[673, [0, 8, 8, 90, 96, 189]]
[674, [0, 4, 4, 90, 78, 178]]
[675, [0, 0, 0, 90, 69, 179]]
[676, [0, 8, 8, 90, 48, 189]]
[677, [0, 4, 4, 90, 30, 178]]
[678, [0, 0, 0, 90, 21, 179]]
[679, [0, 8, 8, 150, 0, 189]]
[680, [0, 4, 4, 6, 144, 178]]
[681, [0, 0, 0, 6, 117, 179]]
[682, [0, 8, 8, 6, 96, 189]]
[683, [0, 4, 4, 51, 78, 178]]
[684, [0, 0, 0, 81, 69, 179]]
[685, [0, 8, 8, 126, 48, 189]]
[686, [0, 4, 4, 141, 30, 178]]
[687, [0, 0, 0, 186, 21, 179]]
[688, [0, 8, 8, 42, 144, 189]]
[689, [0, 4, 4, 42, 126, 178]]
[690, [0, 0, 0, 42, 117, 179]]
[691, [0, 8, 8, 57, 96, 189]]
[692, [0, 4, 4, 102, 78, 178]]
[693, [0, 0, 0, 102, 69, 179]]
[694, [0, 8, 8, 132, 48, 189]]
[695, [0, 4, 4, 132, 30, 178]]
[696, [0, 0, 0, 132, 21, 179]]
[697, [0, 8, 8, 132, 0, 189]]
[698, [0, 4, 4, 132, 0, 178]]
[699, [0, 0, 0, 192, 0, 164]]
[700, [0, 8, 8, 48, 144, 156]]
[701, [0, 4, 4, 48, 111, 169]]
[702, [0, 0, 0, 48, 78, 179]]
[703, [0, 8, 8, 48, 48, 189]]
[704, [0, 4, 4, 93, 30, 178]]
[705, [0, 0, 0, 123, 21, 179]]
[706, [0, 8, 8, 168, 0, 189]]
[707, [0, 4, 4, 39, 144, 178]]
[708, [0, 0, 0, 84, 117, 179]]
[709, [0, 8, 8, 84, 96, 189]]
[710, [0, 4, 4, 84, 78, 178]]
[711, [0, 0, 0, 84, 69, 179]]
[712, [0, 8, 8, 99, 48, 189]]
[713, [0, 4, 4, 144, 30, 178]]
[714, [0, 0, 0, 0, 165, 179]]
[715, [0, 8, 8, 30, 144, 189]]
[716, [0, 4, 4, 30, 126, 178]]
[717, [0, 0, 0, 30, 117, 179]]
[718, [0, 8, 8, 30, 96, 189]]
[719, [0, 4, 4, 90, 78, 178]]
[720, [0, 0, 0, 90, 69, 179]]
[721, [0, 8, 8, 90, 48, 189]]
[722, [0, 4, 4, 90, 30, 178]]
[723, [0, 0, 0, 90, 21, 179]]
[724, [0, 8, 8, 135, 0, 189]]
[725, [0, 4, 4, 165, 0, 178]]
[726, [0, 0, 0, 66, 144, 164]]
[727, [0, 8, 8, 81, 111, 189]]
[728, [0, 4, 4, 126, 78, 178]]
[729, [0, 0, 0, 126, 69, 179]]
[730, [0, 8, 8, 126, 48, 189]]
[731, [0, 4, 4, 126, 30, 178]]
[732, [0, 0, 0, 141, 21, 179]]
[733, [0, 8, 8, 186, 0, 189]]
[734, [0, 4, 4, 42, 144, 178]]
[735, [0, 0, 0, 42, 117, 179]]
[736, [0, 8, 8, 72, 96, 189]]
[737, [0, 4, 4, 72, 78, 178]]
[738, [0, 0, 0, 72, 69, 179]]
[739, [0, 8, 8, 132, 48, 189]]
[740, [0, 4, 4, 132, 30, 178]]
[741, [0, 0, 0, 132, 21, 179]]
[742, [0, 8, 8, 132, 0, 189]]
[743, [0, 4, 4, 132, 0, 178]]
[744, [0, 0, 0, 177, 0, 164]]
[745, [0, 8, 8, 63, 144, 156]]
[746, [0, 4, 4, 108, 111, 169]]
[747, [0, 0, 0, 123, 78, 179]]
[748, [0, 8, 8, 168, 48, 189]]
[749, [0, 4, 4, 24, 174, 178]]
[750, [0, 0, 0, 24, 165, 179]]
[751, [0, 8, 8, 24, 144, 189]]
[752, [0, 4, 4, 39, 126, 178]]
[753, [0, 0, 0, 84, 117, 179]]
[754, [0, 8, 8, 84, 96, 189]]
[755, [0, 4, 4, 84, 78, 178]]
[756, [0, 0, 0, 114, 69, 179]]
[757, [0, 8, 8, 114, 48, 189]]
[758, [0, 4, 4, 114, 30, 178]]
[759, [0, 0, 0, 174, 21, 179]]
[760, [0, 8, 8, 30, 144, 189]]
[761, [0, 4, 4, 30, 126, 178]]
[762, [0, 0, 0, 30, 117, 179]]
[763, [0, 8, 8, 30, 96, 189]]
[764, [0, 4, 4, 75, 78, 178]]
[765, [0, 0, 0, 105, 69, 179]]
[766, [0, 8, 8, 150, 48, 189]]
[767, [0, 4, 4, 21, 174, 178]]
[768, [0, 0, 0, 66, 165, 179]]
[769, [0, 8, 8, 66, 144, 189]]
[770, [0, 4, 4, 66, 126, 178]]
[771, [0, 0, 0, 66, 117, 179]]
[772, [0, 8, 8, 81, 96, 189]]
[773, [0, 4, 4, 126, 78, 178]]
[774, [0, 0, 0, 126, 69, 179]]
[775, [0, 8, 8, 126, 48, 189]]
[776, [0, 4, 4, 156, 30, 178]]
[777, [0, 0, 0, 12, 165, 179]]
[778, [0, 8, 8, 12, 144, 189]]
[779, [0, 4, 4, 72, 126, 178]]
[780, [0, 0, 0, 72, 117, 179]]
[781, [0, 8, 8, 72, 96, 189]]
[782, [0, 4, 4, 72, 78, 178]]
[783, [0, 0, 0, 72, 69, 179]]
[784, [0, 8, 8, 117, 48, 189]]
[785, [0, 4, 4, 147, 30, 178]]
[786, [0, 0, 0, 48, 165, 179]]
[787, [0, 8, 8, 63, 144, 189]]
[788, [0, 4, 4, 108, 126, 178]]
[789, [0, 0, 0, 108, 117, 179]]
[790, [0, 8, 8, 108, 96, 189]]
[791, [0, 4, 4, 108, 78, 178]]
[792, [0, 0, 0, 123, 69, 179]]
[793, [0, 8, 8, 168, 48, 189]]
[794, [0, 4, 4, 24, 174, 178]]
[795, [0, 0, 0, 24, 165, 179]]
[796, [0, 8, 8, 54, 144, 189]]
[797, [0, 4, 4, 54, 126, 178]]
[798, [0, 0, 0, 54, 117, 179]]
[799, [0, 8, 8, 114, 96, 189]]
[800, [0, 4, 4, 114, 78, 178]]
[801, [0, 0, 0, 114, 69, 179]]
[802, [0, 8, 8, 114, 48, 189]]
[803, [0, 4, 4, 114, 30, 178]]
[804, [0, 0, 0, 159, 21, 179]]
[805, [0, 8, 8, 45, 144, 189]]
[806, [0, 4, 4, 90, 126, 178]]
[807, [0, 0, 0, 105, 117, 179]]
[808, [0, 8, 8, 150, 96, 189]]
[809, [0, 4, 4, 6, 78, 178]]
[810, [0, 0, 0, 6, 69, 179]]
[811, [0, 8, 8, 6, 192, 189]]
[812, [0, 4, 4, 21, 174, 178]]
[813, [0, 0, 0, 66, 165, 179]]
[814, [0, 8, 8, 66, 144, 189]]
[815, [0, 4, 4, 66, 126, 178]]
[816, [0, 0, 0, 96, 117, 179]]
[817, [0, 8, 8, 96, 96, 189]]
[818, [0, 4, 4, 96, 78, 178]]
[819, [0, 0, 0, 156, 69, 179]]
[820, [0, 8, 8, 12, 192, 189]]
[821, [0, 4, 4, 12, 174, 178]]
[822, [0, 0, 0, 12, 165, 179]]
[823, [0, 8, 8, 12, 144, 189]]
[824, [0, 4, 4, 57, 126, 178]]
[825, [0, 0, 0, 87, 117, 179]]
[826, [0, 8, 8, 132, 96, 189]]
[827, [0, 4, 4, 147, 78, 178]]
[828, [0, 0, 0, 48, 69, 179]]
[829, [0, 8, 8, 48, 192, 189]]
[830, [0, 4, 4, 48, 174, 178]]
[831, [0, 0, 0, 48, 165, 179]]
[832, [0, 8, 8, 63, 144, 189]]
[833, [0, 4, 4, 108, 126, 178]]
[834, [0, 0, 0, 108, 117, 179]]
[835, [0, 8, 8, 108, 96, 189]]
[836, [0, 4, 4, 138, 78, 178]]
[837, [0, 0, 0, 138, 69, 179]]
[838, [0, 8, 8, 138, 48, 189]]
[839, [0, 4, 4, 183, 30, 178]]
[840, [0, 0, 0, 39, 165, 179]]
[841, [0, 8, 8, 54, 144, 189]]
[842, [0, 4, 4, 54, 126, 178]]
[843, [0, 0, 0, 54, 117, 179]]
[844, [0, 8, 8, 99, 96, 189]]
[845, [0, 4, 4, 129, 78, 178]]
[846, [0, 0, 0, 174, 69, 179]]
[847, [0, 8, 8, 45, 192, 189]]
[848, [0, 4, 4, 90, 174, 178]]
[849, [0, 0, 0, 90, 165, 179]]
[850, [0, 8, 8, 90, 144, 189]]
[851, [0, 4, 4, 90, 126, 178]]
[852, [0, 0, 0, 105, 117, 179]]
[853, [0, 8, 8, 150, 96, 189]]
[854, [0, 4, 4, 6, 78, 178]]
[855, [0, 0, 0, 6, 69, 179]]
[856, [0, 8, 8, 36, 192, 189]]
[857, [0, 4, 4, 36, 174, 178]]
[858, [0, 0, 0, 36, 165, 179]]
[859, [0, 8, 8, 81, 144, 189]]
[860, [0, 4, 4, 81, 126, 178]]
[861, [0, 0, 0, 96, 117, 179]]
[862, [0, 8, 8, 96, 96, 189]]
[863, [0, 4, 4, 96, 78, 178]]
[864, [0, 0, 0, 141, 69, 179]]
[865, [0, 8, 8, 171, 48, 189]]
[866, [0, 4, 4, 72, 174, 178]]
[867, [0, 0, 0, 87, 165, 179]]
[868, [0, 8, 8, 132, 144, 189]]
[869, [0, 4, 4, 132, 126, 178]]
[870, [0, 0, 0, 132, 117, 179]]
[871, [0, 8, 8, 132, 96, 189]]
[872, [0, 4, 4, 147, 78, 178]]
[873, [0, 0, 0, 48, 69, 179]]
[874, [0, 8, 8, 48, 192, 189]]
[875, [0, 4, 4, 48, 174, 178]]
[876, [0, 0, 0, 78, 165, 179]]
[877, [0, 8, 8, 78, 144, 189]]
[878, [0, 4, 4, 78, 126, 178]]
[879, [0, 0, 0, 123, 117, 179]]
[880, [0, 8, 8, 123, 96, 189]]
[881, [0, 4, 4, 138, 78, 178]]
[882, [0, 0, 0, 138, 69, 179]]
[883, [0, 8, 8, 138, 48, 189]]
[884, [0, 4, 4, 183, 30, 178]]
[885, [0, 0, 0, 69, 165, 179]]
[886, [0, 8, 8, 114, 144, 189]]
[887, [0, 4, 4, 129, 126, 178]]
[888, [0, 0, 0, 174, 117, 179]]
[889, [0, 8, 8, 30, 96, 189]]
[890, [0, 4, 4, 30, 78, 178]]
[891, [0, 0, 0, 30, 69, 179]]
[892, [0, 8, 8, 45, 192, 189]]
[893, [0, 4, 4, 90, 174, 178]]
[894, [0, 0, 0, 90, 165, 179]]
[895, [0, 8, 8, 90, 144, 189]]
[896, [0, 4, 4, 120, 126, 178]]
[897, [0, 0, 0, 120, 117, 179]]
[898, [0, 8, 8, 120, 96, 189]]
[899, [0, 4, 4, 165, 78, 178]]
[900, [0, 0, 0, 21, 69, 179]]
[901, [0, 8, 8, 36, 192, 189]]
[902, [0, 4, 4, 36, 174, 178]]
[903, [0, 0, 0, 36, 165, 179]]
[904, [0, 8, 8, 81, 144, 189]]
[905, [0, 4, 4, 111, 126, 178]]
[906, [0, 0, 0, 156, 117, 179]]
[907, [0, 8, 8, 27, 96, 189]]
[908, [0, 4, 4, 72, 78, 178]]
[909, [0, 0, 0, 72, 69, 179]]
[910, [0, 8, 8, 72, 192, 189]]
[911, [0, 4, 4, 72, 174, 178]]
[912, [0, 0, 0, 87, 165, 179]]
[913, [0, 8, 8, 132, 144, 189]]
[914, [0, 4, 4, 132, 126, 178]]
[915, [0, 0, 0, 132, 117, 179]]
[916, [0, 8, 8, 162, 96, 189]]
[917, [0, 4, 4, 18, 78, 178]]
[918, [0, 0, 0, 18, 69, 179]]
[919, [0, 8, 8, 63, 192, 189]]
[920, [0, 4, 4, 63, 174, 178]]
[921, [0, 0, 0, 78, 165, 179]]
[922, [0, 8, 8, 78, 144, 189]]
[923, [0, 4, 4, 78, 126, 178]]
[924, [0, 0, 0, 123, 117, 179]]
[925, [0, 8, 8, 153, 96, 189]]
[926, [0, 4, 4, 54, 78, 178]]
[927, [0, 0, 0, 69, 69, 179]]
[928, [0, 8, 8, 114, 192, 189]]
[929, [0, 4, 4, 114, 174, 178]]
[930, [0, 0, 0, 114, 165, 179]]
[931, [0, 8, 8, 114, 144, 189]]
[932, [0, 4, 4, 129, 126, 178]]
[933, [0, 0, 0, 174, 117, 179]]
[934, [0, 8, 8, 30, 96, 189]]
[935, [0, 4, 4, 30, 78, 178]]
[936, [0, 0, 0, 60, 69, 179]]
[937, [0, 8, 8, 60, 192, 189]]
[938, [0, 4, 4, 60, 174, 178]]
[939, [0, 0, 0, 105, 165, 179]]
[940, [0, 8, 8, 105, 144, 189]]
[941, [0, 4, 4, 120, 126, 178]]
[942, [0, 0, 0, 120, 117, 179]]
[943, [0, 8, 8, 120, 96, 189]]
[944, [0, 4, 4, 165, 78, 178]]
[945, [0, 0, 0, 51, 69, 179]]
[946, [0, 8, 8, 96, 192, 189]]
[947, [0, 4, 4, 111, 174, 178]]
[948, [0, 0, 0, 156, 165, 179]]
[949, [0, 8, 8, 12, 144, 189]]
[950, [0, 4, 4, 12, 126, 178]]
[951, [0, 0, 0, 12, 117, 179]]
[952, [0, 8, 8, 27, 96, 189]]
[953, [0, 4, 4, 72, 78, 178]]
[954, [0, 0, 0, 72, 69, 179]]
[955, [0, 8, 8, 72, 192, 189]]
[956, [0, 4, 4, 102, 174, 178]]
[957, [0, 0, 0, 102, 165, 179]]
[958, [0, 8, 8, 102, 144, 189]]
[959, [0, 4, 4, 147, 126, 178]]
