SimulationV011.py[0, [0, 16, 16, 0, 0, 0]]
[1, [0, 32, 32, 0, 0, 0]]
[2, [48, 48, 48, 0, 0, 0]]
[3, [48, 64, 64, 0, 0, 0]]
[4, [48, 80, 80, 0, 0, 0]]
[5, [96, 96, 96, 0, 0, 0]]
[6, [96, 112, 112, 0, 0, 0]]
[7, [96, 128, 128, 0, 0, 0]]
[8, [144, 144, 144, 0, 0, 0]]
[9, [144, 160, 160, 0, 0, 0]]
[10, [144, 176, 176, 0, 0, 0]]
[11, [192, 192, 192, 0, 0, 0]]
[12, [192, 198, 198, 0, 0, 0]]
[14, [196, 198, 198, 0, 0, 0]]
[19, [196, 198, 198, 195, 0, 0]]
[20, [196, 198, 198, 186, 144, 0]]
[21, [166, 168, 168, 42, 114, 0]]
[22, [168, 154, 154, 42, 84, 0]]
[23, [150, 140, 140, 42, 198, 0]]
[24, [124, 126, 126, 42, 168, 0]]
[25, [126, 112, 112, 42, 138, 0]]
[26, [108, 98, 98, 42, 108, 0]]
[27, [82, 84, 84, 42, 78, 0]]
[28, [84, 70, 70, 42, 48, 0]]
[29, [66, 56, 56, 42, 18, 0]]
[30, [52, 54, 54, 42, 0, 0]]
[31, [84, 70, 70, 42, 0, 0]]
[32, [96, 86, 86, 42, 0, 0]]
[33, [100, 102, 102, 42, 0, 0]]
[34, [132, 118, 118, 42, 0, 0]]
[35, [144, 134, 134, 42, 0, 0]]
[36, [148, 150, 150, 42, 0, 0]]
[37, [180, 166, 166, 42, 0, 0]]
[38, [192, 182, 182, 42, 0, 0]]
[39, [196, 198, 198, 192, 0, 0]]
[40, [196, 198, 198, 93, 144, 0]]
[41, [166, 168, 168, 198, 114, 0]]
[42, [136, 154, 154, 84, 84, 0]]
[43, [138, 140, 140, 84, 198, 0]]
[44, [124, 126, 126, 84, 168, 0]]
[45, [94, 112, 112, 84, 138, 0]]
[46, [96, 98, 98, 84, 108, 0]]
[47, [82, 84, 84, 84, 78, 0]]
[48, [52, 70, 70, 84, 48, 0]]
[49, [54, 56, 56, 84, 18, 0]]
[50, [52, 54, 54, 84, 0, 0]]
[51, [52, 70, 70, 84, 0, 0]]
[52, [84, 86, 86, 84, 0, 0]]
[53, [100, 102, 102, 84, 0, 0]]
[54, [100, 118, 118, 84, 0, 0]]
[55, [132, 134, 134, 84, 0, 0]]
[56, [148, 150, 150, 84, 0, 0]]
[57, [148, 166, 166, 84, 0, 0]]
[58, [180, 182, 182, 84, 0, 0]]
[59, [196, 198, 198, 189, 0, 0]]
[60, [196, 198, 198, 90, 144, 0]]
[61, [166, 168, 168, 135, 114, 0]]
[62, [136, 154, 154, 195, 84, 0]]
[63, [138, 140, 140, 96, 198, 0]]
[64, [124, 126, 126, 126, 168, 0]]
[65, [94, 112, 112, 126, 138, 0]]
[66, [96, 98, 98, 126, 108, 0]]
[67, [82, 84, 84, 126, 78, 0]]
[68, [52, 70, 70, 126, 48, 0]]
[69, [54, 56, 56, 126, 18, 0]]
[70, [52, 54, 54, 126, 0, 0]]
[71, [52, 70, 70, 126, 0, 0]]
[72, [84, 86, 86, 126, 0, 0]]
[73, [100, 102, 102, 126, 0, 0]]
[74, [100, 118, 118, 126, 0, 0]]
[75, [132, 134, 134, 126, 0, 0]]
[76, [148, 150, 150, 126, 0, 0]]
[77, [148, 166, 166, 126, 0, 0]]
[78, [180, 182, 182, 126, 0, 0]]
[79, [196, 198, 198, 186, 0, 0]]
[80, [196, 198, 198, 87, 144, 0]]
[81, [166, 168, 168, 132, 114, 0]]
[82, [136, 154, 154, 177, 84, 0]]
[83, [138, 140, 140, 93, 198, 0]]
[84, [124, 126, 126, 138, 168, 0]]
[85, [94, 112, 112, 168, 138, 0]]
[86, [96, 98, 98, 24, 108, 0]]
[87, [82, 84, 84, 24, 78, 0]]
[88, [52, 70, 70, 24, 192, 0]]
[89, [54, 56, 56, 24, 162, 0]]
[90, [40, 42, 42, 24, 132, 0]]
[91, [10, 28, 28, 24, 102, 0]]
[92, [12, 14, 14, 24, 72, 0]]
[93, [0, 2, 2, 24, 42, 2]]
[94, [0, 18, 18, 24, 12, 32]]
[95, [0, 2, 2, 24, 0, 12]]
[96, [4, 6, 6, 24, 0, 0]]
[97, [4, 22, 22, 24, 0, 0]]
[98, [36, 38, 38, 24, 0, 0]]
[99, [52, 54, 54, 84, 0, 0]]
[100, [52, 70, 70, 129, 0, 0]]
[101, [84, 86, 86, 174, 0, 0]]
[102, [100, 102, 102, 75, 144, 0]]
[103, [70, 88, 88, 135, 114, 0]]
[104, [72, 74, 74, 180, 84, 0]]
[105, [58, 60, 60, 66, 198, 0]]
[106, [28, 46, 46, 66, 168, 0]]
[107, [30, 32, 32, 66, 138, 0]]
[108, [16, 18, 18, 66, 108, 0]]
[109, [0, 18, 18, 66, 78, 14]]
[110, [0, 2, 2, 66, 48, 12]]
[111, [0, 2, 2, 66, 18, 26]]
[112, [0, 18, 18, 66, 0, 44]]
[113, [0, 2, 2, 66, 0, 12]]
[114, [4, 6, 6, 66, 0, 0]]
[115, [4, 22, 22, 66, 0, 0]]
[116, [36, 38, 38, 66, 0, 0]]
[117, [52, 54, 54, 66, 0, 0]]
[118, [52, 70, 70, 66, 0, 0]]
[119, [84, 86, 86, 126, 0, 0]]
[120, [100, 102, 102, 171, 0, 0]]
[121, [100, 118, 118, 72, 144, 0]]
[122, [102, 104, 104, 117, 114, 0]]
[123, [88, 90, 90, 177, 84, 0]]
[124, [58, 76, 76, 78, 198, 0]]
[125, [86, 88, 88, 108, 168, 26]]
[126, [102, 104, 104, 108, 138, 56]]
[127, [102, 120, 120, 108, 108, 86]]
[128, [128, 130, 130, 108, 78, 110]]
[129, [126, 128, 128, 108, 48, 122]]
[130, [110, 128, 128, 108, 18, 136]]
[131, [136, 138, 138, 108, 0, 148]]
[132, [150, 152, 152, 108, 0, 146]]
[133, [150, 168, 168, 108, 0, 146]]
[134, [182, 184, 184, 108, 0, 146]]
[135, [192, 192, 192, 108, 0, 140]]
[136, [184, 190, 190, 108, 0, 132]]
[137, [192, 194, 194, 108, 0, 128]]
[138, [192, 194, 194, 108, 0, 124]]
[139, [186, 188, 188, 168, 0, 114]]
[140, [196, 196, 196, 69, 144, 112]]
[141, [192, 194, 194, 114, 114, 138]]
[142, [188, 190, 190, 159, 84, 160]]
[143, [182, 184, 184, 75, 198, 176]]
[144, [182, 190, 190, 120, 168, 189]]
[145, [180, 180, 180, 150, 147, 180]]
[146, [166, 166, 166, 6, 138, 168]]
[147, [152, 156, 156, 6, 120, 172]]
[148, [150, 158, 158, 6, 90, 185]]
[149, [132, 132, 132, 6, 63, 155]]
[150, [116, 120, 120, 6, 195, 157]]
[151, [108, 116, 116, 6, 165, 167]]
[152, [104, 104, 104, 6, 135, 169]]
[153, [86, 90, 90, 6, 105, 169]]
[154, [72, 80, 80, 6, 75, 173]]
[155, [82, 82, 82, 6, 45, 183]]
[156, [52, 56, 56, 6, 21, 156]]
[157, [36, 44, 44, 6, 6, 158]]
[158, [24, 24, 24, 6, 0, 128]]
[159, [0, 4, 4, 66, 0, 92]]
[160, [0, 8, 8, 111, 0, 80]]
[161, [0, 0, 0, 156, 0, 56]]
[162, [0, 4, 4, 57, 144, 44]]
[163, [0, 8, 8, 117, 114, 62]]
[164, [0, 0, 0, 162, 84, 68]]
[165, [0, 4, 4, 48, 198, 86]]
[166, [0, 8, 8, 48, 168, 104]]
[167, [0, 0, 0, 48, 138, 110]]
[168, [0, 4, 4, 48, 108, 128]]
[169, [0, 8, 8, 48, 78, 146]]
[170, [0, 0, 0, 48, 48, 152]]
[171, [0, 4, 4, 48, 18, 170]]
[172, [0, 8, 8, 48, 0, 176]]
[173, [0, 0, 0, 48, 0, 152]]
[174, [0, 4, 4, 48, 0, 140]]
[175, [0, 8, 8, 48, 0, 128]]
[176, [0, 0, 0, 48, 0, 104]]
[177, [0, 4, 4, 48, 0, 92]]
[178, [0, 8, 8, 48, 0, 80]]
[179, [0, 0, 0, 108, 0, 56]]
[180, [0, 4, 4, 153, 0, 44]]
[181, [0, 8, 8, 54, 144, 32]]
[182, [0, 0, 0, 99, 114, 38]]
[183, [0, 4, 4, 159, 84, 56]]
[184, [0, 8, 8, 60, 198, 74]]
[185, [0, 0, 0, 90, 168, 80]]
[186, [0, 4, 4, 90, 138, 98]]
[187, [0, 8, 8, 90, 108, 116]]
[188, [0, 0, 0, 90, 78, 122]]
[189, [0, 4, 4, 90, 48, 140]]
[190, [0, 8, 8, 90, 18, 158]]
[191, [0, 0, 0, 90, 0, 152]]
[192, [0, 4, 4, 90, 0, 140]]
[193, [0, 8, 8, 90, 0, 128]]
[194, [0, 0, 0, 90, 0, 104]]
[195, [0, 4, 4, 90, 0, 92]]
[196, [0, 8, 8, 90, 0, 80]]
[197, [0, 0, 0, 90, 0, 56]]
[198, [0, 4, 4, 90, 0, 44]]
[199, [0, 8, 8, 150, 0, 32]]
[200, [0, 0, 0, 51, 144, 8]]
[201, [0, 4, 4, 96, 114, 26]]
[202, [0, 8, 8, 141, 84, 44]]
[203, [0, 0, 0, 186, 54, 50]]
[204, [0, 4, 4, 57, 168, 68]]
[205, [0, 8, 8, 102, 138, 86]]
[206, [0, 0, 0, 132, 108, 92]]
[207, [0, 4, 4, 132, 78, 110]]
[208, [0, 8, 8, 132, 48, 128]]
[209, [0, 0, 0, 132, 18, 134]]
[210, [0, 4, 4, 132, 0, 140]]
[211, [0, 8, 8, 132, 0, 128]]
[212, [0, 0, 0, 132, 0, 104]]
[213, [0, 4, 4, 132, 0, 92]]
[214, [0, 8, 8, 132, 0, 80]]
[215, [0, 0, 0, 132, 0, 56]]
[216, [0, 4, 4, 132, 0, 44]]
[217, [0, 8, 8, 132, 0, 32]]
[218, [0, 0, 0, 132, 0, 8]]
[219, [4, 8, 8, 192, 0, 0]]
[220, [16, 24, 24, 48, 144, 0]]
[221, [10, 10, 10, 93, 114, 0]]
[222, [0, 4, 4, 138, 84, 8]]
[223, [0, 8, 8, 183, 54, 26]]
[224, [0, 0, 0, 84, 168, 32]]
[225, [0, 4, 4, 99, 138, 50]]
[226, [0, 8, 8, 144, 108, 68]]
[227, [0, 0, 0, 30, 78, 74]]
[228, [0, 4, 4, 30, 192, 92]]
[229, [0, 8, 8, 30, 162, 110]]
[230, [0, 0, 0, 30, 132, 116]]
[231, [0, 4, 4, 30, 102, 134]]
[232, [0, 8, 8, 30, 72, 152]]
[233, [0, 0, 0, 30, 42, 158]]
[234, [0, 4, 4, 30, 12, 176]]
[235, [0, 8, 8, 30, 0, 176]]
[236, [0, 0, 0, 30, 0, 152]]
[237, [0, 4, 4, 30, 0, 140]]
[238, [0, 8, 8, 30, 0, 128]]
[239, [0, 0, 0, 90, 0, 104]]
[240, [0, 4, 4, 90, 0, 92]]
[241, [0, 8, 8, 135, 0, 80]]
[242, [0, 0, 0, 180, 0, 56]]
[243, [0, 4, 4, 81, 144, 44]]
[244, [0, 8, 8, 126, 114, 62]]
[245, [0, 0, 0, 141, 84, 68]]
[246, [0, 4, 4, 186, 54, 86]]
[247, [0, 8, 8, 42, 168, 104]]
[248, [0, 0, 0, 72, 138, 110]]
[249, [0, 4, 4, 72, 108, 128]]
[250, [0, 8, 8, 72, 78, 146]]
[251, [0, 0, 0, 72, 48, 152]]
[252, [0, 4, 4, 72, 18, 170]]
[253, [0, 8, 8, 72, 0, 176]]
[254, [0, 0, 0, 72, 0, 152]]
[255, [0, 4, 4, 72, 0, 140]]
[256, [0, 8, 8, 72, 0, 128]]
[257, [0, 0, 0, 72, 0, 104]]
[258, [0, 4, 4, 72, 0, 92]]
[259, [0, 8, 8, 132, 0, 80]]
[260, [0, 0, 0, 132, 0, 56]]
[261, [0, 4, 4, 177, 0, 44]]
[262, [0, 8, 8, 78, 144, 32]]
[263, [0, 0, 0, 123, 114, 38]]
[264, [0, 4, 4, 168, 84, 56]]
[265, [0, 8, 8, 39, 198, 74]]
[266, [0, 0, 0, 84, 168, 80]]
[267, [0, 4, 4, 84, 138, 98]]
[268, [0, 8, 8, 114, 108, 116]]
[269, [0, 0, 0, 114, 78, 122]]
[270, [0, 4, 4, 114, 48, 140]]
[271, [0, 8, 8, 114, 18, 158]]
[272, [0, 0, 0, 114, 0, 152]]
[273, [0, 4, 4, 114, 0, 140]]
[274, [0, 8, 8, 114, 0, 128]]
[275, [0, 0, 0, 114, 0, 104]]
[276, [0, 4, 4, 114, 0, 92]]
[277, [0, 8, 8, 114, 0, 80]]
[278, [14, 14, 14, 114, 0, 70]]
[279, [14, 18, 18, 174, 0, 58]]
[280, [22, 30, 30, 30, 144, 54]]
[281, [36, 36, 36, 75, 114, 74]]
[282, [30, 34, 34, 120, 84, 86]]
[283, [30, 38, 38, 165, 54, 104]]
[284, [36, 36, 36, 66, 168, 116]]
[285, [40, 44, 44, 81, 138, 138]]
[286, [40, 48, 48, 126, 108, 156]]
[287, [58, 58, 58, 126, 78, 180]]
[288, [54, 58, 58, 156, 48, 182]]
[289, [46, 54, 54, 12, 174, 177]]
[290, [56, 56, 56, 12, 159, 184]]
[291, [50, 54, 54, 12, 138, 181]]
[292, [50, 58, 58, 12, 123, 187]]
[293, [60, 60, 60, 12, 105, 185]]
[294, [58, 62, 62, 12, 93, 183]]
[295, [50, 58, 58, 12, 81, 178]]
[296, [46, 46, 46, 12, 66, 171]]
[297, [40, 44, 44, 12, 45, 180]]
[298, [28, 36, 36, 12, 18, 174]]
[299, [30, 30, 30, 72, 0, 176]]
[300, [26, 30, 30, 72, 0, 166]]
[301, [18, 26, 26, 117, 0, 146]]
[302, [14, 14, 14, 162, 0, 118]]
[303, [0, 4, 4, 63, 144, 92]]
[304, [0, 8, 8, 108, 114, 110]]
[305, [0, 0, 0, 123, 84, 116]]
[306, [0, 4, 4, 168, 54, 134]]
[307, [0, 8, 8, 24, 168, 152]]
[308, [0, 0, 0, 54, 138, 158]]
[309, [0, 4, 4, 54, 108, 176]]
[310, [0, 8, 8, 54, 78, 185]]
[311, [0, 0, 0, 54, 57, 173]]
[312, [0, 4, 4, 54, 45, 185]]
[313, [0, 8, 8, 54, 21, 185]]
[314, [0, 0, 0, 54, 9, 173]]
[315, [0, 4, 4, 54, 0, 185]]
[316, [0, 8, 8, 54, 0, 176]]
[317, [0, 0, 0, 54, 0, 152]]
[318, [0, 4, 4, 54, 0, 140]]
[319, [0, 8, 8, 114, 0, 128]]
[320, [0, 0, 0, 114, 0, 104]]
[321, [0, 4, 4, 159, 0, 92]]
[322, [0, 8, 8, 60, 144, 80]]
[323, [0, 0, 0, 105, 114, 86]]
[324, [0, 4, 4, 150, 84, 104]]
[325, [0, 8, 8, 21, 198, 122]]
[326, [0, 0, 0, 66, 168, 128]]
[327, [0, 4, 4, 66, 138, 146]]
[328, [0, 8, 8, 96, 108, 164]]
[329, [0, 0, 0, 96, 78, 170]]
[330, [0, 4, 4, 96, 48, 185]]
[331, [0, 8, 8, 96, 21, 185]]
[332, [0, 0, 0, 96, 9, 173]]
[333, [0, 4, 4, 96, 0, 185]]
[334, [0, 8, 8, 96, 0, 176]]
[335, [0, 0, 0, 96, 0, 152]]
[336, [0, 4, 4, 96, 0, 140]]
[337, [0, 8, 8, 96, 0, 128]]
[338, [0, 0, 0, 96, 0, 104]]
[339, [0, 4, 4, 156, 0, 92]]
[340, [0, 8, 8, 12, 144, 80]]
[341, [0, 0, 0, 57, 114, 86]]
[342, [0, 4, 4, 102, 84, 104]]
[343, [0, 8, 8, 147, 54, 122]]
[344, [0, 0, 0, 48, 168, 128]]
[345, [0, 4, 4, 63, 138, 146]]
[346, [0, 8, 8, 108, 108, 164]]
[347, [0, 0, 0, 108, 78, 170]]
[348, [0, 4, 4, 138, 48, 185]]
[349, [0, 8, 8, 138, 21, 185]]
[350, [0, 0, 0, 138, 9, 173]]
[351, [0, 4, 4, 138, 0, 185]]
[352, [0, 8, 8, 138, 0, 176]]
[353, [0, 0, 0, 138, 0, 152]]
[354, [0, 4, 4, 138, 0, 140]]
[355, [0, 8, 8, 138, 0, 128]]
[356, [0, 0, 0, 138, 0, 104]]
[357, [0, 4, 4, 138, 0, 92]]
[358, [0, 8, 8, 138, 0, 80]]
[359, [0, 0, 0, 198, 0, 56]]
[360, [0, 4, 4, 54, 144, 44]]
[361, [0, 8, 8, 54, 114, 62]]
[362, [0, 0, 0, 99, 84, 68]]
[363, [0, 4, 4, 144, 54, 86]]
[364, [0, 8, 8, 45, 168, 104]]
[365, [0, 0, 0, 90, 138, 110]]
[366, [0, 4, 4, 105, 108, 128]]
[367, [0, 8, 8, 150, 78, 146]]
[368, [0, 0, 0, 6, 192, 152]]
[369, [0, 4, 4, 36, 162, 170]]
[370, [0, 8, 8, 36, 132, 185]]
[371, [0, 0, 0, 36, 105, 173]]
[372, [0, 4, 4, 36, 93, 185]]
[373, [0, 8, 8, 36, 69, 185]]
[374, [0, 0, 0, 36, 57, 173]]
[375, [0, 4, 4, 36, 45, 185]]
[376, [0, 8, 8, 36, 21, 185]]
[377, [0, 0, 0, 36, 9, 173]]
[378, [0, 4, 4, 36, 0, 185]]
[379, [0, 8, 8, 96, 0, 176]]
[380, [0, 0, 0, 96, 0, 152]]
[381, [0, 4, 4, 96, 0, 140]]
[382, [0, 8, 8, 141, 0, 128]]
[383, [0, 0, 0, 186, 0, 104]]
[384, [0, 4, 4, 42, 144, 92]]
[385, [0, 8, 8, 87, 114, 110]]
[386, [0, 0, 0, 132, 84, 116]]
[387, [0, 4, 4, 147, 54, 134]]
[388, [0, 8, 8, 48, 168, 152]]
[389, [0, 0, 0, 48, 138, 158]]
[390, [0, 4, 4, 78, 108, 176]]
[391, [0, 8, 8, 78, 78, 185]]
[392, [0, 0, 0, 78, 57, 173]]
[393, [0, 4, 4, 78, 45, 185]]
[394, [0, 8, 8, 78, 21, 185]]
[395, [0, 0, 0, 78, 9, 173]]
[396, [0, 4, 4, 78, 0, 185]]
[397, [0, 8, 8, 78, 0, 176]]
[398, [0, 0, 0, 78, 0, 152]]
[399, [0, 4, 4, 138, 0, 140]]
[400, [0, 8, 8, 138, 0, 128]]
[401, [0, 0, 0, 138, 0, 104]]
[402, [0, 4, 4, 183, 0, 92]]
[403, [0, 8, 8, 84, 144, 80]]
[404, [0, 0, 0, 84, 114, 86]]
[405, [0, 4, 4, 129, 84, 104]]
[406, [0, 8, 8, 174, 54, 122]]
[407, [0, 0, 0, 45, 168, 128]]
[408, [0, 4, 4, 90, 138, 146]]
[409, [0, 8, 8, 90, 108, 164]]
[410, [0, 0, 0, 120, 78, 170]]
[411, [0, 4, 4, 120, 48, 185]]
[412, [0, 8, 8, 120, 21, 185]]
[413, [0, 0, 0, 120, 9, 173]]
[414, [0, 4, 4, 120, 0, 185]]
[415, [0, 8, 8, 120, 0, 176]]
[416, [0, 0, 0, 120, 0, 152]]
[417, [0, 4, 4, 120, 0, 140]]
[418, [0, 8, 8, 120, 0, 128]]
[419, [0, 0, 0, 180, 0, 104]]
[420, [0, 4, 4, 36, 144, 92]]
[421, [0, 8, 8, 36, 114, 110]]
[422, [0, 0, 0, 81, 84, 116]]
[423, [0, 4, 4, 126, 54, 134]]
[424, [0, 8, 8, 126, 24, 152]]
[425, [0, 0, 0, 171, 0, 152]]
[426, [0, 4, 4, 72, 144, 140]]
[427, [0, 8, 8, 87, 114, 158]]
[428, [0, 0, 0, 132, 84, 164]]
[429, [0, 4, 4, 132, 54, 182]]
[430, [0, 8, 8, 162, 24, 185]]
[431, [0, 0, 0, 18, 153, 173]]
[432, [0, 4, 4, 18, 141, 185]]
[433, [0, 8, 8, 18, 117, 185]]
[434, [0, 0, 0, 18, 105, 173]]
[435, [0, 4, 4, 18, 93, 185]]
[436, [0, 8, 8, 18, 69, 185]]
[437, [0, 0, 0, 18, 57, 173]]
[438, [0, 4, 4, 18, 45, 185]]
[439, [0, 8, 8, 78, 21, 185]]
[440, [8, 8, 8, 78, 9, 181]]
[441, [0, 4, 4, 78, 0, 179]]
[442, [0, 8, 8, 123, 0, 176]]
[443, [0, 0, 0, 168, 0, 152]]
[444, [0, 4, 4, 24, 144, 140]]
[445, [0, 8, 8, 69, 114, 158]]
[446, [0, 0, 0, 114, 84, 164]]
[447, [0, 4, 4, 129, 54, 182]]
[448, [0, 8, 8, 174, 24, 185]]
[449, [0, 0, 0, 30, 153, 173]]
[450, [0, 4, 4, 60, 141, 185]]
[451, [0, 8, 8, 60, 117, 185]]
[452, [0, 0, 0, 60, 105, 173]]
[453, [0, 4, 4, 60, 93, 185]]
[454, [0, 8, 8, 60, 69, 185]]
[455, [0, 0, 0, 60, 57, 173]]
[456, [0, 4, 4, 60, 45, 185]]
[457, [0, 8, 8, 60, 21, 185]]
[458, [0, 0, 0, 60, 9, 173]]
[459, [0, 4, 4, 120, 0, 185]]
[460, [0, 8, 8, 120, 0, 176]]
[461, [0, 0, 0, 120, 0, 152]]
[462, [0, 4, 4, 165, 0, 140]]
[463, [0, 8, 8, 66, 144, 128]]
[464, [0, 0, 0, 66, 114, 134]]
[465, [0, 4, 4, 111, 84, 152]]
[466, [0, 8, 8, 156, 54, 170]]
[467, [0, 0, 0, 27, 168, 173]]
[468, [0, 4, 4, 72, 141, 185]]
[469, [0, 8, 8, 72, 117, 185]]
[470, [0, 0, 0, 102, 105, 173]]
[471, [0, 4, 4, 102, 93, 185]]
[472, [0, 8, 8, 102, 69, 185]]
[473, [0, 0, 0, 102, 57, 173]]
[474, [0, 4, 4, 102, 45, 185]]
[475, [0, 8, 8, 102, 21, 185]]
[476, [0, 0, 0, 102, 9, 173]]
[477, [0, 4, 4, 102, 0, 185]]
[478, [0, 8, 8, 102, 0, 176]]
[479, [0, 0, 0, 162, 0, 152]]
[480, [0, 4, 4, 18, 144, 140]]
[481, [0, 8, 8, 18, 114, 158]]
[482, [0, 0, 0, 63, 84, 164]]
[483, [0, 4, 4, 108, 54, 182]]
[484, [0, 8, 8, 108, 24, 185]]
[485, [0, 0, 0, 153, 9, 173]]
[486, [0, 4, 4, 54, 144, 185]]
[487, [0, 8, 8, 69, 117, 185]]
[488, [0, 0, 0, 114, 105, 173]]
[489, [0, 4, 4, 114, 93, 185]]
[490, [0, 8, 8, 144, 69, 185]]
[491, [0, 0, 0, 0, 57, 173]]
[492, [0, 4, 4, 0, 189, 185]]
[493, [0, 8, 8, 0, 165, 185]]
[494, [0, 0, 0, 0, 153, 173]]
[495, [0, 4, 4, 0, 141, 185]]
[496, [0, 8, 8, 0, 117, 185]]
[497, [0, 0, 0, 0, 105, 173]]
[498, [0, 4, 4, 0, 93, 185]]
[499, [0, 8, 8, 60, 69, 185]]
[500, [0, 0, 0, 60, 57, 173]]
[501, [0, 4, 4, 60, 45, 185]]
[502, [0, 8, 8, 105, 21, 185]]
[503, [0, 0, 0, 150, 9, 173]]
[504, [0, 4, 4, 6, 144, 185]]
[505, [0, 8, 8, 51, 117, 185]]
[506, [0, 0, 0, 96, 105, 173]]
[507, [0, 4, 4, 111, 93, 185]]
[508, [0, 8, 8, 156, 69, 185]]
[509, [0, 0, 0, 12, 57, 173]]
[510, [0, 4, 4, 42, 189, 185]]
[511, [0, 8, 8, 42, 165, 185]]
[512, [0, 0, 0, 42, 153, 173]]
[513, [0, 4, 4, 42, 141, 185]]
[514, [0, 8, 8, 42, 117, 185]]
[515, [0, 0, 0, 42, 105, 173]]
[516, [0, 4, 4, 42, 93, 185]]
[517, [0, 8, 8, 42, 69, 185]]
[518, [0, 0, 0, 42, 57, 173]]
[519, [0, 4, 4, 102, 45, 185]]
[520, [0, 8, 8, 102, 21, 185]]
[521, [0, 0, 0, 102, 9, 173]]
[522, [0, 4, 4, 147, 0, 185]]
[523, [0, 8, 8, 48, 144, 176]]
[524, [0, 0, 0, 48, 114, 173]]
[525, [0, 4, 4, 93, 93, 185]]
[526, [0, 8, 8, 138, 69, 185]]
[527, [0, 0, 0, 153, 57, 173]]
[528, [0, 4, 4, 54, 189, 185]]
[529, [0, 8, 8, 54, 165, 185]]
[530, [0, 0, 0, 84, 153, 173]]
[531, [0, 4, 4, 84, 141, 185]]
[532, [0, 8, 8, 84, 117, 185]]
[533, [0, 0, 0, 84, 105, 173]]
[534, [0, 4, 4, 84, 93, 185]]
[535, [0, 8, 8, 84, 69, 185]]
[536, [0, 0, 0, 84, 57, 173]]
[537, [0, 4, 4, 84, 45, 185]]
[538, [0, 8, 8, 84, 21, 185]]
[539, [0, 0, 0, 144, 9, 173]]
[540, [0, 4, 4, 0, 144, 185]]
[541, [0, 8, 8, 0, 117, 185]]
[542, [0, 0, 0, 45, 105, 173]]
[543, [0, 4, 4, 90, 93, 185]]
[544, [0, 8, 8, 90, 69, 185]]
[545, [0, 0, 0, 135, 57, 173]]
[546, [0, 4, 4, 180, 45, 185]]
[547, [0, 8, 8, 51, 165, 185]]
[548, [0, 0, 0, 96, 153, 173]]
[549, [0, 4, 4, 96, 141, 185]]
[550, [0, 8, 8, 126, 117, 185]]
[551, [0, 0, 0, 126, 105, 173]]
[552, [0, 4, 4, 126, 93, 185]]
[553, [0, 8, 8, 126, 69, 185]]
[554, [0, 0, 0, 126, 57, 173]]
[555, [0, 4, 4, 126, 45, 185]]
[556, [0, 8, 8, 126, 21, 185]]
[557, [0, 0, 0, 126, 9, 173]]
[558, [0, 4, 4, 126, 0, 185]]
[559, [0, 8, 8, 186, 0, 176]]
[560, [0, 0, 0, 42, 144, 152]]
[561, [0, 4, 4, 42, 114, 170]]
[562, [0, 8, 8, 42, 84, 185]]
[563, [0, 0, 0, 87, 57, 173]]
[564, [0, 4, 4, 132, 45, 185]]
[565, [0, 8, 8, 132, 21, 185]]
[566, [0, 0, 0, 177, 9, 173]]
[567, [0, 4, 4, 78, 144, 185]]
[568, [0, 8, 8, 93, 117, 185]]
[569, [0, 0, 0, 138, 105, 173]]
[570, [0, 4, 4, 138, 93, 185]]
[571, [0, 8, 8, 168, 69, 185]]
[572, [0, 0, 0, 24, 57, 173]]
[573, [0, 4, 4, 24, 189, 185]]
[574, [0, 8, 8, 24, 165, 185]]
[575, [0, 0, 0, 24, 153, 173]]
[576, [0, 4, 4, 24, 141, 185]]
[577, [0, 8, 8, 24, 117, 185]]
[578, [0, 0, 0, 24, 105, 173]]
[579, [0, 4, 4, 84, 93, 185]]
[580, [0, 8, 8, 84, 69, 185]]
[581, [0, 0, 0, 84, 57, 173]]
[582, [0, 4, 4, 84, 45, 185]]
[583, [0, 8, 8, 129, 21, 185]]
[584, [0, 0, 0, 174, 9, 173]]
[585, [0, 4, 4, 30, 144, 185]]
[586, [0, 8, 8, 75, 117, 185]]
[587, [0, 0, 0, 120, 105, 173]]
[588, [0, 4, 4, 135, 93, 185]]
[589, [0, 8, 8, 180, 69, 185]]
[590, [0, 0, 0, 36, 57, 173]]
[591, [0, 4, 4, 66, 189, 185]]
[592, [0, 8, 8, 66, 165, 185]]
[593, [0, 0, 0, 66, 153, 173]]
[594, [0, 4, 4, 66, 141, 185]]
[595, [0, 8, 8, 66, 117, 185]]
[596, [0, 0, 0, 66, 105, 173]]
[597, [0, 4, 4, 66, 93, 185]]
[598, [0, 8, 8, 66, 69, 185]]
[599, [0, 0, 0, 126, 57, 173]]
[600, [0, 4, 4, 126, 48, 185]]
[601, [0, 8, 8, 126, 24, 185]]
[602, [0, 0, 0, 126, 12, 173]]
[603, [0, 4, 4, 171, 0, 185]]
[604, [0, 8, 8, 72, 144, 176]]
[605, [0, 0, 0, 72, 117, 173]]
[606, [0, 4, 4, 117, 96, 185]]
[607, [0, 8, 8, 162, 72, 185]]
[608, [0, 0, 0, 33, 60, 173]]
[609, [0, 4, 4, 78, 192, 185]]
[610, [0, 8, 8, 78, 168, 185]]
[611, [0, 0, 0, 108, 156, 173]]
[612, [0, 4, 4, 108, 144, 185]]
[613, [0, 8, 8, 108, 120, 185]]
[614, [0, 0, 0, 108, 108, 173]]
[615, [0, 4, 4, 108, 93, 185]]
[616, [0, 8, 8, 108, 69, 185]]
[617, [0, 0, 0, 108, 57, 173]]
[618, [0, 4, 4, 108, 45, 185]]
[619, [0, 8, 8, 168, 21, 185]]
[620, [0, 0, 0, 24, 153, 173]]
[621, [0, 4, 4, 24, 141, 185]]
[622, [0, 8, 8, 24, 117, 185]]
[623, [0, 0, 0, 69, 105, 173]]
[624, [0, 4, 4, 114, 93, 185]]
[625, [0, 8, 8, 114, 69, 185]]
[626, [0, 0, 0, 159, 57, 173]]
[627, [0, 4, 4, 60, 189, 185]]
[628, [0, 8, 8, 75, 165, 185]]
[629, [0, 0, 0, 120, 153, 173]]
[630, [0, 4, 4, 120, 141, 185]]
[631, [0, 8, 8, 150, 117, 185]]
[632, [0, 0, 0, 6, 105, 173]]
[633, [0, 4, 4, 6, 93, 185]]
[634, [0, 8, 8, 6, 69, 185]]
[635, [0, 0, 0, 6, 57, 173]]
[636, [0, 4, 4, 6, 189, 185]]
[637, [0, 8, 8, 6, 165, 185]]
[638, [0, 0, 0, 6, 153, 173]]
[639, [0, 4, 4, 66, 141, 185]]
[640, [0, 8, 8, 66, 117, 185]]
[641, [0, 0, 0, 66, 105, 173]]
[642, [0, 4, 4, 66, 93, 185]]
[643, [0, 8, 8, 111, 69, 185]]
[644, [0, 0, 0, 156, 57, 173]]
[645, [0, 4, 4, 12, 189, 185]]
[646, [0, 8, 8, 57, 165, 185]]
[647, [0, 0, 0, 102, 153, 173]]
[648, [0, 4, 4, 117, 141, 185]]
[649, [0, 8, 8, 162, 117, 185]]
[650, [0, 0, 0, 18, 105, 173]]
[651, [0, 4, 4, 48, 93, 185]]
[652, [0, 8, 8, 48, 69, 185]]
[653, [0, 0, 0, 48, 57, 173]]
[654, [0, 4, 4, 48, 189, 185]]
[655, [0, 8, 8, 48, 165, 185]]
[656, [0, 0, 0, 48, 153, 173]]
[657, [0, 4, 4, 48, 141, 185]]
[658, [0, 8, 8, 48, 117, 185]]
[659, [0, 0, 0, 108, 105, 173]]
[660, [0, 4, 4, 108, 93, 185]]
[661, [0, 8, 8, 108, 69, 185]]
[662, [0, 0, 0, 108, 57, 173]]
[663, [0, 4, 4, 153, 45, 185]]
[664, [0, 8, 8, 54, 165, 185]]
[665, [0, 0, 0, 54, 153, 173]]
[666, [0, 4, 4, 99, 141, 185]]
[667, [0, 8, 8, 144, 117, 185]]
[668, [0, 0, 0, 15, 105, 173]]
[669, [0, 4, 4, 60, 93, 185]]
[670, [0, 8, 8, 60, 69, 185]]
[671, [0, 0, 0, 90, 57, 173]]
[672, [0, 4, 4, 90, 189, 185]]
[673, [0, 8, 8, 90, 165, 185]]
[674, [0, 0, 0, 90, 153, 173]]
[675, [0, 4, 4, 90, 141, 185]]
[676, [0, 8, 8, 90, 117, 185]]
[677, [0, 0, 0, 90, 105, 173]]
[678, [0, 4, 4, 90, 93, 185]]
[679, [0, 8, 8, 150, 69, 185]]
[680, [0, 0, 0, 6, 57, 173]]
[681, [0, 4, 4, 6, 189, 185]]
[682, [0, 8, 8, 6, 165, 185]]
[683, [0, 0, 0, 51, 153, 173]]
[684, [0, 4, 4, 96, 141, 185]]
[685, [0, 8, 8, 96, 117, 185]]
[686, [0, 0, 0, 126, 105, 173]]
[687, [0, 4, 4, 171, 93, 185]]
[688, [0, 8, 8, 42, 69, 185]]
[689, [0, 0, 0, 87, 57, 173]]
[690, [0, 4, 4, 87, 189, 185]]
[691, [0, 8, 8, 132, 165, 185]]
[692, [0, 0, 0, 132, 153, 173]]
[693, [0, 4, 4, 132, 141, 185]]
[694, [0, 8, 8, 132, 117, 185]]
[695, [0, 0, 0, 132, 105, 173]]
[696, [0, 4, 4, 132, 93, 185]]
[697, [0, 8, 8, 132, 69, 185]]
[698, [0, 0, 0, 132, 57, 173]]
[699, [0, 4, 4, 192, 45, 185]]
[700, [0, 8, 8, 48, 165, 185]]
[701, [0, 0, 0, 48, 153, 173]]
[702, [0, 4, 4, 48, 141, 185]]
[703, [0, 8, 8, 48, 117, 185]]
[704, [0, 0, 0, 93, 105, 173]]
[705, [0, 4, 4, 138, 93, 185]]
[706, [0, 8, 8, 138, 69, 185]]
[707, [0, 0, 0, 168, 57, 173]]
[708, [0, 4, 4, 69, 189, 185]]
[709, [0, 8, 8, 84, 165, 185]]
[710, [0, 0, 0, 129, 153, 173]]
[711, [0, 4, 4, 129, 141, 185]]
[712, [0, 8, 8, 174, 117, 185]]
[713, [0, 0, 0, 30, 105, 173]]
[714, [0, 4, 4, 30, 93, 185]]
[715, [0, 8, 8, 30, 69, 185]]
[716, [0, 0, 0, 30, 57, 173]]
[717, [0, 4, 4, 30, 189, 185]]
[718, [0, 8, 8, 30, 165, 185]]
[719, [0, 0, 0, 90, 153, 173]]
[720, [0, 4, 4, 90, 141, 185]]
[721, [0, 8, 8, 90, 117, 185]]
[722, [0, 0, 0, 90, 105, 173]]
[723, [0, 4, 4, 90, 93, 185]]
[724, [0, 8, 8, 135, 69, 185]]
[725, [0, 0, 0, 180, 57, 173]]
[726, [0, 4, 4, 36, 189, 185]]
[727, [0, 8, 8, 66, 165, 185]]
[728, [0, 0, 0, 111, 153, 173]]
[729, [0, 4, 4, 126, 141, 185]]
[730, [0, 8, 8, 171, 117, 185]]
[731, [0, 0, 0, 27, 105, 173]]
[732, [0, 4, 4, 72, 93, 185]]
[733, [0, 8, 8, 72, 69, 185]]
[734, [0, 0, 0, 72, 57, 173]]
[735, [0, 4, 4, 72, 189, 185]]
[736, [0, 8, 8, 72, 165, 185]]
[737, [0, 0, 0, 72, 153, 173]]
[738, [0, 4, 4, 72, 141, 185]]
[739, [0, 8, 8, 132, 117, 185]]
[740, [0, 0, 0, 132, 105, 173]]
[741, [0, 4, 4, 132, 93, 185]]
[742, [0, 8, 8, 132, 69, 185]]
[743, [0, 0, 0, 132, 57, 173]]
[744, [0, 4, 4, 177, 45, 185]]
[745, [0, 8, 8, 78, 165, 185]]
[746, [0, 0, 0, 78, 153, 173]]
[747, [0, 4, 4, 108, 141, 185]]
[748, [0, 8, 8, 153, 117, 185]]
[749, [0, 0, 0, 24, 105, 173]]
[750, [0, 4, 4, 69, 93, 185]]
[751, [0, 8, 8, 69, 69, 185]]
[752, [0, 0, 0, 114, 57, 173]]
[753, [0, 4, 4, 114, 189, 185]]
[754, [0, 8, 8, 114, 165, 185]]
[755, [0, 0, 0, 114, 153, 173]]
[756, [0, 4, 4, 114, 141, 185]]
[757, [0, 8, 8, 114, 117, 185]]
[758, [0, 0, 0, 114, 105, 173]]
[759, [0, 4, 4, 174, 93, 185]]
[760, [0, 8, 8, 30, 69, 185]]
[761, [0, 0, 0, 30, 57, 173]]
[762, [0, 4, 4, 30, 189, 185]]
[763, [0, 8, 8, 30, 165, 185]]
[764, [0, 0, 0, 75, 153, 173]]
[765, [0, 4, 4, 120, 141, 185]]
[766, [0, 8, 8, 120, 117, 185]]
[767, [0, 0, 0, 150, 105, 173]]
[768, [0, 4, 4, 51, 93, 185]]
[769, [0, 8, 8, 66, 69, 185]]
[770, [0, 0, 0, 111, 57, 173]]
[771, [0, 4, 4, 111, 189, 185]]
[772, [0, 8, 8, 156, 165, 185]]
[773, [0, 0, 0, 12, 153, 173]]
[774, [0, 4, 4, 12, 141, 185]]
[775, [0, 8, 8, 12, 117, 185]]
[776, [0, 0, 0, 12, 105, 173]]
[777, [0, 4, 4, 12, 93, 185]]
[778, [0, 8, 8, 12, 69, 185]]
[779, [0, 0, 0, 72, 57, 173]]
[780, [0, 4, 4, 72, 189, 185]]
[781, [0, 8, 8, 72, 165, 185]]
[782, [0, 0, 0, 72, 153, 173]]
[783, [0, 4, 4, 72, 141, 185]]
[784, [0, 8, 8, 117, 117, 185]]
[785, [0, 0, 0, 162, 105, 173]]
[786, [0, 4, 4, 18, 93, 185]]
[787, [0, 8, 8, 48, 69, 185]]
[788, [0, 0, 0, 93, 57, 173]]
[789, [0, 4, 4, 108, 189, 185]]
[790, [0, 8, 8, 153, 165, 185]]
[791, [0, 0, 0, 9, 153, 173]]
[792, [0, 4, 4, 54, 141, 185]]
[793, [0, 8, 8, 54, 117, 185]]
[794, [0, 0, 0, 54, 105, 173]]
[795, [0, 4, 4, 54, 93, 185]]
[796, [0, 8, 8, 54, 69, 185]]
[797, [0, 0, 0, 54, 57, 173]]
[798, [0, 4, 4, 54, 189, 185]]
[799, [0, 8, 8, 114, 165, 185]]
[800, [0, 0, 0, 114, 153, 173]]
[801, [0, 4, 4, 114, 141, 185]]
[802, [0, 8, 8, 114, 117, 185]]
[803, [0, 0, 0, 114, 105, 173]]
[804, [0, 4, 4, 159, 93, 185]]
[805, [0, 8, 8, 60, 69, 185]]
[806, [0, 0, 0, 60, 57, 173]]
[807, [0, 4, 4, 90, 189, 185]]
[808, [0, 8, 8, 135, 165, 185]]
[809, [0, 0, 0, 150, 153, 173]]
[810, [0, 4, 4, 51, 141, 185]]
[811, [0, 8, 8, 51, 117, 185]]
[812, [0, 0, 0, 96, 105, 173]]
[813, [0, 4, 4, 96, 93, 185]]
[814, [0, 8, 8, 96, 69, 185]]
[815, [0, 0, 0, 96, 57, 173]]
[816, [0, 4, 4, 96, 189, 185]]
[817, [0, 8, 8, 96, 165, 185]]
[818, [0, 0, 0, 96, 153, 173]]
[819, [0, 4, 4, 156, 141, 185]]
[820, [0, 8, 8, 12, 117, 185]]
[821, [0, 0, 0, 12, 105, 173]]
[822, [0, 4, 4, 12, 93, 185]]
[823, [0, 8, 8, 12, 69, 185]]
[824, [0, 0, 0, 57, 57, 173]]
[825, [0, 4, 4, 102, 189, 185]]
[826, [0, 8, 8, 102, 165, 185]]
[827, [0, 0, 0, 132, 153, 173]]
[828, [0, 4, 4, 177, 141, 185]]
[829, [0, 8, 8, 48, 117, 185]]
[830, [0, 0, 0, 93, 105, 173]]
[831, [0, 4, 4, 93, 93, 185]]
[832, [0, 8, 8, 138, 69, 185]]
[833, [0, 0, 0, 138, 57, 173]]
[834, [0, 4, 4, 138, 189, 185]]
[835, [0, 8, 8, 138, 165, 185]]
[836, [0, 0, 0, 138, 153, 173]]
[837, [0, 4, 4, 138, 141, 185]]
[838, [0, 8, 8, 138, 117, 185]]
[839, [0, 0, 0, 198, 105, 173]]
[840, [0, 4, 4, 54, 93, 185]]
[841, [0, 8, 8, 54, 69, 185]]
[842, [0, 0, 0, 54, 57, 173]]
[843, [0, 4, 4, 54, 189, 185]]
[844, [0, 8, 8, 54, 165, 185]]
[845, [0, 0, 0, 99, 153, 173]]
[846, [0, 4, 4, 144, 141, 185]]
[847, [0, 8, 8, 0, 117, 185]]
[848, [0, 0, 0, 30, 105, 173]]
[849, [0, 4, 4, 75, 93, 185]]
[850, [0, 8, 8, 90, 69, 185]]
[851, [0, 0, 0, 135, 57, 173]]
[852, [0, 4, 4, 135, 189, 185]]
[853, [0, 8, 8, 180, 165, 185]]
[854, [0, 0, 0, 36, 153, 173]]
[855, [0, 4, 4, 36, 141, 185]]
[856, [0, 8, 8, 36, 117, 185]]
[857, [0, 0, 0, 36, 105, 173]]
[858, [0, 4, 4, 36, 93, 185]]
[859, [0, 8, 8, 96, 69, 185]]
[860, [0, 0, 0, 96, 57, 173]]
[861, [0, 4, 4, 96, 189, 185]]
[862, [0, 8, 8, 96, 165, 185]]
[863, [0, 0, 0, 96, 153, 173]]
[864, [0, 4, 4, 96, 141, 185]]
[865, [0, 8, 8, 141, 117, 185]]
[866, [0, 0, 0, 186, 105, 173]]
[867, [0, 4, 4, 42, 93, 185]]
[868, [0, 8, 8, 42, 69, 185]]
[869, [0, 0, 0, 72, 57, 173]]
[870, [0, 4, 4, 117, 189, 185]]
[871, [0, 8, 8, 132, 165, 185]]
[872, [0, 0, 0, 177, 153, 173]]
[873, [0, 4, 4, 33, 141, 185]]
[874, [0, 8, 8, 78, 117, 185]]
[875, [0, 0, 0, 78, 105, 173]]
[876, [0, 4, 4, 78, 93, 185]]
[877, [0, 8, 8, 78, 69, 185]]
[878, [0, 0, 0, 78, 57, 173]]
[879, [0, 4, 4, 138, 189, 185]]
[880, [0, 8, 8, 138, 165, 185]]
[881, [0, 0, 0, 138, 153, 173]]
[882, [0, 4, 4, 138, 141, 185]]
[883, [0, 8, 8, 138, 117, 185]]
[884, [0, 0, 0, 138, 105, 173]]
[885, [0, 4, 4, 183, 93, 185]]
[886, [0, 8, 8, 84, 69, 185]]
[887, [0, 0, 0, 84, 57, 173]]
[888, [0, 4, 4, 84, 189, 185]]
[889, [0, 8, 8, 114, 165, 185]]
[890, [0, 0, 0, 159, 153, 173]]
[891, [0, 4, 4, 30, 141, 185]]
[892, [0, 8, 8, 75, 117, 185]]
[893, [0, 0, 0, 75, 105, 173]]
[894, [0, 4, 4, 120, 93, 185]]
[895, [0, 8, 8, 120, 69, 185]]
[896, [0, 0, 0, 120, 57, 173]]
[897, [0, 4, 4, 120, 189, 185]]
[898, [0, 8, 8, 120, 165, 185]]
[899, [0, 0, 0, 180, 153, 173]]
[900, [0, 4, 4, 36, 141, 185]]
[901, [0, 8, 8, 36, 117, 185]]
[902, [0, 0, 0, 36, 105, 173]]
[903, [0, 4, 4, 36, 93, 185]]
[904, [0, 8, 8, 36, 69, 185]]
[905, [0, 0, 0, 81, 57, 173]]
[906, [0, 4, 4, 126, 189, 185]]
[907, [0, 8, 8, 126, 165, 185]]
[908, [0, 0, 0, 126, 153, 173]]
[909, [0, 4, 4, 156, 141, 185]]
[910, [0, 8, 8, 57, 117, 185]]
[911, [0, 0, 0, 72, 105, 173]]
[912, [0, 4, 4, 117, 93, 185]]
[913, [0, 8, 8, 117, 69, 185]]
[914, [0, 0, 0, 162, 57, 173]]
[915, [0, 4, 4, 162, 189, 185]]
[916, [0, 8, 8, 18, 165, 185]]
[917, [0, 0, 0, 18, 153, 173]]
[918, [0, 4, 4, 18, 141, 185]]
[919, [0, 8, 8, 78, 117, 185]]
[920, [0, 0, 0, 78, 105, 173]]
[921, [0, 4, 4, 78, 93, 185]]
[922, [0, 8, 8, 78, 69, 185]]
[923, [0, 0, 0, 78, 57, 173]]
[924, [0, 4, 4, 78, 189, 185]]
[925, [0, 8, 8, 123, 165, 185]]
[926, [0, 0, 0, 168, 153, 173]]
[927, [0, 4, 4, 24, 141, 185]]
[928, [0, 8, 8, 24, 117, 185]]
[929, [0, 0, 0, 54, 105, 173]]
[930, [0, 4, 4, 99, 93, 185]]
[931, [0, 8, 8, 114, 69, 185]]
[932, [0, 0, 0, 159, 57, 173]]
[933, [0, 4, 4, 159, 189, 185]]
[934, [0, 8, 8, 60, 165, 185]]
[935, [0, 0, 0, 60, 153, 173]]
[936, [0, 4, 4, 60, 141, 185]]
[937, [0, 8, 8, 60, 117, 185]]
[938, [0, 0, 0, 60, 105, 173]]
[939, [0, 4, 4, 120, 93, 185]]
[940, [0, 8, 8, 120, 69, 185]]
[941, [0, 0, 0, 120, 57, 173]]
[942, [0, 4, 4, 120, 189, 185]]
[943, [0, 8, 8, 120, 165, 185]]
[944, [0, 0, 0, 120, 153, 173]]
[945, [0, 4, 4, 165, 141, 185]]
[946, [0, 8, 8, 66, 117, 185]]
[947, [0, 0, 0, 66, 105, 173]]
[948, [0, 4, 4, 66, 93, 185]]
[949, [0, 8, 8, 96, 69, 185]]
[950, [0, 0, 0, 141, 57, 173]]
[951, [0, 4, 4, 156, 189, 185]]
[952, [0, 8, 8, 57, 165, 185]]
[953, [0, 0, 0, 57, 153, 173]]
[954, [0, 4, 4, 102, 141, 185]]
[955, [0, 8, 8, 102, 117, 185]]
[956, [0, 0, 0, 102, 105, 173]]
[957, [0, 4, 4, 102, 93, 185]]
[958, [0, 8, 8, 102, 69, 185]]
[959, [0, 0, 0, 162, 57, 173]]
[960, [0, 4, 4, 162, 189, 185]]
[961, [0, 8, 8, 18, 165, 185]]
[962, [0, 0, 0, 18, 153, 173]]
[963, [0, 4, 4, 18, 141, 185]]
[964, [0, 8, 8, 18, 117, 185]]
[965, [0, 0, 0, 63, 105, 173]]
[966, [0, 4, 4, 108, 93, 185]]
[967, [0, 8, 8, 108, 69, 185]]
[968, [0, 0, 0, 108, 57, 173]]
[969, [0, 4, 4, 138, 189, 185]]
[970, [0, 8, 8, 183, 165, 185]]
[971, [0, 0, 0, 54, 153, 173]]
[972, [0, 4, 4, 99, 141, 185]]
[973, [0, 8, 8, 99, 117, 185]]
[974, [0, 0, 0, 144, 105, 173]]
[975, [0, 4, 4, 144, 93, 185]]
[976, [0, 8, 8, 144, 69, 185]]
[977, [0, 0, 0, 144, 57, 173]]
[978, [0, 4, 4, 144, 189, 185]]
[979, [0, 8, 8, 60, 165, 185]]
[980, [0, 0, 0, 60, 153, 173]]
[981, [0, 4, 4, 60, 141, 185]]
[982, [0, 8, 8, 60, 117, 185]]
[983, [0, 0, 0, 60, 105, 173]]
[984, [0, 4, 4, 60, 93, 185]]
[985, [0, 8, 8, 105, 69, 185]]
[986, [0, 0, 0, 150, 57, 173]]
[987, [0, 4, 4, 150, 189, 185]]
[988, [0, 8, 8, 6, 165, 185]]
[989, [0, 0, 0, 36, 153, 173]]
[990, [0, 4, 4, 81, 141, 185]]
[991, [0, 8, 8, 96, 117, 185]]
[992, [0, 0, 0, 141, 105, 173]]
[993, [0, 4, 4, 141, 93, 185]]
[994, [0, 8, 8, 186, 69, 185]]
[995, [0, 0, 0, 186, 57, 173]]
[996, [0, 4, 4, 186, 189, 185]]
[997, [0, 8, 8, 42, 165, 185]]
[998, [0, 0, 0, 42, 153, 173]]
[999, [0, 4, 4, 42, 141, 185]]
[1000, [0, 8, 8, 42, 117, 185]]
[1001, [0, 0, 0, 102, 105, 173]]
[1002, [0, 4, 4, 102, 93, 185]]
[1003, [0, 8, 8, 102, 69, 185]]
[1004, [0, 0, 0, 102, 57, 173]]
[1005, [0, 4, 4, 102, 189, 185]]
[1006, [0, 8, 8, 102, 165, 185]]
[1007, [0, 0, 0, 147, 153, 173]]
[1008, [0, 4, 4, 48, 141, 185]]
[1009, [0, 8, 8, 48, 117, 185]]
[1010, [0, 0, 0, 48, 105, 173]]
[1011, [0, 4, 4, 78, 93, 185]]
[1012, [0, 8, 8, 123, 69, 185]]
[1013, [0, 0, 0, 138, 57, 173]]
[1014, [0, 4, 4, 183, 189, 185]]
[1015, [0, 8, 8, 39, 165, 185]]
[1016, [0, 0, 0, 84, 153, 173]]
[1017, [0, 4, 4, 84, 141, 185]]
[1018, [0, 8, 8, 84, 117, 185]]
[1019, [0, 0, 0, 84, 105, 173]]
[1020, [0, 4, 4, 84, 93, 185]]
[1021, [0, 8, 8, 144, 69, 185]]
[1022, [0, 0, 0, 144, 57, 173]]
[1023, [0, 4, 4, 144, 189, 185]]
[1024, [0, 8, 8, 0, 165, 185]]
[1025, [0, 0, 0, 0, 153, 173]]
[1026, [0, 4, 4, 0, 141, 185]]
[1027, [0, 8, 8, 45, 117, 185]]
[1028, [0, 0, 0, 90, 105, 173]]
[1029, [0, 4, 4, 90, 93, 185]]
[1030, [0, 8, 8, 90, 69, 185]]
[1031, [0, 0, 0, 120, 57, 173]]
[1032, [0, 4, 4, 165, 189, 185]]
[1033, [0, 8, 8, 36, 165, 185]]
[1034, [0, 0, 0, 81, 153, 173]]
[1035, [0, 4, 4, 81, 141, 185]]
[1036, [0, 8, 8, 126, 117, 185]]
[1037, [0, 0, 0, 126, 105, 173]]
[1038, [0, 4, 4, 126, 93, 185]]
[1039, [0, 8, 8, 126, 69, 185]]
[1040, [0, 0, 0, 126, 57, 173]]
[1041, [0, 4, 4, 186, 189, 185]]
[1042, [0, 8, 8, 42, 165, 185]]
[1043, [0, 0, 0, 42, 153, 173]]
[1044, [0, 4, 4, 42, 141, 185]]
[1045, [0, 8, 8, 42, 117, 185]]
[1046, [0, 0, 0, 42, 105, 173]]
[1047, [0, 4, 4, 42, 93, 185]]
[1048, [0, 8, 8, 87, 69, 185]]
[1049, [0, 0, 0, 132, 57, 173]]
[1050, [0, 4, 4, 132, 189, 185]]
[1051, [0, 8, 8, 132, 165, 185]]
[1052, [0, 0, 0, 162, 153, 173]]
[1053, [0, 4, 4, 63, 141, 185]]
[1054, [0, 8, 8, 78, 117, 185]]
[1055, [0, 0, 0, 123, 105, 173]]
[1056, [0, 4, 4, 123, 93, 185]]
[1057, [0, 8, 8, 168, 69, 185]]
[1058, [0, 0, 0, 168, 57, 173]]
[1059, [0, 4, 4, 168, 189, 185]]
[1060, [0, 8, 8, 24, 165, 185]]
[1061, [0, 0, 0, 84, 153, 173]]
[1062, [0, 4, 4, 84, 141, 185]]
[1063, [0, 8, 8, 84, 117, 185]]
[1064, [0, 0, 0, 84, 105, 173]]
[1065, [0, 4, 4, 84, 93, 185]]
[1066, [0, 8, 8, 84, 69, 185]]
[1067, [0, 0, 0, 84, 57, 173]]
[1068, [0, 4, 4, 129, 189, 185]]
[1069, [0, 8, 8, 174, 165, 185]]
[1070, [0, 0, 0, 30, 153, 173]]
[1071, [0, 4, 4, 30, 141, 185]]
[1072, [0, 8, 8, 60, 117, 185]]
[1073, [0, 0, 0, 105, 105, 173]]
[1074, [0, 4, 4, 120, 93, 185]]
[1075, [0, 8, 8, 165, 69, 185]]
[1076, [0, 0, 0, 165, 57, 173]]
[1077, [0, 4, 4, 195, 189, 185]]
[1078, [0, 8, 8, 66, 165, 185]]
[1079, [0, 0, 0, 66, 153, 173]]
[1080, [0, 4, 4, 66, 141, 185]]
[1081, [0, 8, 8, 126, 117, 185]]
[1082, [0, 0, 0, 126, 105, 173]]
[1083, [0, 4, 4, 126, 93, 185]]
[1084, [0, 8, 8, 126, 69, 185]]
[1085, [0, 0, 0, 126, 57, 173]]
[1086, [0, 4, 4, 126, 189, 185]]
[1087, [0, 8, 8, 126, 165, 185]]
[1088, [0, 0, 0, 171, 153, 173]]
[1089, [0, 4, 4, 72, 141, 185]]
[1090, [0, 8, 8, 72, 117, 185]]
[1091, [0, 0, 0, 72, 105, 173]]
[1092, [0, 4, 4, 102, 93, 185]]
[1093, [0, 8, 8, 147, 69, 185]]
[1094, [0, 0, 0, 162, 57, 173]]
[1095, [0, 4, 4, 192, 189, 185]]
[1096, [0, 8, 8, 63, 165, 185]]
[1097, [0, 0, 0, 78, 153, 173]]
[1098, [0, 4, 4, 93, 141, 185]]
[1099, [0, 8, 8, 108, 117, 185]]
[1100, [0, 0, 0, 108, 105, 173]]
[1101, [0, 4, 4, 168, 93, 185]]
[1102, [0, 8, 8, 168, 69, 185]]
[1103, [0, 0, 0, 168, 57, 173]]
[1104, [0, 4, 4, 168, 189, 185]]
[1105, [0, 8, 8, 24, 165, 185]]
[1106, [0, 0, 0, 24, 153, 173]]
[1107, [0, 4, 4, 24, 141, 185]]
[1108, [0, 8, 8, 69, 117, 185]]
[1109, [0, 0, 0, 114, 105, 173]]
[1110, [0, 4, 4, 114, 93, 185]]
[1111, [0, 8, 8, 114, 69, 185]]
[1112, [0, 0, 0, 144, 57, 173]]
[1113, [0, 4, 4, 189, 189, 185]]
[1114, [0, 8, 8, 45, 165, 185]]
[1115, [0, 0, 0, 60, 153, 173]]
[1116, [0, 4, 4, 90, 141, 185]]
[1117, [0, 8, 8, 120, 117, 185]]
[1118, [0, 0, 0, 120, 105, 173]]
[1119, [0, 4, 4, 135, 93, 185]]
[1120, [0, 8, 8, 150, 69, 185]]
[1121, [0, 0, 0, 195, 57, 173]]
[1122, [0, 4, 4, 195, 189, 185]]
[1123, [0, 8, 8, 66, 165, 185]]
[1124, [0, 0, 0, 66, 153, 173]]
[1125, [0, 4, 4, 66, 141, 185]]
[1126, [0, 8, 8, 66, 117, 185]]
[1127, [0, 0, 0, 66, 105, 173]]
[1128, [0, 4, 4, 66, 93, 185]]
[1129, [0, 8, 8, 66, 69, 185]]
[1130, [0, 0, 0, 111, 57, 173]]
[1131, [0, 4, 4, 156, 189, 185]]
[1132, [0, 8, 8, 12, 165, 185]]
[1133, [0, 0, 0, 12, 153, 173]]
[1134, [0, 4, 4, 42, 141, 185]]
[1135, [0, 8, 8, 87, 117, 185]]
[1136, [0, 0, 0, 87, 105, 173]]
[1137, [0, 4, 4, 102, 93, 185]]
[1138, [0, 8, 8, 132, 69, 185]]
[1139, [0, 0, 0, 162, 57, 173]]
[1140, [0, 4, 4, 162, 189, 185]]
[1141, [0, 8, 8, 33, 165, 185]]
[1142, [0, 0, 0, 93, 153, 173]]
[1143, [0, 4, 4, 108, 141, 185]]
[1144, [0, 8, 8, 108, 117, 185]]
[1145, [0, 0, 0, 108, 105, 173]]
[1146, [0, 4, 4, 108, 93, 185]]
[1147, [0, 8, 8, 108, 69, 185]]
[1148, [0, 0, 0, 108, 57, 173]]
[1149, [0, 4, 4, 108, 189, 185]]
[1150, [0, 8, 8, 153, 165, 185]]
[1151, [0, 0, 0, 54, 153, 173]]
[1152, [0, 4, 4, 54, 141, 185]]
[1153, [0, 8, 8, 54, 117, 185]]
[1154, [0, 0, 0, 84, 105, 173]]
[1155, [0, 4, 4, 129, 93, 185]]
[1156, [0, 8, 8, 129, 69, 185]]
[1157, [0, 0, 0, 144, 57, 173]]
[1158, [0, 4, 4, 174, 189, 185]]
[1159, [0, 8, 8, 60, 165, 185]]
[1160, [0, 0, 0, 60, 153, 173]]
[1161, [0, 4, 4, 75, 141, 185]]
[1162, [0, 8, 8, 135, 117, 185]]
[1163, [0, 0, 0, 150, 105, 173]]
[1164, [0, 4, 4, 150, 93, 185]]
[1165, [0, 8, 8, 150, 69, 185]]
[1166, [0, 0, 0, 150, 57, 173]]
[1167, [0, 4, 4, 150, 189, 185]]
[1168, [0, 8, 8, 6, 165, 185]]
[1169, [0, 0, 0, 6, 153, 173]]
[1170, [0, 4, 4, 51, 141, 185]]
[1171, [0, 8, 8, 96, 117, 185]]
[1172, [0, 0, 0, 96, 105, 173]]
[1173, [0, 4, 4, 96, 93, 185]]
[1174, [0, 8, 8, 126, 69, 185]]
[1175, [0, 0, 0, 171, 57, 173]]
[1176, [0, 4, 4, 171, 189, 185]]
[1177, [0, 8, 8, 42, 165, 185]]
[1178, [0, 0, 0, 72, 153, 173]]
[1179, [0, 4, 4, 102, 141, 185]]
[1180, [0, 8, 8, 102, 117, 185]]
[1181, [0, 0, 0, 117, 105, 173]]
[1182, [0, 4, 4, 177, 93, 185]]
[1183, [0, 8, 8, 192, 69, 185]]
[1184, [0, 0, 0, 192, 57, 173]]
[1185, [0, 4, 4, 192, 189, 185]]
[1186, [0, 8, 8, 48, 165, 185]]
[1187, [0, 0, 0, 48, 153, 173]]
[1188, [0, 4, 4, 48, 141, 185]]
[1189, [0, 8, 8, 48, 117, 185]]
[1190, [0, 0, 0, 48, 105, 173]]
[1191, [0, 4, 4, 48, 93, 185]]
[1192, [0, 8, 8, 48, 69, 185]]
[1193, [0, 0, 0, 93, 57, 173]]
[1194, [0, 4, 4, 138, 189, 185]]
[1195, [0, 8, 8, 138, 165, 185]]
[1196, [0, 0, 0, 138, 153, 173]]
[1197, [0, 4, 4, 168, 141, 185]]
[1198, [0, 8, 8, 69, 117, 185]]
[1199, [0, 0, 0, 69, 105, 173]]
[1200, [0, 4, 4, 84, 93, 185]]
[1201, [0, 8, 8, 114, 69, 185]]
[1202, [0, 0, 0, 144, 57, 173]]
[1203, [0, 4, 4, 144, 189, 185]]
[1204, [0, 8, 8, 60, 165, 185]]
[1205, [0, 0, 0, 90, 153, 173]]
[1206, [0, 4, 4, 90, 141, 185]]
[1207, [0, 8, 8, 90, 117, 185]]
[1208, [0, 0, 0, 90, 105, 173]]
[1209, [0, 4, 4, 90, 93, 185]]
[1210, [0, 8, 8, 90, 69, 185]]
[1211, [0, 0, 0, 90, 57, 173]]
[1212, [0, 4, 4, 90, 189, 185]]
[1213, [0, 8, 8, 135, 165, 185]]
[1214, [0, 0, 0, 180, 153, 173]]
[1215, [0, 4, 4, 36, 141, 185]]
[1216, [0, 8, 8, 36, 117, 185]]
[1217, [0, 0, 0, 66, 105, 173]]
[1218, [0, 4, 4, 111, 93, 185]]
[1219, [0, 8, 8, 111, 69, 185]]
[1220, [0, 0, 0, 126, 57, 173]]
[1221, [0, 4, 4, 156, 189, 185]]
[1222, [0, 8, 8, 42, 165, 185]]
[1223, [0, 0, 0, 42, 153, 173]]
[1224, [0, 4, 4, 102, 141, 185]]
[1225, [0, 8, 8, 132, 117, 185]]
[1226, [0, 0, 0, 132, 105, 173]]
[1227, [0, 4, 4, 132, 93, 185]]
[1228, [0, 8, 8, 132, 69, 185]]
[1229, [0, 0, 0, 132, 57, 173]]
[1230, [0, 4, 4, 132, 189, 185]]
[1231, [0, 8, 8, 132, 165, 185]]
[1232, [0, 0, 0, 132, 153, 173]]
[1233, [0, 4, 4, 177, 141, 185]]
[1234, [0, 8, 8, 78, 117, 185]]
[1235, [0, 0, 0, 78, 105, 173]]
[1236, [0, 4, 4, 78, 93, 185]]
[1237, [0, 8, 8, 108, 69, 185]]
[1238, [0, 0, 0, 153, 57, 173]]
[1239, [0, 4, 4, 153, 189, 185]]
[1240, [0, 8, 8, 24, 165, 185]]
[1241, [0, 0, 0, 54, 153, 173]]
[1242, [0, 4, 4, 84, 141, 185]]
[1243, [0, 8, 8, 84, 117, 185]]
[1244, [0, 0, 0, 144, 105, 173]]
[1245, [0, 4, 4, 174, 93, 185]]
[1246, [0, 8, 8, 174, 69, 185]]
[1247, [0, 0, 0, 174, 57, 173]]
[1248, [0, 4, 4, 174, 189, 185]]
[1249, [0, 8, 8, 30, 165, 185]]
[1250, [0, 0, 0, 30, 153, 173]]
[1251, [0, 4, 4, 30, 141, 185]]
[1252, [0, 8, 8, 30, 117, 185]]
[1253, [0, 0, 0, 75, 105, 173]]
[1254, [0, 4, 4, 120, 93, 185]]
[1255, [0, 8, 8, 120, 69, 185]]
[1256, [0, 0, 0, 120, 57, 173]]
[1257, [0, 4, 4, 150, 189, 185]]
[1258, [0, 8, 8, 51, 165, 185]]
[1259, [0, 0, 0, 51, 153, 173]]
[1260, [0, 4, 4, 66, 141, 185]]
[1261, [0, 8, 8, 96, 117, 185]]
[1262, [0, 0, 0, 126, 105, 173]]
[1263, [0, 4, 4, 126, 93, 185]]
[1264, [0, 8, 8, 186, 69, 185]]
[1265, [0, 0, 0, 186, 57, 173]]
[1266, [0, 4, 4, 186, 189, 185]]
[1267, [0, 8, 8, 57, 165, 185]]
[1268, [0, 0, 0, 72, 153, 173]]
[1269, [0, 4, 4, 72, 141, 185]]
[1270, [0, 8, 8, 72, 117, 185]]
[1271, [0, 0, 0, 72, 105, 173]]
[1272, [0, 4, 4, 72, 93, 185]]
[1273, [0, 8, 8, 72, 69, 185]]
[1274, [0, 0, 0, 72, 57, 173]]
[1275, [0, 4, 4, 117, 189, 185]]
[1276, [0, 8, 8, 162, 165, 185]]
[1277, [0, 0, 0, 18, 153, 173]]
[1278, [0, 4, 4, 18, 141, 185]]
[1279, [0, 8, 8, 48, 117, 185]]
[1280, [0, 0, 0, 93, 105, 173]]
[1281, [0, 4, 4, 93, 93, 185]]
[1282, [0, 8, 8, 108, 69, 185]]
[1283, [0, 0, 0, 138, 57, 173]]
[1284, [0, 4, 4, 168, 189, 185]]
[1285, [0, 8, 8, 24, 165, 185]]
[1286, [0, 0, 0, 84, 153, 173]]
[1287, [0, 4, 4, 99, 141, 185]]
[1288, [0, 8, 8, 114, 117, 185]]
[1289, [0, 0, 0, 114, 105, 173]]
[1290, [0, 4, 4, 114, 93, 185]]
[1291, [0, 8, 8, 114, 69, 185]]
[1292, [0, 0, 0, 114, 57, 173]]
[1293, [0, 4, 4, 114, 189, 185]]
[1294, [0, 8, 8, 114, 165, 185]]
[1295, [0, 0, 0, 159, 153, 173]]
[1296, [0, 4, 4, 60, 141, 185]]
[1297, [0, 8, 8, 60, 117, 185]]
[1298, [0, 0, 0, 60, 105, 173]]
[1299, [0, 4, 4, 90, 93, 185]]
[1300, [0, 8, 8, 135, 69, 185]]
[1301, [0, 0, 0, 135, 57, 173]]
[1302, [0, 4, 4, 150, 189, 185]]
[1303, [0, 8, 8, 36, 165, 185]]
[1304, [0, 0, 0, 66, 153, 173]]
[1305, [0, 4, 4, 66, 141, 185]]
[1306, [0, 8, 8, 126, 117, 185]]
[1307, [0, 0, 0, 141, 105, 173]]
[1308, [0, 4, 4, 156, 93, 185]]
[1309, [0, 8, 8, 156, 69, 185]]
[1310, [0, 0, 0, 156, 57, 173]]
[1311, [0, 4, 4, 156, 189, 185]]
[1312, [0, 8, 8, 12, 165, 185]]
[1313, [0, 0, 0, 12, 153, 173]]
[1314, [0, 4, 4, 12, 141, 185]]
[1315, [0, 8, 8, 57, 117, 185]]
[1316, [0, 0, 0, 102, 105, 173]]
[1317, [0, 4, 4, 102, 93, 185]]
[1318, [0, 8, 8, 102, 69, 185]]
[1319, [0, 0, 0, 132, 57, 173]]
[1320, [0, 4, 4, 177, 189, 185]]
[1321, [0, 8, 8, 33, 165, 185]]
[1322, [0, 0, 0, 48, 153, 173]]
[1323, [0, 4, 4, 78, 141, 185]]
[1324, [0, 8, 8, 108, 117, 185]]
[1325, [0, 0, 0, 108, 105, 173]]
[1326, [0, 4, 4, 168, 93, 185]]
[1327, [0, 8, 8, 183, 69, 185]]
[1328, [0, 0, 0, 198, 57, 173]]
[1329, [0, 4, 4, 198, 189, 185]]
[1330, [0, 8, 8, 54, 165, 185]]
[1331, [0, 0, 0, 54, 153, 173]]
[1332, [0, 4, 4, 54, 141, 185]]
[1333, [0, 8, 8, 54, 117, 185]]
[1334, [0, 0, 0, 54, 105, 173]]
[1335, [0, 4, 4, 54, 93, 185]]
[1336, [0, 8, 8, 99, 69, 185]]
[1337, [0, 0, 0, 144, 57, 173]]
[1338, [0, 4, 4, 144, 189, 185]]
[1339, [0, 8, 8, 0, 165, 185]]
[1340, [0, 0, 0, 30, 153, 173]]
[1341, [0, 4, 4, 75, 141, 185]]
[1342, [0, 8, 8, 75, 117, 185]]
[1343, [0, 0, 0, 90, 105, 173]]
[1344, [0, 4, 4, 120, 93, 185]]
[1345, [0, 8, 8, 150, 69, 185]]
[1346, [0, 0, 0, 150, 57, 173]]
[1347, [0, 4, 4, 195, 189, 185]]
[1348, [0, 8, 8, 66, 165, 185]]
[1349, [0, 0, 0, 81, 153, 173]]
[1350, [0, 4, 4, 96, 141, 185]]
[1351, [0, 8, 8, 96, 117, 185]]
[1352, [0, 0, 0, 96, 105, 173]]
[1353, [0, 4, 4, 96, 93, 185]]
[1354, [0, 8, 8, 96, 69, 185]]
[1355, [0, 0, 0, 96, 57, 173]]
[1356, [0, 4, 4, 96, 189, 185]]
[1357, [0, 8, 8, 141, 165, 185]]
[1358, [0, 0, 0, 186, 153, 173]]
[1359, [0, 4, 4, 42, 141, 185]]
[1360, [0, 8, 8, 42, 117, 185]]
[1361, [0, 0, 0, 42, 105, 173]]
[1362, [0, 4, 4, 72, 93, 185]]
[1363, [0, 8, 8, 117, 69, 185]]
[1364, [0, 0, 0, 117, 57, 173]]
[1365, [0, 4, 4, 132, 189, 185]]
[1366, [0, 8, 8, 162, 165, 185]]
[1367, [0, 0, 0, 93, 153, 173]]
[1368, [0, 4, 4, 93, 141, 185]]
[1369, [0, 8, 8, 123, 117, 185]]
[1370, [0, 0, 0, 123, 105, 173]]
[1371, [0, 4, 4, 138, 93, 185]]
[1372, [0, 8, 8, 138, 69, 185]]
[1373, [0, 0, 0, 138, 57, 173]]
[1374, [0, 4, 4, 138, 189, 185]]
[1375, [0, 8, 8, 138, 165, 185]]
[1376, [0, 0, 0, 138, 153, 173]]
[1377, [0, 4, 4, 183, 141, 185]]
[1378, [0, 8, 8, 84, 117, 185]]
[1379, [0, 0, 0, 84, 105, 173]]
[1380, [0, 4, 4, 84, 93, 185]]
[1381, [0, 8, 8, 84, 69, 185]]
[1382, [0, 0, 0, 114, 57, 173]]
[1383, [0, 4, 4, 159, 189, 185]]
[1384, [0, 8, 8, 15, 165, 185]]
[1385, [0, 0, 0, 30, 153, 173]]
[1386, [0, 4, 4, 60, 141, 185]]
[1387, [0, 8, 8, 135, 117, 185]]
[1388, [0, 0, 0, 135, 105, 173]]
[1389, [0, 4, 4, 165, 93, 185]]
[1390, [0, 8, 8, 165, 69, 185]]
[1391, [0, 0, 0, 180, 57, 173]]
[1392, [0, 4, 4, 180, 189, 185]]
[1393, [0, 8, 8, 36, 165, 185]]
[1394, [0, 0, 0, 36, 153, 173]]
[1395, [0, 4, 4, 36, 141, 185]]
[1396, [0, 8, 8, 36, 117, 185]]
[1397, [0, 0, 0, 81, 105, 173]]
[1398, [0, 4, 4, 126, 93, 185]]
[1399, [0, 8, 8, 126, 69, 185]]
[1400, [0, 0, 0, 126, 57, 173]]
[1401, [0, 4, 4, 126, 189, 185]]
[1402, [0, 8, 8, 156, 165, 185]]
[1403, [0, 0, 0, 57, 153, 173]]
[1404, [0, 4, 4, 57, 141, 185]]
[1405, [0, 8, 8, 72, 117, 185]]
[1406, [0, 0, 0, 102, 105, 173]]
[1407, [0, 4, 4, 177, 93, 185]]
[1408, [0, 8, 8, 177, 69, 185]]
[1409, [0, 0, 0, 192, 57, 173]]
[1410, [0, 4, 4, 192, 189, 185]]
[1411, [0, 8, 8, 63, 165, 185]]
[1412, [0, 0, 0, 63, 153, 173]]
[1413, [0, 4, 4, 78, 141, 185]]
[1414, [0, 8, 8, 78, 117, 185]]
[1415, [0, 0, 0, 78, 105, 173]]
[1416, [0, 4, 4, 78, 93, 185]]
[1417, [0, 8, 8, 78, 69, 185]]
[1418, [0, 0, 0, 78, 57, 173]]
[1419, [0, 4, 4, 123, 189, 185]]
[1420, [0, 8, 8, 168, 165, 185]]
[1421, [0, 0, 0, 24, 153, 173]]
[1422, [0, 4, 4, 24, 141, 185]]
[1423, [0, 8, 8, 24, 117, 185]]
[1424, [0, 0, 0, 54, 105, 173]]
[1425, [0, 4, 4, 99, 93, 185]]
[1426, [0, 8, 8, 99, 69, 185]]
[1427, [0, 0, 0, 114, 57, 173]]
[1428, [0, 4, 4, 189, 189, 185]]
[1429, [0, 8, 8, 60, 165, 185]]
[1430, [0, 0, 0, 90, 153, 173]]
[1431, [0, 4, 4, 90, 141, 185]]
[1432, [0, 8, 8, 105, 117, 185]]
[1433, [0, 0, 0, 105, 105, 173]]
[1434, [0, 4, 4, 120, 93, 185]]
[1435, [0, 8, 8, 120, 69, 185]]
[1436, [0, 0, 0, 120, 57, 173]]
[1437, [0, 4, 4, 120, 189, 185]]
[1438, [0, 8, 8, 120, 165, 185]]
[1439, [0, 0, 0, 165, 153, 173]]
