SimulationV012.py[0, [0, 16, 16, 0, 0, 0]]
[1, [0, 32, 32, 0, 0, 0]]
[2, [48, 48, 48, 0, 0, 0]]
[3, [48, 64, 64, 0, 0, 0]]
[4, [48, 80, 80, 0, 0, 0]]
[5, [96, 96, 96, 0, 0, 0]]
[6, [96, 112, 112, 0, 0, 0]]
[7, [96, 128, 128, 0, 0, 0]]
[8, [144, 144, 144, 0, 0, 0]]
[9, [144, 160, 160, 0, 0, 0]]
[10, [144, 176, 176, 0, 0, 0]]
[11, [192, 192, 192, 0, 0, 0]]
[12, [192, 198, 198, 0, 0, 0]]
[14, [196, 198, 198, 0, 0, 0]]
[19, [196, 198, 198, 195, 0, 0]]
[20, [196, 198, 198, 186, 144, 0]]
[21, [166, 168, 168, 42, 114, 0]]
[22, [168, 154, 154, 42, 84, 0]]
[23, [150, 140, 140, 42, 198, 0]]
[24, [124, 126, 126, 42, 168, 0]]
[25, [126, 112, 112, 42, 138, 0]]
[26, [108, 98, 98, 42, 108, 0]]
[27, [82, 84, 84, 42, 78, 0]]
[28, [84, 70, 70, 42, 48, 0]]
[29, [66, 56, 56, 42, 18, 0]]
[30, [60, 62, 62, 42, 0, 8]]
[31, [92, 78, 78, 42, 0, 8]]
[32, [104, 94, 94, 42, 0, 8]]
[33, [108, 110, 110, 42, 0, 8]]
[34, [140, 126, 126, 42, 0, 8]]
[35, [152, 142, 142, 42, 0, 8]]
[36, [156, 158, 158, 42, 0, 8]]
[37, [188, 174, 174, 42, 0, 8]]
[38, [196, 190, 190, 42, 0, 8]]
[39, [196, 198, 198, 192, 0, 8]]
[40, [196, 198, 198, 93, 144, 8]]
[41, [166, 168, 168, 198, 114, 8]]
[42, [144, 154, 154, 84, 84, 8]]
[43, [146, 140, 140, 84, 198, 8]]
[44, [124, 126, 126, 84, 168, 8]]
[45, [102, 112, 112, 84, 138, 8]]
[46, [104, 98, 98, 84, 108, 8]]
[47, [82, 84, 84, 84, 78, 8]]
[48, [60, 70, 70, 84, 48, 8]]
[49, [62, 56, 56, 84, 18, 8]]
[50, [50, 52, 52, 84, 0, 6]]
[51, [58, 68, 68, 84, 0, 6]]
[52, [90, 84, 84, 84, 0, 6]]
[53, [98, 100, 100, 84, 0, 6]]
[54, [106, 116, 116, 84, 0, 6]]
[55, [138, 132, 132, 84, 0, 6]]
[56, [146, 148, 148, 84, 0, 6]]
[57, [154, 164, 164, 84, 0, 6]]
[58, [186, 180, 180, 84, 0, 6]]
[59, [194, 196, 196, 189, 0, 6]]
[60, [198, 198, 198, 90, 144, 6]]
[61, [168, 168, 168, 135, 114, 6]]
[62, [142, 154, 154, 195, 84, 6]]
[63, [144, 140, 140, 96, 198, 6]]
[64, [126, 126, 126, 126, 168, 6]]
[65, [100, 112, 112, 126, 138, 6]]
[66, [102, 98, 98, 126, 108, 6]]
[67, [84, 84, 84, 126, 78, 6]]
[68, [58, 70, 70, 126, 48, 6]]
[69, [60, 56, 56, 126, 18, 6]]
[70, [52, 52, 52, 126, 0, 4]]
[71, [56, 68, 68, 126, 0, 4]]
[72, [88, 84, 84, 126, 0, 4]]
[73, [100, 100, 100, 126, 0, 4]]
[74, [104, 116, 116, 126, 0, 4]]
[75, [136, 132, 132, 126, 0, 4]]
[76, [148, 148, 148, 126, 0, 4]]
[77, [152, 164, 164, 126, 0, 4]]
[78, [184, 180, 180, 126, 0, 4]]
[79, [196, 196, 196, 186, 0, 4]]
[80, [196, 198, 198, 87, 144, 4]]
[81, [166, 168, 168, 132, 114, 4]]
[82, [136, 154, 154, 177, 84, 4]]
[83, [142, 140, 140, 93, 198, 4]]
[84, [124, 126, 126, 138, 168, 4]]
[85, [94, 112, 112, 168, 138, 4]]
[86, [100, 98, 98, 24, 108, 4]]
[87, [82, 84, 84, 24, 78, 4]]
[88, [52, 70, 70, 24, 192, 4]]
[89, [58, 56, 56, 24, 162, 4]]
[90, [40, 42, 42, 24, 132, 4]]
[91, [10, 28, 28, 24, 102, 4]]
[92, [16, 14, 14, 24, 72, 4]]
[93, [8, 10, 10, 24, 42, 14]]
[94, [8, 26, 26, 24, 12, 44]]
[95, [4, 2, 2, 24, 0, 16]]
[96, [6, 8, 8, 24, 0, 6]]
[97, [6, 24, 24, 24, 0, 6]]
[98, [42, 40, 40, 24, 0, 6]]
[99, [54, 56, 56, 84, 0, 6]]
[100, [54, 72, 72, 129, 0, 6]]
[101, [90, 88, 88, 174, 0, 6]]
[102, [102, 104, 104, 75, 144, 6]]
[103, [72, 90, 90, 135, 114, 6]]
[104, [78, 76, 76, 180, 84, 6]]
[105, [60, 62, 62, 66, 198, 6]]
[106, [30, 48, 48, 66, 168, 6]]
[107, [36, 34, 34, 66, 138, 6]]
[108, [18, 20, 20, 66, 108, 6]]
[109, [8, 26, 26, 66, 78, 26]]
[110, [4, 2, 2, 66, 48, 16]]
[111, [6, 8, 8, 66, 18, 36]]
[112, [6, 24, 24, 66, 0, 54]]
[113, [2, 0, 0, 66, 0, 14]]
[114, [4, 6, 6, 66, 0, 4]]
[115, [4, 22, 22, 66, 0, 4]]
[116, [40, 38, 38, 66, 0, 4]]
[117, [52, 54, 54, 66, 0, 4]]
[118, [52, 70, 70, 66, 0, 4]]
[119, [88, 86, 86, 126, 0, 4]]
[120, [100, 102, 102, 171, 0, 4]]
[121, [100, 118, 118, 72, 144, 4]]
[122, [106, 104, 104, 117, 114, 4]]
[123, [88, 90, 90, 177, 84, 4]]
[124, [58, 76, 76, 78, 198, 4]]
[125, [64, 62, 62, 108, 168, 4]]
[126, [46, 48, 48, 108, 138, 4]]
[127, [26, 44, 44, 108, 108, 14]]
[128, [62, 60, 60, 108, 78, 44]]
[129, [74, 76, 76, 108, 48, 74]]
[130, [74, 92, 92, 108, 18, 104]]
[131, [110, 108, 108, 108, 0, 122]]
[132, [112, 114, 114, 108, 0, 112]]
[133, [112, 130, 130, 108, 0, 112]]
[134, [148, 146, 146, 108, 0, 112]]
[135, [150, 152, 152, 108, 0, 102]]
[136, [140, 158, 158, 108, 0, 92]]
[137, [166, 164, 164, 108, 0, 82]]
[138, [168, 170, 170, 108, 0, 72]]
[139, [168, 186, 186, 168, 0, 72]]
[140, [176, 178, 178, 69, 144, 52]]
[141, [168, 174, 174, 114, 114, 62]]
[142, [166, 180, 180, 159, 84, 82]]
[143, [174, 176, 176, 75, 198, 92]]
[144, [186, 192, 192, 120, 168, 122]]
[145, [184, 188, 188, 150, 138, 142]]
[146, [186, 188, 188, 6, 108, 162]]
[147, [188, 188, 188, 6, 78, 182]]
[148, [166, 168, 168, 6, 192, 167]]
[149, [178, 184, 184, 6, 177, 197]]
[150, [168, 168, 168, 6, 147, 167]]
[151, [124, 124, 124, 6, 147, 137]]
[152, [96, 100, 100, 6, 117, 127]]
[153, [66, 66, 66, 6, 87, 107]]
[154, [42, 42, 42, 6, 57, 97]]
[155, [24, 28, 28, 6, 27, 97]]
[156, [24, 24, 24, 6, 0, 104]]
[157, [0, 0, 0, 6, 0, 64]]
[158, [2, 6, 6, 6, 0, 54]]
[159, [2, 2, 2, 66, 0, 34]]
[160, [8, 8, 8, 111, 0, 24]]
[161, [0, 4, 4, 156, 0, 4]]
[162, [20, 20, 20, 57, 144, 4]]
[163, [6, 6, 6, 117, 114, 4]]
[164, [8, 12, 12, 162, 84, 24]]
[165, [8, 8, 8, 48, 198, 34]]
[166, [4, 4, 4, 48, 168, 44]]
[167, [6, 10, 10, 48, 138, 64]]
[168, [6, 6, 6, 48, 108, 74]]
[169, [2, 2, 2, 48, 78, 84]]
[170, [4, 8, 8, 48, 48, 104]]
[171, [4, 4, 4, 48, 18, 114]]
[172, [0, 0, 0, 48, 0, 112]]
[173, [2, 6, 6, 48, 0, 102]]
[174, [2, 2, 2, 48, 0, 82]]
[175, [8, 8, 8, 48, 0, 72]]
[176, [0, 4, 4, 48, 0, 52]]
[177, [0, 0, 0, 48, 0, 32]]
[178, [6, 6, 6, 48, 0, 22]]
[179, [8, 12, 12, 108, 0, 12]]
[180, [18, 18, 18, 153, 0, 2]]
[181, [34, 34, 34, 54, 144, 2]]
[182, [16, 20, 20, 99, 114, 2]]
[183, [6, 6, 6, 159, 84, 2]]
[184, [2, 2, 2, 60, 198, 12]]
[185, [4, 8, 8, 90, 168, 32]]
[186, [4, 4, 4, 90, 138, 42]]
[187, [0, 0, 0, 90, 108, 52]]
[188, [2, 6, 6, 90, 78, 72]]
[189, [2, 2, 2, 90, 48, 82]]
[190, [8, 8, 8, 90, 18, 102]]
[191, [0, 4, 4, 90, 0, 100]]
[192, [0, 0, 0, 90, 0, 80]]
[193, [6, 6, 6, 90, 0, 70]]
[194, [8, 12, 12, 90, 0, 60]]
[195, [8, 8, 8, 90, 0, 40]]
[196, [4, 4, 4, 90, 0, 20]]
[197, [6, 10, 10, 90, 0, 10]]
[198, [16, 16, 16, 90, 0, 0]]
[199, [32, 32, 32, 150, 0, 0]]
[200, [44, 48, 48, 51, 144, 0]]
[201, [34, 34, 34, 96, 114, 0]]
[202, [20, 20, 20, 141, 84, 0]]
[203, [2, 6, 6, 186, 54, 0]]
[204, [2, 2, 2, 57, 168, 10]]
[205, [8, 8, 8, 102, 138, 30]]
[206, [0, 4, 4, 132, 108, 40]]
[207, [0, 0, 0, 132, 78, 50]]
[208, [6, 6, 6, 132, 48, 70]]
[209, [8, 12, 12, 132, 18, 90]]
[210, [8, 8, 8, 132, 0, 88]]
[211, [4, 4, 4, 132, 0, 68]]
[212, [6, 10, 10, 132, 0, 58]]
[213, [6, 6, 6, 132, 0, 38]]
[214, [2, 2, 2, 132, 0, 18]]
[215, [4, 8, 8, 132, 0, 8]]
[216, [24, 24, 24, 132, 0, 8]]
[217, [40, 40, 40, 132, 0, 8]]
[218, [52, 56, 56, 132, 0, 8]]
[219, [72, 72, 72, 192, 0, 8]]
[220, [88, 88, 88, 48, 144, 8]]
[221, [70, 74, 74, 93, 114, 8]]
[222, [60, 60, 60, 138, 84, 8]]
[223, [46, 46, 46, 183, 54, 8]]
[224, [28, 32, 32, 84, 168, 8]]
[225, [18, 18, 18, 99, 138, 8]]
[226, [4, 4, 4, 144, 108, 8]]
[227, [6, 10, 10, 30, 78, 28]]
[228, [6, 6, 6, 30, 192, 38]]
[229, [2, 2, 2, 30, 162, 48]]
[230, [4, 8, 8, 30, 132, 68]]
[231, [4, 4, 4, 30, 102, 78]]
[232, [0, 0, 0, 30, 72, 88]]
[233, [2, 6, 6, 30, 42, 108]]
[234, [2, 2, 2, 30, 12, 118]]
[235, [8, 8, 8, 30, 0, 120]]
[236, [0, 4, 4, 30, 0, 100]]
[237, [0, 0, 0, 30, 0, 80]]
[238, [6, 6, 6, 30, 0, 70]]
[239, [8, 12, 12, 90, 0, 60]]
[240, [8, 8, 8, 90, 0, 40]]
[241, [4, 4, 4, 135, 0, 20]]
[242, [6, 10, 10, 180, 0, 10]]
[243, [16, 16, 16, 81, 144, 0]]
[244, [2, 2, 2, 126, 114, 0]]
[245, [4, 8, 8, 141, 84, 20]]
[246, [4, 4, 4, 186, 54, 30]]
[247, [0, 0, 0, 42, 168, 40]]
[248, [2, 6, 6, 72, 138, 60]]
[249, [2, 2, 2, 72, 108, 70]]
[250, [8, 8, 8, 72, 78, 90]]
[251, [0, 4, 4, 72, 48, 100]]
[252, [0, 0, 0, 72, 18, 110]]
[253, [6, 6, 6, 72, 0, 118]]
[254, [8, 12, 12, 72, 0, 108]]
[255, [8, 8, 8, 72, 0, 88]]
[256, [4, 4, 4, 72, 0, 68]]
[257, [6, 10, 10, 72, 0, 58]]
[258, [6, 6, 6, 72, 0, 38]]
[259, [2, 2, 2, 132, 0, 18]]
[260, [4, 8, 8, 132, 0, 8]]
[261, [24, 24, 24, 177, 0, 8]]
[262, [40, 40, 40, 78, 144, 8]]
[263, [22, 26, 26, 123, 114, 8]]
[264, [12, 12, 12, 168, 84, 8]]
[265, [8, 8, 8, 39, 198, 18]]
[266, [0, 4, 4, 84, 168, 28]]
[267, [0, 0, 0, 84, 138, 38]]
[268, [6, 6, 6, 114, 108, 58]]
[269, [8, 12, 12, 114, 78, 78]]
[270, [8, 8, 8, 114, 48, 88]]
[271, [4, 4, 4, 114, 18, 98]]
[272, [6, 10, 10, 114, 0, 106]]
[273, [6, 6, 6, 114, 0, 86]]
[274, [2, 2, 2, 114, 0, 66]]
[275, [4, 8, 8, 114, 0, 56]]
[276, [4, 4, 4, 114, 0, 36]]
[277, [0, 0, 0, 114, 0, 16]]
[278, [2, 6, 6, 114, 0, 6]]
[279, [22, 22, 22, 174, 0, 6]]
[280, [38, 38, 38, 30, 144, 6]]
[281, [20, 24, 24, 75, 114, 6]]
[282, [10, 10, 10, 120, 84, 6]]
[283, [16, 16, 16, 165, 54, 26]]
[284, [8, 12, 12, 66, 168, 36]]
[285, [8, 8, 8, 81, 138, 46]]
[286, [4, 4, 4, 126, 108, 56]]
[287, [6, 10, 10, 126, 78, 76]]
[288, [16, 16, 16, 156, 48, 96]]
[289, [22, 22, 22, 12, 162, 116]]
[290, [34, 38, 38, 12, 132, 146]]
[291, [24, 24, 24, 12, 102, 146]]
[292, [40, 40, 40, 12, 72, 176]]
[293, [22, 26, 26, 12, 42, 167]]
[294, [32, 32, 32, 12, 21, 187]]
[295, [48, 48, 48, 12, 0, 199]]
[296, [30, 34, 34, 12, 0, 169]]
[297, [40, 40, 40, 12, 0, 168]]
[298, [56, 56, 56, 12, 0, 168]]
[299, [38, 42, 42, 72, 0, 138]]
[300, [8, 8, 8, 72, 0, 88]]
[301, [4, 4, 4, 117, 0, 68]]
[302, [6, 10, 10, 162, 0, 58]]
[303, [6, 6, 6, 63, 144, 38]]
[304, [2, 2, 2, 108, 114, 48]]
[305, [4, 8, 8, 123, 84, 68]]
[306, [4, 4, 4, 168, 54, 78]]
[307, [0, 0, 0, 24, 168, 88]]
[308, [2, 6, 6, 54, 138, 108]]
[309, [2, 2, 2, 54, 108, 118]]
[310, [8, 8, 8, 54, 78, 138]]
[311, [0, 4, 4, 54, 48, 148]]
[312, [0, 0, 0, 54, 18, 158]]
[313, [6, 6, 6, 54, 0, 166]]
[314, [8, 12, 12, 54, 0, 156]]
[315, [8, 8, 8, 54, 0, 136]]
[316, [4, 4, 4, 54, 0, 116]]
[317, [6, 10, 10, 54, 0, 106]]
[318, [6, 6, 6, 54, 0, 86]]
[319, [2, 2, 2, 114, 0, 66]]
[320, [4, 8, 8, 114, 0, 56]]
[321, [4, 4, 4, 159, 0, 36]]
[322, [0, 0, 0, 60, 144, 16]]
[323, [2, 6, 6, 105, 114, 36]]
[324, [2, 2, 2, 150, 84, 46]]
[325, [8, 8, 8, 21, 198, 66]]
[326, [0, 4, 4, 51, 168, 76]]
[327, [0, 0, 0, 51, 138, 86]]
[328, [6, 6, 6, 81, 108, 106]]
[329, [8, 12, 12, 81, 78, 126]]
[330, [8, 8, 8, 81, 48, 136]]
[331, [4, 4, 4, 81, 18, 146]]
[332, [6, 10, 10, 81, 0, 154]]
[333, [6, 6, 6, 96, 0, 134]]
[334, [2, 2, 2, 96, 0, 114]]
[335, [4, 8, 8, 96, 0, 104]]
[336, [4, 4, 4, 96, 0, 84]]
[337, [0, 0, 0, 96, 0, 64]]
[338, [2, 6, 6, 96, 0, 54]]
[339, [2, 2, 2, 156, 0, 34]]
[340, [8, 8, 8, 12, 144, 24]]
[341, [0, 4, 4, 57, 114, 34]]
[342, [0, 0, 0, 102, 84, 44]]
[343, [6, 6, 6, 147, 54, 64]]
[344, [8, 12, 12, 48, 168, 84]]
[345, [8, 8, 8, 63, 138, 94]]
[346, [4, 4, 4, 93, 108, 104]]
[347, [6, 10, 10, 93, 78, 124]]
[348, [6, 6, 6, 123, 48, 134]]
[349, [2, 2, 2, 123, 18, 144]]
[350, [4, 8, 8, 123, 0, 152]]
[351, [4, 4, 4, 123, 0, 132]]
[352, [0, 0, 0, 123, 0, 112]]
[353, [2, 6, 6, 138, 0, 102]]
[354, [2, 2, 2, 138, 0, 82]]
[355, [8, 8, 8, 138, 0, 72]]
[356, [0, 4, 4, 138, 0, 52]]
[357, [0, 0, 0, 138, 0, 32]]
[358, [6, 6, 6, 138, 0, 22]]
[359, [8, 12, 12, 198, 0, 12]]
[360, [18, 18, 18, 54, 144, 2]]
[361, [4, 4, 4, 54, 114, 2]]
[362, [6, 10, 10, 99, 84, 22]]
[363, [6, 6, 6, 144, 54, 32]]
[364, [2, 2, 2, 45, 168, 42]]
[365, [4, 8, 8, 90, 138, 62]]
[366, [4, 4, 4, 105, 108, 72]]
[367, [0, 0, 0, 135, 78, 82]]
[368, [2, 6, 6, 135, 48, 102]]
[369, [2, 2, 2, 165, 18, 112]]
[370, [8, 8, 8, 21, 144, 120]]
[371, [0, 4, 4, 21, 114, 130]]
[372, [0, 0, 0, 21, 84, 140]]
[373, [6, 6, 6, 21, 54, 160]]
[374, [8, 12, 12, 36, 24, 180]]
[375, [8, 8, 8, 36, 0, 178]]
[376, [4, 4, 4, 36, 0, 164]]
[377, [6, 10, 10, 36, 0, 154]]
[378, [6, 6, 6, 36, 0, 134]]
[379, [2, 2, 2, 96, 0, 114]]
[380, [4, 8, 8, 96, 0, 104]]
[381, [4, 4, 4, 96, 0, 84]]
[382, [0, 0, 0, 141, 0, 64]]
[383, [2, 6, 6, 186, 0, 54]]
[384, [2, 2, 2, 42, 144, 34]]
[385, [8, 8, 8, 87, 114, 54]]
[386, [0, 4, 4, 132, 84, 64]]
[387, [0, 0, 0, 147, 54, 74]]
[388, [6, 6, 6, 33, 168, 94]]
[389, [8, 12, 12, 33, 138, 114]]
[390, [8, 8, 8, 63, 108, 124]]
[391, [4, 4, 4, 63, 78, 134]]
[392, [6, 10, 10, 63, 48, 154]]
[393, [6, 6, 6, 63, 18, 164]]
[394, [2, 2, 2, 63, 0, 162]]
[395, [4, 8, 8, 78, 0, 152]]
[396, [4, 4, 4, 78, 0, 132]]
[397, [0, 0, 0, 78, 0, 112]]
[398, [2, 6, 6, 78, 0, 102]]
[399, [2, 2, 2, 138, 0, 82]]
[400, [8, 8, 8, 138, 0, 72]]
[401, [0, 4, 4, 138, 0, 52]]
[402, [0, 0, 0, 183, 0, 32]]
[403, [6, 6, 6, 84, 144, 22]]
[404, [8, 12, 12, 84, 114, 42]]
[405, [8, 8, 8, 129, 84, 52]]
[406, [4, 4, 4, 174, 54, 62]]
[407, [6, 10, 10, 45, 168, 82]]
[408, [6, 6, 6, 75, 138, 92]]
[409, [2, 2, 2, 75, 108, 102]]
[410, [4, 8, 8, 105, 78, 122]]
[411, [4, 4, 4, 105, 48, 132]]
[412, [0, 0, 0, 105, 18, 142]]
[413, [2, 6, 6, 105, 0, 150]]
[414, [2, 2, 2, 105, 0, 130]]
[415, [8, 8, 8, 120, 0, 120]]
[416, [0, 4, 4, 120, 0, 100]]
[417, [0, 0, 0, 120, 0, 80]]
[418, [6, 6, 6, 120, 0, 70]]
[419, [8, 12, 12, 180, 0, 60]]
[420, [8, 8, 8, 36, 144, 40]]
[421, [4, 4, 4, 36, 114, 50]]
[422, [6, 10, 10, 81, 84, 70]]
[423, [6, 6, 6, 126, 54, 80]]
[424, [2, 2, 2, 126, 24, 90]]
[425, [4, 8, 8, 171, 0, 104]]
[426, [4, 4, 4, 72, 144, 84]]
[427, [0, 0, 0, 87, 114, 94]]
[428, [2, 6, 6, 117, 84, 114]]
[429, [2, 2, 2, 117, 54, 124]]
[430, [8, 8, 8, 147, 24, 144]]
[431, [0, 4, 4, 3, 144, 148]]
[432, [0, 0, 0, 3, 114, 158]]
[433, [6, 6, 6, 3, 84, 178]]
[434, [8, 12, 12, 3, 54, 189]]
[435, [8, 8, 8, 18, 33, 178]]
[436, [4, 4, 4, 18, 24, 179]]
[437, [6, 10, 10, 18, 3, 187]]
[438, [6, 6, 6, 18, 0, 179]]
[439, [2, 2, 2, 78, 0, 162]]
[440, [4, 8, 8, 78, 0, 152]]
[441, [4, 4, 4, 78, 0, 132]]
[442, [0, 0, 0, 123, 0, 112]]
[443, [2, 6, 6, 168, 0, 102]]
[444, [2, 2, 2, 24, 144, 82]]
[445, [8, 8, 8, 69, 114, 102]]
[446, [0, 4, 4, 114, 84, 112]]
[447, [10, 10, 10, 129, 54, 132]]
[448, [16, 16, 16, 159, 24, 152]]
[449, [8, 12, 12, 15, 144, 156]]
[450, [8, 8, 8, 45, 114, 166]]
[451, [4, 4, 4, 45, 84, 176]]
[452, [6, 10, 10, 45, 54, 187]]
[453, [6, 6, 6, 45, 33, 179]]
[454, [2, 2, 2, 45, 21, 177]]
[455, [4, 8, 8, 60, 3, 188]]
[456, [4, 4, 4, 60, 0, 177]]
[457, [0, 0, 0, 60, 0, 160]]
[458, [2, 6, 6, 60, 0, 150]]
[459, [2, 2, 2, 120, 0, 130]]
[460, [8, 8, 8, 120, 0, 120]]
[461, [0, 4, 4, 120, 0, 100]]
[462, [0, 0, 0, 165, 0, 80]]
[463, [6, 6, 6, 66, 144, 70]]
[464, [8, 12, 12, 66, 114, 90]]
[465, [8, 8, 8, 111, 84, 100]]
[466, [4, 4, 4, 156, 54, 110]]
[467, [6, 10, 10, 27, 168, 130]]
[468, [6, 6, 6, 57, 138, 140]]
[469, [2, 2, 2, 57, 108, 150]]
[470, [4, 8, 8, 87, 78, 170]]
[471, [4, 4, 4, 87, 48, 177]]
[472, [0, 0, 0, 87, 21, 178]]
[473, [2, 6, 6, 87, 0, 189]]
[474, [2, 2, 2, 87, 0, 178]]
[475, [8, 8, 8, 102, 0, 168]]
[476, [0, 4, 4, 102, 0, 148]]
[477, [0, 0, 0, 102, 0, 128]]
[478, [6, 6, 6, 102, 0, 118]]
[479, [8, 12, 12, 162, 0, 108]]
[480, [8, 8, 8, 18, 144, 88]]
[481, [4, 4, 4, 18, 114, 98]]
[482, [6, 10, 10, 63, 84, 118]]
[483, [6, 6, 6, 108, 54, 128]]
[484, [2, 2, 2, 108, 24, 138]]
[485, [4, 8, 8, 153, 0, 152]]
[486, [4, 4, 4, 54, 144, 132]]
[487, [0, 0, 0, 69, 114, 142]]
[488, [2, 6, 6, 99, 84, 162]]
[489, [2, 2, 2, 99, 54, 172]]
[490, [8, 8, 8, 129, 24, 189]]
[491, [0, 4, 4, 129, 0, 178]]
[492, [0, 0, 0, 129, 0, 176]]
[493, [6, 6, 6, 129, 0, 166]]
[494, [8, 12, 12, 129, 0, 156]]
[495, [8, 8, 8, 144, 0, 136]]
[496, [4, 4, 4, 0, 144, 116]]
[497, [6, 10, 10, 0, 114, 136]]
[498, [6, 6, 6, 0, 84, 146]]
[499, [2, 2, 2, 60, 54, 156]]
[500, [4, 8, 8, 60, 24, 176]]
[501, [4, 4, 4, 60, 0, 177]]
[502, [0, 0, 0, 105, 0, 160]]
[503, [2, 6, 6, 150, 0, 150]]
[504, [2, 2, 2, 6, 144, 130]]
[505, [8, 8, 8, 51, 114, 150]]
[506, [0, 4, 4, 96, 84, 160]]
[507, [0, 0, 0, 111, 54, 170]]
[508, [6, 6, 6, 141, 24, 187]]
[509, [8, 12, 12, 141, 0, 189]]
[510, [8, 8, 8, 171, 0, 178]]
[511, [4, 4, 4, 27, 144, 164]]
[512, [6, 10, 10, 27, 114, 184]]
[513, [6, 6, 6, 27, 84, 179]]
[514, [2, 2, 2, 27, 69, 177]]
[515, [4, 8, 8, 42, 51, 188]]
[516, [4, 4, 4, 42, 30, 177]]
[517, [0, 0, 0, 42, 21, 178]]
[518, [2, 6, 6, 42, 0, 189]]
[519, [2, 2, 2, 102, 0, 178]]
[520, [8, 8, 8, 102, 0, 168]]
[521, [0, 4, 4, 102, 0, 148]]
[522, [0, 0, 0, 147, 0, 128]]
[523, [6, 6, 6, 48, 144, 118]]
[524, [8, 12, 12, 48, 114, 138]]
[525, [8, 8, 8, 93, 84, 148]]
[526, [4, 4, 4, 138, 54, 158]]
[527, [6, 10, 10, 153, 24, 178]]
[528, [6, 6, 6, 39, 144, 179]]
[529, [2, 2, 2, 39, 117, 177]]
[530, [4, 8, 8, 69, 99, 188]]
[531, [4, 4, 4, 69, 78, 177]]
[532, [0, 0, 0, 69, 69, 178]]
[533, [2, 6, 6, 69, 48, 189]]
[534, [2, 2, 2, 69, 27, 178]]
[535, [8, 8, 8, 84, 18, 189]]
[536, [0, 4, 4, 84, 0, 178]]
[537, [0, 0, 0, 84, 0, 176]]
[538, [6, 6, 6, 84, 0, 166]]
[539, [8, 12, 12, 144, 0, 156]]
[540, [8, 8, 8, 0, 144, 136]]
[541, [4, 4, 4, 0, 114, 146]]
[542, [6, 10, 10, 45, 84, 166]]
[543, [6, 6, 6, 90, 54, 176]]
[544, [2, 2, 2, 90, 24, 177]]
[545, [4, 8, 8, 135, 3, 188]]
[546, [4, 4, 4, 180, 0, 177]]
[547, [0, 0, 0, 51, 144, 160]]
[548, [2, 6, 6, 81, 114, 180]]
[549, [2, 2, 2, 81, 84, 178]]
[550, [8, 8, 8, 111, 66, 189]]
[551, [0, 4, 4, 111, 45, 178]]
[552, [0, 0, 0, 111, 36, 179]]
[553, [6, 6, 6, 111, 15, 187]]
[554, [8, 12, 12, 111, 0, 189]]
[555, [8, 8, 8, 126, 0, 178]]
[556, [4, 4, 4, 126, 0, 164]]
[557, [6, 10, 10, 126, 0, 154]]
[558, [6, 6, 6, 126, 0, 134]]
[559, [2, 2, 2, 186, 0, 114]]
[560, [4, 8, 8, 42, 144, 104]]
[561, [4, 4, 4, 42, 114, 114]]
[562, [0, 0, 0, 42, 84, 124]]
[563, [2, 6, 6, 87, 54, 144]]
[564, [2, 2, 2, 132, 24, 154]]
[565, [8, 8, 8, 132, 0, 168]]
[566, [0, 4, 4, 177, 0, 148]]
[567, [0, 0, 0, 78, 144, 128]]
[568, [6, 6, 6, 93, 114, 148]]
[569, [8, 12, 12, 123, 84, 168]]
[570, [8, 8, 8, 123, 54, 178]]
[571, [4, 4, 4, 153, 24, 179]]
[572, [6, 10, 10, 9, 147, 187]]
[573, [6, 6, 6, 9, 129, 179]]
[574, [2, 2, 2, 9, 117, 177]]
[575, [4, 8, 8, 9, 99, 188]]
[576, [4, 4, 4, 24, 78, 177]]
[577, [0, 0, 0, 24, 69, 178]]
[578, [2, 6, 6, 24, 48, 189]]
[579, [2, 2, 2, 84, 27, 178]]
[580, [8, 8, 8, 84, 18, 189]]
[581, [0, 4, 4, 84, 0, 178]]
[582, [0, 0, 0, 84, 0, 176]]
[583, [6, 6, 6, 129, 0, 166]]
[584, [8, 12, 12, 174, 0, 156]]
[585, [8, 8, 8, 30, 144, 136]]
[586, [4, 4, 4, 75, 114, 146]]
[587, [6, 10, 10, 120, 84, 166]]
[588, [6, 6, 6, 135, 54, 176]]
[589, [2, 2, 2, 165, 24, 177]]
[590, [4, 8, 8, 21, 147, 188]]
[591, [4, 4, 4, 51, 126, 177]]
[592, [0, 0, 0, 51, 117, 178]]
[593, [2, 6, 6, 51, 96, 189]]
[594, [2, 2, 2, 51, 75, 178]]
[595, [8, 8, 8, 51, 66, 189]]
[596, [0, 4, 4, 66, 45, 178]]
[597, [0, 0, 0, 66, 36, 179]]
[598, [6, 6, 6, 66, 15, 187]]
[599, [8, 12, 12, 126, 0, 189]]
[600, [8, 8, 8, 126, 0, 178]]
[601, [4, 4, 4, 126, 0, 164]]
[602, [6, 10, 10, 126, 0, 154]]
[603, [6, 6, 6, 171, 0, 134]]
[604, [2, 2, 2, 72, 144, 114]]
[605, [4, 8, 8, 72, 114, 134]]
[606, [4, 4, 4, 117, 84, 144]]
[607, [0, 0, 0, 162, 54, 154]]
[608, [2, 6, 6, 33, 168, 174]]
[609, [2, 2, 2, 63, 138, 178]]
[610, [8, 8, 8, 63, 114, 189]]
[611, [0, 4, 4, 93, 93, 178]]
[612, [0, 0, 0, 93, 84, 179]]
[613, [6, 6, 6, 93, 63, 187]]
[614, [8, 12, 12, 93, 45, 189]]
[615, [8, 8, 8, 93, 33, 178]]
[616, [4, 4, 4, 108, 24, 179]]
[617, [6, 10, 10, 108, 3, 187]]
[618, [6, 6, 6, 108, 0, 179]]
[619, [2, 2, 2, 168, 0, 162]]
[620, [4, 8, 8, 24, 144, 152]]
[621, [4, 4, 4, 24, 114, 162]]
[622, [0, 0, 0, 24, 84, 172]]
[623, [2, 6, 6, 69, 54, 189]]
[624, [2, 2, 2, 114, 27, 178]]
[625, [8, 8, 8, 114, 18, 189]]
[626, [0, 4, 4, 159, 0, 178]]
[627, [0, 0, 0, 60, 144, 176]]
[628, [6, 6, 6, 75, 114, 187]]
[629, [8, 12, 12, 105, 93, 189]]
[630, [8, 8, 8, 105, 81, 178]]
[631, [4, 4, 4, 135, 72, 179]]
[632, [6, 10, 10, 135, 51, 187]]
[633, [6, 6, 6, 135, 33, 179]]
[634, [2, 2, 2, 135, 21, 177]]
[635, [4, 8, 8, 135, 3, 188]]
[636, [4, 4, 4, 150, 0, 177]]
[637, [0, 0, 0, 6, 144, 160]]
[638, [2, 6, 6, 6, 114, 180]]
[639, [2, 2, 2, 66, 84, 178]]
[640, [8, 8, 8, 66, 66, 189]]
[641, [0, 4, 4, 66, 45, 178]]
[642, [0, 0, 0, 66, 36, 179]]
[643, [6, 6, 6, 111, 15, 187]]
[644, [8, 12, 12, 156, 0, 189]]
[645, [8, 8, 8, 12, 144, 178]]
[646, [4, 4, 4, 57, 120, 179]]
[647, [6, 10, 10, 102, 99, 187]]
[648, [6, 6, 6, 117, 81, 179]]
[649, [2, 2, 2, 147, 69, 177]]
[650, [4, 8, 8, 3, 195, 188]]
[651, [4, 4, 4, 33, 174, 177]]
[652, [0, 0, 0, 33, 165, 178]]
[653, [2, 6, 6, 33, 144, 189]]
[654, [2, 2, 2, 33, 123, 178]]
[655, [8, 8, 8, 33, 114, 189]]
[656, [0, 4, 4, 48, 93, 178]]
[657, [0, 0, 0, 48, 84, 179]]
[658, [6, 6, 6, 48, 63, 187]]
[659, [8, 12, 12, 108, 45, 189]]
[660, [8, 8, 8, 108, 33, 178]]
[661, [4, 4, 4, 108, 24, 179]]
[662, [6, 10, 10, 108, 3, 187]]
[663, [6, 6, 6, 153, 0, 179]]
[664, [2, 2, 2, 54, 144, 162]]
[665, [4, 8, 8, 54, 114, 182]]
[666, [4, 4, 4, 99, 84, 177]]
[667, [0, 0, 0, 144, 69, 178]]
[668, [2, 6, 6, 15, 192, 189]]
[669, [2, 2, 2, 45, 171, 178]]
[670, [8, 8, 8, 45, 162, 189]]
[671, [0, 4, 4, 75, 141, 178]]
[672, [0, 0, 0, 75, 132, 179]]
[673, [6, 6, 6, 75, 111, 187]]
[674, [8, 12, 12, 75, 93, 189]]
[675, [8, 8, 8, 75, 81, 178]]
[676, [4, 4, 4, 90, 72, 179]]
[677, [6, 10, 10, 90, 51, 187]]
[678, [6, 6, 6, 90, 33, 179]]
[679, [2, 2, 2, 150, 21, 177]]
[680, [4, 8, 8, 6, 147, 188]]
[681, [4, 4, 4, 6, 126, 177]]
[682, [0, 0, 0, 6, 117, 178]]
[683, [2, 6, 6, 51, 96, 189]]
[684, [2, 2, 2, 96, 75, 178]]
[685, [8, 8, 8, 96, 66, 189]]
[686, [0, 4, 4, 141, 45, 178]]
[687, [0, 0, 0, 186, 36, 179]]
[688, [6, 6, 6, 42, 159, 187]]
[689, [8, 12, 12, 57, 141, 189]]
[690, [8, 8, 8, 87, 129, 178]]
[691, [4, 4, 4, 87, 120, 179]]
[692, [6, 10, 10, 117, 99, 187]]
[693, [6, 6, 6, 117, 81, 179]]
[694, [2, 2, 2, 117, 69, 177]]
[695, [4, 8, 8, 117, 51, 188]]
[696, [4, 4, 4, 117, 30, 177]]
[697, [0, 0, 0, 132, 21, 178]]
[698, [2, 6, 6, 132, 0, 189]]
[699, [2, 2, 2, 192, 0, 178]]
[700, [8, 8, 8, 48, 144, 168]]
[701, [0, 4, 4, 48, 114, 178]]
[702, [0, 0, 0, 48, 84, 179]]
[703, [6, 6, 6, 48, 63, 187]]
[704, [8, 12, 12, 93, 45, 189]]
[705, [8, 8, 8, 138, 33, 178]]
[706, [4, 4, 4, 138, 24, 179]]
[707, [6, 10, 10, 183, 3, 187]]
[708, [6, 6, 6, 84, 144, 179]]
[709, [2, 2, 2, 84, 117, 177]]
[710, [4, 8, 8, 99, 99, 188]]
[711, [4, 4, 4, 129, 78, 177]]
[712, [0, 0, 0, 129, 69, 178]]
[713, [2, 6, 6, 159, 48, 189]]
[714, [2, 2, 2, 15, 171, 178]]
[715, [8, 8, 8, 15, 162, 189]]
[716, [0, 4, 4, 15, 141, 178]]
[717, [0, 0, 0, 15, 132, 179]]
[718, [6, 6, 6, 30, 111, 187]]
[719, [8, 12, 12, 90, 93, 189]]
[720, [8, 8, 8, 90, 81, 178]]
[721, [4, 4, 4, 90, 72, 179]]
[722, [6, 10, 10, 90, 51, 187]]
[723, [6, 6, 6, 90, 33, 179]]
[724, [2, 2, 2, 135, 21, 177]]
[725, [4, 8, 8, 180, 3, 188]]
[726, [4, 4, 4, 36, 144, 177]]
[727, [0, 0, 0, 81, 117, 178]]
[728, [2, 6, 6, 126, 96, 189]]
[729, [2, 2, 2, 126, 75, 178]]
[730, [8, 8, 8, 141, 66, 189]]
[731, [0, 4, 4, 171, 45, 178]]
[732, [0, 0, 0, 27, 180, 179]]
[733, [6, 6, 6, 57, 159, 187]]
[734, [8, 12, 12, 57, 141, 189]]
[735, [8, 8, 8, 57, 129, 178]]
[736, [4, 4, 4, 57, 120, 179]]
[737, [6, 10, 10, 57, 99, 187]]
[738, [6, 6, 6, 72, 81, 179]]
[739, [2, 2, 2, 132, 69, 177]]
[740, [4, 8, 8, 132, 51, 188]]
[741, [4, 4, 4, 132, 30, 177]]
[742, [0, 0, 0, 132, 21, 178]]
[743, [2, 6, 6, 132, 0, 189]]
[744, [2, 2, 2, 177, 0, 178]]
[745, [8, 8, 8, 78, 144, 168]]
[746, [0, 4, 4, 78, 114, 178]]
[747, [0, 0, 0, 123, 84, 179]]
[748, [6, 6, 6, 168, 63, 187]]
[749, [8, 12, 12, 24, 189, 189]]
[750, [8, 8, 8, 39, 177, 178]]
[751, [4, 4, 4, 69, 168, 179]]
[752, [6, 10, 10, 69, 147, 187]]
[753, [6, 6, 6, 99, 129, 179]]
[754, [2, 2, 2, 99, 117, 177]]
[755, [4, 8, 8, 99, 99, 188]]
[756, [4, 4, 4, 99, 78, 177]]
[757, [0, 0, 0, 99, 69, 178]]
[758, [2, 6, 6, 114, 48, 189]]
[759, [2, 2, 2, 174, 27, 178]]
[760, [8, 8, 8, 30, 162, 189]]
[761, [0, 4, 4, 30, 141, 178]]
[762, [0, 0, 0, 30, 132, 179]]
[763, [6, 6, 6, 30, 111, 187]]
[764, [8, 12, 12, 75, 93, 189]]
[765, [8, 8, 8, 120, 81, 178]]
[766, [4, 4, 4, 120, 72, 179]]
[767, [6, 10, 10, 165, 51, 187]]
[768, [6, 6, 6, 66, 177, 179]]
[769, [2, 2, 2, 66, 165, 177]]
[770, [4, 8, 8, 81, 147, 188]]
[771, [4, 4, 4, 111, 126, 177]]
[772, [0, 0, 0, 111, 117, 178]]
[773, [2, 6, 6, 141, 96, 189]]
[774, [2, 2, 2, 141, 75, 178]]
[775, [8, 8, 8, 141, 66, 189]]
[776, [0, 4, 4, 141, 45, 178]]
[777, [0, 0, 0, 141, 36, 179]]
[778, [6, 6, 6, 156, 15, 187]]
[779, [8, 12, 12, 72, 144, 189]]
[780, [8, 8, 8, 72, 129, 178]]
[781, [4, 4, 4, 72, 120, 179]]
[782, [6, 10, 10, 72, 99, 187]]
[783, [6, 6, 6, 72, 81, 179]]
[784, [2, 2, 2, 117, 69, 177]]
[785, [4, 8, 8, 162, 51, 188]]
[786, [4, 4, 4, 18, 174, 177]]
[787, [0, 0, 0, 63, 165, 178]]
[788, [2, 6, 6, 108, 144, 189]]
[789, [2, 2, 2, 108, 123, 178]]
[790, [8, 8, 8, 123, 114, 189]]
[791, [0, 4, 4, 153, 93, 178]]
[792, [0, 0, 0, 9, 84, 179]]
[793, [6, 6, 6, 39, 63, 187]]
[794, [8, 12, 12, 39, 189, 189]]
[795, [8, 8, 8, 39, 177, 178]]
[796, [4, 4, 4, 39, 168, 179]]
[797, [6, 10, 10, 39, 147, 187]]
[798, [6, 6, 6, 54, 129, 179]]
[799, [2, 2, 2, 114, 117, 177]]
[800, [4, 8, 8, 114, 99, 188]]
[801, [4, 4, 4, 114, 78, 177]]
[802, [0, 0, 0, 114, 69, 178]]
[803, [2, 6, 6, 114, 48, 189]]
[804, [2, 2, 2, 159, 27, 178]]
[805, [8, 8, 8, 60, 162, 189]]
[806, [0, 4, 4, 60, 141, 178]]
[807, [0, 0, 0, 105, 132, 179]]
[808, [6, 6, 6, 150, 111, 187]]
[809, [8, 12, 12, 6, 93, 189]]
[810, [8, 8, 8, 21, 81, 178]]
[811, [4, 4, 4, 51, 72, 179]]
[812, [6, 10, 10, 51, 195, 187]]
[813, [6, 6, 6, 81, 177, 179]]
[814, [2, 2, 2, 81, 165, 177]]
[815, [4, 8, 8, 81, 147, 188]]
[816, [4, 4, 4, 81, 126, 177]]
[817, [0, 0, 0, 81, 117, 178]]
[818, [2, 6, 6, 96, 96, 189]]
[819, [2, 2, 2, 156, 75, 178]]
[820, [8, 8, 8, 12, 66, 189]]
[821, [0, 4, 4, 12, 189, 178]]
[822, [0, 0, 0, 12, 180, 179]]
[823, [6, 6, 6, 12, 159, 187]]
[824, [8, 12, 12, 57, 141, 189]]
[825, [8, 8, 8, 102, 129, 178]]
[826, [4, 4, 4, 102, 120, 179]]
[827, [6, 10, 10, 147, 99, 187]]
[828, [6, 6, 6, 48, 81, 179]]
[829, [2, 2, 2, 48, 69, 177]]
[830, [4, 8, 8, 63, 195, 188]]
[831, [4, 4, 4, 93, 174, 177]]
[832, [0, 0, 0, 93, 165, 178]]
[833, [2, 6, 6, 123, 144, 189]]
[834, [2, 2, 2, 123, 123, 178]]
[835, [8, 8, 8, 123, 114, 189]]
[836, [0, 4, 4, 123, 93, 178]]
[837, [0, 0, 0, 123, 84, 179]]
[838, [6, 6, 6, 138, 63, 187]]
[839, [8, 12, 12, 198, 45, 189]]
[840, [8, 8, 8, 54, 177, 178]]
[841, [4, 4, 4, 54, 168, 179]]
[842, [6, 10, 10, 54, 147, 187]]
[843, [6, 6, 6, 54, 129, 179]]
[844, [2, 2, 2, 54, 117, 177]]
[845, [4, 8, 8, 99, 99, 188]]
[846, [4, 4, 4, 144, 78, 177]]
[847, [0, 0, 0, 0, 69, 178]]
[848, [2, 6, 6, 45, 192, 189]]
[849, [2, 2, 2, 90, 171, 178]]
[850, [8, 8, 8, 90, 162, 189]]
[851, [0, 4, 4, 105, 141, 178]]
[852, [0, 0, 0, 135, 132, 179]]
[853, [6, 6, 6, 135, 111, 187]]
[854, [8, 12, 12, 165, 93, 189]]
[855, [8, 8, 8, 21, 81, 178]]
[856, [4, 4, 4, 21, 72, 179]]
[857, [6, 10, 10, 21, 195, 187]]
[858, [6, 6, 6, 21, 177, 179]]
[859, [2, 2, 2, 96, 165, 177]]
[860, [4, 8, 8, 96, 147, 188]]
[861, [4, 4, 4, 96, 126, 177]]
[862, [0, 0, 0, 96, 117, 178]]
[863, [2, 6, 6, 96, 96, 189]]
[864, [2, 2, 2, 96, 75, 178]]
[865, [8, 8, 8, 141, 66, 189]]
[866, [0, 4, 4, 186, 45, 178]]
[867, [0, 0, 0, 42, 180, 179]]
[868, [6, 6, 6, 42, 159, 187]]
[869, [8, 12, 12, 87, 141, 189]]
[870, [8, 8, 8, 132, 129, 178]]
[871, [4, 4, 4, 132, 120, 179]]
[872, [6, 10, 10, 147, 99, 187]]
[873, [6, 6, 6, 33, 81, 179]]
[874, [2, 2, 2, 33, 69, 177]]
[875, [4, 8, 8, 63, 195, 188]]
[876, [4, 4, 4, 63, 174, 177]]
[877, [0, 0, 0, 63, 165, 178]]
[878, [2, 6, 6, 63, 144, 189]]
[879, [2, 2, 2, 123, 123, 178]]
[880, [8, 8, 8, 138, 114, 189]]
[881, [0, 4, 4, 138, 93, 178]]
[882, [0, 0, 0, 138, 84, 179]]
[883, [6, 6, 6, 138, 63, 187]]
[884, [8, 12, 12, 138, 45, 189]]
[885, [8, 8, 8, 183, 33, 178]]
[886, [4, 4, 4, 84, 168, 179]]
[887, [6, 10, 10, 84, 147, 187]]
[888, [6, 6, 6, 84, 129, 179]]
[889, [2, 2, 2, 129, 117, 177]]
[890, [4, 8, 8, 174, 99, 188]]
[891, [4, 4, 4, 30, 78, 177]]
[892, [0, 0, 0, 45, 69, 178]]
[893, [2, 6, 6, 75, 192, 189]]
[894, [2, 2, 2, 75, 171, 178]]
[895, [8, 8, 8, 105, 162, 189]]
[896, [0, 4, 4, 105, 141, 178]]
[897, [0, 0, 0, 105, 132, 179]]
[898, [6, 6, 6, 105, 111, 187]]
[899, [8, 12, 12, 165, 93, 189]]
[900, [8, 8, 8, 36, 81, 178]]
[901, [4, 4, 4, 36, 72, 179]]
[902, [6, 10, 10, 36, 195, 187]]
[903, [6, 6, 6, 36, 177, 179]]
[904, [2, 2, 2, 36, 165, 177]]
[905, [4, 8, 8, 81, 147, 188]]
[906, [4, 4, 4, 126, 126, 177]]
[907, [0, 0, 0, 126, 117, 178]]
[908, [2, 6, 6, 126, 96, 189]]
[909, [2, 2, 2, 171, 75, 178]]
[910, [8, 8, 8, 72, 66, 189]]
[911, [0, 4, 4, 72, 189, 178]]
[912, [0, 0, 0, 87, 180, 179]]
[913, [6, 6, 6, 117, 159, 187]]
[914, [8, 12, 12, 117, 141, 189]]
[915, [8, 8, 8, 147, 129, 178]]
[916, [4, 4, 4, 3, 120, 179]]
[917, [6, 10, 10, 3, 99, 187]]
[918, [6, 6, 6, 3, 81, 179]]
[919, [2, 2, 2, 63, 69, 177]]
[920, [4, 8, 8, 78, 195, 188]]
[921, [4, 4, 4, 78, 174, 177]]
[922, [0, 0, 0, 78, 165, 178]]
[923, [2, 6, 6, 78, 144, 189]]
[924, [2, 2, 2, 78, 123, 178]]
[925, [8, 8, 8, 123, 114, 189]]
[926, [0, 4, 4, 168, 93, 178]]
[927, [0, 0, 0, 24, 84, 179]]
[928, [6, 6, 6, 24, 63, 187]]
[929, [8, 12, 12, 69, 189, 189]]
[930, [8, 8, 8, 114, 177, 178]]
[931, [4, 4, 4, 114, 168, 179]]
[932, [6, 10, 10, 129, 147, 187]]
[933, [6, 6, 6, 159, 129, 179]]
[934, [2, 2, 2, 15, 117, 177]]
[935, [4, 8, 8, 45, 99, 188]]
[936, [4, 4, 4, 45, 78, 177]]
[937, [0, 0, 0, 45, 69, 178]]
[938, [2, 6, 6, 45, 192, 189]]
[939, [2, 2, 2, 105, 171, 178]]
[940, [8, 8, 8, 120, 162, 189]]
[941, [0, 4, 4, 120, 141, 178]]
[942, [0, 0, 0, 120, 132, 179]]
[943, [6, 6, 6, 120, 111, 187]]
[944, [8, 12, 12, 120, 93, 189]]
[945, [8, 8, 8, 165, 81, 178]]
[946, [4, 4, 4, 66, 72, 179]]
[947, [6, 10, 10, 66, 195, 187]]
[948, [6, 6, 6, 66, 177, 179]]
[949, [2, 2, 2, 111, 165, 177]]
[950, [4, 8, 8, 156, 147, 188]]
[951, [4, 4, 4, 12, 126, 177]]
[952, [0, 0, 0, 27, 117, 178]]
[953, [2, 6, 6, 57, 96, 189]]
[954, [2, 2, 2, 57, 75, 178]]
[955, [8, 8, 8, 87, 66, 189]]
[956, [0, 4, 4, 87, 189, 178]]
[957, [0, 0, 0, 87, 180, 179]]
[958, [6, 6, 6, 87, 159, 187]]
[959, [8, 12, 12, 147, 141, 189]]
[960, [8, 8, 8, 18, 129, 178]]
[961, [4, 4, 4, 18, 120, 179]]
[962, [6, 10, 10, 18, 99, 187]]
[963, [6, 6, 6, 18, 81, 179]]
[964, [2, 2, 2, 18, 69, 177]]
[965, [4, 8, 8, 63, 195, 188]]
[966, [4, 4, 4, 108, 174, 177]]
[967, [0, 0, 0, 108, 165, 178]]
[968, [2, 6, 6, 108, 144, 189]]
[969, [2, 2, 2, 153, 123, 178]]
[970, [8, 8, 8, 54, 114, 189]]
[971, [0, 4, 4, 54, 93, 178]]
[972, [0, 0, 0, 69, 84, 179]]
[973, [6, 6, 6, 99, 63, 187]]
[974, [8, 12, 12, 99, 189, 189]]
[975, [8, 8, 8, 129, 177, 178]]
[976, [4, 4, 4, 129, 168, 179]]
[977, [6, 10, 10, 129, 147, 187]]
[978, [6, 6, 6, 129, 129, 179]]
[979, [2, 2, 2, 189, 117, 177]]
[980, [4, 8, 8, 45, 99, 188]]
[981, [4, 4, 4, 60, 78, 177]]
[982, [0, 0, 0, 60, 69, 178]]
[983, [2, 6, 6, 60, 192, 189]]
[984, [2, 2, 2, 60, 171, 178]]
[985, [8, 8, 8, 60, 162, 189]]
[986, [0, 4, 4, 105, 141, 178]]
[987, [0, 0, 0, 150, 132, 179]]
[988, [6, 6, 6, 6, 111, 187]]
[989, [8, 12, 12, 6, 93, 189]]
[990, [8, 8, 8, 51, 81, 178]]
[991, [4, 4, 4, 96, 72, 179]]
[992, [6, 10, 10, 96, 195, 187]]
[993, [6, 6, 6, 111, 177, 179]]
[994, [2, 2, 2, 141, 165, 177]]
[995, [4, 8, 8, 141, 147, 188]]
[996, [4, 4, 4, 171, 126, 177]]
[997, [0, 0, 0, 27, 117, 178]]
[998, [2, 6, 6, 27, 96, 189]]
[999, [2, 2, 2, 87, 75, 178]]
[1000, [8, 8, 8, 87, 66, 189]]
[1001, [0, 4, 4, 102, 189, 178]]
[1002, [0, 0, 0, 102, 180, 179]]
[1003, [6, 6, 6, 102, 159, 187]]
[1004, [8, 12, 12, 102, 141, 189]]
[1005, [8, 8, 8, 102, 129, 178]]
[1006, [4, 4, 4, 147, 120, 179]]
[1007, [6, 10, 10, 48, 99, 187]]
[1008, [6, 6, 6, 48, 81, 179]]
[1009, [2, 2, 2, 48, 69, 177]]
[1010, [4, 8, 8, 93, 195, 188]]
[1011, [4, 4, 4, 138, 174, 177]]
[1012, [0, 0, 0, 138, 165, 178]]
[1013, [2, 6, 6, 153, 144, 189]]
[1014, [2, 2, 2, 39, 123, 178]]
[1015, [8, 8, 8, 39, 114, 189]]
[1016, [0, 4, 4, 69, 93, 178]]
[1017, [0, 0, 0, 69, 84, 179]]
[1018, [6, 6, 6, 69, 63, 187]]
[1019, [8, 12, 12, 129, 189, 189]]
[1020, [8, 8, 8, 129, 177, 178]]
[1021, [4, 4, 4, 144, 168, 179]]
[1022, [6, 10, 10, 0, 147, 187]]
[1023, [6, 6, 6, 0, 129, 179]]
[1024, [2, 2, 2, 0, 117, 177]]
[1025, [4, 8, 8, 0, 99, 188]]
[1026, [4, 4, 4, 45, 78, 177]]
[1027, [0, 0, 0, 90, 69, 178]]
[1028, [2, 6, 6, 90, 192, 189]]
[1029, [2, 2, 2, 90, 171, 178]]
[1030, [8, 8, 8, 135, 162, 189]]
[1031, [0, 4, 4, 180, 141, 178]]
[1032, [0, 0, 0, 36, 132, 179]]
[1033, [6, 6, 6, 51, 111, 187]]
[1034, [8, 12, 12, 81, 93, 189]]
[1035, [8, 8, 8, 81, 81, 178]]
[1036, [4, 4, 4, 111, 72, 179]]
[1037, [6, 10, 10, 111, 195, 187]]
[1038, [6, 6, 6, 111, 177, 179]]
[1039, [2, 2, 2, 171, 165, 177]]
[1040, [4, 8, 8, 27, 147, 188]]
[1041, [4, 4, 4, 42, 126, 177]]
[1042, [0, 0, 0, 42, 117, 178]]
[1043, [2, 6, 6, 42, 96, 189]]
[1044, [2, 2, 2, 42, 75, 178]]
[1045, [8, 8, 8, 42, 66, 189]]
[1046, [0, 4, 4, 87, 189, 178]]
[1047, [0, 0, 0, 132, 180, 179]]
[1048, [6, 6, 6, 132, 159, 187]]
[1049, [8, 12, 12, 132, 141, 189]]
[1050, [8, 8, 8, 177, 129, 178]]
[1051, [4, 4, 4, 78, 120, 179]]
[1052, [6, 10, 10, 78, 99, 187]]
[1053, [6, 6, 6, 93, 81, 179]]
[1054, [2, 2, 2, 123, 69, 177]]
[1055, [4, 8, 8, 123, 195, 188]]
[1056, [4, 4, 4, 153, 174, 177]]
[1057, [0, 0, 0, 9, 165, 178]]
[1058, [2, 6, 6, 9, 144, 189]]
[1059, [2, 2, 2, 69, 123, 178]]
[1060, [8, 8, 8, 69, 114, 189]]
[1061, [0, 4, 4, 84, 93, 178]]
[1062, [0, 0, 0, 84, 84, 179]]
[1063, [6, 6, 6, 84, 63, 187]]
[1064, [8, 12, 12, 84, 189, 189]]
[1065, [8, 8, 8, 84, 177, 178]]
[1066, [4, 4, 4, 129, 168, 179]]
[1067, [6, 10, 10, 174, 147, 187]]
[1068, [6, 6, 6, 30, 129, 179]]
[1069, [2, 2, 2, 30, 117, 177]]
[1070, [4, 8, 8, 75, 99, 188]]
[1071, [4, 4, 4, 120, 78, 177]]
[1072, [0, 0, 0, 120, 69, 178]]
[1073, [2, 6, 6, 135, 192, 189]]
[1074, [2, 2, 2, 165, 171, 178]]
[1075, [8, 8, 8, 21, 162, 189]]
[1076, [0, 4, 4, 51, 141, 178]]
[1077, [0, 0, 0, 51, 132, 179]]
[1078, [6, 6, 6, 51, 111, 187]]
[1079, [8, 12, 12, 111, 93, 189]]
[1080, [8, 8, 8, 111, 81, 178]]
[1081, [4, 4, 4, 126, 72, 179]]
[1082, [6, 10, 10, 126, 195, 187]]
[1083, [6, 6, 6, 126, 177, 179]]
[1084, [2, 2, 2, 126, 165, 177]]
[1085, [4, 8, 8, 126, 147, 188]]
[1086, [4, 4, 4, 171, 126, 177]]
[1087, [0, 0, 0, 72, 117, 178]]
[1088, [2, 6, 6, 72, 96, 189]]
[1089, [2, 2, 2, 72, 75, 178]]
[1090, [8, 8, 8, 117, 66, 189]]
[1091, [0, 4, 4, 162, 189, 178]]
[1092, [0, 0, 0, 18, 180, 179]]
[1093, [6, 6, 6, 33, 159, 187]]
[1094, [8, 12, 12, 63, 141, 189]]
[1095, [8, 8, 8, 63, 129, 178]]
[1096, [4, 4, 4, 93, 120, 179]]
[1097, [6, 10, 10, 93, 99, 187]]
[1098, [6, 6, 6, 93, 81, 179]]
[1099, [2, 2, 2, 153, 69, 177]]
[1100, [4, 8, 8, 153, 195, 188]]
[1101, [4, 4, 4, 24, 174, 177]]
[1102, [0, 0, 0, 24, 165, 178]]
[1103, [2, 6, 6, 24, 144, 189]]
[1104, [2, 2, 2, 24, 123, 178]]
[1105, [8, 8, 8, 24, 114, 189]]
[1106, [0, 4, 4, 69, 93, 178]]
[1107, [0, 0, 0, 114, 84, 179]]
[1108, [6, 6, 6, 114, 63, 187]]
[1109, [8, 12, 12, 114, 189, 189]]
[1110, [8, 8, 8, 159, 177, 178]]
[1111, [4, 4, 4, 60, 168, 179]]
[1112, [6, 10, 10, 60, 147, 187]]
[1113, [6, 6, 6, 75, 129, 179]]
[1114, [2, 2, 2, 105, 117, 177]]
[1115, [4, 8, 8, 105, 99, 188]]
[1116, [4, 4, 4, 135, 78, 177]]
[1117, [0, 0, 0, 135, 69, 178]]
[1118, [2, 6, 6, 135, 192, 189]]
[1119, [2, 2, 2, 195, 171, 178]]
[1120, [8, 8, 8, 51, 162, 189]]
[1121, [0, 4, 4, 51, 141, 178]]
[1122, [0, 0, 0, 66, 132, 179]]
[1123, [6, 6, 6, 66, 111, 187]]
[1124, [8, 12, 12, 66, 93, 189]]
[1125, [8, 8, 8, 66, 81, 178]]
[1126, [4, 4, 4, 66, 72, 179]]
[1127, [6, 10, 10, 111, 195, 187]]
[1128, [6, 6, 6, 156, 177, 179]]
[1129, [2, 2, 2, 12, 165, 177]]
[1130, [4, 8, 8, 12, 147, 188]]
[1131, [4, 4, 4, 57, 126, 177]]
[1132, [0, 0, 0, 102, 117, 178]]
[1133, [2, 6, 6, 102, 96, 189]]
[1134, [2, 2, 2, 117, 75, 178]]
[1135, [8, 8, 8, 147, 66, 189]]
[1136, [0, 4, 4, 147, 189, 178]]
[1137, [0, 0, 0, 33, 180, 179]]
[1138, [6, 6, 6, 33, 159, 187]]
[1139, [8, 12, 12, 93, 141, 189]]
[1140, [8, 8, 8, 93, 129, 178]]
[1141, [4, 4, 4, 93, 120, 179]]
[1142, [6, 10, 10, 108, 99, 187]]
[1143, [6, 6, 6, 108, 81, 179]]
[1144, [2, 2, 2, 108, 69, 177]]
[1145, [4, 8, 8, 108, 195, 188]]
[1146, [4, 4, 4, 108, 174, 177]]
[1147, [0, 0, 0, 153, 165, 178]]
[1148, [2, 6, 6, 54, 144, 189]]
[1149, [2, 2, 2, 54, 123, 178]]
[1150, [8, 8, 8, 54, 114, 189]]
[1151, [0, 4, 4, 99, 93, 178]]
[1152, [0, 0, 0, 144, 84, 179]]
[1153, [6, 6, 6, 144, 63, 187]]
[1154, [8, 12, 12, 159, 189, 189]]
[1155, [8, 8, 8, 45, 177, 178]]
[1156, [4, 4, 4, 45, 168, 179]]
[1157, [6, 10, 10, 75, 147, 187]]
[1158, [6, 6, 6, 75, 129, 179]]
[1159, [2, 2, 2, 135, 117, 177]]
[1160, [4, 8, 8, 135, 99, 188]]
[1161, [4, 4, 4, 135, 78, 177]]
[1162, [0, 0, 0, 150, 69, 178]]
[1163, [2, 6, 6, 150, 192, 189]]
[1164, [2, 2, 2, 6, 171, 178]]
[1165, [8, 8, 8, 6, 162, 189]]
[1166, [0, 4, 4, 6, 141, 178]]
[1167, [0, 0, 0, 51, 132, 179]]
[1168, [6, 6, 6, 96, 111, 187]]
[1169, [8, 12, 12, 96, 93, 189]]
[1170, [8, 8, 8, 96, 81, 178]]
[1171, [4, 4, 4, 141, 72, 179]]
[1172, [6, 10, 10, 186, 195, 187]]
[1173, [6, 6, 6, 42, 177, 179]]
[1174, [2, 2, 2, 42, 165, 177]]
[1175, [4, 8, 8, 57, 147, 188]]
[1176, [4, 4, 4, 87, 126, 177]]
[1177, [0, 0, 0, 87, 117, 178]]
[1178, [2, 6, 6, 117, 96, 189]]
[1179, [2, 2, 2, 177, 75, 178]]
[1180, [8, 8, 8, 177, 66, 189]]
[1181, [0, 4, 4, 177, 189, 178]]
[1182, [0, 0, 0, 33, 180, 179]]
[1183, [6, 6, 6, 48, 159, 187]]
[1184, [8, 12, 12, 48, 141, 189]]
[1185, [8, 8, 8, 48, 129, 178]]
[1186, [4, 4, 4, 48, 120, 179]]
[1187, [6, 10, 10, 93, 99, 187]]
[1188, [6, 6, 6, 138, 81, 179]]
[1189, [2, 2, 2, 138, 69, 177]]
[1190, [4, 8, 8, 138, 195, 188]]
[1191, [4, 4, 4, 183, 174, 177]]
[1192, [0, 0, 0, 84, 165, 178]]
[1193, [2, 6, 6, 84, 144, 189]]
[1194, [2, 2, 2, 84, 123, 178]]
[1195, [8, 8, 8, 99, 114, 189]]
[1196, [0, 4, 4, 129, 93, 178]]
[1197, [0, 0, 0, 129, 84, 179]]
[1198, [6, 6, 6, 159, 63, 187]]
[1199, [8, 12, 12, 189, 189, 189]]
[1200, [8, 8, 8, 75, 177, 178]]
[1201, [4, 4, 4, 75, 168, 179]]
[1202, [6, 10, 10, 75, 147, 187]]
[1203, [6, 6, 6, 75, 129, 179]]
[1204, [2, 2, 2, 90, 117, 177]]
[1205, [4, 8, 8, 90, 99, 188]]
[1206, [4, 4, 4, 90, 78, 177]]
[1207, [0, 0, 0, 90, 69, 178]]
[1208, [2, 6, 6, 135, 192, 189]]
[1209, [2, 2, 2, 180, 171, 178]]
[1210, [8, 8, 8, 36, 162, 189]]
[1211, [0, 4, 4, 36, 141, 178]]
[1212, [0, 0, 0, 81, 132, 179]]
[1213, [6, 6, 6, 126, 111, 187]]
[1214, [8, 12, 12, 126, 93, 189]]
[1215, [8, 8, 8, 126, 81, 178]]
[1216, [4, 4, 4, 141, 72, 179]]
[1217, [6, 10, 10, 171, 195, 187]]
[1218, [6, 6, 6, 27, 177, 179]]
[1219, [2, 2, 2, 87, 165, 177]]
[1220, [4, 8, 8, 117, 147, 188]]
[1221, [4, 4, 4, 117, 126, 177]]
[1222, [0, 0, 0, 117, 117, 178]]
[1223, [2, 6, 6, 117, 96, 189]]
[1224, [2, 2, 2, 132, 75, 178]]
[1225, [8, 8, 8, 132, 66, 189]]
[1226, [0, 4, 4, 132, 189, 178]]
[1227, [0, 0, 0, 132, 180, 179]]
[1228, [6, 6, 6, 177, 159, 187]]
[1229, [8, 12, 12, 78, 141, 189]]
[1230, [8, 8, 8, 78, 129, 178]]
[1231, [4, 4, 4, 78, 120, 179]]
[1232, [6, 10, 10, 123, 99, 187]]
[1233, [6, 6, 6, 168, 81, 179]]
[1234, [2, 2, 2, 168, 69, 177]]
[1235, [4, 8, 8, 168, 195, 188]]
[1236, [4, 4, 4, 39, 174, 177]]
[1237, [0, 0, 0, 69, 165, 178]]
[1238, [2, 6, 6, 69, 144, 189]]
[1239, [2, 2, 2, 129, 123, 178]]
[1240, [8, 8, 8, 159, 114, 189]]
[1241, [0, 4, 4, 159, 93, 178]]
[1242, [0, 0, 0, 159, 84, 179]]
[1243, [6, 6, 6, 159, 63, 187]]
[1244, [8, 12, 12, 174, 189, 189]]
[1245, [8, 8, 8, 30, 177, 178]]
[1246, [4, 4, 4, 30, 168, 179]]
[1247, [6, 10, 10, 30, 147, 187]]
[1248, [6, 6, 6, 75, 129, 179]]
[1249, [2, 2, 2, 120, 117, 177]]
[1250, [4, 8, 8, 120, 99, 188]]
[1251, [4, 4, 4, 120, 78, 177]]
[1252, [0, 0, 0, 165, 69, 178]]
[1253, [2, 6, 6, 195, 192, 189]]
[1254, [2, 2, 2, 66, 171, 178]]
[1255, [8, 8, 8, 66, 162, 189]]
[1256, [0, 4, 4, 66, 141, 178]]
[1257, [0, 0, 0, 81, 132, 179]]
[1258, [6, 6, 6, 111, 111, 187]]
[1259, [8, 12, 12, 141, 93, 189]]
[1260, [8, 8, 8, 186, 81, 178]]
[1261, [4, 4, 4, 186, 72, 179]]
[1262, [6, 10, 10, 186, 195, 187]]
[1263, [6, 6, 6, 57, 177, 179]]
[1264, [2, 2, 2, 57, 165, 177]]
[1265, [4, 8, 8, 57, 147, 188]]
[1266, [4, 4, 4, 57, 126, 177]]
[1267, [0, 0, 0, 72, 117, 178]]
[1268, [2, 6, 6, 72, 96, 189]]
[1269, [2, 2, 2, 72, 75, 178]]
[1270, [8, 8, 8, 117, 66, 189]]
[1271, [0, 4, 4, 162, 189, 178]]
[1272, [0, 0, 0, 18, 180, 179]]
[1273, [6, 6, 6, 18, 159, 187]]
[1274, [8, 12, 12, 63, 141, 189]]
[1275, [8, 8, 8, 93, 129, 178]]
[1276, [4, 4, 4, 108, 120, 179]]
[1277, [6, 10, 10, 108, 99, 187]]
[1278, [6, 6, 6, 108, 81, 179]]
[1279, [2, 2, 2, 123, 69, 177]]
[1280, [4, 8, 8, 153, 195, 188]]
[1281, [4, 4, 4, 39, 174, 177]]
[1282, [0, 0, 0, 84, 165, 178]]
[1283, [2, 6, 6, 99, 144, 189]]
[1284, [2, 2, 2, 99, 123, 178]]
[1285, [8, 8, 8, 99, 114, 189]]
[1286, [0, 4, 4, 99, 93, 178]]
[1287, [0, 0, 0, 114, 84, 179]]
[1288, [6, 6, 6, 114, 63, 187]]
[1289, [8, 12, 12, 114, 189, 189]]
[1290, [8, 8, 8, 159, 177, 178]]
[1291, [4, 4, 4, 60, 168, 179]]
[1292, [6, 10, 10, 60, 147, 187]]
[1293, [6, 6, 6, 60, 129, 179]]
[1294, [2, 2, 2, 105, 117, 177]]
[1295, [4, 8, 8, 135, 99, 188]]
[1296, [4, 4, 4, 150, 78, 177]]
[1297, [0, 0, 0, 150, 69, 178]]
[1298, [2, 6, 6, 150, 192, 189]]
[1299, [2, 2, 2, 21, 171, 178]]
[1300, [8, 8, 8, 51, 162, 189]]
[1301, [0, 4, 4, 81, 141, 178]]
[1302, [0, 0, 0, 126, 132, 179]]
[1303, [6, 6, 6, 141, 111, 187]]
[1304, [8, 12, 12, 141, 93, 189]]
[1305, [8, 8, 8, 141, 81, 178]]
[1306, [4, 4, 4, 141, 72, 179]]
[1307, [6, 10, 10, 156, 195, 187]]
[1308, [6, 6, 6, 12, 177, 179]]
[1309, [2, 2, 2, 12, 165, 177]]
[1310, [4, 8, 8, 57, 147, 188]]
[1311, [4, 4, 4, 102, 126, 177]]
[1312, [0, 0, 0, 102, 117, 178]]
[1313, [2, 6, 6, 102, 96, 189]]
[1314, [2, 2, 2, 147, 75, 178]]
[1315, [8, 8, 8, 177, 66, 189]]
[1316, [0, 4, 4, 192, 189, 178]]
[1317, [0, 0, 0, 48, 180, 179]]
[1318, [6, 6, 6, 48, 159, 187]]
[1319, [8, 12, 12, 48, 141, 189]]
[1320, [8, 8, 8, 63, 129, 178]]
[1321, [4, 4, 4, 123, 120, 179]]
[1322, [6, 10, 10, 153, 99, 187]]
[1323, [6, 6, 6, 168, 81, 179]]
[1324, [2, 2, 2, 183, 69, 177]]
[1325, [4, 8, 8, 183, 195, 188]]
[1326, [4, 4, 4, 39, 174, 177]]
[1327, [0, 0, 0, 39, 165, 178]]
[1328, [2, 6, 6, 54, 144, 189]]
[1329, [2, 2, 2, 54, 123, 178]]
[1330, [8, 8, 8, 99, 114, 189]]
[1331, [0, 4, 4, 144, 93, 178]]
[1332, [0, 0, 0, 144, 84, 179]]
[1333, [6, 6, 6, 144, 63, 187]]
[1334, [8, 12, 12, 189, 189, 189]]
[1335, [8, 8, 8, 45, 177, 178]]
[1336, [4, 4, 4, 75, 168, 179]]
[1337, [6, 10, 10, 90, 147, 187]]
[1338, [6, 6, 6, 90, 129, 179]]
[1339, [2, 2, 2, 90, 117, 177]]
[1340, [4, 8, 8, 90, 99, 188]]
[1341, [4, 4, 4, 135, 78, 177]]
[1342, [0, 0, 0, 195, 69, 178]]
[1343, [2, 6, 6, 195, 192, 189]]
[1344, [2, 2, 2, 51, 171, 178]]
[1345, [8, 8, 8, 51, 162, 189]]
[1346, [0, 4, 4, 66, 141, 178]]
[1347, [0, 0, 0, 81, 132, 179]]
[1348, [6, 6, 6, 81, 111, 187]]
[1349, [8, 12, 12, 81, 93, 189]]
[1350, [8, 8, 8, 81, 81, 178]]
[1351, [4, 4, 4, 141, 72, 179]]
[1352, [6, 10, 10, 186, 195, 187]]
[1353, [6, 6, 6, 42, 177, 179]]
[1354, [2, 2, 2, 42, 165, 177]]
[1355, [4, 8, 8, 42, 147, 188]]
[1356, [4, 4, 4, 87, 126, 177]]
[1357, [0, 0, 0, 87, 117, 178]]
[1358, [2, 6, 6, 117, 96, 189]]
[1359, [2, 2, 2, 132, 75, 178]]
[1360, [8, 8, 8, 132, 66, 189]]
[1361, [0, 4, 4, 132, 189, 178]]
[1362, [0, 0, 0, 162, 180, 179]]
[1363, [6, 6, 6, 63, 159, 187]]
[1364, [8, 12, 12, 93, 141, 189]]
[1365, [8, 8, 8, 93, 129, 178]]
[1366, [4, 4, 4, 93, 120, 179]]
[1367, [6, 10, 10, 108, 99, 187]]
[1368, [6, 6, 6, 123, 81, 179]]
[1369, [2, 2, 2, 123, 69, 177]]
[1370, [4, 8, 8, 123, 195, 188]]
[1371, [4, 4, 4, 168, 174, 177]]
[1372, [0, 0, 0, 84, 165, 178]]
[1373, [2, 6, 6, 84, 144, 189]]
[1374, [2, 2, 2, 84, 123, 178]]
[1375, [8, 8, 8, 84, 114, 189]]
[1376, [0, 4, 4, 129, 93, 178]]
[1377, [0, 0, 0, 129, 84, 179]]
[1378, [6, 6, 6, 159, 63, 187]]
[1379, [8, 12, 12, 174, 189, 189]]
[1380, [8, 8, 8, 30, 177, 178]]
[1381, [4, 4, 4, 30, 168, 179]]
[1382, [6, 10, 10, 60, 147, 187]]
[1383, [6, 6, 6, 105, 129, 179]]
[1384, [2, 2, 2, 135, 117, 177]]
[1385, [4, 8, 8, 135, 99, 188]]
[1386, [4, 4, 4, 135, 78, 177]]
[1387, [0, 0, 0, 150, 69, 178]]
[1388, [2, 6, 6, 165, 192, 189]]
[1389, [2, 2, 2, 21, 171, 178]]
[1390, [8, 8, 8, 21, 162, 189]]
[1391, [0, 4, 4, 66, 141, 178]]
[1392, [0, 0, 0, 126, 132, 179]]
[1393, [6, 6, 6, 126, 111, 187]]
[1394, [8, 12, 12, 126, 93, 189]]
[1395, [8, 8, 8, 126, 81, 178]]
[1396, [4, 4, 4, 171, 72, 179]]
[1397, [6, 10, 10, 171, 195, 187]]
[1398, [6, 6, 6, 57, 177, 179]]
[1399, [2, 2, 2, 72, 165, 177]]
[1400, [4, 8, 8, 72, 147, 188]]
[1401, [4, 4, 4, 72, 126, 177]]
[1402, [0, 0, 0, 102, 117, 178]]
[1403, [2, 6, 6, 147, 96, 189]]
[1404, [2, 2, 2, 177, 75, 178]]
[1405, [8, 8, 8, 177, 66, 189]]
[1406, [0, 4, 4, 177, 189, 178]]
[1407, [0, 0, 0, 48, 180, 179]]
[1408, [6, 6, 6, 63, 159, 187]]
[1409, [8, 12, 12, 63, 141, 189]]
[1410, [8, 8, 8, 63, 129, 178]]
[1411, [4, 4, 4, 108, 120, 179]]
[1412, [6, 10, 10, 168, 99, 187]]
[1413, [6, 6, 6, 168, 81, 179]]
[1414, [2, 2, 2, 168, 69, 177]]
[1415, [4, 8, 8, 168, 195, 188]]
[1416, [4, 4, 4, 69, 174, 177]]
[1417, [0, 0, 0, 69, 165, 178]]
[1418, [2, 6, 6, 99, 144, 189]]
[1419, [2, 2, 2, 114, 123, 178]]
[1420, [8, 8, 8, 114, 114, 189]]
[1421, [0, 4, 4, 114, 93, 178]]
[1422, [0, 0, 0, 144, 84, 179]]
[1423, [6, 6, 6, 189, 63, 187]]
[1424, [8, 12, 12, 189, 189, 189]]
[1425, [8, 8, 8, 45, 177, 178]]
[1426, [4, 4, 4, 75, 168, 179]]
[1427, [6, 10, 10, 75, 147, 187]]
[1428, [6, 6, 6, 75, 129, 179]]
[1429, [2, 2, 2, 90, 117, 177]]
[1430, [4, 8, 8, 105, 99, 188]]
[1431, [4, 4, 4, 105, 78, 177]]
[1432, [0, 0, 0, 150, 69, 178]]
[1433, [2, 6, 6, 195, 192, 189]]
[1434, [2, 2, 2, 51, 171, 178]]
[1435, [8, 8, 8, 66, 162, 189]]
[1436, [0, 4, 4, 66, 141, 178]]
[1437, [0, 0, 0, 66, 132, 179]]
[1438, [6, 6, 6, 111, 111, 187]]
[1439, [8, 12, 12, 111, 93, 189]]
