SimulationV010.py[0, 250]
[1, 120]
[2, 120]
[3, 228]
[4, 120]
[5, 120]
[6, 228]
[7, 120]
[8, 120]
[9, 228]
[10, 120]
[11, 120]
[12, 228]
[13, 45]
[15, 9]
[20, 13]
[21, 9]
[23, 192]
[24, 147]
[25, 129]
[26, 192]
[27, 147]
[28, 129]
[29, 192]
[30, 147]
[31, 129]
[32, 192]
[33, 147]
[34, 129]
[35, 192]
[36, 147]
[37, 129]
[38, 192]
[39, 138]
[40, 70]
[41, 3]
[42, 7]
[43, 140]
[44, 192]
[45, 138]
[46, 138]
[47, 192]
[48, 138]
[49, 138]
[50, 192]
[51, 138]
[52, 138]
[53, 192]
[54, 138]
[55, 138]
[56, 192]
[57, 138]
[58, 138]
[59, 192]
[60, 145]
[61, 27]
[62, 3]
[63, 133]
[64, 195]
[65, 149]
[66, 129]
[67, 192]
[68, 147]
[69, 129]
[70, 192]
[71, 147]
[72, 129]
[73, 192]
[74, 147]
[75, 129]
[76, 192]
[77, 147]
[78, 129]
[79, 192]
[80, 151]
[81, 18]
[82, 2]
[83, 123]
[84, 205]
[85, 150]
[86, 122]
[87, 201]
[88, 147]
[89, 121]
[90, 201]
[91, 147]
[92, 120]
[93, 201]
[94, 147]
[95, 120]
[96, 201]
[97, 147]
[98, 120]
[99, 201]
[100, 151]
[101, 123]
[102, 203]
[103, 150]
[104, 124]
[105, 204]
[106, 149]
[107, 120]
[108, 201]
[109, 148]
[110, 120]
[111, 201]
[112, 147]
[113, 120]
[114, 201]
[115, 147]
[116, 120]
[117, 201]
[118, 147]
[119, 120]
[120, 205]
[121, 150]
[122, 122]
[123, 204]
[124, 151]
[125, 123]
[126, 203]
[127, 147]
[128, 120]
[129, 202]
[130, 147]
[131, 120]
[132, 201]
[133, 147]
[134, 120]
[135, 201]
[136, 147]
[137, 120]
[138, 201]
[139, 147]
[140, 124]
[141, 204]
[142, 149]
[143, 123]
[144, 205]
[145, 150]
[146, 122]
[147, 201]
[148, 147]
[149, 121]
[150, 201]
[151, 147]
[152, 120]
[153, 201]
[154, 147]
[155, 120]
[156, 201]
[157, 147]
[158, 120]
[159, 201]
[160, 151]
[161, 123]
[162, 203]
[163, 150]
[164, 120]
[165, 205]
[166, 150]
[167, 122]
[168, 201]
[169, 148]
[170, 120]
[171, 201]
[172, 147]
[173, 120]
[174, 201]
[175, 147]
[176, 120]
[177, 201]
[178, 147]
[179, 120]
[180, 205]
[181, 150]
[182, 122]
[183, 204]
[184, 147]
[185, 124]
[186, 204]
[187, 149]
[188, 120]
[189, 202]
[190, 147]
[191, 120]
[192, 201]
[193, 147]
[194, 120]
[195, 201]
[196, 147]
[197, 120]
[198, 201]
[199, 147]
[200, 124]
[201, 204]
[202, 149]
[203, 123]
[204, 201]
[205, 151]
[206, 120]
[207, 204]
[208, 149]
[209, 121]
[210, 201]
[211, 147]
[212, 120]
[213, 201]
[214, 147]
[215, 120]
[216, 201]
[217, 147]
[218, 120]
[219, 201]
[220, 151]
[221, 120]
[222, 204]
[223, 149]
[224, 123]
[225, 201]
[226, 151]
[227, 120]
[228, 204]
[229, 149]
[230, 121]
[231, 201]
[232, 147]
[233, 120]
[234, 201]
[235, 147]
[236, 120]
[237, 201]
[238, 147]
[239, 120]
[240, 205]
[241, 147]
[242, 123]
[243, 203]
[244, 150]
[245, 120]
[246, 205]
[247, 147]
[248, 123]
[249, 203]
[250, 148]
[251, 120]
[252, 201]
[253, 147]
[254, 120]
[255, 201]
[256, 147]
[257, 120]
[258, 201]
[259, 147]
[260, 124]
[261, 201]
[262, 150]
[263, 122]
[264, 204]
[265, 147]
[266, 124]
[267, 201]
[268, 150]
[269, 122]
[270, 202]
[271, 147]
[272, 120]
[273, 201]
[274, 147]
[275, 120]
[276, 201]
[277, 147]
[278, 120]
[279, 201]
[280, 151]
[281, 120]
[282, 204]
[283, 149]
[284, 123]
[285, 201]
[286, 151]
[287, 120]
[288, 204]
[289, 149]
[290, 121]
[291, 201]
[292, 147]
[293, 120]
[294, 201]
[295, 147]
[296, 120]
[297, 201]
[298, 147]
[299, 120]
[300, 205]
[301, 147]
[302, 123]
[303, 203]
[304, 150]
[305, 120]
[306, 205]
[307, 147]
[308, 123]
[309, 203]
[310, 148]
[311, 120]
[312, 201]
[313, 147]
[314, 120]
[315, 201]
[316, 147]
[317, 120]
[318, 201]
[319, 147]
[320, 124]
[321, 201]
[322, 150]
[323, 122]
[324, 204]
[325, 147]
[326, 124]
[327, 201]
[328, 150]
[329, 122]
[330, 202]
[331, 147]
[332, 120]
[333, 201]
[334, 147]
[335, 120]
[336, 201]
[337, 147]
[338, 120]
[339, 201]
[340, 151]
[341, 120]
[342, 204]
[343, 149]
[344, 123]
[345, 201]
[346, 151]
[347, 120]
[348, 201]
[349, 150]
[350, 123]
[351, 201]
[352, 147]
[353, 120]
[354, 201]
[355, 147]
[356, 120]
[357, 201]
[358, 147]
[359, 120]
[360, 205]
[361, 147]
[362, 120]
[363, 204]
[364, 149]
[365, 123]
[366, 201]
[367, 151]
[368, 120]
[369, 201]
[370, 150]
[371, 123]
[372, 201]
[373, 147]
[374, 120]
[375, 201]
[376, 147]
[377, 120]
[378, 201]
[379, 147]
[380, 124]
[381, 201]
[382, 147]
[383, 123]
[384, 203]
[385, 150]
[386, 120]
[387, 205]
[388, 147]
[389, 120]
[390, 204]
[391, 150]
[392, 120]
[393, 201]
[394, 147]
[395, 120]
[396, 201]
[397, 147]
[398, 120]
[399, 201]
[400, 151]
[401, 120]
[402, 201]
[403, 150]
[404, 122]
[405, 204]
[406, 147]
[407, 124]
[408, 201]
[409, 147]
[410, 123]
[411, 204]
[412, 147]
[413, 120]
[414, 201]
[415, 147]
[416, 120]
[417, 201]
[418, 147]
[419, 120]
[420, 205]
[421, 147]
[422, 120]
[423, 204]
[424, 149]
[425, 123]
[426, 201]
[427, 151]
[428, 120]
[429, 201]
[430, 150]
[431, 123]
[432, 201]
[433, 147]
[434, 120]
[435, 201]
[436, 147]
[437, 120]
[438, 201]
[439, 147]
[440, 124]
[441, 201]
[442, 147]
[443, 123]
[444, 203]
[445, 150]
[446, 120]
[447, 205]
[448, 147]
[449, 120]
[450, 204]
[451, 150]
[452, 120]
[453, 201]
[454, 147]
[455, 120]
[456, 201]
[457, 147]
[458, 120]
[459, 201]
[460, 151]
[461, 120]
[462, 201]
[463, 150]
[464, 122]
[465, 204]
[466, 147]
[467, 124]
[468, 201]
[469, 147]
[470, 123]
[471, 204]
[472, 147]
[473, 120]
[474, 201]
[475, 147]
[476, 120]
[477, 201]
[478, 147]
[479, 120]
[480, 205]
[481, 147]
[482, 120]
[483, 204]
[484, 149]
[485, 123]
[486, 201]
[487, 151]
[488, 120]
[489, 201]
[490, 147]
[491, 124]
[492, 203]
[493, 147]
[494, 120]
[495, 201]
[496, 147]
[497, 120]
[498, 201]
[499, 147]
[500, 124]
[501, 201]
[502, 147]
[503, 123]
[504, 203]
[505, 150]
[506, 120]
[507, 205]
[508, 147]
[509, 120]
[510, 201]
[511, 151]
[512, 122]
[513, 201]
[514, 147]
[515, 120]
[516, 201]
[517, 147]
[518, 120]
[519, 201]
[520, 151]
[521, 120]
[522, 201]
[523, 150]
[524, 122]
[525, 204]
[526, 147]
[527, 124]
[528, 201]
[529, 147]
[530, 120]
[531, 205]
[532, 147]
[533, 122]
[534, 201]
[535, 147]
[536, 120]
[537, 201]
[538, 147]
[539, 120]
[540, 205]
[541, 147]
[542, 120]
[543, 204]
[544, 149]
[545, 123]
[546, 201]
[547, 151]
[548, 120]
[549, 201]
[550, 147]
[551, 124]
[552, 201]
[553, 149]
[554, 120]
[555, 201]
[556, 147]
[557, 120]
[558, 201]
[559, 147]
[560, 124]
[561, 201]
[562, 147]
[563, 120]
[564, 204]
[565, 149]
[566, 123]
[567, 201]
[568, 151]
[569, 120]
[570, 201]
[571, 147]
[572, 124]
[573, 201]
[574, 149]
[575, 120]
[576, 201]
[577, 147]
[578, 120]
[579, 201]
[580, 151]
[581, 120]
[582, 201]
[583, 147]
[584, 123]
[585, 203]
[586, 150]
[587, 120]
[588, 205]
[589, 147]
[590, 120]
[591, 201]
[592, 151]
[593, 120]
[594, 203]
[595, 147]
[596, 120]
[597, 201]
[598, 147]
[599, 120]
[600, 205]
[601, 147]
[602, 120]
[603, 201]
[604, 150]
[605, 122]
[606, 204]
[607, 147]
[608, 124]
[609, 201]
[610, 147]
[611, 120]
[612, 205]
[613, 147]
[614, 122]
[615, 201]
[616, 147]
[617, 120]
[618, 201]
[619, 147]
[620, 124]
[621, 201]
[622, 147]
[623, 120]
[624, 204]
[625, 149]
[626, 123]
[627, 201]
[628, 151]
[629, 120]
[630, 201]
[631, 147]
[632, 124]
[633, 201]
[634, 149]
[635, 120]
[636, 201]
[637, 147]
[638, 120]
[639, 201]
[640, 151]
[641, 120]
[642, 201]
[643, 147]
[644, 123]
[645, 203]
[646, 150]
[647, 120]
[648, 201]
[649, 151]
[650, 120]
[651, 201]
[652, 148]
[653, 123]
[654, 201]
[655, 149]
[656, 120]
[657, 201]
[658, 147]
[659, 120]
[660, 205]
[661, 147]
[662, 120]
[663, 201]
[664, 150]
[665, 122]
[666, 204]
[667, 147]
[668, 120]
[669, 205]
[670, 147]
[671, 120]
[672, 202]
[673, 150]
[674, 120]
[675, 203]
[676, 147]
[677, 120]
[678, 201]
[679, 147]
[680, 124]
[681, 201]
[682, 147]
[683, 120]
[684, 204]
[685, 149]
[686, 123]
[687, 201]
[688, 147]
[689, 124]
[690, 201]
[691, 147]
[692, 121]
[693, 201]
[694, 150]
[695, 120]
[696, 203]
[697, 147]
[698, 120]
[699, 201]
[700, 151]
[701, 120]
[702, 201]
[703, 147]
[704, 120]
[705, 204]
[706, 149]
[707, 123]
[708, 201]
[709, 147]
[710, 124]
[711, 201]
[712, 147]
[713, 121]
[714, 201]
[715, 150]
[716, 120]
[717, 203]
[718, 147]
[719, 120]
[720, 205]
[721, 147]
[722, 120]
[723, 201]
[724, 147]
[725, 123]
[726, 203]
[727, 150]
[728, 120]
[729, 201]
[730, 151]
[731, 120]
[732, 201]
[733, 148]
[734, 120]
[735, 204]
[736, 147]
[737, 120]
[738, 203]
[739, 147]
[740, 124]
[741, 201]
[742, 147]
[743, 120]
[744, 201]
[745, 150]
[746, 122]
[747, 204]
[748, 147]
[749, 120]
[750, 205]
[751, 147]
[752, 120]
[753, 202]
[754, 147]
[755, 123]
[756, 201]
[757, 147]
[758, 122]
[759, 201]
[760, 151]
[761, 120]
[762, 201]
[763, 147]
[764, 120]
[765, 204]
[766, 149]
[767, 123]
[768, 201]
[769, 147]
[770, 124]
[771, 201]
[772, 147]
[773, 121]
[774, 201]
[775, 150]
[776, 120]
[777, 201]
[778, 149]
[779, 120]
[780, 205]
[781, 147]
[782, 120]
[783, 201]
[784, 147]
[785, 123]
[786, 203]
[787, 150]
[788, 120]
[789, 201]
[790, 151]
[791, 120]
[792, 201]
[793, 148]
[794, 120]
[795, 204]
[796, 147]
[797, 120]
[798, 203]
[799, 147]
[800, 124]
[801, 201]
[802, 147]
[803, 120]
[804, 201]
[805, 150]
[806, 122]
[807, 204]
[808, 147]
[809, 120]
[810, 205]
[811, 147]
[812, 120]
[813, 202]
[814, 147]
[815, 123]
[816, 201]
[817, 147]
[818, 122]
[819, 201]
[820, 151]
[821, 120]
[822, 201]
[823, 147]
[824, 120]
[825, 204]
[826, 149]
[827, 123]
[828, 201]
[829, 147]
[830, 124]
[831, 201]
[832, 147]
[833, 121]
[834, 201]
[835, 147]
[836, 123]
[837, 201]
[838, 147]
[839, 122]
[840, 205]
[841, 147]
[842, 120]
[843, 201]
[844, 147]
[845, 120]
[846, 204]
[847, 149]
[848, 123]
[849, 201]
[850, 147]
[851, 124]
[852, 201]
[853, 147]
[854, 121]
[855, 201]
[856, 147]
[857, 123]
[858, 201]
[859, 147]
[860, 126]
[861, 201]
[862, 147]
[863, 120]
[864, 201]
[865, 147]
[866, 123]
[867, 203]
[868, 150]
[869, 120]
[870, 201]
[871, 151]
[872, 120]
[873, 201]
[874, 148]
[875, 120]
[876, 201]
[877, 150]
[878, 120]
[879, 201]
[880, 153]
[881, 120]
[882, 201]
[883, 147]
[884, 120]
[885, 201]
[886, 150]
[887, 122]
[888, 204]
[889, 147]
[890, 120]
[891, 205]
[892, 147]
[893, 120]
[894, 202]
[895, 147]
[896, 120]
[897, 204]
[898, 147]
[899, 120]
[900, 207]
[901, 147]
[902, 120]
[903, 201]
[904, 147]
[905, 120]
[906, 204]
[907, 149]
[908, 123]
[909, 201]
[910, 147]
[911, 124]
[912, 201]
[913, 147]
[914, 121]
[915, 201]
[916, 147]
[917, 123]
[918, 201]
[919, 147]
[920, 124]
[921, 203]
[922, 147]
[923, 120]
[924, 201]
[925, 147]
[926, 120]
[927, 204]
[928, 149]
[929, 123]
[930, 201]
[931, 147]
[932, 124]
[933, 201]
[934, 147]
[935, 121]
[936, 201]
[937, 147]
[938, 123]
[939, 201]
[940, 151]
[941, 122]
[942, 201]
[943, 147]
[944, 120]
[945, 201]
[946, 147]
[947, 123]
[948, 203]
[949, 150]
[950, 120]
[951, 201]
[952, 151]
[953, 120]
[954, 201]
[955, 148]
[956, 120]
[957, 201]
[958, 150]
[959, 120]
