SimulationV06.py[0, 250]
[1, 120]
[2, 120]
[3, 228]
[4, 120]
[5, 120]
[6, 228]
[7, 120]
[8, 120]
[9, 228]
[10, 120]
[11, 120]
[12, 228]
[13, 120]
[14, 120]
[15, 228]
[16, 120]
[17, 120]
[18, 228]
[19, 120]
[20, 141]
[21, 228]
[22, 120]
[23, 120]
[24, 228]
[25, 121]
[26, 120]
[27, 228]
[28, 120]
[29, 120]
[30, 228]
[31, 120]
[32, 120]
[33, 228]
[34, 120]
[35, 120]
[36, 228]
[37, 120]
[38, 120]
[39, 228]
[40, 139]
[41, 120]
[42, 228]
[43, 120]
[44, 120]
[45, 229]
[46, 120]
[47, 120]
[48, 228]
[49, 120]
[50, 120]
[51, 228]
[52, 120]
[53, 120]
[54, 228]
[55, 120]
[56, 120]
[57, 228]
[58, 120]
[59, 120]
[60, 245]
[61, 120]
[62, 120]
[63, 228]
[64, 120]
[65, 121]
[66, 228]
[67, 121]
[68, 120]
[69, 228]
[70, 121]
[71, 120]
[72, 229]
[73, 121]
[74, 120]
[75, 228]
[76, 120]
[77, 120]
[78, 228]
[79, 120]
[80, 136]
[81, 228]
[82, 120]
[83, 120]
[84, 228]
[85, 121]
[86, 121]
[87, 229]
[88, 120]
[89, 120]
[90, 229]
[91, 120]
[92, 120]
[93, 229]
[94, 120]
[95, 120]
[96, 228]
[97, 120]
[98, 121]
[99, 228]
[100, 136]
[101, 120]
[102, 228]
[103, 120]
[104, 120]
[105, 229]
[106, 121]
[107, 121]
[108, 228]
[109, 120]
[110, 121]
[111, 228]
[112, 120]
[113, 121]
[114, 228]
[115, 120]
[116, 120]
[117, 228]
[118, 121]
[119, 120]
[120, 244]
[121, 120]
[122, 120]
[123, 228]
[124, 120]
[125, 121]
[126, 229]
[127, 121]
[128, 120]
[129, 228]
[130, 121]
[131, 120]
[132, 228]
[133, 121]
[134, 120]
[135, 228]
[136, 120]
[137, 120]
[138, 228]
[139, 120]
[140, 136]
[141, 228]
[142, 120]
[143, 120]
[144, 228]
[145, 121]
[146, 121]
[147, 229]
[148, 120]
[149, 121]
[150, 229]
[151, 120]
[152, 120]
[153, 229]
[154, 120]
[155, 120]
[156, 228]
[157, 120]
[158, 120]
[159, 228]
[160, 136]
[161, 120]
[162, 228]
[163, 120]
[164, 120]
[165, 229]
[166, 121]
[167, 121]
[168, 228]
[169, 121]
[170, 121]
[171, 228]
[172, 120]
[173, 121]
[174, 228]
[175, 120]
[176, 120]
[177, 228]
[178, 120]
[179, 120]
[180, 242]
[181, 120]
[182, 120]
[183, 229]
[184, 120]
[185, 122]
[186, 229]
[187, 121]
[188, 120]
[189, 229]
[190, 121]
[191, 120]
[192, 228]
[193, 121]
[194, 120]
[195, 228]
[196, 120]
[197, 120]
[198, 228]
[199, 120]
[200, 133]
[201, 228]
[202, 120]
[203, 122]
[204, 228]
[205, 122]
[206, 121]
[207, 229]
[208, 120]
[209, 121]
[210, 229]
[211, 120]
[212, 120]
[213, 229]
[214, 120]
[215, 120]
[216, 228]
[217, 120]
[218, 120]
[219, 228]
[220, 133]
[221, 120]
[222, 228]
[223, 121]
[224, 121]
[225, 230]
[226, 121]
[227, 121]
[228, 228]
[229, 121]
[230, 121]
[231, 228]
[232, 120]
[233, 121]
[234, 228]
[235, 120]
[236, 120]
[237, 228]
[238, 120]
[239, 120]
[240, 241]
[241, 120]
[242, 120]
[243, 229]
[244, 121]
[245, 122]
[246, 229]
[247, 121]
[248, 120]
[249, 229]
[250, 121]
[251, 120]
[252, 228]
[253, 121]
[254, 120]
[255, 228]
[256, 120]
[257, 120]
[258, 228]
[259, 120]
[260, 133]
[261, 228]
[262, 120]
[263, 121]
[264, 229]
[265, 122]
[266, 121]
[267, 229]
[268, 120]
[269, 121]
[270, 229]
[271, 120]
[272, 120]
[273, 229]
[274, 120]
[275, 120]
[276, 228]
[277, 120]
[278, 120]
[279, 228]
[280, 132]
[281, 120]
[282, 228]
[283, 121]
[284, 121]
[285, 230]
[286, 121]
[287, 121]
[288, 229]
[289, 121]
[290, 121]
[291, 228]
[292, 120]
[293, 121]
[294, 228]
[295, 120]
[296, 120]
[297, 228]
[298, 120]
[299, 120]
[300, 240]
[301, 120]
[302, 120]
[303, 229]
[304, 121]
[305, 122]
[306, 229]
[307, 121]
[308, 121]
[309, 229]
[310, 121]
[311, 120]
[312, 228]
[313, 121]
[314, 120]
[315, 228]
[316, 120]
[317, 120]
[318, 228]
[319, 120]
[320, 132]
[321, 228]
[322, 120]
[323, 121]
[324, 229]
[325, 122]
[326, 121]
[327, 229]
[328, 121]
[329, 121]
[330, 229]
[331, 120]
[332, 120]
[333, 219]
[334, 129]
[335, 120]
[336, 219]
[337, 129]
[338, 120]
[339, 219]
[340, 140]
[341, 120]
[342, 219]
[343, 130]
[344, 121]
[345, 221]
[346, 130]
[347, 121]
[348, 220]
[349, 130]
[350, 121]
[351, 219]
[352, 129]
[353, 120]
[354, 219]
[355, 129]
[356, 120]
[357, 220]
[358, 129]
[359, 120]
[360, 230]
[361, 129]
[362, 120]
[363, 220]
[364, 130]
[365, 122]
[366, 220]
[367, 130]
[368, 121]
[369, 220]
[370, 130]
[371, 121]
[372, 219]
[373, 129]
[374, 120]
[375, 219]
[376, 129]
[377, 121]
[378, 219]
[379, 129]
[380, 129]
[381, 219]
[382, 129]
[383, 121]
[384, 220]
[385, 132]
[386, 121]
[387, 220]
[388, 131]
[389, 121]
[390, 220]
[391, 130]
[392, 120]
[393, 219]
[394, 129]
[395, 120]
[396, 219]
[397, 130]
[398, 120]
[399, 219]
[400, 138]
[401, 120]
[402, 219]
[403, 130]
[404, 121]
[405, 222]
[406, 130]
[407, 121]
[408, 221]
[409, 130]
[410, 121]
[411, 220]
[412, 129]
[413, 120]
[414, 219]
[415, 129]
[416, 120]
[417, 220]
[418, 129]
[419, 120]
[420, 227]
[421, 129]
[422, 120]
[423, 220]
[424, 131]
[425, 122]
[426, 220]
[427, 130]
[428, 121]
[429, 220]
[430, 130]
[431, 122]
[432, 219]
[433, 129]
[434, 120]
[435, 219]
[436, 129]
[437, 121]
[438, 219]
[439, 130]
[440, 128]
[441, 219]
[442, 129]
[443, 121]
[444, 221]
[445, 131]
[446, 121]
[447, 220]
[448, 130]
[449, 121]
[450, 220]
[451, 131]
[452, 120]
[453, 219]
[454, 129]
[455, 120]
[456, 219]
[457, 130]
[458, 120]
[459, 219]
[460, 137]
[461, 120]
[462, 219]
[463, 130]
[464, 122]
[465, 221]
[466, 130]
[467, 122]
[468, 220]
[469, 130]
[470, 121]
[471, 221]
[472, 129]
[473, 120]
[474, 219]
[475, 129]
[476, 120]
[477, 220]
[478, 129]
[479, 120]
[480, 227]
[481, 129]
[482, 120]
[483, 220]
[484, 131]
[485, 122]
[486, 220]
[487, 131]
[488, 121]
[489, 220]
[490, 130]
[491, 122]
[492, 219]
[493, 129]
[494, 120]
[495, 219]
[496, 129]
[497, 121]
[498, 219]
[499, 129]
[500, 128]
[501, 219]
[502, 129]
[503, 121]
[504, 221]
[505, 131]
[506, 121]
[507, 221]
[508, 130]
[509, 121]
[510, 220]
[511, 131]
[512, 120]
[513, 219]
[514, 129]
[515, 120]
[516, 219]
[517, 130]
[518, 120]
[519, 219]
[520, 137]
[521, 120]
[522, 219]
[523, 130]
[524, 121]
[525, 221]
[526, 130]
[527, 123]
[528, 220]
[529, 130]
[530, 121]
[531, 221]
[532, 129]
[533, 120]
[534, 219]
[535, 129]
[536, 120]
[537, 220]
[538, 129]
[539, 120]
[540, 227]
[541, 129]
[542, 120]
[543, 220]
[544, 130]
[545, 122]
[546, 220]
[547, 132]
[548, 121]
[549, 211]
[550, 130]
[551, 122]
[552, 210]
[553, 129]
[554, 120]
[555, 210]
[556, 129]
[557, 121]
[558, 219]
[559, 129]
[560, 128]
[561, 219]
[562, 129]
[563, 120]
[564, 220]
[565, 131]
[566, 121]
[567, 222]
[568, 130]
[569, 121]
[570, 220]
[571, 131]
[572, 120]
[573, 219]
[574, 129]
[575, 120]
[576, 219]
[577, 130]
[578, 120]
[579, 220]
[580, 136]
[581, 120]
[582, 219]
[583, 129]
[584, 121]
[585, 222]
[586, 130]
[587, 123]
[588, 220]
[589, 130]
[590, 121]
[591, 220]
[592, 130]
[593, 120]
[594, 219]
[595, 129]
[596, 120]
[597, 219]
[598, 129]
[599, 121]
[600, 226]
[601, 129]
[602, 120]
[603, 219]
[604, 130]
[605, 123]
[606, 220]
[607, 132]
[608, 120]
[609, 220]
[610, 131]
[611, 122]
[612, 220]
[613, 129]
[614, 120]
[615, 219]
[616, 129]
[617, 120]
[618, 219]
[619, 130]
[620, 127]
[621, 219]
[622, 129]
[623, 120]
[624, 220]
[625, 132]
[626, 121]
[627, 222]
[628, 129]
[629, 121]
[630, 221]
[631, 131]
[632, 121]
[633, 219]
[634, 129]
[635, 120]
[636, 219]
[637, 129]
[638, 120]
[639, 220]
[640, 136]
[641, 120]
[642, 219]
[643, 129]
[644, 121]
[645, 222]
[646, 130]
[647, 122]
[648, 219]
[649, 130]
[650, 122]
[651, 221]
[652, 130]
[653, 120]
[654, 219]
[655, 129]
[656, 121]
[657, 219]
[658, 129]
[659, 121]
[660, 225]
[661, 129]
[662, 120]
[663, 220]
[664, 129]
[665, 122]
[666, 220]
[667, 132]
[668, 120]
[669, 220]
[670, 132]
[671, 122]
[672, 220]
[673, 129]
[674, 120]
[675, 219]
[676, 130]
[677, 120]
[678, 219]
[679, 130]
[680, 126]
[681, 219]
[682, 129]
[683, 121]
[684, 219]
[685, 131]
[686, 121]
[687, 222]
[688, 129]
[689, 121]
[690, 222]
[691, 131]
[692, 121]
[693, 219]
[694, 129]
[695, 120]
[696, 220]
[697, 129]
[698, 120]
[699, 220]
[700, 135]
[701, 120]
[702, 219]
[703, 130]
[704, 120]
[705, 221]
[706, 130]
[707, 123]
[708, 219]
[709, 130]
[710, 123]
[711, 221]
[712, 130]
[713, 120]
[714, 219]
[715, 129]
[716, 121]
[717, 219]
[718, 129]
[719, 121]
[720, 224]
[721, 129]
[722, 120]
[723, 221]
[724, 129]
[725, 122]
[726, 220]
[727, 132]
[728, 120]
[729, 220]
[730, 132]
[731, 122]
[732, 220]
[733, 129]
[734, 120]
[735, 219]
[736, 130]
[737, 120]
[738, 219]
[739, 130]
[740, 125]
[741, 219]
[742, 129]
[743, 122]
[744, 219]
[745, 131]
[746, 121]
[747, 222]
[748, 129]
[749, 121]
[750, 222]
[751, 131]
[752, 121]
[753, 219]
[754, 129]
[755, 120]
[756, 220]
[757, 129]
[758, 120]
[759, 220]
[760, 134]
[761, 120]
[762, 219]
[763, 131]
[764, 120]
[765, 221]
[766, 130]
[767, 123]
[768, 219]
[769, 130]
[770, 123]
[771, 221]
[772, 130]
[773, 120]
[774, 219]
[775, 129]
[776, 121]
[777, 219]
[778, 129]
[779, 121]
[780, 224]
[781, 129]
[782, 120]
[783, 221]
[784, 129]
[785, 122]
[786, 220]
[787, 132]
[788, 120]
[789, 220]
[790, 132]
[791, 122]
[792, 220]
[793, 129]
[794, 120]
[795, 219]
[796, 130]
[797, 120]
[798, 219]
[799, 130]
[800, 125]
[801, 219]
[802, 129]
[803, 122]
[804, 219]
[805, 131]
[806, 121]
[807, 222]
[808, 129]
[809, 121]
[810, 222]
[811, 131]
[812, 121]
[813, 219]
[814, 129]
[815, 120]
[816, 220]
[817, 129]
[818, 120]
[819, 220]
[820, 133]
[821, 120]
[822, 220]
[823, 131]
[824, 120]
[825, 221]
[826, 130]
[827, 123]
[828, 219]
[829, 130]
[830, 123]
[831, 219]
[832, 130]
[833, 120]
[834, 219]
[835, 130]
[836, 121]
[837, 219]
[838, 130]
[839, 121]
[840, 223]
[841, 129]
[842, 121]
[843, 221]
[844, 129]
[845, 122]
[846, 220]
[847, 131]
[848, 120]
[849, 219]
[850, 132]
[851, 120]
[852, 220]
[853, 129]
[854, 120]
[855, 220]
[856, 130]
[857, 121]
[858, 220]
[859, 130]
[860, 124]
[861, 219]
[862, 130]
[863, 122]
[864, 220]
[865, 131]
[866, 121]
[867, 221]
[868, 129]
[869, 120]
[870, 222]
[871, 129]
[872, 121]
[873, 219]
[874, 129]
[875, 121]
[876, 220]
[877, 129]
[878, 121]
[879, 220]
[880, 133]
[881, 121]
[882, 220]
[883, 131]
[884, 121]
[885, 221]
[886, 130]
[887, 122]
[888, 219]
[889, 129]
[890, 123]
[891, 219]
[892, 130]
[893, 120]
[894, 219]
[895, 130]
[896, 121]
[897, 219]
[898, 130]
[899, 121]
[900, 222]
[901, 130]
[902, 121]
[903, 221]
[904, 130]
[905, 122]
[906, 220]
[907, 131]
[908, 120]
[909, 219]
[910, 132]
[911, 120]
[912, 220]
[913, 129]
[914, 120]
[915, 220]
[916, 130]
[917, 120]
[918, 220]
[919, 130]
[920, 123]
[921, 220]
[922, 130]
[923, 123]
[924, 220]
[925, 131]
[926, 120]
[927, 221]
[928, 129]
[929, 120]
[930, 222]
[931, 129]
[932, 121]
[933, 219]
[934, 129]
[935, 121]
[936, 221]
[937, 129]
[938, 121]
[939, 220]
[940, 132]
[941, 121]
[942, 220]
[943, 132]
[944, 121]
[945, 221]
[946, 129]
[947, 122]
[948, 219]
[949, 129]
[950, 123]
[951, 219]
[952, 130]
[953, 120]
[954, 219]
[955, 130]
[956, 122]
[957, 219]
[958, 130]
[959, 121]
[960, 222]
[961, 130]
[962, 121]
[963, 222]
[964, 130]
[965, 122]
[966, 219]
[967, 131]
[968, 120]
[969, 219]
[970, 132]
[971, 120]
[972, 220]
[973, 129]
[974, 120]
[975, 220]
[976, 131]
[977, 120]
[978, 220]
[979, 130]
[980, 123]
[981, 220]
[982, 130]
[983, 123]
[984, 220]
[985, 131]
[986, 120]
[987, 221]
[988, 129]
[989, 120]
[990, 222]
[991, 129]
[992, 121]
[993, 219]
[994, 129]
[995, 121]
[996, 221]
[997, 129]
[998, 121]
[999, 220]
[1000, 132]
[1001, 121]
[1002, 220]
[1003, 132]
[1004, 121]
[1005, 221]
[1006, 129]
[1007, 122]
[1008, 219]
[1009, 129]
[1010, 123]
[1011, 219]
[1012, 130]
[1013, 120]
[1014, 219]
[1015, 130]
[1016, 121]
[1017, 219]
[1018, 129]
[1019, 120]
[1020, 222]
[1021, 131]
[1022, 121]
[1023, 222]
[1024, 130]
[1025, 122]
[1026, 219]
[1027, 131]
[1028, 120]
[1029, 219]
[1030, 132]
[1031, 120]
[1032, 221]
[1033, 129]
[1034, 120]
[1035, 220]
[1036, 129]
[1037, 120]
[1038, 219]
[1039, 129]
[1040, 123]
[1041, 221]
[1042, 131]
[1043, 123]
[1044, 220]
[1045, 131]
[1046, 121]
[1047, 221]
[1048, 129]
[1049, 120]
[1050, 222]
[1051, 129]
[1052, 122]
[1053, 219]
[1054, 129]
[1055, 121]
[1056, 219]
[1057, 129]
[1058, 120]
[1059, 219]
[1060, 132]
[1061, 122]
[1062, 221]
[1063, 132]
[1064, 121]
[1065, 221]
[1066, 130]
[1067, 122]
[1068, 219]
[1069, 129]
[1070, 123]
[1071, 219]
[1072, 131]
[1073, 120]
[1074, 219]
[1075, 130]
[1076, 120]
[1077, 219]
[1078, 129]
[1079, 120]
[1080, 222]
[1081, 131]
[1082, 122]
[1083, 222]
[1084, 130]
[1085, 122]
[1086, 220]
[1087, 131]
[1088, 120]
[1089, 219]
[1090, 132]
[1091, 120]
[1092, 221]
[1093, 129]
[1094, 120]
[1095, 220]
[1096, 129]
[1097, 120]
[1098, 219]
[1099, 129]
[1100, 123]
[1101, 221]
[1102, 131]
[1103, 123]
[1104, 220]
[1105, 131]
[1106, 121]
[1107, 221]
[1108, 129]
[1109, 120]
[1110, 222]
[1111, 129]
[1112, 122]
[1113, 219]
[1114, 129]
[1115, 121]
[1116, 219]
[1117, 129]
[1118, 120]
[1119, 219]
[1120, 132]
[1121, 122]
[1122, 221]
[1123, 131]
[1124, 121]
[1125, 221]
[1126, 130]
[1127, 122]
[1128, 219]
[1129, 129]
[1130, 124]
[1131, 219]
[1132, 131]
[1133, 120]
[1134, 219]
[1135, 130]
[1136, 120]
[1137, 219]
[1138, 129]
[1139, 120]
[1140, 222]
[1141, 131]
[1142, 122]
[1143, 221]
[1144, 130]
[1145, 122]
[1146, 220]
[1147, 131]
[1148, 120]
[1149, 219]
[1150, 133]
[1151, 120]
[1152, 221]
[1153, 129]
[1154, 120]
[1155, 220]
[1156, 129]
[1157, 120]
[1158, 219]
[1159, 129]
[1160, 123]
[1161, 221]
[1162, 131]
[1163, 122]
[1164, 220]
[1165, 131]
[1166, 121]
[1167, 220]
[1168, 129]
[1169, 121]
[1170, 223]
[1171, 129]
[1172, 122]
[1173, 219]
[1174, 129]
[1175, 121]
[1176, 219]
[1177, 129]
[1178, 120]
[1179, 219]
[1180, 132]
[1181, 122]
[1182, 221]
[1183, 131]
[1184, 121]
[1185, 221]
[1186, 130]
[1187, 121]
[1188, 219]
[1189, 130]
[1190, 124]
[1191, 219]
[1192, 131]
[1193, 120]
[1194, 219]
[1195, 130]
[1196, 120]
[1197, 219]
[1198, 129]
[1199, 120]
[1200, 222]
[1201, 131]
[1202, 122]
[1203, 221]
[1204, 130]
[1205, 122]
[1206, 220]
[1207, 130]
[1208, 120]
[1209, 220]
[1210, 133]
[1211, 120]
[1212, 221]
[1213, 129]
[1214, 120]
[1215, 220]
[1216, 129]
[1217, 120]
[1218, 219]
[1219, 129]
[1220, 123]
[1221, 221]
[1222, 131]
[1223, 122]
[1224, 220]
[1225, 131]
[1226, 121]
[1227, 220]
[1228, 129]
[1229, 121]
[1230, 223]
[1231, 129]
[1232, 122]
[1233, 219]
[1234, 129]
[1235, 121]
[1236, 219]
[1237, 129]
[1238, 120]
[1239, 219]
[1240, 132]
[1241, 122]
[1242, 221]
[1243, 130]
[1244, 121]
[1245, 221]
[1246, 130]
[1247, 121]
[1248, 219]
[1249, 130]
[1250, 124]
[1251, 219]
[1252, 131]
[1253, 120]
[1254, 219]
[1255, 130]
[1256, 120]
[1257, 219]
[1258, 129]
[1259, 120]
[1260, 222]
[1261, 131]
[1262, 122]
[1263, 220]
[1264, 130]
[1265, 122]
[1266, 220]
[1267, 130]
[1268, 120]
[1269, 219]
[1270, 133]
[1271, 120]
[1272, 220]
[1273, 129]
[1274, 120]
[1275, 220]
[1276, 129]
[1277, 120]
[1278, 219]
[1279, 129]
[1280, 123]
[1281, 222]
[1282, 131]
[1283, 121]
[1284, 220]
[1285, 131]
[1286, 122]
[1287, 221]
[1288, 129]
[1289, 120]
[1290, 223]
[1291, 129]
[1292, 121]
[1293, 219]
[1294, 129]
[1295, 121]
[1296, 219]
[1297, 129]
[1298, 120]
[1299, 219]
[1300, 132]
[1301, 122]
[1302, 222]
[1303, 130]
[1304, 121]
[1305, 220]
[1306, 131]
[1307, 122]
[1308, 219]
[1309, 129]
[1310, 124]
[1311, 219]
[1312, 130]
[1313, 121]
[1314, 219]
[1315, 130]
[1316, 120]
[1317, 219]
[1318, 129]
[1319, 120]
[1320, 222]
[1321, 131]
[1322, 123]
[1323, 220]
[1324, 129]
[1325, 121]
[1326, 221]
[1327, 131]
[1328, 120]
[1329, 219]
[1330, 133]
[1331, 120]
[1332, 220]
[1333, 129]
[1334, 120]
[1335, 220]
[1336, 129]
[1337, 121]
[1338, 219]
[1339, 129]
[1340, 123]
[1341, 221]
[1342, 132]
[1343, 121]
[1344, 219]
[1345, 130]
[1346, 123]
[1347, 220]
[1348, 129]
[1349, 120]
[1350, 222]
[1351, 129]
[1352, 122]
[1353, 219]
[1354, 129]
[1355, 121]
[1356, 219]
[1357, 130]
[1358, 120]
[1359, 219]
[1360, 132]
[1361, 123]
[1362, 222]
[1363, 129]
[1364, 120]
[1365, 220]
[1366, 132]
[1367, 121]
[1368, 219]
[1369, 129]
[1370, 123]
[1371, 219]
[1372, 131]
[1373, 120]
[1374, 219]
[1375, 130]
[1376, 120]
[1377, 221]
[1378, 129]
[1379, 120]
[1380, 222]
[1381, 132]
[1382, 123]
[1383, 219]
[1384, 129]
[1385, 121]
[1386, 222]
[1387, 130]
[1388, 120]
[1389, 219]
[1390, 132]
[1391, 120]
[1392, 221]
[1393, 129]
[1394, 120]
[1395, 220]
[1396, 129]
[1397, 122]
[1398, 219]
[1399, 129]
[1400, 123]
[1401, 222]
[1402, 131]
[1403, 120]
[1404, 219]
[1405, 130]
[1406, 123]
[1407, 219]
[1408, 130]
[1409, 120]
[1410, 222]
[1411, 129]
[1412, 122]
[1413, 219]
[1414, 129]
[1415, 121]
[1416, 219]
[1417, 131]
[1418, 120]
[1419, 219]
[1420, 132]
[1421, 123]
[1422, 221]
[1423, 129]
[1424, 120]
[1425, 220]
[1426, 132]
[1427, 120]
[1428, 221]
[1429, 129]
[1430, 123]
[1431, 219]
[1432, 131]
[1433, 120]
[1434, 219]
[1435, 129]
[1436, 120]
[1437, 221]
[1438, 129]
[1439, 121]
