SimulationV03.py[0, 250]
[1, 120]
[2, 120]
[3, 228]
[4, 120]
[5, 120]
[6, 228]
[7, 120]
[8, 120]
[9, 228]
[10, 120]
[11, 120]
[12, 228]
[13, 120]
[14, 120]
[15, 228]
[16, 120]
[17, 120]
[18, 228]
[19, 120]
[20, 141]
[21, 228]
[22, 120]
[23, 120]
[24, 228]
[25, 120]
[26, 120]
[27, 228]
[28, 121]
[29, 120]
[30, 228]
[31, 120]
[32, 120]
[33, 228]
[34, 120]
[35, 120]
[36, 228]
[37, 120]
[38, 120]
[39, 228]
[40, 139]
[41, 120]
[42, 228]
[43, 120]
[44, 120]
[45, 229]
[46, 120]
[47, 120]
[48, 230]
[49, 120]
[50, 120]
[51, 228]
[52, 120]
[53, 120]
[54, 228]
[55, 120]
[56, 120]
[57, 228]
[58, 120]
[59, 120]
[60, 246]
[61, 120]
[62, 120]
[63, 228]
[64, 120]
[65, 121]
[66, 228]
[67, 121]
[68, 122]
[69, 228]
[70, 120]
[71, 120]
[72, 228]
[73, 120]
[74, 120]
[75, 228]
[76, 120]
[77, 120]
[78, 228]
[79, 120]
[80, 138]
[81, 228]
[82, 120]
[83, 120]
[84, 228]
[85, 121]
[86, 120]
[87, 229]
[88, 122]
[89, 120]
[90, 228]
[91, 120]
[92, 120]
[93, 228]
[94, 120]
[95, 120]
[96, 228]
[97, 120]
[98, 120]
[99, 228]
[100, 136]
[101, 121]
[102, 228]
[103, 120]
[104, 120]
[105, 229]
[106, 120]
[107, 121]
[108, 230]
[109, 120]
[110, 120]
[111, 228]
[112, 121]
[113, 120]
[114, 228]
[115, 120]
[116, 120]
[117, 228]
[118, 120]
[119, 120]
[120, 244]
[121, 121]
[122, 120]
[123, 228]
[124, 120]
[125, 121]
[126, 228]
[127, 121]
[128, 122]
[129, 228]
[130, 120]
[131, 120]
[132, 229]
[133, 120]
[134, 120]
[135, 228]
[136, 120]
[137, 120]
[138, 228]
[139, 120]
[140, 136]
[141, 229]
[142, 120]
[143, 120]
[144, 228]
[145, 121]
[146, 120]
[147, 229]
[148, 122]
[149, 120]
[150, 228]
[151, 120]
[152, 121]
[153, 228]
[154, 120]
[155, 120]
[156, 228]
[157, 120]
[158, 120]
[159, 228]
[160, 136]
[161, 121]
[162, 228]
[163, 120]
[164, 120]
[165, 229]
[166, 120]
[167, 121]
[168, 230]
[169, 120]
[170, 120]
[171, 228]
[172, 121]
[173, 120]
[174, 228]
[175, 120]
[176, 120]
[177, 228]
[178, 120]
[179, 120]
[180, 244]
[181, 121]
[182, 120]
[183, 228]
[184, 120]
[185, 121]
[186, 228]
[187, 121]
[188, 122]
[189, 228]
[190, 120]
[191, 120]
[192, 229]
[193, 120]
[194, 120]
[195, 228]
[196, 120]
[197, 120]
[198, 228]
[199, 120]
[200, 135]
[201, 229]
[202, 120]
[203, 121]
[204, 228]
[205, 121]
[206, 120]
[207, 228]
[208, 122]
[209, 120]
[210, 228]
[211, 120]
[212, 121]
[213, 228]
[214, 120]
[215, 120]
[216, 228]
[217, 120]
[218, 120]
[219, 228]
[220, 135]
[221, 121]
[222, 228]
[223, 121]
[224, 120]
[225, 229]
[226, 120]
[227, 120]
[228, 231]
[229, 120]
[230, 120]
[231, 228]
[232, 121]
[233, 120]
[234, 228]
[235, 120]
[236, 120]
[237, 228]
[238, 120]
[239, 120]
[240, 243]
[241, 121]
[242, 120]
[243, 229]
[244, 120]
[245, 121]
[246, 228]
[247, 120]
[248, 123]
[249, 228]
[250, 120]
[251, 120]
[252, 229]
[253, 120]
[254, 120]
[255, 228]
[256, 120]
[257, 120]
[258, 228]
[259, 120]
[260, 135]
[261, 229]
[262, 120]
[263, 121]
[264, 228]
[265, 121]
[266, 120]
[267, 228]
[268, 123]
[269, 120]
[270, 228]
[271, 120]
[272, 121]
[273, 228]
[274, 120]
[275, 120]
[276, 228]
[277, 120]
[278, 120]
[279, 228]
[280, 135]
[281, 121]
[282, 228]
[283, 121]
[284, 120]
[285, 229]
[286, 120]
[287, 120]
[288, 231]
[289, 120]
[290, 120]
[291, 228]
[292, 121]
[293, 120]
[294, 228]
[295, 120]
[296, 120]
[297, 228]
[298, 120]
[299, 120]
[300, 243]
[301, 121]
[302, 120]
[303, 229]
[304, 120]
[305, 120]
[306, 228]
[307, 120]
[308, 123]
[309, 228]
[310, 121]
[311, 120]
[312, 229]
[313, 120]
[314, 120]
[315, 228]
[316, 120]
[317, 120]
[318, 228]
[319, 120]
[320, 134]
[321, 230]
[322, 120]
[323, 121]
[324, 228]
[325, 120]
[326, 120]
[327, 228]
[328, 123]
[329, 120]
[330, 229]
[331, 120]
[332, 121]
[333, 228]
[334, 120]
[335, 120]
[336, 228]
[337, 120]
[338, 120]
[339, 228]
[340, 134]
[341, 122]
[342, 228]
[343, 121]
[344, 120]
[345, 228]
[346, 120]
[347, 120]
[348, 231]
[349, 120]
[350, 121]
[351, 228]
[352, 121]
[353, 120]
[354, 228]
[355, 120]
[356, 120]
[357, 228]
[358, 120]
[359, 120]
[360, 241]
[361, 122]
[362, 120]
[363, 229]
[364, 120]
[365, 121]
[366, 228]
[367, 120]
[368, 122]
[369, 228]
[370, 121]
[371, 120]
[372, 228]
[373, 120]
[374, 121]
[375, 228]
[376, 120]
[377, 120]
[378, 228]
[379, 120]
[380, 132]
[381, 230]
[382, 120]
[383, 121]
[384, 228]
[385, 121]
[386, 120]
[387, 228]
[388, 123]
[389, 120]
[390, 229]
[391, 120]
[392, 120]
[393, 228]
[394, 121]
[395, 120]
[396, 229]
[397, 120]
[398, 120]
[399, 228]
[400, 130]
[401, 122]
[402, 229]
[403, 121]
[404, 120]
[405, 229]
[406, 120]
[407, 120]
[408, 231]
[409, 120]
[410, 121]
[411, 228]
[412, 120]
[413, 121]
[414, 229]
[415, 120]
[416, 121]
[417, 228]
[418, 120]
[419, 120]
[420, 237]
[421, 122]
[422, 121]
[423, 229]
[424, 120]
[425, 121]
[426, 228]
[427, 120]
[428, 123]
[429, 228]
[430, 121]
[431, 120]
[432, 228]
[433, 121]
[434, 121]
[435, 228]
[436, 121]
[437, 120]
[438, 229]
[439, 120]
[440, 128]
[441, 230]
[442, 121]
[443, 121]
[444, 228]
[445, 121]
[446, 120]
[447, 228]
[448, 124]
[449, 120]
[450, 228]
[451, 120]
[452, 120]
[453, 229]
[454, 122]
[455, 120]
[456, 229]
[457, 120]
[458, 121]
[459, 228]
[460, 128]
[461, 122]
[462, 229]
[463, 121]
[464, 120]
[465, 229]
[466, 120]
[467, 120]
[468, 232]
[469, 120]
[470, 120]
[471, 228]
[472, 120]
[473, 121]
[474, 230]
[475, 120]
[476, 121]
[477, 228]
[478, 121]
[479, 120]
[480, 236]
[481, 122]
[482, 121]
[483, 229]
[484, 120]
[485, 121]
[486, 228]
[487, 120]
[488, 124]
[489, 228]
[490, 120]
[491, 120]
[492, 228]
[493, 121]
[494, 121]
[495, 228]
[496, 121]
[497, 120]
[498, 229]
[499, 120]
[500, 128]
[501, 230]
[502, 121]
[503, 121]
[504, 228]
[505, 121]
[506, 120]
[507, 228]
[508, 124]
[509, 120]
[510, 228]
[511, 120]
[512, 120]
[513, 229]
[514, 121]
[515, 121]
[516, 229]
[517, 120]
[518, 121]
[519, 228]
[520, 128]
[521, 121]
[522, 229]
[523, 121]
[524, 120]
[525, 230]
[526, 120]
[527, 120]
[528, 232]
[529, 120]
[530, 120]
[531, 228]
[532, 120]
[533, 121]
[534, 229]
[535, 121]
[536, 121]
[537, 228]
[538, 121]
[539, 120]
[540, 236]
[541, 121]
[542, 121]
[543, 229]
[544, 120]
[545, 122]
[546, 228]
[547, 120]
[548, 124]
[549, 228]
[550, 120]
[551, 120]
[552, 228]
[553, 121]
[554, 121]
[555, 228]
[556, 121]
[557, 121]
[558, 229]
[559, 120]
[560, 128]
[561, 229]
[562, 121]
[563, 121]
[564, 228]
[565, 122]
[566, 120]
[567, 228]
[568, 124]
[569, 120]
[570, 228]
[571, 120]
[572, 120]
[573, 229]
[574, 121]
[575, 120]
[576, 229]
[577, 121]
[578, 121]
[579, 228]
[580, 128]
[581, 121]
[582, 229]
[583, 121]
[584, 120]
[585, 230]
[586, 120]
[587, 120]
[588, 232]
[589, 120]
[590, 120]
[591, 228]
[592, 120]
[593, 121]
[594, 229]
[595, 120]
[596, 121]
[597, 229]
[598, 121]
[599, 120]
[600, 234]
[601, 121]
[602, 121]
[603, 230]
[604, 120]
[605, 123]
[606, 228]
[607, 120]
[608, 124]
[609, 228]
[610, 120]
[611, 120]
[612, 228]
[613, 121]
[614, 121]
[615, 228]
[616, 121]
[617, 120]
[618, 229]
[619, 120]
[620, 125]
[621, 229]
[622, 122]
[623, 122]
[624, 228]
[625, 123]
[626, 121]
[627, 228]
[628, 124]
[629, 120]
[630, 228]
[631, 120]
[632, 120]
[633, 229]
[634, 121]
[635, 120]
[636, 229]
[637, 120]
[638, 121]
[639, 228]
[640, 125]
[641, 121]
[642, 230]
[643, 121]
[644, 120]
[645, 231]
[646, 121]
[647, 120]
[648, 232]
[649, 120]
[650, 120]
[651, 228]
[652, 120]
[653, 121]
[654, 229]
[655, 120]
[656, 121]
[657, 228]
[658, 121]
[659, 120]
[660, 233]
[661, 120]
[662, 122]
[663, 230]
[664, 120]
[665, 123]
[666, 229]
[667, 120]
[668, 124]
[669, 228]
[670, 120]
[671, 120]
[672, 228]
[673, 122]
[674, 121]
[675, 228]
[676, 121]
[677, 120]
[678, 229]
[679, 120]
[680, 125]
[681, 228]
[682, 122]
[683, 121]
[684, 228]
[685, 123]
[686, 121]
[687, 228]
[688, 124]
[689, 120]
[690, 228]
[691, 120]
[692, 120]
[693, 230]
[694, 121]
[695, 120]
[696, 229]
[697, 120]
[698, 121]
[699, 228]
[700, 125]
[701, 120]
[702, 230]
[703, 121]
[704, 120]
[705, 232]
[706, 121]
[707, 120]
[708, 231]
[709, 121]
[710, 120]
[711, 228]
[712, 120]
[713, 122]
[714, 229]
[715, 120]
[716, 121]
[717, 228]
[718, 121]
[719, 120]
[720, 233]
[721, 120]
[722, 122]
[723, 229]
[724, 120]
[725, 123]
[726, 229]
[727, 120]
[728, 123]
[729, 229]
[730, 120]
[731, 120]
[732, 228]
[733, 122]
[734, 121]
[735, 228]
[736, 122]
[737, 120]
[738, 229]
[739, 120]
[740, 125]
[741, 228]
[742, 122]
[743, 121]
[744, 228]
[745, 123]
[746, 121]
[747, 228]
[748, 122]
[749, 121]
[750, 228]
[751, 120]
[752, 120]
[753, 230]
[754, 121]
[755, 120]
[756, 230]
[757, 120]
[758, 122]
[759, 228]
[760, 125]
[761, 120]
[762, 230]
[763, 120]
[764, 120]
[765, 231]
[766, 121]
[767, 120]
[768, 230]
[769, 121]
[770, 120]
[771, 228]
[772, 120]
[773, 122]
[774, 229]
[775, 121]
[776, 122]
[777, 228]
[778, 122]
[779, 120]
[780, 233]
[781, 120]
[782, 122]
[783, 228]
[784, 120]
[785, 123]
[786, 229]
[787, 120]
[788, 122]
[789, 229]
[790, 120]
[791, 120]
[792, 228]
[793, 122]
[794, 121]
[795, 229]
[796, 122]
[797, 120]
[798, 230]
[799, 120]
[800, 125]
[801, 228]
[802, 122]
[803, 120]
[804, 228]
[805, 123]
[806, 121]
[807, 228]
[808, 122]
[809, 121]
[810, 228]
[811, 120]
[812, 120]
[813, 228]
[814, 121]
[815, 121]
[816, 230]
[817, 120]
[818, 122]
[819, 229]
[820, 125]
[821, 121]
[822, 229]
[823, 120]
[824, 120]
[825, 231]
[826, 121]
[827, 120]
[828, 230]
[829, 121]
[830, 120]
[831, 228]
[832, 120]
[833, 120]
[834, 230]
[835, 121]
[836, 122]
[837, 228]
[838, 122]
[839, 121]
[840, 233]
[841, 121]
[842, 121]
[843, 228]
[844, 120]
[845, 123]
[846, 228]
[847, 120]
[848, 122]
[849, 229]
[850, 120]
[851, 120]
[852, 228]
[853, 120]
[854, 122]
[855, 229]
[856, 121]
[857, 120]
[858, 230]
[859, 120]
[860, 125]
[861, 229]
[862, 121]
[863, 120]
[864, 228]
[865, 124]
[866, 121]
[867, 228]
[868, 122]
[869, 121]
[870, 228]
[871, 120]
[872, 120]
[873, 229]
[874, 122]
[875, 121]
[876, 229]
[877, 120]
[878, 122]
[879, 228]
[880, 125]
[881, 121]
[882, 229]
[883, 120]
[884, 120]
[885, 232]
[886, 121]
[887, 120]
[888, 230]
[889, 121]
[890, 120]
[891, 228]
[892, 120]
[893, 121]
[894, 230]
[895, 121]
[896, 121]
[897, 228]
[898, 122]
[899, 120]
[900, 233]
[901, 121]
[902, 121]
[903, 228]
[904, 120]
[905, 124]
[906, 229]
[907, 120]
[908, 122]
[909, 229]
[910, 120]
[911, 120]
[912, 228]
[913, 121]
[914, 122]
[915, 229]
[916, 120]
[917, 120]
[918, 230]
[919, 120]
[920, 125]
[921, 229]
[922, 121]
[923, 121]
[924, 228]
[925, 124]
[926, 121]
[927, 228]
[928, 122]
[929, 121]
[930, 228]
[931, 120]
[932, 120]
[933, 229]
[934, 122]
[935, 121]
[936, 228]
[937, 120]
[938, 122]
[939, 228]
[940, 125]
[941, 121]
[942, 229]
[943, 121]
[944, 120]
[945, 232]
[946, 121]
[947, 120]
[948, 230]
[949, 121]
[950, 120]
[951, 228]
[952, 120]
[953, 121]
[954, 230]
[955, 121]
[956, 120]
[957, 228]
[958, 121]
[959, 120]
