SimulationV08.py[0, 277]
[1, 135]
[2, 135]
[3, 252]
[4, 135]
[5, 135]
[6, 252]
[7, 135]
[8, 135]
[9, 252]
[10, 135]
[11, 135]
[12, 90]
[20, 13]
[21, 9]
[22, 3]
[23, 162]
[24, 135]
[25, 225]
[26, 162]
[27, 135]
[28, 225]
[29, 162]
[30, 135]
[31, 225]
[32, 162]
[33, 135]
[34, 225]
[35, 162]
[36, 135]
[37, 225]
[38, 102]
[40, 25]
[41, 6]
[42, 4]
[43, 212]
[44, 138]
[45, 180]
[46, 207]
[47, 135]
[48, 180]
[49, 207]
[50, 135]
[51, 180]
[52, 207]
[53, 135]
[54, 180]
[55, 207]
[56, 135]
[57, 180]
[58, 207]
[59, 135]
[60, 187]
[61, 211]
[62, 137]
[63, 184]
[64, 210]
[65, 137]
[66, 183]
[67, 207]
[68, 135]
[69, 180]
[70, 207]
[71, 135]
[72, 180]
[73, 207]
[74, 135]
[75, 180]
[76, 207]
[77, 135]
[78, 180]
[79, 207]
[80, 140]
[81, 182]
[82, 211]
[83, 137]
[84, 184]
[85, 210]
[86, 137]
[87, 183]
[88, 207]
[89, 135]
[90, 180]
[91, 207]
[92, 135]
[93, 180]
[94, 207]
[95, 135]
[96, 180]
[97, 207]
[98, 135]
[99, 180]
[100, 212]
[101, 137]
[102, 184]
[103, 209]
[104, 139]
[105, 183]
[106, 209]
[107, 138]
[108, 180]
[109, 207]
[110, 135]
[111, 180]
[112, 207]
[113, 135]
[114, 180]
[115, 207]
[116, 135]
[117, 180]
[118, 207]
[119, 135]
[120, 185]
[121, 209]
[122, 139]
[123, 182]
[124, 211]
[125, 138]
[126, 182]
[127, 210]
[128, 135]
[129, 180]
[130, 207]
[131, 135]
[132, 180]
[133, 207]
[134, 135]
[135, 180]
[136, 207]
[137, 135]
[138, 180]
[139, 207]
[140, 35]
[141, 182]
[142, 91]
[143, 77]
[144, 123]
[145, 208]
[146, 138]
[147, 182]
[148, 210]
[149, 135]
[150, 180]
[151, 207]
[152, 135]
[153, 180]
[154, 207]
[155, 135]
[156, 180]
[157, 207]
[158, 135]
[159, 180]
[160, 212]
[161, 137]
[162, 184]
[163, 207]
[164, 137]
[165, 183]
[166, 208]
[167, 138]
[168, 182]
[169, 210]
[170, 135]
[171, 180]
[172, 207]
[173, 135]
[174, 180]
[175, 207]
[176, 135]
[177, 180]
[178, 207]
[179, 135]
[180, 185]
[181, 207]
[182, 137]
[183, 184]
[184, 207]
[185, 137]
[186, 183]
[187, 208]
[188, 138]
[189, 182]
[190, 210]
[191, 135]
[192, 180]
[193, 207]
[194, 135]
[195, 180]
[196, 207]
[197, 135]
[198, 180]
[199, 207]
[200, 140]
[201, 180]
[202, 209]
[203, 139]
[204, 180]
[205, 209]
[206, 138]
[207, 181]
[208, 210]
[209, 137]
[210, 183]
[211, 207]
[212, 135]
[213, 180]
[214, 207]
[215, 135]
[216, 180]
[217, 207]
[218, 135]
[219, 180]
[220, 212]
[221, 135]
[222, 182]
[223, 211]
[224, 135]
[225, 182]
[226, 210]
[227, 136]
[228, 183]
[229, 209]
[230, 138]
[231, 180]
[232, 207]
[233, 135]
[234, 180]
[235, 207]
[236, 135]
[237, 180]
[238, 207]
[239, 135]
[240, 185]
[241, 207]
[242, 137]
[243, 184]
[244, 207]
[245, 137]
[246, 183]
[247, 208]
[248, 138]
[249, 182]
[250, 210]
[251, 135]
[252, 180]
[253, 207]
[254, 135]
[255, 180]
[256, 207]
[257, 135]
[258, 180]
[259, 207]
[260, 140]
[261, 180]
[262, 209]
[263, 138]
[264, 181]
[265, 207]
[266, 137]
[267, 183]
[268, 208]
[269, 138]
[270, 182]
[271, 210]
[272, 135]
[273, 180]
[274, 207]
[275, 135]
[276, 180]
[277, 207]
[278, 135]
[279, 180]
[280, 212]
[281, 135]
[282, 180]
[283, 209]
[284, 138]
[285, 181]
[286, 207]
[287, 137]
[288, 183]
[289, 208]
[290, 138]
[291, 182]
[292, 210]
[293, 135]
[294, 180]
[295, 207]
[296, 135]
[297, 180]
[298, 207]
[299, 135]
[300, 185]
[301, 207]
[302, 135]
[303, 182]
[304, 210]
[305, 136]
[306, 180]
[307, 209]
[308, 138]
[309, 181]
[310, 210]
[311, 137]
[312, 183]
[313, 207]
[314, 135]
[315, 180]
[316, 207]
[317, 135]
[318, 180]
[319, 207]
[320, 140]
[321, 180]
[322, 207]
[323, 137]
[324, 183]
[325, 208]
[326, 135]
[327, 182]
[328, 210]
[329, 136]
[330, 183]
[331, 209]
[332, 138]
[333, 180]
[334, 207]
[335, 135]
[336, 180]
[337, 207]
[338, 135]
[339, 180]
[340, 212]
[341, 135]
[342, 180]
[343, 209]
[344, 138]
[345, 181]
[346, 207]
[347, 137]
[348, 183]
[349, 208]
[350, 138]
[351, 182]
[352, 210]
[353, 135]
[354, 180]
[355, 207]
[356, 135]
[357, 180]
[358, 207]
[359, 135]
[360, 185]
[361, 207]
[362, 135]
[363, 182]
[364, 210]
[365, 136]
[366, 180]
[367, 209]
[368, 138]
[369, 181]
[370, 210]
[371, 137]
[372, 153]
[373, 207]
[374, 135]
[375, 150]
[376, 207]
[377, 135]
[378, 180]
[379, 207]
[380, 139]
[381, 181]
[382, 207]
[383, 135]
[384, 167]
[385, 210]
[386, 136]
[387, 150]
[388, 209]
[389, 138]
[390, 151]
[391, 210]
[392, 137]
[393, 183]
[394, 207]
[395, 135]
[396, 180]
[397, 207]
[398, 135]
[399, 165]
[400, 211]
[401, 136]
[402, 150]
[403, 207]
[404, 137]
[405, 153]
[406, 208]
[407, 135]
[408, 182]
[409, 210]
[410, 136]
[411, 183]
[412, 209]
[413, 138]
[414, 165]
[415, 207]
[416, 135]
[417, 150]
[418, 207]
[419, 135]
[420, 154]
[421, 208]
[422, 135]
[423, 180]
[424, 209]
[425, 138]
[426, 181]
[427, 207]
[428, 137]
[429, 168]
[430, 208]
[431, 138]
[432, 152]
[433, 207]
[434, 135]
[435, 153]
[436, 207]
[437, 135]
[438, 180]
[439, 207]
[440, 135]
[441, 184]
[442, 208]
[443, 135]
[444, 165]
[445, 209]
[446, 138]
[447, 151]
[448, 207]
[449, 137]
[450, 153]
[451, 207]
[452, 136]
[453, 183]
[454, 209]
[455, 135]
[456, 183]
[457, 207]
[458, 135]
[459, 165]
[460, 207]
[461, 135]
[462, 150]
[463, 211]
[464, 136]
[465, 150]
[466, 207]
[467, 137]
[468, 183]
[469, 208]
[470, 135]
[471, 182]
[472, 210]
[473, 135]
[474, 166]
[475, 210]
[476, 137]
[477, 150]
[478, 210]
[479, 135]
