SimulationV04.py[0, 250]
[1, 120]
[2, 120]
[3, 228]
[4, 120]
[5, 120]
[6, 228]
[7, 120]
[8, 120]
[9, 228]
[10, 120]
[11, 120]
[12, 228]
[13, 120]
[14, 120]
[15, 228]
[16, 120]
[17, 120]
[18, 228]
[19, 120]
[20, 141]
[21, 228]
[22, 120]
[23, 120]
[24, 228]
[25, 120]
[26, 120]
[27, 228]
[28, 120]
[29, 120]
[30, 229]
[31, 120]
[32, 120]
[33, 228]
[34, 120]
[35, 120]
[36, 228]
[37, 120]
[38, 120]
[39, 228]
[40, 140]
[41, 120]
[42, 228]
[43, 120]
[44, 120]
[45, 229]
[46, 120]
[47, 120]
[48, 228]
[49, 120]
[50, 121]
[51, 228]
[52, 120]
[53, 120]
[54, 228]
[55, 120]
[56, 120]
[57, 228]
[58, 120]
[59, 120]
[60, 248]
[61, 120]
[62, 120]
[63, 228]
[64, 120]
[65, 120]
[66, 228]
[67, 120]
[68, 121]
[69, 228]
[70, 121]
[71, 120]
[72, 228]
[73, 120]
[74, 120]
[75, 228]
[76, 120]
[77, 120]
[78, 228]
[79, 120]
[80, 140]
[81, 228]
[82, 120]
[83, 120]
[84, 228]
[85, 120]
[86, 120]
[87, 228]
[88, 121]
[89, 120]
[90, 229]
[91, 120]
[92, 120]
[93, 228]
[94, 120]
[95, 120]
[96, 228]
[97, 120]
[98, 120]
[99, 228]
[100, 140]
[101, 120]
[102, 228]
[103, 120]
[104, 120]
[105, 228]
[106, 120]
[107, 120]
[108, 229]
[109, 120]
[110, 121]
[111, 228]
[112, 120]
[113, 120]
[114, 228]
[115, 120]
[116, 120]
[117, 228]
[118, 120]
[119, 120]
[120, 248]
[121, 120]
[122, 120]
[123, 228]
[124, 120]
[125, 120]
[126, 228]
[127, 120]
[128, 121]
[129, 228]
[130, 121]
[131, 120]
[132, 228]
[133, 120]
[134, 120]
[135, 228]
[136, 120]
[137, 120]
[138, 228]
[139, 120]
[140, 139]
[141, 228]
[142, 120]
[143, 120]
[144, 228]
[145, 120]
[146, 120]
[147, 228]
[148, 121]
[149, 120]
[150, 229]
[151, 120]
[152, 120]
[153, 228]
[154, 120]
[155, 120]
[156, 228]
[157, 121]
[158, 120]
[159, 228]
[160, 137]
[161, 120]
[162, 228]
[163, 120]
[164, 120]
[165, 228]
[166, 121]
[167, 120]
[168, 229]
[169, 120]
[170, 121]
[171, 228]
[172, 120]
[173, 120]
[174, 229]
[175, 120]
[176, 120]
[177, 229]
[178, 120]
[179, 120]
[180, 243]
[181, 120]
[182, 121]
[183, 228]
[184, 120]
[185, 121]
[186, 229]
[187, 120]
[188, 121]
[189, 228]
[190, 121]
[191, 120]
[192, 228]
[193, 120]
[194, 121]
[195, 228]
[196, 120]
[197, 121]
[198, 228]
[199, 120]
[200, 135]
[201, 228]
[202, 121]
[203, 120]
[204, 228]
[205, 121]
[206, 120]
[207, 228]
[208, 121]
[209, 120]
[210, 230]
[211, 120]
[212, 120]
[213, 228]
[214, 121]
[215, 120]
[216, 228]
[217, 121]
[218, 120]
[219, 228]
[220, 134]
[221, 120]
[222, 229]
[223, 120]
[224, 120]
[225, 229]
[226, 121]
[227, 120]
[228, 229]
[229, 120]
[230, 122]
[231, 228]
[232, 120]
[233, 120]
[234, 229]
[235, 120]
[236, 120]
[237, 229]
[238, 120]
[239, 120]
[240, 242]
[241, 120]
[242, 121]
[243, 228]
[244, 120]
[245, 121]
[246, 229]
[247, 120]
[248, 121]
[249, 228]
[250, 122]
[251, 120]
[252, 228]
[253, 120]
[254, 121]
[255, 228]
[256, 120]
[257, 121]
[258, 228]
[259, 120]
[260, 132]
[261, 229]
[262, 121]
[263, 120]
[264, 228]
[265, 121]
[266, 121]
[267, 228]
[268, 121]
[269, 120]
[270, 230]
[271, 120]
[272, 120]
[273, 228]
[274, 121]
[275, 120]
[276, 228]
[277, 121]
[278, 120]
[279, 228]
[280, 130]
[281, 121]
[282, 231]
[283, 120]
[284, 120]
[285, 229]
[286, 121]
[287, 120]
[288, 229]
[289, 120]
[290, 122]
[291, 228]
[292, 120]
[293, 120]
[294, 229]
[295, 120]
[296, 120]
[297, 228]
[298, 120]
[299, 120]
[300, 238]
[301, 122]
[302, 123]
[303, 228]
[304, 120]
[305, 122]
[306, 229]
[307, 120]
[308, 121]
[309, 228]
[310, 122]
[311, 120]
[312, 228]
[313, 120]
[314, 121]
[315, 228]
[316, 120]
[317, 120]
[318, 228]
[319, 120]
[320, 130]
[321, 230]
[322, 123]
[323, 120]
[324, 228]
[325, 122]
[326, 121]
[327, 228]
[328, 121]
[329, 120]
[330, 230]
[331, 120]
[332, 120]
[333, 228]
[334, 121]
[335, 120]
[336, 228]
[337, 120]
[338, 120]
[339, 228]
[340, 128]
[341, 122]
[342, 231]
[343, 120]
[344, 120]
[345, 229]
[346, 122]
[347, 120]
[348, 230]
[349, 120]
[350, 122]
[351, 228]
[352, 120]
[353, 120]
[354, 229]
[355, 121]
[356, 120]
[357, 228]
[358, 120]
[359, 120]
[360, 235]
[361, 122]
[362, 123]
[363, 228]
[364, 121]
[365, 121]
[366, 230]
[367, 120]
[368, 122]
[369, 228]
[370, 122]
[371, 120]
[372, 228]
[373, 120]
[374, 121]
[375, 229]
[376, 120]
[377, 120]
[378, 228]
[379, 120]
[380, 127]
[381, 230]
[382, 123]
[383, 120]
[384, 229]
[385, 121]
[386, 122]
[387, 228]
[388, 121]
[389, 120]
[390, 230]
[391, 120]
[392, 120]
[393, 228]
[394, 122]
[395, 121]
[396, 228]
[397, 120]
[398, 120]
[399, 228]
[400, 126]
[401, 122]
[402, 231]
[403, 120]
[404, 121]
[405, 229]
[406, 122]
[407, 121]
[408, 229]
[409, 120]
[410, 122]
[411, 228]
[412, 120]
[413, 120]
[414, 230]
[415, 121]
[416, 120]
[417, 228]
[418, 120]
[419, 120]
[420, 233]
[421, 123]
[422, 123]
[423, 228]
[424, 121]
[425, 121]
[426, 230]
[427, 121]
[428, 121]
[429, 228]
[430, 122]
[431, 120]
[432, 228]
[433, 120]
[434, 122]
[435, 229]
[436, 120]
[437, 120]
[438, 228]
[439, 120]
[440, 125]
[441, 231]
[442, 123]
[443, 120]
[444, 229]
[445, 121]
[446, 121]
[447, 229]
[448, 121]
[449, 120]
[450, 229]
[451, 120]
[452, 120]
[453, 228]
[454, 122]
[455, 121]
[456, 228]
[457, 120]
[458, 121]
[459, 228]
[460, 125]
[461, 123]
[462, 231]
[463, 120]
[464, 121]
[465, 228]
[466, 123]
[467, 121]
[468, 229]
[469, 120]
[470, 121]
[471, 228]
[472, 120]
[473, 120]
[474, 230]
[475, 121]
[476, 120]
[477, 228]
[478, 120]
[479, 120]
[480, 233]
[481, 123]
[482, 123]
[483, 228]
[484, 121]
[485, 120]
[486, 231]
[487, 121]
[488, 121]
[489, 228]
[490, 121]
[491, 120]
[492, 228]
[493, 121]
[494, 122]
[495, 229]
[496, 120]
[497, 120]
[498, 228]
[499, 120]
[500, 125]
[501, 231]
[502, 123]
[503, 120]
[504, 229]
[505, 120]
[506, 122]
[507, 229]
[508, 121]
[509, 120]
[510, 229]
[511, 120]
[512, 120]
[513, 229]
[514, 122]
[515, 121]
[516, 229]
[517, 120]
[518, 120]
[519, 228]
[520, 124]
[521, 123]
[522, 231]
[523, 120]
[524, 121]
[525, 228]
[526, 122]
[527, 121]
[528, 229]
[529, 120]
[530, 121]
[531, 228]
[532, 120]
[533, 122]
[534, 230]
[535, 121]
[536, 121]
[537, 228]
[538, 120]
[539, 120]
[540, 232]
[541, 123]
[542, 123]
[543, 228]
[544, 121]
[545, 120]
[546, 230]
[547, 121]
[548, 121]
[549, 228]
[550, 121]
[551, 120]
[552, 228]
[553, 121]
[554, 122]
[555, 229]
[556, 121]
[557, 120]
[558, 228]
[559, 120]
[560, 124]
[561, 231]
[562, 122]
[563, 120]
[564, 229]
[565, 121]
[566, 122]
[567, 229]
[568, 121]
[569, 120]
[570, 229]
[571, 120]
[572, 120]
[573, 230]
[574, 122]
[575, 121]
[576, 229]
[577, 120]
[578, 120]
[579, 228]
[580, 123]
[581, 123]
[582, 231]
[583, 120]
[584, 121]
[585, 229]
[586, 122]
[587, 121]
[588, 229]
[589, 120]
[590, 121]
[591, 228]
[592, 120]
[593, 122]
[594, 230]
[595, 121]
[596, 121]
[597, 228]
[598, 120]
[599, 120]
[600, 231]
[601, 123]
[602, 123]
[603, 228]
[604, 121]
[605, 121]
[606, 230]
[607, 121]
[608, 121]
[609, 228]
[610, 121]
[611, 120]
[612, 228]
[613, 122]
[614, 122]
[615, 229]
[616, 121]
[617, 120]
[618, 228]
[619, 120]
[620, 123]
[621, 231]
[622, 123]
[623, 120]
[624, 229]
[625, 121]
[626, 122]
[627, 229]
[628, 121]
[629, 120]
[630, 229]
[631, 120]
[632, 120]
[633, 230]
[634, 122]
[635, 121]
[636, 229]
[637, 120]
[638, 120]
[639, 228]
[640, 123]
[641, 123]
[642, 231]
[643, 120]
[644, 121]
[645, 229]
[646, 122]
[647, 121]
[648, 229]
[649, 120]
[650, 121]
[651, 228]
[652, 120]
[653, 121]
[654, 230]
[655, 121]
[656, 121]
[657, 228]
[658, 120]
[659, 120]
[660, 231]
[661, 124]
[662, 122]
[663, 228]
[664, 121]
[665, 121]
[666, 230]
[667, 121]
[668, 121]
[669, 228]
[670, 121]
[671, 120]
[672, 228]
[673, 121]
[674, 122]
[675, 229]
[676, 121]
[677, 120]
[678, 228]
[679, 120]
[680, 123]
[681, 232]
[682, 122]
[683, 120]
[684, 229]
[685, 121]
[686, 122]
[687, 229]
[688, 121]
[689, 120]
[690, 229]
[691, 120]
[692, 120]
[693, 229]
[694, 122]
[695, 121]
[696, 229]
[697, 120]
[698, 121]
[699, 228]
[700, 122]
[701, 124]
[702, 230]
[703, 120]
[704, 121]
[705, 229]
[706, 122]
[707, 121]
[708, 229]
[709, 120]
[710, 121]
[711, 228]
[712, 120]
[713, 121]
[714, 230]
[715, 122]
[716, 121]
[717, 228]
[718, 121]
[719, 120]
[720, 230]
[721, 123]
[722, 122]
[723, 229]
[724, 121]
[725, 121]
[726, 230]
[727, 121]
[728, 121]
[729, 228]
[730, 121]
[731, 120]
[732, 228]
[733, 121]
[734, 122]
[735, 230]
[736, 121]
[737, 120]
[738, 229]
[739, 120]
[740, 121]
[741, 231]
[742, 122]
[743, 122]
[744, 229]
[745, 121]
[746, 122]
[747, 229]
[748, 121]
[749, 120]
[750, 229]
[751, 120]
[752, 120]
[753, 229]
[754, 122]
[755, 122]
[756, 228]
[757, 120]
[758, 121]
[759, 228]
[760, 122]
[761, 123]
[762, 230]
[763, 122]
[764, 121]
[765, 229]
[766, 121]
[767, 121]
[768, 229]
[769, 120]
[770, 122]
[771, 228]
[772, 120]
[773, 121]
[774, 230]
[775, 122]
[776, 120]
[777, 228]
[778, 121]
[779, 120]
[780, 230]
[781, 123]
[782, 122]
[783, 230]
[784, 121]
[785, 120]
[786, 229]
[787, 121]
[788, 121]
[789, 228]
[790, 122]
[791, 121]
[792, 228]
[793, 121]
[794, 122]
[795, 230]
[796, 120]
[797, 120]
[798, 229]
[799, 120]
[800, 122]
[801, 231]
[802, 122]
[803, 122]
[804, 228]
[805, 120]
[806, 121]
[807, 229]
[808, 121]
[809, 120]
[810, 229]
[811, 121]
[812, 120]
[813, 229]
[814, 123]
[815, 123]
[816, 228]
[817, 120]
[818, 121]
[819, 228]
[820, 122]
[821, 121]
[822, 231]
[823, 122]
[824, 120]
[825, 228]
[826, 121]
[827, 121]
[828, 229]
[829, 120]
[830, 121]
[831, 229]
[832, 120]
[833, 121]
[834, 231]
[835, 123]
[836, 120]
[837, 228]
[838, 121]
[839, 120]
[840, 230]
[841, 122]
[842, 122]
[843, 230]
[844, 120]
[845, 120]
[846, 229]
[847, 121]
[848, 121]
[849, 228]
[850, 121]
[851, 121]
[852, 228]
[853, 121]
[854, 123]
[855, 231]
[856, 120]
[857, 120]
[858, 229]
[859, 120]
[860, 122]
[861, 229]
[862, 122]
[863, 122]
[864, 229]
[865, 121]
[866, 121]
[867, 229]
[868, 121]
[869, 120]
[870, 229]
[871, 121]
[872, 120]
[873, 229]
[874, 123]
[875, 123]
[876, 228]
[877, 120]
[878, 121]
[879, 228]
[880, 121]
[881, 121]
[882, 230]
[883, 122]
[884, 121]
[885, 230]
[886, 121]
[887, 121]
[888, 229]
[889, 120]
[890, 121]
[891, 229]
[892, 120]
[893, 121]
[894, 231]
[895, 123]
[896, 120]
[897, 228]
[898, 121]
[899, 120]
[900, 229]
[901, 121]
[902, 122]
[903, 230]
[904, 121]
[905, 122]
[906, 229]
[907, 121]
[908, 121]
[909, 228]
[910, 121]
[911, 121]
[912, 228]
[913, 121]
[914, 123]
[915, 231]
[916, 120]
[917, 120]
[918, 229]
[919, 120]
[920, 121]
[921, 229]
[922, 121]
[923, 123]
[924, 229]
[925, 122]
[926, 121]
[927, 229]
[928, 121]
[929, 120]
[930, 229]
[931, 121]
[932, 120]
[933, 229]
[934, 123]
[935, 123]
[936, 228]
[937, 120]
[938, 121]
[939, 228]
[940, 120]
[941, 121]
[942, 229]
[943, 123]
[944, 121]
[945, 230]
[946, 121]
[947, 121]
[948, 229]
[949, 120]
[950, 121]
[951, 229]
[952, 120]
[953, 121]
[954, 231]
[955, 122]
[956, 120]
[957, 228]
[958, 121]
[959, 121]
