SimulationV05.py[0, 250]
[1, 120]
[2, 120]
[3, 228]
[4, 120]
[5, 120]
[6, 228]
[7, 120]
[8, 120]
[9, 228]
[10, 120]
[11, 120]
[12, 228]
[13, 120]
[14, 120]
[15, 228]
[16, 120]
[17, 120]
[18, 228]
[19, 120]
[20, 142]
[21, 228]
[22, 120]
[23, 120]
[24, 228]
[25, 120]
[26, 120]
[27, 228]
[28, 120]
[29, 120]
[30, 228]
[31, 120]
[32, 120]
[33, 228]
[34, 120]
[35, 120]
[36, 228]
[37, 120]
[38, 120]
[39, 228]
[40, 141]
[41, 121]
[42, 228]
[43, 120]
[44, 120]
[45, 228]
[46, 120]
[47, 120]
[48, 228]
[49, 120]
[50, 120]
[51, 228]
[52, 120]
[53, 120]
[54, 228]
[55, 120]
[56, 120]
[57, 228]
[58, 120]
[59, 120]
[60, 246]
[61, 121]
[62, 120]
[63, 228]
[64, 120]
[65, 121]
[66, 228]
[67, 120]
[68, 120]
[69, 228]
[70, 120]
[71, 120]
[72, 228]
[73, 120]
[74, 120]
[75, 228]
[76, 121]
[77, 120]
[78, 228]
[79, 120]
[80, 137]
[81, 229]
[82, 120]
[83, 120]
[84, 228]
[85, 121]
[86, 120]
[87, 228]
[88, 120]
[89, 120]
[90, 228]
[91, 120]
[92, 121]
[93, 228]
[94, 120]
[95, 120]
[96, 229]
[97, 120]
[98, 120]
[99, 228]
[100, 135]
[101, 121]
[102, 228]
[103, 120]
[104, 121]
[105, 229]
[106, 120]
[107, 120]
[108, 228]
[109, 120]
[110, 120]
[111, 228]
[112, 121]
[113, 121]
[114, 228]
[115, 120]
[116, 121]
[117, 228]
[118, 120]
[119, 120]
[120, 244]
[121, 121]
[122, 120]
[123, 228]
[124, 121]
[125, 121]
[126, 228]
[127, 120]
[128, 120]
[129, 228]
[130, 120]
[131, 120]
[132, 229]
[133, 121]
[134, 120]
[135, 228]
[136, 120]
[137, 120]
[138, 228]
[139, 120]
[140, 135]
[141, 229]
[142, 120]
[143, 121]
[144, 229]
[145, 121]
[146, 120]
[147, 228]
[148, 120]
[149, 120]
[150, 228]
[151, 120]
[152, 121]
[153, 228]
[154, 120]
[155, 120]
[156, 228]
[157, 120]
[158, 120]
[159, 228]
[160, 135]
[161, 121]
[162, 228]
[163, 121]
[164, 121]
[165, 229]
[166, 120]
[167, 120]
[168, 228]
[169, 121]
[170, 120]
[171, 228]
[172, 121]
[173, 120]
[174, 228]
[175, 120]
[176, 120]
[177, 228]
[178, 120]
[179, 121]
[180, 241]
[181, 121]
[182, 120]
[183, 230]
[184, 121]
[185, 121]
[186, 229]
[187, 120]
[188, 120]
[189, 229]
[190, 120]
[191, 120]
[192, 229]
[193, 120]
[194, 120]
[195, 228]
[196, 120]
[197, 120]
[198, 228]
[199, 120]
[200, 134]
[201, 229]
[202, 120]
[203, 122]
[204, 229]
[205, 121]
[206, 121]
[207, 228]
[208, 120]
[209, 121]
[210, 228]
[211, 120]
[212, 121]
[213, 228]
[214, 120]
[215, 120]
[216, 228]
[217, 120]
[218, 120]
[219, 228]
[220, 134]
[221, 121]
[222, 228]
[223, 121]
[224, 122]
[225, 229]
[226, 121]
[227, 120]
[228, 228]
[229, 121]
[230, 120]
[231, 228]
[232, 121]
[233, 120]
[234, 228]
[235, 120]
[236, 120]
[237, 228]
[238, 120]
[239, 120]
[240, 242]
[241, 121]
[242, 120]
[243, 229]
[244, 122]
[245, 121]
[246, 229]
[247, 120]
[248, 120]
[249, 229]
[250, 120]
[251, 120]
[252, 229]
[253, 120]
[254, 120]
[255, 228]
[256, 120]
[257, 120]
[258, 228]
[259, 120]
[260, 134]
[261, 229]
[262, 120]
[263, 121]
[264, 229]
[265, 121]
[266, 122]
[267, 228]
[268, 120]
[269, 121]
[270, 228]
[271, 120]
[272, 121]
[273, 228]
[274, 120]
[275, 120]
[276, 228]
[277, 120]
[278, 120]
[279, 228]
[280, 134]
[281, 121]
[282, 228]
[283, 121]
[284, 121]
[285, 229]
[286, 122]
[287, 120]
[288, 228]
[289, 121]
[290, 120]
[291, 228]
[292, 121]
[293, 120]
[294, 228]
[295, 120]
[296, 120]
[297, 228]
[298, 120]
[299, 120]
[300, 242]
[301, 121]
[302, 120]
[303, 229]
[304, 121]
[305, 121]
[306, 230]
[307, 120]
[308, 120]
[309, 229]
[310, 120]
[311, 120]
[312, 229]
[313, 120]
[314, 120]
[315, 228]
[316, 120]
[317, 120]
[318, 228]
[319, 120]
[320, 134]
[321, 229]
[322, 120]
[323, 121]
[324, 229]
[325, 121]
[326, 122]
[327, 228]
[328, 120]
[329, 121]
[330, 228]
[331, 120]
[332, 121]
[333, 228]
[334, 120]
[335, 120]
[336, 228]
[337, 120]
[338, 120]
[339, 228]
[340, 134]
[341, 121]
[342, 228]
[343, 121]
[344, 121]
[345, 229]
[346, 122]
[347, 120]
[348, 228]
[349, 121]
[350, 120]
[351, 228]
[352, 121]
[353, 120]
[354, 228]
[355, 120]
[356, 120]
[357, 228]
[358, 120]
[359, 120]
[360, 241]
[361, 121]
[362, 120]
[363, 229]
[364, 121]
[365, 121]
[366, 230]
[367, 120]
[368, 120]
[369, 229]
[370, 120]
[371, 120]
[372, 229]
[373, 120]
[374, 120]
[375, 228]
[376, 120]
[377, 120]
[378, 229]
[379, 120]
[380, 133]
[381, 229]
[382, 120]
[383, 121]
[384, 229]
[385, 121]
[386, 122]
[387, 228]
[388, 120]
[389, 121]
[390, 228]
[391, 120]
[392, 121]
[393, 228]
[394, 120]
[395, 120]
[396, 228]
[397, 120]
[398, 121]
[399, 228]
[400, 133]
[401, 121]
[402, 228]
[403, 121]
[404, 121]
[405, 229]
[406, 122]
[407, 120]
[408, 228]
[409, 121]
[410, 120]
[411, 228]
[412, 121]
[413, 120]
[414, 228]
[415, 120]
[416, 120]
[417, 228]
[418, 121]
[419, 120]
[420, 241]
[421, 121]
[422, 120]
[423, 229]
[424, 121]
[425, 121]
[426, 230]
[427, 120]
[428, 120]
[429, 229]
[430, 120]
[431, 120]
[432, 229]
[433, 120]
[434, 120]
[435, 228]
[436, 120]
[437, 120]
[438, 229]
[439, 120]
[440, 132]
[441, 229]
[442, 120]
[443, 122]
[444, 229]
[445, 121]
[446, 122]
[447, 228]
[448, 120]
[449, 121]
[450, 228]
[451, 120]
[452, 121]
[453, 228]
[454, 120]
[455, 120]
[456, 228]
[457, 120]
[458, 121]
[459, 228]
[460, 132]
[461, 121]
[462, 228]
[463, 121]
[464, 121]
[465, 229]
[466, 122]
[467, 120]
[468, 228]
[469, 121]
[470, 121]
[471, 228]
[472, 120]
[473, 120]
[474, 228]
[475, 120]
[476, 120]
[477, 228]
[478, 121]
[479, 121]
[480, 240]
[481, 121]
[482, 120]
[483, 229]
[484, 121]
[485, 121]
[486, 230]
[487, 120]
[488, 120]
[489, 229]
[490, 121]
[491, 120]
[492, 228]
[493, 120]
[494, 120]
[495, 228]
[496, 120]
[497, 120]
[498, 229]
[499, 121]
[500, 131]
[501, 230]
[502, 120]
[503, 121]
[504, 229]
[505, 121]
[506, 122]
[507, 228]
[508, 120]
[509, 121]
[510, 229]
[511, 120]
[512, 120]
[513, 228]
[514, 120]
[515, 120]
[516, 228]
[517, 120]
[518, 121]
[519, 229]
[520, 131]
[521, 122]
[522, 228]
[523, 121]
[524, 120]
[525, 230]
[526, 122]
[527, 120]
[528, 228]
[529, 121]
[530, 121]
[531, 228]
[532, 120]
[533, 120]
[534, 228]
[535, 120]
[536, 120]
[537, 228]
[538, 120]
[539, 121]
[540, 239]
[541, 122]
[542, 120]
[543, 229]
[544, 121]
[545, 122]
[546, 230]
[547, 120]
[548, 120]
[549, 229]
[550, 121]
[551, 120]
[552, 228]
[553, 120]
[554, 120]
[555, 228]
[556, 120]
[557, 120]
[558, 228]
[559, 121]
[560, 131]
[561, 230]
[562, 120]
[563, 121]
[564, 229]
[565, 121]
[566, 122]
[567, 228]
[568, 120]
[569, 121]
[570, 229]
[571, 120]
[572, 120]
[573, 228]
[574, 120]
[575, 120]
[576, 228]
[577, 121]
[578, 120]
[579, 229]
[580, 131]
[581, 122]
[582, 228]
[583, 121]
[584, 121]
[585, 229]
[586, 122]
[587, 120]
[588, 228]
[589, 121]
[590, 121]
[591, 228]
[592, 120]
[593, 120]
[594, 228]
[595, 120]
[596, 120]
[597, 229]
[598, 120]
[599, 121]
[600, 238]
[601, 122]
[602, 120]
[603, 229]
[604, 122]
[605, 121]
[606, 230]
[607, 120]
[608, 120]
[609, 229]
[610, 121]
[611, 120]
[612, 228]
[613, 120]
[614, 120]
[615, 228]
[616, 120]
[617, 121]
[618, 228]
[619, 121]
[620, 130]
[621, 230]
[622, 120]
[623, 121]
[624, 230]
[625, 121]
[626, 122]
[627, 228]
[628, 120]
[629, 121]
[630, 228]
[631, 120]
[632, 120]
[633, 228]
[634, 120]
[635, 120]
[636, 228]
[637, 121]
[638, 120]
[639, 229]
[640, 129]
[641, 122]
[642, 228]
[643, 121]
[644, 121]
[645, 229]
[646, 122]
[647, 122]
[648, 228]
[649, 121]
[650, 120]
[651, 228]
[652, 120]
[653, 120]
[654, 228]
[655, 120]
[656, 120]
[657, 229]
[658, 120]
[659, 121]
[660, 237]
[661, 122]
[662, 120]
[663, 229]
[664, 121]
[665, 121]
[666, 230]
[667, 122]
[668, 120]
[669, 230]
[670, 120]
[671, 120]
[672, 228]
[673, 120]
[674, 120]
[675, 228]
[676, 120]
[677, 121]
[678, 228]
[679, 121]
[680, 129]
[681, 230]
[682, 120]
[683, 121]
[684, 229]
[685, 121]
[686, 122]
[687, 230]
[688, 120]
[689, 122]
[690, 228]
[691, 120]
[692, 120]
[693, 228]
[694, 120]
[695, 120]
[696, 228]
[697, 121]
[698, 120]
[699, 229]
[700, 129]
[701, 122]
[702, 228]
[703, 121]
[704, 121]
[705, 229]
[706, 122]
[707, 122]
[708, 228]
[709, 122]
[710, 120]
[711, 228]
[712, 120]
[713, 120]
[714, 228]
[715, 120]
[716, 120]
[717, 229]
[718, 120]
[719, 121]
[720, 237]
[721, 122]
[722, 120]
[723, 229]
[724, 121]
[725, 121]
[726, 230]
[727, 122]
[728, 120]
[729, 230]
[730, 120]
[731, 120]
[732, 228]
[733, 120]
[734, 120]
[735, 228]
[736, 120]
[737, 121]
[738, 228]
[739, 121]
[740, 129]
[741, 230]
[742, 120]
[743, 121]
[744, 229]
[745, 121]
[746, 122]
[747, 230]
[748, 120]
[749, 121]
[750, 228]
[751, 120]
[752, 120]
[753, 228]
[754, 120]
[755, 120]
[756, 228]
[757, 121]
[758, 120]
[759, 229]
[760, 129]
[761, 122]
[762, 228]
[763, 121]
[764, 122]
[765, 229]
[766, 122]
[767, 122]
[768, 228]
[769, 121]
[770, 120]
[771, 228]
[772, 120]
[773, 120]
[774, 228]
[775, 120]
[776, 120]
[777, 229]
[778, 120]
[779, 121]
[780, 236]
[781, 122]
[782, 120]
[783, 230]
[784, 122]
[785, 121]
[786, 230]
[787, 122]
[788, 120]
[789, 229]
[790, 120]
[791, 120]
[792, 228]
[793, 120]
[794, 120]
[795, 228]
[796, 120]
[797, 121]
[798, 228]
[799, 121]
[800, 128]
[801, 230]
[802, 120]
[803, 122]
[804, 230]
[805, 121]
[806, 122]
[807, 230]
[808, 120]
[809, 121]
[810, 228]
[811, 120]
[812, 120]
[813, 228]
[814, 120]
[815, 120]
[816, 228]
[817, 121]
[818, 120]
[819, 229]
[820, 127]
[821, 122]
[822, 228]
[823, 122]
[824, 122]
[825, 229]
[826, 123]
[827, 122]
[828, 228]
[829, 121]
[830, 120]
[831, 228]
[832, 120]
[833, 120]
[834, 228]
[835, 120]
[836, 120]
[837, 229]
[838, 120]
[839, 121]
[840, 234]
[841, 122]
[842, 120]
[843, 230]
[844, 122]
[845, 121]
[846, 231]
[847, 122]
[848, 120]
[849, 229]
[850, 120]
[851, 120]
[852, 228]
[853, 120]
[854, 120]
[855, 228]
[856, 120]
[857, 121]
[858, 228]
[859, 122]
[860, 125]
[861, 230]
[862, 120]
[863, 122]
[864, 230]
[865, 121]
[866, 124]
[867, 229]
[868, 120]
[869, 121]
[870, 228]
[871, 121]
[872, 120]
[873, 228]
[874, 120]
[875, 120]
[876, 228]
[877, 121]
[878, 120]
[879, 230]
[880, 125]
[881, 122]
[882, 228]
[883, 122]
[884, 122]
[885, 229]
[886, 124]
[887, 121]
[888, 228]
[889, 121]
[890, 120]
[891, 229]
[892, 120]
[893, 120]
[894, 228]
[895, 120]
[896, 120]
[897, 229]
[898, 120]
[899, 122]
[900, 233]
[901, 122]
[902, 120]
[903, 230]
[904, 122]
[905, 121]
[906, 232]
[907, 121]
[908, 120]
[909, 229]
[910, 120]
[911, 121]
[912, 228]
[913, 120]
[914, 120]
[915, 228]
[916, 120]
[917, 121]
[918, 228]
[919, 122]
[920, 125]
[921, 230]
[922, 120]
[923, 122]
[924, 230]
[925, 121]
[926, 122]
[927, 229]
[928, 120]
[929, 122]
[930, 228]
[931, 121]
[932, 120]
[933, 228]
[934, 120]
[935, 120]
[936, 228]
[937, 120]
[938, 120]
[939, 230]
[940, 125]
[941, 121]
[942, 228]
[943, 122]
[944, 121]
[945, 230]
[946, 122]
[947, 121]
[948, 229]
[949, 122]
[950, 120]
[951, 230]
[952, 120]
[953, 120]
[954, 228]
[955, 121]
[956, 120]
[957, 228]
[958, 120]
[959, 122]
[960, 233]
[961, 121]
[962, 120]
[963, 230]
[964, 121]
[965, 122]
[966, 230]
[967, 121]
[968, 121]
[969, 230]
[970, 120]
[971, 122]
[972, 228]
[973, 120]
[974, 120]
[975, 229]
[976, 120]
[977, 120]
[978, 228]
[979, 121]
[980, 125]
[981, 229]
[982, 120]
[983, 122]
[984, 229]
[985, 122]
[986, 122]
[987, 229]
[988, 121]
[989, 122]
[990, 228]
[991, 122]
[992, 120]
[993, 228]
[994, 120]
[995, 120]
[996, 228]
[997, 120]
[998, 120]
[999, 230]
[1000, 125]
[1001, 122]
[1002, 228]
[1003, 122]
[1004, 121]
[1005, 230]
[1006, 122]
[1007, 121]
[1008, 229]
[1009, 122]
[1010, 120]
[1011, 230]
[1012, 120]
[1013, 120]
[1014, 228]
[1015, 120]
[1016, 120]
[1017, 228]
[1018, 120]
[1019, 122]
[1020, 233]
[1021, 122]
[1022, 120]
[1023, 230]
[1024, 121]
[1025, 120]
[1026, 230]
[1027, 121]
[1028, 121]
[1029, 230]
[1030, 120]
[1031, 122]
[1032, 228]
[1033, 120]
[1034, 120]
[1035, 228]
[1036, 120]
[1037, 120]
[1038, 228]
[1039, 122]
[1040, 126]
[1041, 230]
[1042, 120]
[1043, 122]
[1044, 228]
[1045, 120]
[1046, 122]
[1047, 229]
[1048, 121]
[1049, 122]
[1050, 228]
[1051, 123]
[1052, 120]
[1053, 228]
[1054, 120]
[1055, 120]
[1056, 228]
[1057, 120]
[1058, 120]
[1059, 230]
[1060, 125]
[1061, 122]
[1062, 229]
[1063, 123]
[1064, 120]
[1065, 228]
[1066, 122]
[1067, 121]
[1068, 229]
[1069, 122]
[1070, 120]
[1071, 231]
[1072, 120]
[1073, 120]
[1074, 228]
[1075, 120]
[1076, 120]
[1077, 228]
[1078, 120]
[1079, 122]
[1080, 232]
[1081, 122]
[1082, 121]
[1083, 231]
[1084, 121]
[1085, 120]
[1086, 230]
[1087, 121]
[1088, 120]
[1089, 230]
[1090, 120]
[1091, 123]
[1092, 228]
[1093, 121]
[1094, 120]
[1095, 228]
[1096, 120]
[1097, 120]
[1098, 228]
[1099, 122]
[1100, 124]
[1101, 229]
[1102, 121]
[1103, 123]
[1104, 229]
[1105, 120]
[1106, 121]
[1107, 229]
[1108, 120]
[1109, 122]
[1110, 228]
[1111, 123]
[1112, 120]
[1113, 229]
[1114, 120]
[1115, 120]
[1116, 228]
[1117, 120]
[1118, 120]
[1119, 231]
[1120, 124]
[1121, 121]
[1122, 229]
[1123, 123]
[1124, 122]
[1125, 228]
[1126, 121]
[1127, 121]
[1128, 228]
[1129, 122]
[1130, 120]
[1131, 231]
[1132, 120]
[1133, 121]
[1134, 228]
[1135, 120]
[1136, 120]
[1137, 228]
[1138, 120]
[1139, 123]
[1140, 232]
[1141, 121]
[1142, 121]
[1143, 231]
[1144, 122]
[1145, 120]
[1146, 229]
[1147, 121]
[1148, 120]
[1149, 230]
[1150, 120]
[1151, 123]
[1152, 228]
[1153, 121]
[1154, 120]
[1155, 228]
[1156, 120]
[1157, 120]
[1158, 228]
[1159, 123]
[1160, 124]
[1161, 229]
[1162, 120]
[1163, 123]
[1164, 230]
[1165, 121]
[1166, 121]
[1167, 229]
[1168, 120]
[1169, 122]
[1170, 228]
[1171, 123]
[1172, 120]
[1173, 229]
[1174, 120]
[1175, 120]
[1176, 228]
[1177, 120]
[1178, 120]
[1179, 231]
[1180, 124]
[1181, 121]
[1182, 228]
[1183, 123]
[1184, 122]
[1185, 229]
[1186, 121]
[1187, 121]
[1188, 228]
[1189, 122]
[1190, 120]
[1191, 231]
[1192, 120]
[1193, 121]
[1194, 228]
[1195, 120]
[1196, 120]
[1197, 228]
[1198, 120]
[1199, 122]
[1200, 232]
[1201, 122]
[1202, 120]
[1203, 231]
[1204, 122]
[1205, 121]
[1206, 229]
[1207, 121]
[1208, 120]
[1209, 230]
[1210, 120]
[1211, 123]
[1212, 228]
[1213, 121]
[1214, 120]
[1215, 228]
[1216, 120]
[1217, 120]
[1218, 228]
[1219, 122]
[1220, 124]
[1221, 230]
[1222, 120]
[1223, 123]
[1224, 230]
[1225, 121]
[1226, 121]
[1227, 229]
[1228, 120]
[1229, 122]
[1230, 228]
[1231, 123]
[1232, 120]
[1233, 228]
[1234, 120]
[1235, 120]
[1236, 228]
[1237, 120]
[1238, 120]
[1239, 230]
[1240, 124]
[1241, 123]
[1242, 228]
[1243, 123]
[1244, 122]
[1245, 229]
[1246, 121]
[1247, 121]
[1248, 228]
[1249, 122]
[1250, 120]
[1251, 231]
[1252, 120]
[1253, 120]
[1254, 228]
[1255, 120]
[1256, 120]
[1257, 228]
[1258, 120]
[1259, 122]
[1260, 232]
[1261, 123]
[1262, 120]
[1263, 231]
[1264, 122]
[1265, 121]
[1266, 228]
[1267, 122]
[1268, 120]
[1269, 230]
[1270, 120]
[1271, 123]
[1272, 228]
[1273, 120]
[1274, 120]
[1275, 228]
[1276, 120]
[1277, 120]
[1278, 228]
[1279, 122]
[1280, 124]
[1281, 231]
[1282, 120]
[1283, 123]
[1284, 230]
[1285, 121]
[1286, 120]
[1287, 230]
[1288, 120]
[1289, 122]
[1290, 228]
[1291, 123]
[1292, 120]
[1293, 228]
[1294, 120]
[1295, 120]
[1296, 228]
[1297, 120]
[1298, 120]
[1299, 230]
[1300, 124]
[1301, 123]
[1302, 228]
[1303, 123]
[1304, 122]
[1305, 229]
[1306, 120]
[1307, 122]
[1308, 228]
[1309, 121]
[1310, 120]
[1311, 231]
[1312, 120]
[1313, 120]
[1314, 229]
[1315, 120]
[1316, 120]
[1317, 228]
[1318, 120]
[1319, 122]
[1320, 232]
[1321, 123]
[1322, 120]
[1323, 231]
[1324, 122]
[1325, 121]
[1326, 228]
[1327, 122]
[1328, 120]
[1329, 229]
[1330, 120]
[1331, 123]
[1332, 228]
[1333, 120]
[1334, 121]
[1335, 228]
[1336, 120]
[1337, 120]
[1338, 228]
[1339, 122]
[1340, 124]
[1341, 231]
[1342, 120]
[1343, 123]
[1344, 230]
[1345, 121]
[1346, 120]
[1347, 230]
[1348, 120]
[1349, 121]
[1350, 228]
[1351, 123]
[1352, 120]
[1353, 228]
[1354, 121]
[1355, 120]
[1356, 228]
[1357, 120]
[1358, 120]
[1359, 230]
[1360, 124]
[1361, 122]
[1362, 228]
[1363, 122]
[1364, 122]
[1365, 229]
[1366, 121]
[1367, 122]
[1368, 228]
[1369, 122]
[1370, 120]
[1371, 231]
[1372, 120]
[1373, 120]
[1374, 229]
[1375, 120]
[1376, 120]
[1377, 228]
[1378, 120]
[1379, 122]
[1380, 231]
[1381, 122]
[1382, 120]
[1383, 230]
[1384, 122]
[1385, 121]
[1386, 229]
[1387, 122]
[1388, 120]
[1389, 230]
[1390, 120]
[1391, 123]
[1392, 228]
[1393, 120]
[1394, 121]
[1395, 228]
[1396, 120]
[1397, 121]
[1398, 228]
[1399, 122]
[1400, 122]
[1401, 231]
[1402, 120]
[1403, 122]
[1404, 230]
[1405, 121]
[1406, 121]
[1407, 229]
[1408, 120]
[1409, 122]
[1410, 228]
[1411, 123]
[1412, 120]
[1413, 228]
[1414, 121]
[1415, 120]
[1416, 228]
[1417, 121]
[1418, 121]
[1419, 230]
[1420, 122]
[1421, 123]
[1422, 228]
[1423, 122]
[1424, 122]
[1425, 229]
[1426, 121]
[1427, 121]
[1428, 228]
[1429, 122]
[1430, 120]
[1431, 231]
[1432, 120]
[1433, 120]
[1434, 229]
[1435, 120]
[1436, 120]
[1437, 229]
[1438, 121]
[1439, 122]
