SimulationV02.py[0, 277]
[1, 135]
[2, 135]
[3, 252]
[4, 135]
[5, 135]
[6, 252]
[7, 135]
[8, 135]
[9, 252]
[10, 135]
[11, 135]
[12, 252]
[13, 135]
[14, 135]
[15, 252]
[16, 135]
[17, 135]
[18, 252]
[19, 135]
[20, 157]
[21, 252]
[22, 135]
[23, 136]
[24, 252]
[25, 136]
[26, 135]
[27, 252]
[28, 135]
[29, 135]
[30, 252]
[31, 135]
[32, 135]
[33, 252]
[34, 135]
[35, 135]
[36, 252]
[37, 135]
[38, 135]
[39, 252]
[40, 157]
[41, 135]
[42, 252]
[43, 136]
[44, 135]
[45, 254]
[46, 135]
[47, 135]
[48, 252]
[49, 135]
[50, 135]
[51, 252]
[52, 135]
[53, 135]
[54, 252]
[55, 135]
[56, 135]
[57, 252]
[58, 135]
[59, 135]
[60, 273]
[61, 135]
[62, 135]
[63, 253]
[64, 135]
[65, 137]
[66, 252]
[67, 136]
[68, 135]
[69, 252]
[70, 135]
[71, 135]
[72, 252]
[73, 135]
[74, 135]
[75, 252]
[76, 135]
[77, 135]
[78, 252]
[79, 135]
[80, 156]
[81, 252]
[82, 135]
[83, 136]
[84, 252]
[85, 137]
[86, 135]
[87, 253]
[88, 135]
[89, 135]
[90, 252]
[91, 135]
[92, 135]
[93, 252]
[94, 135]
[95, 135]
[96, 252]
[97, 135]
[98, 135]
[99, 252]
[100, 155]
[101, 135]
[102, 252]
[103, 136]
[104, 135]
[105, 254]
[106, 135]
[107, 137]
[108, 252]
[109, 135]
[110, 135]
[111, 252]
[112, 135]
[113, 135]
[114, 252]
[115, 135]
[116, 135]
[117, 252]
[118, 135]
[119, 135]
[120, 272]
[121, 135]
[122, 135]
[123, 253]
[124, 135]
[125, 136]
[126, 252]
[127, 137]
[128, 135]
[129, 252]
[130, 135]
[131, 135]
[132, 252]
[133, 136]
[134, 135]
[135, 252]
[136, 135]
[137, 135]
[138, 252]
[139, 135]
[140, 155]
[141, 252]
[142, 135]
[143, 136]
[144, 252]
[145, 136]
[146, 135]
[147, 254]
[148, 135]
[149, 135]
[150, 252]
[151, 135]
[152, 135]
[153, 253]
[154, 135]
[155, 135]
[156, 252]
[157, 135]
[158, 135]
[159, 252]
[160, 154]
[161, 135]
[162, 252]
[163, 136]
[164, 136]
[165, 253]
[166, 135]
[167, 137]
[168, 252]
[169, 135]
[170, 135]
[171, 252]
[172, 135]
[173, 136]
[174, 252]
[175, 135]
[176, 135]
[177, 252]
[178, 135]
[179, 135]
[180, 271]
[181, 135]
[182, 135]
[183, 253]
[184, 136]
[185, 136]
[186, 252]
[187, 136]
[188, 135]
[189, 252]
[190, 135]
[191, 135]
[192, 253]
[193, 136]
[194, 135]
[195, 252]
[196, 135]
[197, 135]
[198, 252]
[199, 135]
[200, 154]
[201, 252]
[202, 135]
[203, 136]
[204, 253]
[205, 136]
[206, 135]
[207, 253]
[208, 135]
[209, 135]
[210, 252]
[211, 135]
[212, 136]
[213, 253]
[214, 135]
[215, 135]
[216, 252]
[217, 135]
[218, 135]
[219, 252]
[220, 152]
[221, 135]
[222, 254]
[223, 136]
[224, 136]
[225, 253]
[226, 135]
[227, 136]
[228, 252]
[229, 135]
[230, 135]
[231, 252]
[232, 136]
[233, 136]
[234, 252]
[235, 135]
[236, 135]
[237, 252]
[238, 135]
[239, 135]
[240, 269]
[241, 135]
[242, 137]
[243, 253]
[244, 136]
[245, 136]
[246, 252]
[247, 136]
[248, 135]
[249, 252]
[250, 135]
[251, 135]
[252, 253]
[253, 136]
[254, 135]
[255, 252]
[256, 135]
[257, 135]
[258, 252]
[259, 135]
[260, 152]
[261, 252]
[262, 137]
[263, 136]
[264, 253]
[265, 136]
[266, 135]
[267, 253]
[268, 135]
[269, 135]
[270, 252]
[271, 135]
[272, 136]
[273, 253]
[274, 135]
[275, 135]
[276, 252]
[277, 135]
[278, 135]
[279, 252]
[280, 152]
[281, 135]
[282, 254]
[283, 136]
[284, 136]
[285, 253]
[286, 135]
[287, 136]
[288, 252]
[289, 135]
[290, 135]
[291, 252]
[292, 136]
[293, 136]
[294, 252]
[295, 135]
[296, 135]
[297, 252]
[298, 135]
[299, 135]
[300, 269]
[301, 135]
[302, 137]
[303, 253]
[304, 136]
[305, 136]
[306, 252]
[307, 136]
[308, 135]
[309, 252]
[310, 135]
[311, 135]
[312, 253]
[313, 136]
[314, 135]
[315, 252]
[316, 135]
[317, 135]
[318, 252]
[319, 135]
[320, 152]
[321, 252]
[322, 137]
[323, 135]
[324, 253]
[325, 136]
[326, 135]
[327, 253]
[328, 135]
[329, 135]
[330, 252]
[331, 135]
[332, 136]
[333, 253]
[334, 135]
[335, 135]
[336, 252]
[337, 135]
[338, 135]
[339, 252]
[340, 151]
[341, 135]
[342, 254]
[343, 136]
[344, 136]
[345, 253]
[346, 135]
[347, 136]
[348, 252]
[349, 135]
[350, 135]
[351, 252]
[352, 136]
[353, 135]
[354, 252]
[355, 135]
[356, 135]
[357, 253]
[358, 135]
[359, 135]
[360, 267]
[361, 135]
[362, 137]
[363, 253]
[364, 136]
[365, 136]
[366, 252]
[367, 136]
[368, 135]
[369, 252]
[370, 135]
[371, 136]
[372, 253]
[373, 135]
[374, 135]
[375, 252]
[376, 135]
[377, 135]
[378, 252]
[379, 136]
[380, 150]
[381, 253]
[382, 137]
[383, 136]
[384, 253]
[385, 136]
[386, 135]
[387, 253]
[388, 135]
[389, 135]
[390, 252]
[391, 136]
[392, 136]
[393, 252]
[394, 135]
[395, 135]
[396, 252]
[397, 135]
[398, 135]
[399, 253]
[400, 150]
[401, 136]
[402, 253]
[403, 136]
[404, 136]
[405, 253]
[406, 135]
[407, 136]
[408, 252]
[409, 135]
[410, 136]
[411, 253]
[412, 136]
[413, 135]
[414, 252]
[415, 135]
[416, 135]
[417, 252]
[418, 135]
[419, 136]
[420, 267]
[421, 136]
[422, 136]
[423, 253]
[424, 136]
[425, 136]
[426, 252]
[427, 136]
[428, 135]
[429, 252]
[430, 136]
[431, 136]
[432, 253]
[433, 135]
[434, 135]
[435, 252]
[436, 135]
[437, 135]
[438, 252]
[439, 136]
[440, 150]
[441, 253]
[442, 136]
[443, 136]
[444, 253]
[445, 136]
[446, 135]
[447, 253]
[448, 135]
[449, 135]
[450, 252]
[451, 136]
[452, 136]
[453, 252]
[454, 135]
[455, 135]
[456, 253]
[457, 135]
[458, 135]
[459, 253]
[460, 150]
[461, 136]
[462, 253]
[463, 136]
[464, 136]
[465, 253]
[466, 135]
[467, 136]
[468, 252]
[469, 135]
[470, 135]
[471, 253]
[472, 136]
[473, 135]
[474, 252]
[475, 135]
[476, 136]
[477, 252]
[478, 135]
[479, 136]
