SimulationV05.py[89339629.21, [11376, 11432, 11442, 11443, 11446, 11448, 11448, 11448, 11448, 11448, 11448, 11462, 11463, 11464, 11467, 11468, 11472, 11472, 11472], [12, 8, 8, 22, 1, 10, 136, 9999, 9999, 9999, 9999, 9999, 9999], [10804044.0, 2597259.0, 701223.05, 9210518.21, 66026584.95]]
[90845660.88, [11391, 11428, 11432, 11439, 11448, 11448, 11448, 11448, 11448, 11448, 11448, 11448, 11464, 11465, 11468, 11470, 11472, 11472, 11472], [12, 8, 8, 22, 1, 10, 136, 9999, 9999, 9999, 9999, 9999, 9999], [10804044.0, 2597259.0, 701222.72, 9210107.05, 67533028.1]]
[91087393.97, [11376, 11436, 11444, 11448, 11448, 11448, 11448, 11448, 11453, 11457, 11461, 11463, 11464, 11469, 11472, 11472, 11472, 11472, 11472], [12, 8, 8, 22, 1, 10, 136, 9999, 9999, 9999, 9999, 9999, 9999], [10804044.0, 2597259.0, 701206.88, 9212883.74, 67772000.35]]
[91308084.68, [11376, 11436, 11436, 11448, 11448, 11448, 11448, 11448, 11448, 11448, 11460, 11463, 11471, 11471, 11472, 11472, 11472, 11472, 11472], [12, 8, 8, 22, 1, 10, 136, 9999, 9999, 9999, 9999, 9999, 9999], [10804044.0, 2597259.0, 701175.9, 9212317.99, 67993287.79]]
[91325952.74, [11402, 11421, 11436, 11436, 11448, 11448, 11448, 11450, 11463, 11463, 11466, 11468, 11470, 11470, 11472, 11472, 11472, 11472, 11472], [12, 8, 8, 22, 1, 10, 136, 9999, 9999, 9999, 9999, 9999, 9999], [10804044.0, 2597259.0, 701425.85, 9213963.96, 68009259.93]]
[91798243.94, [11376, 11406, 11406, 11421, 11421, 11442, 11448, 11449, 11450, 11460, 11466, 11467, 11470, 11470, 11472, 11472, 11472, 11472, 11472], [12, 8, 8, 22, 1, 10, 136, 9999, 9999, 9999, 9999, 9999, 9999], [10804044.0, 2597259.0, 701269.61, 9208262.48, 68487408.85]]
[91927363.59, [11421, 11425, 11431, 11436, 11445, 11448, 11448, 11448, 11448, 11448, 11454, 11463, 11463, 11464, 11464, 11470, 11472, 11472, 11472], [12, 8, 8, 22, 1, 10, 136, 9999, 9999, 9999, 9999, 9999, 9999], [10804044.0, 2597259.0, 701186.56, 9211576.42, 68613297.6]]
[92086762.9, [11364, 11421, 11432, 11436, 11448, 11448, 11448, 11448, 11448, 11448, 11450, 11458, 11460, 11460, 11463, 11465, 11470, 11472, 11472], [12, 8, 8, 22, 1, 10, 136, 9999, 9999, 9999, 9999, 9999, 9999], [10804044.0, 2597259.0, 701066.73, 9208213.24, 68776179.93]]
[92659762.66, [11404, 11421, 11444, 11448, 11448, 11448, 11448, 11448, 11448, 11463, 11463, 11466, 11468, 11472, 11472, 11472, 11472, 11472, 11472], [12, 8, 8, 22, 1, 10, 136, 9999, 9999, 9999, 9999, 9999, 9999], [10804044.0, 2597259.0, 701205.19, 9213956.83, 69343297.63]]
[92772378.98, [11376, 11376, 11436, 11436, 11441, 11448, 11448, 11448, 11450, 11463, 11464, 11466, 11468, 11469, 11472, 11472, 11472, 11472, 11472], [12, 8, 8, 22, 1, 10, 136, 9999, 9999, 9999, 9999, 9999, 9999], [10804044.0, 2597259.0, 701156.86, 9209807.18, 69460111.94]]
[94246216.62, [11376, 11391, 11391, 11406, 11421, 11428, 11440, 11442, 11444, 11448, 11448, 11448, 11458, 11463, 11464, 11472, 11472, 11472, 11472], [12, 8, 8, 22, 1, 10, 136, 9999, 9999, 9999, 9999, 9999, 9999], [10804044.0, 2597259.0, 700901.77, 9201772.18, 70942239.67]]
[168941383.45, [11435, 11454, 11457, 11460, 11460, 11463, 11464, 11466, 11467, 11467, 11470, 11472, 11472, 11472, 11472, 11472, 11472, 11472, 11472], [12, 8, 8, 23, 1, 10, 136, 9999, 9999, 9999, 9999, 9999, 9999], [10804044.0, 2621579.0, 709533.45, 9221913.77, 145584313.22]]
[240099907.47, [10887, 10932, 10932, 10944, 10944, 10944, 10944, 10944, 10944, 10944, 10944, 10944, 10944, 10944, 10959, 10974, 10989, 11016, 11016], [12, 8, 8, 21, 1, 10, 136, 9999, 9999, 9999, 9999, 9999, 9999], [10804044.0, 2572939.0, 692687.7, 8816659.28, 217213577.49]]
[241640286.73, [10872, 10887, 10917, 10917, 10932, 10944, 10944, 10944, 10944, 10944, 10944, 10944, 10944, 10959, 10989, 10989, 11016, 11016, 11016], [12, 8, 8, 21, 1, 10, 136, 9999, 9999, 9999, 9999, 9999, 9999], [10804044.0, 2572939.0, 692643.16, 8815542.3, 218755118.27]]
[438463955.84, [11436, 11446, 11454, 11454, 11458, 11466, 11467, 11468, 11468, 11468, 11468, 11470, 11472, 11472, 11472, 11472, 11472, 11472, 11472], [12, 8, 8, 25, 1, 10, 136, 9999, 9999, 9999, 9999, 9999, 9999], [10804044.0, 2670219.0, 726969.98, 9221525.09, 415041197.77]]
[549998523.37, [9807, 9852, 9864, 9864, 9864, 9864, 9864, 9864, 9864, 9864, 9864, 9879, 9894, 9894, 9936, 9936, 9936, 9936, 9936], [12, 8, 8, 19, 1, 10, 136, 9999, 9999, 9999, 9999, 9999, 9999], [10804044.0, 2524299.0, 675225.97, 7972743.27, 528022211.12]]
[707334132.17, [11421, 11457, 11464, 11465, 11466, 11466, 11468, 11470, 11472, 11472, 11472, 11472, 11472, 11472, 11472, 11472, 11472, 11472, 11472], [12, 8, 8, 27, 1, 10, 136, 9999, 9999, 9999, 9999, 9999, 9999], [10804044.0, 2718859.0, 743983.36, 9223367.36, 683843878.45]]
[850311075.56, [8727, 8814, 8829, 8856, 8856, 8856, 8856, 8856, 8856, 8856, 8856, 8856, 8871, 8871, 8886, 8916, 8916, 8916, 8928], [12, 8, 8, 17, 1, 10, 136, 9999, 9999, 9999, 9999, 9999, 9999], [10804044.0, 2475659.0, 658376.47, 7166360.64, 829206635.45]]
[1163518281.55, [7734, 7776, 7776, 7776, 7776, 7776, 7776, 7776, 7776, 7776, 7791, 7791, 7806, 7806, 7821, 7848, 7848, 7848, 7848], [12, 8, 8, 15, 1, 10, 136, 9999, 9999, 9999, 9999, 9999, 9999], [10804044.0, 2427019.0, 641115.69, 6324747.9, 1143321354.96]]
[1261655957.27, [11438, 11441, 11452, 11452, 11454, 11454, 11461, 11462, 11470, 11472, 11472, 11472, 11472, 11472, 11472, 11472, 11472, 11472, 11472], [12, 8, 8, 31, 1, 10, 136, 9999, 9999, 9999, 9999, 9999, 9999], [10804044.0, 2816139.0, 778270.15, 9220862.96, 1238036641.16]]
