SimulationV010.py[0, [0, 16, 16, 0, 0, 0]]
[1, [0, 32, 32, 0, 0, 0]]
[2, [48, 48, 48, 0, 0, 0]]
[3, [48, 64, 64, 0, 0, 0]]
[4, [48, 80, 80, 0, 0, 0]]
[5, [96, 96, 96, 0, 0, 0]]
[6, [96, 112, 112, 0, 0, 0]]
[7, [96, 128, 128, 0, 0, 0]]
[8, [144, 144, 144, 0, 0, 0]]
[9, [144, 160, 160, 0, 0, 0]]
[10, [144, 176, 176, 0, 0, 0]]
[11, [192, 192, 192, 0, 0, 0]]
[12, [192, 208, 208, 0, 0, 0]]
[13, [192, 224, 224, 0, 0, 0]]
[14, [240, 240, 240, 0, 0, 0]]
[15, [240, 256, 256, 0, 0, 0]]
[16, [240, 272, 272, 0, 0, 0]]
[17, [288, 288, 288, 0, 0, 0]]
[18, [288, 304, 304, 0, 0, 0]]
[19, [288, 320, 320, 300, 0, 0]]
[20, [336, 336, 336, 27, 288, 0]]
[21, [266, 282, 282, 42, 210, 8]]
[22, [186, 218, 218, 42, 132, 6]]
[23, [154, 154, 154, 42, 54, 4]]
[24, [104, 120, 120, 42, 0, 8]]
[25, [104, 136, 136, 42, 0, 8]]
[26, [152, 152, 152, 42, 0, 8]]
[27, [152, 168, 168, 42, 0, 8]]
[28, [152, 184, 184, 42, 0, 8]]
[29, [200, 200, 200, 42, 0, 8]]
[30, [200, 216, 216, 42, 0, 8]]
[31, [200, 232, 232, 42, 0, 8]]
[32, [248, 248, 248, 42, 0, 8]]
[33, [248, 264, 264, 42, 0, 8]]
[34, [248, 280, 280, 42, 0, 8]]
[35, [296, 296, 296, 42, 0, 8]]
[36, [296, 312, 312, 42, 0, 8]]
[37, [296, 328, 328, 42, 0, 8]]
[38, [344, 344, 344, 42, 0, 8]]
[39, [344, 360, 360, 342, 0, 8]]
[40, [344, 376, 376, 69, 288, 8]]
[41, [312, 312, 312, 84, 210, 6]]
[42, [232, 248, 248, 84, 132, 4]]
[43, [152, 184, 184, 84, 54, 2]]
[44, [150, 150, 150, 84, 0, 6]]
[45, [150, 166, 166, 84, 0, 6]]
[46, [150, 182, 182, 84, 0, 6]]
[47, [198, 198, 198, 84, 0, 6]]
[48, [198, 214, 214, 84, 0, 6]]
[49, [198, 230, 230, 84, 0, 6]]
[50, [246, 246, 246, 84, 0, 6]]
[51, [246, 262, 262, 84, 0, 6]]
[52, [246, 278, 278, 84, 0, 6]]
[53, [294, 294, 294, 84, 0, 6]]
[54, [294, 310, 310, 84, 0, 6]]
[55, [294, 326, 326, 84, 0, 6]]
[56, [342, 342, 342, 84, 0, 6]]
[57, [342, 358, 358, 84, 0, 6]]
[58, [342, 374, 374, 84, 0, 6]]
[59, [390, 390, 390, 384, 0, 6]]
[60, [390, 406, 406, 111, 288, 6]]
[61, [310, 342, 342, 126, 210, 4]]
[62, [278, 278, 278, 126, 132, 2]]
[63, [198, 214, 214, 126, 54, 0]]
[64, [148, 180, 180, 126, 0, 4]]
[65, [196, 196, 196, 126, 0, 4]]
[66, [196, 212, 212, 126, 0, 4]]
[67, [196, 228, 228, 126, 0, 4]]
[68, [244, 244, 244, 126, 0, 4]]
[69, [244, 260, 260, 126, 0, 4]]
[70, [244, 276, 276, 126, 0, 4]]
[71, [292, 292, 292, 126, 0, 4]]
[72, [292, 308, 308, 126, 0, 4]]
[73, [292, 324, 324, 126, 0, 4]]
[74, [340, 340, 340, 126, 0, 4]]
[75, [340, 356, 356, 126, 0, 4]]
[76, [340, 372, 372, 126, 0, 4]]
[77, [388, 388, 388, 126, 0, 4]]
[78, [388, 404, 404, 126, 0, 4]]
[79, [388, 420, 420, 396, 0, 4]]
[80, [436, 436, 436, 153, 288, 4]]
[81, [356, 372, 372, 24, 354, 2]]
[82, [276, 308, 308, 24, 276, 0]]
[83, [254, 254, 254, 24, 198, 8]]
[84, [174, 190, 190, 24, 120, 6]]
[85, [94, 126, 126, 24, 42, 4]]
[86, [102, 102, 102, 24, 0, 6]]
[87, [102, 118, 118, 24, 0, 6]]
[88, [102, 134, 134, 24, 0, 6]]
[89, [150, 150, 150, 24, 0, 6]]
[90, [150, 166, 166, 24, 0, 6]]
[91, [150, 182, 182, 24, 0, 6]]
[92, [198, 198, 198, 24, 0, 6]]
[93, [198, 214, 214, 24, 0, 6]]
[94, [198, 230, 230, 24, 0, 6]]
[95, [246, 246, 246, 24, 0, 6]]
[96, [246, 262, 262, 24, 0, 6]]
[97, [246, 278, 278, 24, 0, 6]]
[98, [294, 294, 294, 24, 0, 6]]
[99, [294, 310, 310, 264, 0, 6]]
[100, [294, 326, 326, 165, 144, 6]]
[101, [262, 262, 262, 51, 210, 4]]
[102, [182, 198, 198, 51, 132, 2]]
[103, [102, 134, 134, 51, 54, 0]]
[104, [100, 100, 100, 51, 0, 4]]
[105, [100, 116, 116, 51, 0, 4]]
[106, [100, 132, 132, 51, 0, 4]]
[107, [148, 148, 148, 51, 0, 4]]
[108, [148, 164, 164, 66, 0, 4]]
[109, [148, 180, 180, 66, 0, 4]]
[110, [196, 196, 196, 66, 0, 4]]
[111, [196, 212, 212, 66, 0, 4]]
[112, [196, 228, 228, 66, 0, 4]]
[113, [244, 244, 244, 66, 0, 4]]
[114, [244, 260, 260, 66, 0, 4]]
[115, [244, 276, 276, 66, 0, 4]]
[116, [292, 292, 292, 66, 0, 4]]
[117, [292, 308, 308, 66, 0, 4]]
[118, [292, 324, 324, 66, 0, 4]]
[119, [340, 340, 340, 306, 0, 4]]
[120, [340, 356, 356, 63, 288, 4]]
[121, [260, 292, 292, 93, 210, 2]]
[122, [228, 228, 228, 93, 132, 0]]
[123, [158, 174, 174, 93, 54, 8]]
[124, [108, 140, 140, 93, 0, 12]]
[125, [156, 156, 156, 93, 0, 12]]
[126, [156, 172, 172, 93, 0, 12]]
[127, [156, 188, 188, 93, 0, 12]]
[128, [194, 194, 194, 108, 0, 2]]
[129, [194, 210, 210, 108, 0, 2]]
[130, [194, 226, 226, 108, 0, 2]]
[131, [242, 242, 242, 108, 0, 2]]
[132, [242, 258, 258, 108, 0, 2]]
[133, [242, 274, 274, 108, 0, 2]]
[134, [290, 290, 290, 108, 0, 2]]
[135, [290, 306, 306, 108, 0, 2]]
[136, [290, 322, 322, 108, 0, 2]]
[137, [338, 338, 338, 108, 0, 2]]
[138, [338, 354, 354, 108, 0, 2]]
[139, [338, 370, 370, 348, 0, 2]]
[140, [386, 386, 386, 105, 288, 2]]
[141, [326, 342, 342, 135, 210, 20]]
[142, [306, 338, 338, 135, 132, 78]]
[143, [324, 324, 324, 135, 54, 126]]
[144, [314, 330, 330, 135, 0, 170]]
[145, [264, 296, 294, 135, 0, 120]]
[146, [272, 272, 270, 135, 0, 80]]
[147, [242, 258, 256, 135, 0, 50]]
[148, [202, 234, 232, 150, 0, 10]]
[149, [240, 240, 238, 6, 144, 0]]
[150, [170, 186, 184, 6, 66, 8]]
[151, [100, 132, 130, 6, 0, 4]]
[152, [148, 148, 146, 6, 0, 4]]
[153, [148, 164, 162, 6, 0, 4]]
[154, [148, 180, 178, 6, 0, 4]]
[155, [196, 196, 194, 6, 0, 4]]
[156, [196, 212, 210, 6, 0, 4]]
[157, [196, 228, 226, 6, 0, 4]]
[158, [244, 244, 242, 6, 0, 4]]
[159, [244, 260, 258, 246, 0, 4]]
[160, [244, 276, 274, 147, 144, 4]]
[161, [212, 212, 210, 33, 210, 2]]
[162, [132, 148, 146, 33, 132, 0]]
[163, [72, 104, 102, 33, 54, 18]]
[164, [80, 80, 78, 33, 0, 32]]
[165, [50, 66, 64, 33, 0, 2]]
[166, [50, 82, 80, 33, 0, 2]]
[167, [98, 98, 96, 33, 0, 2]]
[168, [98, 114, 112, 48, 0, 2]]
[169, [98, 130, 128, 48, 0, 2]]
[170, [146, 146, 144, 48, 0, 2]]
[171, [146, 162, 160, 48, 0, 2]]
[172, [146, 178, 176, 48, 0, 2]]
[173, [194, 194, 192, 48, 0, 2]]
[174, [194, 210, 208, 48, 0, 2]]
[175, [194, 226, 224, 48, 0, 2]]
[176, [242, 242, 240, 48, 0, 2]]
[177, [242, 258, 256, 48, 0, 2]]
[178, [242, 274, 272, 48, 0, 2]]
[179, [290, 290, 288, 288, 0, 2]]
[180, [290, 306, 304, 45, 288, 2]]
[181, [210, 242, 240, 75, 210, 0]]
[182, [188, 188, 186, 75, 132, 8]]
[183, [108, 124, 122, 75, 54, 6]]
[184, [48, 80, 78, 75, 0, 0]]
[185, [96, 96, 94, 75, 0, 0]]
[186, [96, 112, 110, 75, 0, 0]]
[187, [96, 128, 126, 75, 0, 0]]
[188, [144, 144, 142, 90, 0, 0]]
[189, [144, 160, 158, 90, 0, 0]]
[190, [144, 176, 174, 90, 0, 0]]
[191, [192, 192, 190, 90, 0, 0]]
[192, [192, 208, 206, 90, 0, 0]]
[193, [192, 224, 222, 90, 0, 0]]
[194, [240, 240, 238, 90, 0, 0]]
[195, [240, 256, 254, 90, 0, 0]]
[196, [240, 272, 270, 90, 0, 0]]
[197, [288, 288, 286, 90, 0, 0]]
[198, [288, 304, 302, 90, 0, 0]]
[199, [288, 320, 318, 330, 0, 0]]
[200, [336, 336, 334, 87, 288, 0]]
[201, [266, 282, 280, 117, 210, 8]]
[202, [186, 218, 216, 117, 132, 6]]
[203, [154, 154, 152, 117, 54, 4]]
[204, [104, 120, 118, 117, 0, 8]]
[205, [104, 136, 134, 117, 0, 8]]
[206, [152, 152, 150, 117, 0, 8]]
[207, [152, 168, 166, 117, 0, 8]]
[208, [152, 184, 182, 132, 0, 8]]
[209, [200, 200, 198, 132, 0, 8]]
[210, [200, 216, 214, 132, 0, 8]]
[211, [200, 232, 230, 132, 0, 8]]
[212, [248, 248, 246, 132, 0, 8]]
[213, [248, 264, 262, 132, 0, 8]]
[214, [248, 280, 278, 132, 0, 8]]
[215, [296, 296, 294, 132, 0, 8]]
[216, [296, 312, 310, 132, 0, 8]]
[217, [296, 328, 326, 132, 0, 8]]
[218, [344, 344, 342, 132, 0, 8]]
[219, [344, 360, 358, 372, 0, 8]]
[220, [344, 376, 374, 129, 288, 8]]
[221, [312, 312, 310, 159, 210, 6]]
[222, [232, 248, 246, 15, 276, 4]]
[223, [152, 184, 182, 15, 198, 2]]
[224, [120, 120, 118, 15, 120, 0]]
[225, [50, 66, 64, 15, 42, 8]]
[226, [0, 32, 30, 15, 0, 0]]
[227, [48, 48, 46, 15, 0, 0]]
[228, [48, 64, 62, 30, 0, 0]]
[229, [48, 80, 78, 30, 0, 0]]
[230, [96, 96, 94, 30, 0, 0]]
[231, [96, 112, 110, 30, 0, 0]]
[232, [96, 128, 126, 30, 0, 0]]
[233, [144, 144, 142, 30, 0, 0]]
[234, [144, 160, 158, 30, 0, 0]]
[235, [144, 176, 174, 30, 0, 0]]
[236, [192, 192, 190, 30, 0, 0]]
[237, [192, 208, 206, 30, 0, 0]]
[238, [192, 224, 222, 30, 0, 0]]
[239, [240, 240, 238, 270, 0, 0]]
[240, [240, 256, 254, 171, 144, 0]]
[241, [170, 202, 200, 57, 210, 8]]
[242, [138, 138, 136, 57, 132, 6]]
[243, [58, 74, 72, 57, 54, 4]]
[244, [8, 40, 38, 57, 0, 8]]
[245, [56, 56, 54, 57, 0, 8]]
[246, [56, 72, 70, 57, 0, 8]]
[247, [56, 88, 86, 57, 0, 8]]
[248, [104, 104, 102, 72, 0, 8]]
[249, [104, 120, 118, 72, 0, 8]]
[250, [104, 136, 134, 72, 0, 8]]
[251, [152, 152, 150, 72, 0, 8]]
[252, [152, 168, 166, 72, 0, 8]]
[253, [152, 184, 182, 72, 0, 8]]
[254, [200, 200, 198, 72, 0, 8]]
[255, [200, 216, 214, 72, 0, 8]]
[256, [200, 232, 230, 72, 0, 8]]
[257, [248, 248, 246, 72, 0, 8]]
[258, [248, 264, 262, 72, 0, 8]]
[259, [248, 280, 278, 297, 0, 8]]
[260, [296, 296, 294, 54, 288, 8]]
[261, [216, 232, 230, 84, 210, 6]]
[262, [136, 168, 166, 84, 132, 4]]
[263, [104, 104, 102, 99, 54, 2]]
[264, [54, 70, 68, 99, 0, 6]]
[265, [54, 86, 84, 99, 0, 6]]
[266, [102, 102, 100, 99, 0, 6]]
[267, [102, 118, 116, 99, 0, 6]]
[268, [102, 134, 132, 114, 0, 6]]
[269, [150, 150, 148, 114, 0, 6]]
[270, [150, 166, 164, 114, 0, 6]]
[271, [150, 182, 180, 114, 0, 6]]
[272, [198, 198, 196, 114, 0, 6]]
[273, [198, 214, 212, 114, 0, 6]]
[274, [198, 230, 228, 114, 0, 6]]
[275, [246, 246, 244, 114, 0, 6]]
[276, [246, 262, 260, 114, 0, 6]]
[277, [246, 278, 276, 114, 0, 6]]
[278, [294, 294, 292, 114, 0, 6]]
[279, [294, 310, 308, 339, 0, 6]]
[280, [294, 326, 324, 96, 288, 6]]
[281, [262, 262, 260, 126, 210, 4]]
[282, [202, 218, 216, 126, 132, 22]]
[283, [202, 234, 232, 141, 54, 100]]
[284, [240, 240, 238, 141, 0, 144]]
[285, [200, 216, 214, 141, 0, 104]]
[286, [200, 232, 230, 141, 0, 104]]
[287, [228, 228, 226, 141, 0, 84]]
[288, [208, 224, 222, 156, 0, 64]]
[289, [188, 220, 218, 12, 144, 44]]
[290, [226, 226, 224, 12, 66, 112]]
[291, [206, 222, 220, 12, 0, 158]]
[292, [186, 218, 216, 12, 0, 138]]
[293, [224, 224, 222, 12, 0, 128]]
[294, [214, 230, 228, 12, 0, 118]]
[295, [204, 236, 234, 12, 0, 108]]
[296, [232, 232, 230, 12, 0, 88]]
[297, [222, 238, 236, 12, 0, 78]]
[298, [202, 234, 232, 12, 0, 58]]
[299, [210, 210, 208, 222, 0, 18]]
[300, [200, 216, 214, 123, 144, 8]]
[301, [160, 192, 190, 153, 66, 46]]
[302, [168, 168, 166, 9, 144, 72]]
[303, [118, 134, 132, 24, 66, 100]]
[304, [118, 150, 148, 24, 0, 166]]
[305, [126, 126, 124, 24, 0, 126]]
[306, [106, 122, 120, 39, 0, 106]]
[307, [76, 108, 106, 39, 0, 76]]
[308, [54, 54, 52, 54, 0, 6]]
[309, [54, 70, 68, 54, 0, 6]]
[310, [54, 86, 84, 54, 0, 6]]
[311, [102, 102, 100, 54, 0, 6]]
[312, [102, 118, 116, 54, 0, 6]]
[313, [102, 134, 132, 54, 0, 6]]
[314, [150, 150, 148, 54, 0, 6]]
[315, [150, 166, 164, 54, 0, 6]]
[316, [150, 182, 180, 54, 0, 6]]
[317, [198, 198, 196, 54, 0, 6]]
[318, [198, 214, 212, 54, 0, 6]]
[319, [198, 230, 228, 264, 0, 6]]
[320, [246, 246, 244, 165, 144, 6]]
[321, [166, 182, 180, 51, 210, 4]]
[322, [86, 118, 116, 51, 132, 2]]
[323, [54, 54, 52, 66, 54, 0]]
[324, [4, 20, 18, 66, 0, 4]]
[325, [4, 36, 34, 66, 0, 4]]
[326, [52, 52, 50, 81, 0, 4]]
[327, [52, 68, 66, 81, 0, 4]]
[328, [52, 84, 82, 96, 0, 4]]
[329, [100, 100, 98, 96, 0, 4]]
[330, [100, 116, 114, 96, 0, 4]]
[331, [100, 132, 130, 96, 0, 4]]
[332, [148, 148, 146, 96, 0, 4]]
[333, [148, 164, 162, 96, 0, 4]]
[334, [148, 180, 178, 96, 0, 4]]
[335, [196, 196, 194, 96, 0, 4]]
[336, [196, 212, 210, 96, 0, 4]]
[337, [196, 228, 226, 96, 0, 4]]
[338, [244, 244, 242, 96, 0, 4]]
[339, [244, 260, 258, 306, 0, 4]]
[340, [244, 276, 274, 48, 288, 4]]
[341, [212, 212, 210, 93, 210, 2]]
[342, [132, 148, 146, 93, 132, 0]]
[343, [62, 94, 92, 108, 54, 8]]
[344, [50, 50, 48, 108, 0, 2]]
[345, [50, 66, 64, 108, 0, 2]]
[346, [50, 82, 80, 123, 0, 2]]
[347, [98, 98, 96, 123, 0, 2]]
[348, [98, 114, 112, 138, 0, 2]]
[349, [98, 130, 128, 138, 0, 2]]
[350, [146, 146, 144, 138, 0, 2]]
[351, [146, 162, 160, 138, 0, 2]]
[352, [146, 178, 176, 138, 0, 2]]
[353, [194, 194, 192, 138, 0, 2]]
[354, [194, 210, 208, 138, 0, 2]]
[355, [194, 226, 224, 138, 0, 2]]
[356, [242, 242, 240, 138, 0, 2]]
[357, [242, 258, 256, 138, 0, 2]]
[358, [242, 274, 272, 138, 0, 2]]
[359, [290, 290, 288, 348, 0, 2]]
[360, [290, 306, 304, 90, 288, 2]]
[361, [210, 242, 240, 135, 210, 0]]
[362, [188, 188, 186, 135, 132, 8]]
[363, [108, 124, 122, 150, 54, 6]]
[364, [48, 80, 78, 6, 144, 0]]
[365, [26, 26, 24, 6, 66, 8]]
[366, [6, 22, 20, 21, 0, 54]]
[367, [6, 38, 36, 21, 0, 54]]
[368, [4, 4, 2, 36, 0, 4]]
[369, [4, 20, 18, 36, 0, 4]]
[370, [4, 36, 34, 36, 0, 4]]
[371, [52, 52, 50, 36, 0, 4]]
[372, [52, 68, 66, 36, 0, 4]]
[373, [52, 84, 82, 36, 0, 4]]
[374, [100, 100, 98, 36, 0, 4]]
[375, [100, 116, 114, 36, 0, 4]]
[376, [100, 132, 130, 36, 0, 4]]
[377, [148, 148, 146, 36, 0, 4]]
[378, [148, 164, 162, 36, 0, 4]]
[379, [148, 180, 178, 246, 0, 4]]
[380, [196, 196, 194, 132, 144, 4]]
[381, [116, 132, 130, 177, 66, 2]]
[382, [56, 88, 86, 33, 144, 8]]
[383, [24, 24, 22, 48, 66, 6]]
[384, [4, 20, 18, 48, 0, 52]]
[385, [4, 36, 34, 48, 0, 52]]
[386, [2, 2, 0, 63, 0, 2]]
[387, [2, 18, 16, 63, 0, 2]]
[388, [2, 34, 32, 78, 0, 2]]
[389, [50, 50, 48, 78, 0, 2]]
[390, [50, 66, 64, 78, 0, 2]]
[391, [50, 82, 80, 78, 0, 2]]
[392, [98, 98, 96, 78, 0, 2]]
[393, [98, 114, 112, 78, 0, 2]]
[394, [98, 130, 128, 78, 0, 2]]
[395, [146, 146, 144, 78, 0, 2]]
[396, [146, 162, 160, 78, 0, 2]]
[397, [146, 178, 176, 78, 0, 2]]
[398, [194, 194, 192, 78, 0, 2]]
[399, [194, 210, 208, 273, 0, 2]]
[400, [194, 226, 224, 159, 144, 2]]
[401, [162, 162, 160, 60, 210, 0]]
[402, [92, 108, 106, 60, 132, 8]]
[403, [12, 44, 42, 75, 54, 6]]
[404, [10, 10, 8, 75, 0, 10]]
[405, [0, 16, 14, 90, 0, 0]]
[406, [0, 32, 30, 105, 0, 0]]
[407, [48, 48, 46, 105, 0, 0]]
[408, [48, 64, 62, 120, 0, 0]]
[409, [48, 80, 78, 120, 0, 0]]
[410, [96, 96, 94, 120, 0, 0]]
[411, [96, 112, 110, 120, 0, 0]]
[412, [96, 128, 126, 120, 0, 0]]
[413, [144, 144, 142, 120, 0, 0]]
[414, [144, 160, 158, 120, 0, 0]]
[415, [144, 176, 174, 120, 0, 0]]
[416, [192, 192, 190, 120, 0, 0]]
[417, [192, 208, 206, 120, 0, 0]]
[418, [192, 224, 222, 120, 0, 0]]
[419, [240, 240, 238, 315, 0, 0]]
[420, [240, 256, 254, 57, 288, 0]]
[421, [170, 202, 200, 102, 210, 8]]
[422, [138, 138, 136, 102, 132, 6]]
[423, [58, 74, 72, 117, 54, 4]]
[424, [8, 40, 38, 117, 0, 8]]
[425, [56, 56, 54, 132, 0, 8]]
[426, [56, 72, 70, 147, 0, 8]]
[427, [56, 88, 86, 3, 144, 8]]
[428, [54, 54, 52, 18, 66, 36]]
[429, [44, 60, 58, 18, 0, 92]]
[430, [34, 66, 64, 18, 0, 82]]
[431, [72, 72, 70, 18, 0, 72]]
[432, [72, 88, 86, 18, 0, 72]]
[433, [42, 74, 72, 18, 0, 42]]
[434, [90, 90, 88, 18, 0, 42]]
[435, [80, 96, 94, 18, 0, 32]]
[436, [80, 112, 110, 18, 0, 32]]
[437, [128, 128, 126, 18, 0, 32]]
[438, [118, 134, 132, 18, 0, 22]]
[439, [98, 130, 128, 213, 0, 2]]
[440, [146, 146, 144, 99, 144, 2]]
[441, [66, 82, 80, 144, 66, 0]]
[442, [16, 48, 46, 0, 144, 16]]
[443, [54, 54, 52, 15, 69, 81]]
[444, [34, 50, 48, 15, 0, 130]]
[445, [34, 66, 64, 30, 0, 130]]
[446, [42, 42, 40, 45, 0, 90]]
[447, [22, 38, 36, 45, 0, 70]]
[448, [2, 34, 32, 60, 0, 50]]
[449, [10, 10, 8, 60, 0, 10]]
[450, [0, 16, 14, 60, 0, 0]]
[451, [0, 32, 30, 60, 0, 0]]
[452, [48, 48, 46, 60, 0, 0]]
[453, [48, 64, 62, 60, 0, 0]]
[454, [48, 80, 78, 60, 0, 0]]
[455, [96, 96, 94, 60, 0, 0]]
[456, [96, 112, 110, 60, 0, 0]]
[457, [96, 128, 126, 60, 0, 0]]
[458, [144, 144, 142, 60, 0, 0]]
[459, [144, 160, 158, 255, 0, 0]]
[460, [144, 176, 174, 141, 144, 0]]
[461, [122, 122, 120, 186, 66, 8]]
[462, [52, 68, 66, 42, 144, 4]]
[463, [2, 34, 32, 57, 66, 32]]
[464, [10, 10, 8, 57, 0, 58]]
[465, [0, 16, 14, 72, 0, 48]]
[466, [0, 32, 30, 87, 0, 48]]
[467, [8, 8, 6, 87, 0, 8]]
[468, [8, 24, 22, 87, 0, 8]]
[469, [8, 40, 38, 87, 0, 8]]
[470, [56, 56, 54, 87, 0, 8]]
[471, [56, 72, 70, 87, 0, 8]]
[472, [56, 88, 86, 87, 0, 8]]
[473, [104, 104, 102, 87, 0, 8]]
[474, [104, 120, 118, 102, 0, 8]]
[475, [104, 136, 134, 102, 0, 8]]
[476, [152, 152, 150, 102, 0, 8]]
[477, [152, 168, 166, 102, 0, 8]]
[478, [152, 184, 182, 102, 0, 8]]
[479, [200, 200, 198, 297, 0, 8]]
[480, [200, 216, 214, 39, 288, 8]]
[481, [120, 152, 150, 84, 210, 6]]
[482, [88, 88, 86, 84, 132, 4]]
[483, [8, 24, 22, 99, 54, 2]]
[484, [8, 40, 38, 99, 0, 56]]
[485, [6, 6, 4, 114, 0, 6]]
[486, [6, 22, 20, 129, 0, 6]]
[487, [6, 38, 36, 129, 0, 6]]
[488, [54, 54, 52, 129, 0, 6]]
[489, [54, 70, 68, 129, 0, 6]]
[490, [54, 86, 84, 129, 0, 6]]
[491, [102, 102, 100, 129, 0, 6]]
[492, [102, 118, 116, 129, 0, 6]]
[493, [102, 134, 132, 129, 0, 6]]
[494, [150, 150, 148, 144, 0, 6]]
[495, [150, 166, 164, 0, 144, 6]]
[496, [70, 102, 100, 0, 66, 4]]
[497, [48, 48, 46, 0, 0, 0]]
[498, [48, 64, 62, 0, 0, 0]]
[499, [48, 80, 78, 180, 0, 0]]
[500, [96, 96, 94, 66, 144, 0]]
[501, [26, 42, 40, 111, 66, 8]]
[502, [6, 38, 36, 111, 0, 54]]
[503, [4, 4, 2, 126, 0, 4]]
[504, [4, 20, 18, 126, 0, 4]]
[505, [4, 36, 34, 141, 0, 4]]
[506, [52, 52, 50, 141, 0, 4]]
[507, [52, 68, 66, 141, 0, 4]]
[508, [52, 84, 82, 141, 0, 4]]
[509, [100, 100, 98, 141, 0, 4]]
[510, [100, 116, 114, 141, 0, 4]]
[511, [100, 132, 130, 141, 0, 4]]
[512, [148, 148, 146, 141, 0, 4]]
[513, [148, 164, 162, 141, 0, 4]]
[514, [148, 180, 178, 156, 0, 4]]
[515, [196, 196, 194, 12, 144, 4]]
[516, [116, 132, 130, 12, 66, 2]]
[517, [56, 88, 86, 12, 0, 8]]
[518, [104, 104, 102, 12, 0, 8]]
[519, [104, 120, 118, 177, 0, 8]]
[520, [104, 136, 134, 63, 144, 8]]
[521, [72, 72, 70, 108, 66, 6]]
[522, [2, 18, 16, 108, 0, 2]]
[523, [2, 34, 32, 123, 0, 2]]
[524, [50, 50, 48, 123, 0, 2]]
[525, [50, 66, 64, 138, 0, 2]]
[526, [50, 82, 80, 153, 0, 2]]
[527, [98, 98, 96, 9, 144, 2]]
[528, [18, 34, 32, 9, 66, 0]]
[529, [8, 40, 38, 9, 0, 56]]
[530, [6, 6, 4, 9, 0, 6]]
[531, [6, 22, 20, 9, 0, 6]]
[532, [6, 38, 36, 9, 0, 6]]
[533, [54, 54, 52, 24, 0, 6]]
[534, [54, 70, 68, 39, 0, 6]]
[535, [54, 86, 84, 39, 0, 6]]
[536, [102, 102, 100, 39, 0, 6]]
[537, [102, 118, 116, 39, 0, 6]]
[538, [102, 134, 132, 39, 0, 6]]
[539, [150, 150, 148, 189, 0, 6]]
[540, [150, 166, 164, 75, 144, 6]]
[541, [70, 102, 100, 120, 66, 4]]
[542, [48, 48, 46, 120, 0, 0]]
[543, [48, 64, 62, 135, 0, 0]]
[544, [48, 80, 78, 135, 0, 0]]
[545, [96, 96, 94, 150, 0, 0]]
[546, [96, 112, 110, 21, 144, 0]]
[547, [26, 58, 56, 21, 66, 8]]
[548, [4, 4, 2, 36, 0, 4]]
[549, [4, 20, 18, 36, 0, 4]]
[550, [4, 36, 34, 36, 0, 4]]
[551, [52, 52, 50, 36, 0, 4]]
[552, [52, 68, 66, 36, 0, 4]]
[553, [52, 84, 82, 51, 0, 4]]
[554, [100, 100, 98, 66, 0, 4]]
[555, [100, 116, 114, 66, 0, 4]]
[556, [100, 132, 130, 66, 0, 4]]
[557, [148, 148, 146, 66, 0, 4]]
[558, [148, 164, 162, 66, 0, 4]]
[559, [148, 180, 178, 216, 0, 4]]
[560, [196, 196, 194, 102, 144, 4]]
[561, [116, 132, 130, 147, 66, 2]]
[562, [56, 88, 86, 3, 144, 8]]
[563, [24, 24, 22, 18, 66, 6]]
[564, [4, 20, 18, 18, 0, 52]]
[565, [4, 36, 34, 33, 0, 52]]
[566, [2, 2, 0, 48, 0, 2]]
[567, [2, 18, 16, 48, 0, 2]]
[568, [2, 34, 32, 63, 0, 2]]
[569, [50, 50, 48, 63, 0, 2]]
[570, [50, 66, 64, 63, 0, 2]]
[571, [50, 82, 80, 78, 0, 2]]
[572, [98, 98, 96, 78, 0, 2]]
[573, [98, 114, 112, 93, 0, 2]]
[574, [98, 130, 128, 108, 0, 2]]
[575, [146, 146, 144, 108, 0, 2]]
[576, [146, 162, 160, 108, 0, 2]]
[577, [146, 178, 176, 108, 0, 2]]
[578, [194, 194, 192, 108, 0, 2]]
[579, [194, 210, 208, 258, 0, 2]]
[580, [194, 226, 224, 144, 144, 2]]
[581, [162, 162, 160, 45, 210, 0]]
[582, [92, 108, 106, 45, 132, 8]]
[583, [12, 44, 42, 60, 54, 6]]
[584, [10, 10, 8, 60, 0, 10]]
[585, [0, 16, 14, 75, 0, 0]]
[586, [0, 32, 30, 90, 0, 0]]
[587, [48, 48, 46, 90, 0, 0]]
[588, [48, 64, 62, 105, 0, 0]]
[589, [48, 80, 78, 105, 0, 0]]
[590, [96, 96, 94, 105, 0, 0]]
[591, [96, 112, 110, 120, 0, 0]]
[592, [96, 128, 126, 120, 0, 0]]
[593, [144, 144, 142, 135, 0, 0]]
[594, [144, 160, 158, 150, 0, 0]]
[595, [144, 176, 174, 6, 144, 0]]
[596, [122, 122, 120, 6, 66, 8]]
[597, [52, 68, 66, 6, 0, 4]]
[598, [52, 84, 82, 6, 0, 4]]
[599, [100, 100, 98, 156, 0, 4]]
[600, [100, 116, 114, 42, 144, 4]]
[601, [20, 52, 50, 72, 66, 2]]
[602, [8, 8, 6, 72, 0, 8]]
[603, [8, 24, 22, 87, 0, 8]]
[604, [8, 40, 38, 87, 0, 8]]
[605, [56, 56, 54, 102, 0, 8]]
[606, [56, 72, 70, 117, 0, 8]]
[607, [56, 88, 86, 117, 0, 8]]
[608, [104, 104, 102, 132, 0, 8]]
[609, [104, 120, 118, 132, 0, 8]]
[610, [104, 136, 134, 132, 0, 8]]
[611, [152, 152, 150, 147, 0, 8]]
[612, [152, 168, 166, 3, 144, 8]]
[613, [72, 104, 102, 3, 66, 6]]
[614, [50, 50, 48, 18, 0, 2]]
[615, [50, 66, 64, 18, 0, 2]]
[616, [50, 82, 80, 18, 0, 2]]
[617, [98, 98, 96, 18, 0, 2]]
[618, [98, 114, 112, 33, 0, 2]]
[619, [98, 130, 128, 168, 0, 2]]
[620, [146, 146, 144, 54, 144, 2]]
[621, [66, 82, 80, 84, 66, 0]]
[622, [6, 38, 36, 84, 0, 6]]
[623, [54, 54, 52, 99, 0, 6]]
[624, [54, 70, 68, 99, 0, 6]]
[625, [54, 86, 84, 114, 0, 6]]
[626, [102, 102, 100, 114, 0, 6]]
[627, [102, 118, 116, 144, 0, 6]]
[628, [102, 134, 132, 15, 144, 6]]
[629, [70, 70, 68, 15, 66, 4]]
[630, [0, 16, 14, 15, 0, 0]]
[631, [0, 32, 30, 30, 0, 0]]
[632, [48, 48, 46, 30, 0, 0]]
[633, [48, 64, 62, 30, 0, 0]]
[634, [48, 80, 78, 45, 0, 0]]
[635, [96, 96, 94, 45, 0, 0]]
[636, [96, 112, 110, 45, 0, 0]]
[637, [96, 128, 126, 45, 0, 0]]
[638, [144, 144, 142, 60, 0, 0]]
[639, [144, 160, 158, 195, 0, 0]]
[640, [144, 176, 174, 81, 144, 0]]
[641, [122, 122, 120, 111, 66, 8]]
[642, [52, 68, 66, 111, 0, 4]]
[643, [52, 84, 82, 126, 0, 4]]
[644, [100, 100, 98, 126, 0, 4]]
[645, [100, 116, 114, 141, 0, 4]]
[646, [100, 132, 130, 141, 0, 4]]
[647, [148, 148, 146, 171, 0, 4]]
[648, [148, 164, 162, 42, 144, 4]]
[649, [68, 100, 98, 42, 66, 2]]
[650, [56, 56, 54, 42, 0, 8]]
[651, [56, 72, 70, 57, 0, 8]]
[652, [56, 88, 86, 72, 0, 8]]
[653, [104, 104, 102, 72, 0, 8]]
[654, [104, 120, 118, 87, 0, 8]]
[655, [104, 136, 134, 87, 0, 8]]
[656, [152, 152, 150, 87, 0, 8]]
[657, [152, 168, 166, 87, 0, 8]]
[658, [152, 184, 182, 102, 0, 8]]
[659, [200, 200, 198, 222, 0, 8]]
[660, [200, 216, 214, 108, 144, 8]]
[661, [120, 152, 150, 123, 66, 6]]
[662, [98, 98, 96, 123, 0, 2]]
[663, [98, 114, 112, 138, 0, 2]]
[664, [98, 130, 128, 153, 0, 2]]
[665, [146, 146, 144, 39, 144, 2]]
[666, [66, 82, 80, 39, 66, 0]]
[667, [6, 38, 36, 69, 0, 6]]
[668, [54, 54, 52, 84, 0, 6]]
[669, [54, 70, 68, 84, 0, 6]]
[670, [54, 86, 84, 84, 0, 6]]
[671, [102, 102, 100, 99, 0, 6]]
[672, [102, 118, 116, 114, 0, 6]]
[673, [102, 134, 132, 114, 0, 6]]
[674, [150, 150, 148, 129, 0, 6]]
[675, [150, 166, 164, 129, 0, 6]]
[676, [150, 182, 180, 129, 0, 6]]
[677, [198, 198, 196, 129, 0, 6]]
[678, [198, 214, 212, 144, 0, 6]]
[679, [198, 230, 228, 105, 144, 6]]
[680, [166, 166, 164, 150, 66, 4]]
[681, [96, 112, 110, 21, 144, 0]]
[682, [26, 58, 56, 21, 66, 8]]
[683, [4, 4, 2, 36, 0, 4]]
[684, [4, 20, 18, 51, 0, 4]]
[685, [4, 36, 34, 81, 0, 4]]
[686, [52, 52, 50, 81, 0, 4]]
[687, [52, 68, 66, 111, 0, 4]]
[688, [52, 84, 82, 126, 0, 4]]
[689, [100, 100, 98, 126, 0, 4]]
[690, [100, 116, 114, 126, 0, 4]]
[691, [100, 132, 130, 141, 0, 4]]
[692, [148, 148, 146, 156, 0, 4]]
[693, [148, 164, 162, 12, 144, 4]]
[694, [68, 100, 98, 27, 66, 2]]
[695, [56, 56, 54, 27, 0, 8]]
[696, [56, 72, 70, 27, 0, 8]]
[697, [56, 88, 86, 27, 0, 8]]
[698, [104, 104, 102, 42, 0, 8]]
[699, [104, 120, 118, 132, 0, 8]]
[700, [104, 136, 134, 177, 0, 8]]
[701, [152, 152, 150, 48, 144, 8]]
[702, [72, 88, 86, 48, 66, 6]]
[703, [2, 34, 32, 63, 0, 2]]
[704, [50, 50, 48, 78, 0, 2]]
[705, [50, 66, 64, 108, 0, 2]]
[706, [50, 82, 80, 108, 0, 2]]
[707, [98, 98, 96, 153, 0, 2]]
[708, [98, 114, 112, 24, 144, 2]]
[709, [18, 50, 48, 24, 66, 0]]
[710, [6, 6, 4, 24, 0, 6]]
[711, [6, 22, 20, 39, 0, 6]]
[712, [6, 38, 36, 54, 0, 6]]
[713, [54, 54, 52, 54, 0, 6]]
[714, [54, 70, 68, 69, 0, 6]]
[715, [54, 86, 84, 69, 0, 6]]
[716, [102, 102, 100, 69, 0, 6]]
[717, [102, 118, 116, 69, 0, 6]]
[718, [102, 134, 132, 84, 0, 6]]
[719, [150, 150, 148, 174, 0, 6]]
[720, [150, 166, 164, 75, 144, 6]]
[721, [70, 102, 100, 90, 66, 4]]
[722, [48, 48, 46, 90, 0, 0]]
[723, [48, 64, 62, 105, 0, 0]]
[724, [48, 80, 78, 120, 0, 0]]
[725, [96, 96, 94, 150, 0, 0]]
[726, [96, 112, 110, 6, 144, 0]]
[727, [26, 58, 56, 51, 66, 8]]
[728, [4, 4, 2, 66, 0, 4]]
[729, [4, 20, 18, 66, 0, 4]]
[730, [4, 36, 34, 66, 0, 4]]
[731, [52, 52, 50, 81, 0, 4]]
[732, [52, 68, 66, 96, 0, 4]]
[733, [52, 84, 82, 96, 0, 4]]
[734, [100, 100, 98, 111, 0, 4]]
[735, [100, 116, 114, 111, 0, 4]]
[736, [100, 132, 130, 111, 0, 4]]
[737, [148, 148, 146, 111, 0, 4]]
[738, [148, 164, 162, 126, 0, 4]]
[739, [148, 180, 178, 216, 0, 4]]
[740, [196, 196, 194, 117, 144, 4]]
[741, [116, 132, 130, 132, 66, 2]]
[742, [56, 88, 86, 132, 0, 8]]
[743, [104, 104, 102, 147, 0, 8]]
[744, [104, 120, 118, 18, 144, 8]]
[745, [24, 56, 54, 48, 66, 6]]
[746, [2, 2, 0, 48, 0, 2]]
[747, [2, 18, 16, 93, 0, 2]]
[748, [2, 34, 32, 108, 0, 2]]
[749, [50, 50, 48, 108, 0, 2]]
[750, [50, 66, 64, 108, 0, 2]]
[751, [50, 82, 80, 123, 0, 2]]
[752, [98, 98, 96, 138, 0, 2]]
[753, [98, 114, 112, 138, 0, 2]]
[754, [98, 130, 128, 153, 0, 2]]
[755, [146, 146, 144, 9, 144, 2]]
[756, [66, 82, 80, 9, 66, 0]]
[757, [6, 38, 36, 9, 0, 6]]
[758, [54, 54, 52, 24, 0, 6]]
[759, [54, 70, 68, 114, 0, 6]]
[760, [54, 86, 84, 159, 0, 6]]
[761, [102, 102, 100, 30, 144, 6]]
[762, [22, 38, 36, 30, 66, 4]]
[763, [2, 34, 32, 45, 0, 50]]
[764, [10, 10, 8, 60, 0, 10]]
[765, [0, 16, 14, 90, 0, 0]]
[766, [0, 32, 30, 90, 0, 0]]
[767, [48, 48, 46, 135, 0, 0]]
[768, [48, 64, 62, 150, 0, 0]]
[769, [48, 80, 78, 6, 144, 0]]
[770, [26, 26, 24, 6, 66, 8]]
[771, [6, 22, 20, 21, 0, 54]]
[772, [6, 38, 36, 36, 0, 54]]
[773, [4, 4, 2, 36, 0, 4]]
[774, [4, 20, 18, 51, 0, 4]]
[775, [4, 36, 34, 51, 0, 4]]
[776, [52, 52, 50, 51, 0, 4]]
[777, [52, 68, 66, 51, 0, 4]]
[778, [52, 84, 82, 66, 0, 4]]
[779, [100, 100, 98, 156, 0, 4]]
[780, [100, 116, 114, 57, 144, 4]]
[781, [20, 52, 50, 72, 66, 2]]
[782, [8, 8, 6, 72, 0, 8]]
[783, [8, 24, 22, 87, 0, 8]]
[784, [8, 40, 38, 102, 0, 8]]
[785, [56, 56, 54, 132, 0, 8]]
[786, [56, 72, 70, 132, 0, 8]]
[787, [56, 88, 86, 177, 0, 8]]
[788, [104, 104, 102, 48, 144, 8]]
[789, [24, 40, 38, 48, 66, 6]]
[790, [4, 36, 34, 48, 0, 52]]
[791, [2, 2, 0, 63, 0, 2]]
[792, [2, 18, 16, 78, 0, 2]]
[793, [2, 34, 32, 78, 0, 2]]
[794, [50, 50, 48, 93, 0, 2]]
[795, [50, 66, 64, 93, 0, 2]]
[796, [50, 82, 80, 93, 0, 2]]
[797, [98, 98, 96, 93, 0, 2]]
[798, [98, 114, 112, 108, 0, 2]]
[799, [98, 130, 128, 198, 0, 2]]
[800, [146, 146, 144, 99, 144, 2]]
[801, [66, 82, 80, 114, 66, 0]]
[802, [6, 38, 36, 114, 0, 6]]
[803, [54, 54, 52, 129, 0, 6]]
[804, [54, 70, 68, 144, 0, 6]]
[805, [54, 86, 84, 30, 144, 6]]
[806, [22, 22, 20, 30, 66, 4]]
[807, [2, 18, 16, 75, 0, 50]]
[808, [2, 34, 32, 90, 0, 50]]
[809, [10, 10, 8, 90, 0, 10]]
[810, [0, 16, 14, 90, 0, 0]]
[811, [0, 32, 30, 105, 0, 0]]
[812, [48, 48, 46, 120, 0, 0]]
[813, [48, 64, 62, 120, 0, 0]]
[814, [48, 80, 78, 135, 0, 0]]
[815, [96, 96, 94, 135, 0, 0]]
[816, [96, 112, 110, 135, 0, 0]]
[817, [96, 128, 126, 135, 0, 0]]
[818, [144, 144, 142, 150, 0, 0]]
[819, [144, 160, 158, 96, 144, 0]]
[820, [74, 106, 104, 141, 66, 8]]
[821, [52, 52, 50, 156, 0, 4]]
[822, [52, 68, 66, 12, 144, 4]]
[823, [2, 34, 32, 27, 66, 32]]
[824, [10, 10, 8, 42, 0, 58]]
[825, [0, 16, 14, 72, 0, 48]]
[826, [0, 32, 30, 72, 0, 48]]
[827, [8, 8, 6, 117, 0, 8]]
[828, [8, 24, 22, 117, 0, 8]]
[829, [8, 40, 38, 117, 0, 8]]
[830, [56, 56, 54, 117, 0, 8]]
[831, [56, 72, 70, 132, 0, 8]]
[832, [56, 88, 86, 147, 0, 8]]
[833, [104, 104, 102, 3, 144, 8]]
[834, [24, 40, 38, 18, 66, 6]]
[835, [4, 36, 34, 18, 0, 52]]
[836, [2, 2, 0, 18, 0, 2]]
[837, [2, 18, 16, 18, 0, 2]]
[838, [2, 34, 32, 33, 0, 2]]
[839, [50, 50, 48, 123, 0, 2]]
[840, [50, 66, 64, 168, 0, 2]]
[841, [50, 82, 80, 39, 144, 2]]
[842, [18, 18, 16, 39, 66, 0]]
[843, [8, 24, 22, 69, 0, 56]]
[844, [8, 40, 38, 84, 0, 56]]
[845, [6, 6, 4, 114, 0, 6]]
[846, [6, 22, 20, 114, 0, 6]]
[847, [6, 38, 36, 159, 0, 6]]
[848, [54, 54, 52, 15, 144, 6]]
[849, [4, 20, 18, 15, 66, 34]]
[850, [4, 36, 34, 15, 0, 100]]
[851, [2, 2, 0, 30, 0, 50]]
[852, [2, 18, 16, 45, 0, 50]]
[853, [2, 34, 32, 45, 0, 50]]
[854, [10, 10, 8, 60, 0, 10]]
[855, [0, 16, 14, 60, 0, 0]]
[856, [0, 32, 30, 60, 0, 0]]
[857, [48, 48, 46, 60, 0, 0]]
[858, [48, 64, 62, 75, 0, 0]]
[859, [48, 80, 78, 165, 0, 0]]
[860, [96, 96, 94, 66, 144, 0]]
[861, [26, 42, 40, 81, 66, 8]]
[862, [6, 38, 36, 81, 0, 54]]
[863, [4, 4, 2, 111, 0, 4]]
[864, [4, 20, 18, 126, 0, 4]]
[865, [4, 36, 34, 156, 0, 4]]
[866, [52, 52, 50, 12, 144, 4]]
[867, [2, 18, 16, 57, 66, 32]]
[868, [2, 34, 32, 57, 0, 98]]
[869, [10, 10, 8, 57, 0, 58]]
[870, [0, 16, 14, 57, 0, 48]]
[871, [0, 32, 30, 72, 0, 48]]
[872, [8, 8, 6, 87, 0, 8]]
[873, [8, 24, 22, 87, 0, 8]]
[874, [8, 40, 38, 102, 0, 8]]
[875, [56, 56, 54, 102, 0, 8]]
[876, [56, 72, 70, 102, 0, 8]]
[877, [56, 88, 86, 102, 0, 8]]
[878, [104, 104, 102, 117, 0, 8]]
[879, [104, 120, 118, 207, 0, 8]]
[880, [104, 136, 134, 108, 144, 8]]
[881, [72, 72, 70, 123, 66, 6]]
[882, [2, 18, 16, 123, 0, 2]]
[883, [2, 34, 32, 153, 0, 2]]
[884, [50, 50, 48, 24, 144, 2]]
[885, [0, 16, 14, 54, 66, 30]]
[886, [0, 32, 30, 54, 0, 96]]
[887, [8, 8, 6, 99, 0, 56]]
[888, [8, 24, 22, 99, 0, 56]]
[889, [8, 40, 38, 99, 0, 56]]
[890, [6, 6, 4, 99, 0, 6]]
[891, [6, 22, 20, 114, 0, 6]]
[892, [6, 38, 36, 129, 0, 6]]
[893, [54, 54, 52, 129, 0, 6]]
[894, [54, 70, 68, 144, 0, 6]]
[895, [54, 86, 84, 0, 144, 6]]
[896, [22, 22, 20, 0, 66, 4]]
[897, [2, 18, 16, 0, 0, 50]]
[898, [2, 34, 32, 15, 0, 50]]
[899, [10, 10, 8, 105, 0, 10]]
[900, [0, 16, 14, 150, 0, 0]]
[901, [0, 32, 30, 21, 144, 0]]
[902, [8, 8, 6, 21, 66, 38]]
[903, [8, 24, 22, 51, 0, 104]]
[904, [8, 40, 38, 66, 0, 104]]
[905, [6, 6, 4, 96, 0, 54]]
[906, [6, 22, 20, 96, 0, 54]]
[907, [6, 38, 36, 141, 0, 54]]
[908, [4, 4, 2, 141, 0, 4]]
[909, [4, 20, 18, 141, 0, 4]]
[910, [4, 36, 34, 141, 0, 4]]
[911, [52, 52, 50, 156, 0, 4]]
[912, [52, 68, 66, 27, 144, 4]]
[913, [2, 34, 32, 27, 66, 32]]
[914, [10, 10, 8, 42, 0, 58]]
[915, [0, 16, 14, 42, 0, 48]]
[916, [0, 32, 30, 42, 0, 48]]
[917, [8, 8, 6, 42, 0, 8]]
[918, [8, 24, 22, 57, 0, 8]]
[919, [8, 40, 38, 132, 0, 8]]
[920, [56, 56, 54, 177, 0, 8]]
[921, [56, 72, 70, 48, 144, 8]]
[922, [6, 38, 36, 48, 66, 36]]
[923, [4, 4, 2, 63, 0, 52]]
[924, [4, 20, 18, 78, 0, 52]]
[925, [4, 36, 34, 123, 0, 52]]
[926, [2, 2, 0, 123, 0, 2]]
[927, [2, 18, 16, 168, 0, 2]]
[928, [2, 34, 32, 24, 144, 2]]
[929, [10, 10, 8, 24, 66, 40]]
[930, [0, 16, 14, 24, 0, 96]]
[931, [0, 32, 30, 39, 0, 96]]
[932, [8, 8, 6, 54, 0, 56]]
[933, [8, 24, 22, 54, 0, 56]]
[934, [8, 40, 38, 69, 0, 56]]
[935, [6, 6, 4, 69, 0, 6]]
[936, [6, 22, 20, 69, 0, 6]]
[937, [6, 38, 36, 69, 0, 6]]
[938, [54, 54, 52, 84, 0, 6]]
[939, [54, 70, 68, 159, 0, 6]]
[940, [54, 86, 84, 60, 144, 6]]
[941, [22, 22, 20, 75, 66, 4]]
[942, [2, 18, 16, 75, 0, 50]]
[943, [2, 34, 32, 90, 0, 50]]
[944, [10, 10, 8, 105, 0, 10]]
[945, [0, 16, 14, 150, 0, 0]]
[946, [0, 32, 30, 6, 144, 0]]
[947, [8, 8, 6, 66, 66, 38]]
[948, [8, 24, 22, 66, 0, 104]]
[949, [8, 40, 38, 66, 0, 104]]
[950, [6, 6, 4, 66, 0, 54]]
[951, [6, 22, 20, 81, 0, 54]]
[952, [6, 38, 36, 96, 0, 54]]
[953, [4, 2, 2, 96, 0, 4]]
[954, [4, 16, 18, 111, 0, 4]]
[955, [4, 30, 34, 111, 0, 4]]
[956, [52, 44, 50, 111, 0, 4]]
[957, [52, 58, 66, 111, 0, 4]]
[958, [52, 72, 82, 126, 0, 4]]
[959, [100, 86, 98, 201, 0, 4]]
