SimulationV012.py[0, [0, 16, 16, 0, 0, 0]]
[1, [0, 32, 32, 0, 0, 0]]
[2, [48, 48, 48, 0, 0, 0]]
[3, [48, 64, 64, 0, 0, 0]]
[4, [48, 80, 80, 0, 0, 0]]
[5, [96, 96, 96, 0, 0, 0]]
[6, [96, 112, 112, 0, 0, 0]]
[7, [96, 128, 128, 0, 0, 0]]
[8, [144, 144, 144, 0, 0, 0]]
[9, [144, 160, 160, 0, 0, 0]]
[10, [144, 176, 176, 0, 0, 0]]
[11, [192, 192, 192, 0, 0, 0]]
[12, [192, 208, 208, 0, 0, 0]]
[13, [192, 224, 224, 0, 0, 0]]
[14, [240, 240, 240, 0, 0, 0]]
[15, [240, 256, 256, 0, 0, 0]]
[16, [240, 272, 272, 0, 0, 0]]
[17, [288, 288, 288, 0, 0, 0]]
[18, [288, 304, 304, 0, 0, 0]]
[19, [288, 320, 320, 330, 0, 0]]
[20, [336, 336, 336, 42, 288, 0]]
[21, [256, 272, 272, 42, 207, 1]]
[22, [176, 208, 208, 42, 126, 2]]
[23, [144, 144, 144, 42, 45, 3]]
[24, [104, 120, 120, 42, 0, 8]]
[25, [104, 136, 136, 42, 0, 8]]
[26, [152, 152, 152, 42, 0, 8]]
[27, [152, 168, 168, 42, 0, 8]]
[28, [152, 184, 184, 42, 0, 8]]
[29, [200, 200, 200, 42, 0, 8]]
[30, [200, 216, 216, 42, 0, 8]]
[31, [200, 232, 232, 42, 0, 8]]
[32, [248, 248, 248, 42, 0, 8]]
[33, [248, 264, 264, 42, 0, 8]]
[34, [248, 280, 280, 42, 0, 8]]
[35, [296, 296, 296, 42, 0, 8]]
[36, [296, 312, 312, 42, 0, 8]]
[37, [296, 328, 328, 42, 0, 8]]
[38, [344, 344, 344, 42, 0, 8]]
[39, [344, 360, 360, 342, 0, 8]]
[40, [344, 376, 376, 54, 288, 8]]
[41, [312, 312, 312, 54, 207, 9]]
[42, [222, 238, 238, 69, 126, 0]]
[43, [142, 174, 174, 69, 45, 1]]
[44, [150, 150, 150, 69, 0, 6]]
[45, [150, 166, 166, 69, 0, 6]]
[46, [150, 182, 182, 69, 0, 6]]
[47, [198, 198, 198, 69, 0, 6]]
[48, [198, 214, 214, 69, 0, 6]]
[49, [198, 230, 230, 69, 0, 6]]
[50, [246, 246, 246, 69, 0, 6]]
[51, [246, 262, 262, 69, 0, 6]]
[52, [246, 278, 278, 69, 0, 6]]
[53, [294, 294, 294, 69, 0, 6]]
[54, [294, 310, 310, 69, 0, 6]]
[55, [294, 326, 326, 69, 0, 6]]
[56, [342, 342, 342, 69, 0, 6]]
[57, [342, 358, 358, 69, 0, 6]]
[58, [342, 374, 374, 84, 0, 6]]
[59, [390, 390, 390, 384, 0, 6]]
[60, [390, 406, 406, 96, 288, 6]]
[61, [310, 342, 342, 96, 207, 7]]
[62, [278, 278, 278, 111, 126, 8]]
[63, [198, 214, 214, 111, 45, 9]]
[64, [148, 180, 180, 111, 0, 4]]
[65, [196, 196, 196, 111, 0, 4]]
[66, [196, 212, 212, 111, 0, 4]]
[67, [196, 228, 228, 111, 0, 4]]
[68, [244, 244, 244, 111, 0, 4]]
[69, [244, 260, 260, 111, 0, 4]]
[70, [244, 276, 276, 111, 0, 4]]
[71, [292, 292, 292, 111, 0, 4]]
[72, [292, 308, 308, 111, 0, 4]]
[73, [292, 324, 324, 111, 0, 4]]
[74, [340, 340, 340, 111, 0, 4]]
[75, [340, 356, 356, 111, 0, 4]]
[76, [340, 372, 372, 111, 0, 4]]
[77, [388, 388, 388, 111, 0, 4]]
[78, [388, 404, 404, 126, 0, 4]]
[79, [388, 420, 420, 426, 0, 4]]
[80, [436, 436, 436, 138, 288, 4]]
[81, [356, 372, 372, 138, 207, 5]]
[82, [276, 308, 308, 153, 126, 6]]
[83, [244, 244, 244, 9, 189, 7]]
[84, [164, 180, 180, 9, 108, 8]]
[85, [84, 116, 116, 9, 27, 9]]
[86, [102, 102, 102, 9, 0, 6]]
[87, [102, 118, 118, 9, 0, 6]]
[88, [102, 134, 134, 9, 0, 6]]
[89, [150, 150, 150, 9, 0, 6]]
[90, [150, 166, 166, 9, 0, 6]]
[91, [150, 182, 182, 9, 0, 6]]
[92, [198, 198, 198, 9, 0, 6]]
[93, [198, 214, 214, 9, 0, 6]]
[94, [198, 230, 230, 9, 0, 6]]
[95, [246, 246, 246, 9, 0, 6]]
[96, [246, 262, 262, 9, 0, 6]]
[97, [246, 278, 278, 9, 0, 6]]
[98, [294, 294, 294, 24, 0, 6]]
[99, [294, 310, 310, 324, 0, 6]]
[100, [294, 326, 326, 36, 288, 6]]
[101, [262, 262, 262, 36, 207, 7]]
[102, [182, 198, 198, 51, 126, 8]]
[103, [102, 134, 134, 51, 45, 9]]
[104, [100, 100, 100, 51, 0, 4]]
[105, [100, 116, 116, 51, 0, 4]]
[106, [100, 132, 132, 51, 0, 4]]
[107, [148, 148, 148, 51, 0, 4]]
[108, [148, 164, 164, 51, 0, 4]]
[109, [148, 180, 180, 51, 0, 4]]
[110, [196, 196, 196, 51, 0, 4]]
[111, [196, 212, 212, 51, 0, 4]]
[112, [196, 228, 228, 51, 0, 4]]
[113, [244, 244, 244, 51, 0, 4]]
[114, [244, 260, 260, 51, 0, 4]]
[115, [244, 276, 276, 51, 0, 4]]
[116, [292, 292, 292, 51, 0, 4]]
[117, [292, 308, 308, 51, 0, 4]]
[118, [292, 324, 324, 66, 0, 4]]
[119, [340, 340, 340, 366, 0, 4]]
[120, [340, 356, 356, 78, 288, 4]]
[121, [260, 292, 292, 78, 207, 5]]
[122, [228, 228, 228, 93, 126, 6]]
[123, [148, 164, 164, 93, 45, 7]]
[124, [118, 150, 150, 93, 0, 22]]
[125, [166, 166, 166, 93, 0, 22]]
[126, [166, 182, 182, 93, 0, 22]]
[127, [166, 198, 198, 93, 0, 22]]
[128, [214, 214, 214, 93, 0, 22]]
[129, [204, 220, 220, 93, 0, 12]]
[130, [204, 236, 236, 93, 0, 12]]
[131, [252, 252, 252, 93, 0, 12]]
[132, [252, 268, 268, 93, 0, 12]]
[133, [252, 284, 284, 93, 0, 12]]
[134, [300, 300, 300, 93, 0, 12]]
[135, [300, 316, 316, 93, 0, 12]]
[136, [290, 322, 322, 93, 0, 2]]
[137, [338, 338, 338, 93, 0, 2]]
[138, [338, 354, 354, 108, 0, 2]]
[139, [338, 370, 370, 393, 0, 2]]
[140, [386, 386, 386, 105, 288, 2]]
[141, [336, 352, 352, 105, 207, 33]]
[142, [326, 358, 358, 120, 126, 104]]
[143, [354, 354, 354, 120, 45, 165]]
[144, [344, 360, 360, 120, 0, 200]]
[145, [344, 376, 376, 120, 0, 200]]
[146, [382, 382, 382, 135, 0, 190]]
[147, [342, 358, 358, 135, 0, 150]]
[148, [282, 314, 314, 135, 0, 90]]
[149, [270, 270, 270, 135, 0, 30]]
[150, [240, 256, 256, 135, 0, 0]]
[151, [240, 272, 272, 135, 0, 0]]
[152, [288, 288, 288, 135, 0, 0]]
[153, [288, 304, 304, 135, 0, 0]]
[154, [288, 320, 320, 135, 0, 0]]
[155, [336, 336, 336, 135, 0, 0]]
[156, [336, 352, 352, 135, 0, 0]]
[157, [336, 368, 368, 135, 0, 0]]
[158, [384, 384, 384, 135, 0, 0]]
[159, [384, 400, 400, 420, 0, 0]]
[160, [384, 416, 416, 132, 288, 0]]
[161, [352, 352, 352, 132, 207, 1]]
[162, [272, 288, 288, 147, 126, 2]]
[163, [262, 294, 294, 3, 189, 73]]
[164, [300, 300, 300, 3, 108, 144]]
[165, [260, 276, 276, 3, 27, 185]]
[166, [200, 232, 232, 18, 0, 152]]
[167, [188, 188, 188, 18, 0, 92]]
[168, [98, 114, 114, 18, 0, 2]]
[169, [98, 130, 130, 18, 0, 2]]
[170, [146, 146, 146, 18, 0, 2]]
[171, [146, 162, 162, 18, 0, 2]]
[172, [146, 178, 178, 18, 0, 2]]
[173, [194, 194, 194, 18, 0, 2]]
[174, [194, 210, 210, 18, 0, 2]]
[175, [194, 226, 226, 18, 0, 2]]
[176, [242, 242, 242, 18, 0, 2]]
[177, [242, 258, 258, 18, 0, 2]]
[178, [242, 274, 274, 18, 0, 2]]
[179, [290, 290, 290, 303, 0, 2]]
[180, [290, 306, 306, 15, 288, 2]]
[181, [210, 242, 242, 15, 207, 3]]
[182, [178, 178, 178, 45, 126, 4]]
[183, [98, 114, 114, 45, 45, 5]]
[184, [48, 80, 80, 45, 0, 0]]
[185, [96, 96, 96, 45, 0, 0]]
[186, [96, 112, 112, 60, 0, 0]]
[187, [96, 128, 128, 60, 0, 0]]
[188, [144, 144, 144, 60, 0, 0]]
[189, [144, 160, 160, 60, 0, 0]]
[190, [144, 176, 176, 60, 0, 0]]
[191, [192, 192, 192, 60, 0, 0]]
[192, [192, 208, 208, 60, 0, 0]]
[193, [192, 224, 224, 60, 0, 0]]
[194, [240, 240, 240, 60, 0, 0]]
[195, [240, 256, 256, 60, 0, 0]]
[196, [240, 272, 272, 60, 0, 0]]
[197, [288, 288, 288, 60, 0, 0]]
[198, [288, 304, 304, 60, 0, 0]]
[199, [288, 320, 320, 345, 0, 0]]
[200, [336, 336, 336, 57, 288, 0]]
[201, [256, 272, 272, 57, 207, 1]]
[202, [176, 208, 208, 87, 126, 2]]
[203, [144, 144, 144, 87, 45, 3]]
[204, [104, 120, 120, 87, 0, 8]]
[205, [104, 136, 136, 87, 0, 8]]
[206, [152, 152, 152, 102, 0, 8]]
[207, [152, 168, 168, 102, 0, 8]]
[208, [152, 184, 184, 102, 0, 8]]
[209, [200, 200, 200, 102, 0, 8]]
[210, [200, 216, 216, 102, 0, 8]]
[211, [200, 232, 232, 102, 0, 8]]
[212, [248, 248, 248, 102, 0, 8]]
[213, [248, 264, 264, 102, 0, 8]]
[214, [248, 280, 280, 102, 0, 8]]
[215, [296, 296, 296, 102, 0, 8]]
[216, [296, 312, 312, 102, 0, 8]]
[217, [296, 328, 328, 102, 0, 8]]
[218, [344, 344, 344, 102, 0, 8]]
[219, [344, 360, 360, 387, 0, 8]]
[220, [344, 376, 376, 99, 288, 8]]
[221, [312, 312, 312, 99, 207, 9]]
[222, [222, 238, 238, 129, 126, 0]]
[223, [142, 174, 174, 129, 45, 1]]
[224, [150, 150, 150, 129, 0, 6]]
[225, [150, 166, 166, 129, 0, 6]]
[226, [150, 182, 182, 144, 0, 6]]
[227, [198, 198, 198, 0, 144, 6]]
[228, [118, 134, 134, 0, 63, 7]]
[229, [48, 80, 80, 0, 0, 0]]
[230, [96, 96, 96, 0, 0, 0]]
[231, [96, 112, 112, 0, 0, 0]]
[232, [96, 128, 128, 0, 0, 0]]
[233, [144, 144, 144, 0, 0, 0]]
[234, [144, 160, 160, 0, 0, 0]]
[235, [144, 176, 176, 0, 0, 0]]
[236, [192, 192, 192, 0, 0, 0]]
[237, [192, 208, 208, 0, 0, 0]]
[238, [192, 224, 224, 0, 0, 0]]
[239, [240, 240, 240, 285, 0, 0]]
[240, [240, 256, 256, 141, 144, 0]]
[241, [160, 192, 192, 141, 63, 1]]
[242, [148, 148, 148, 171, 0, 4]]
[243, [148, 164, 164, 27, 144, 4]]
[244, [68, 100, 100, 27, 63, 5]]
[245, [56, 56, 56, 27, 0, 8]]
[246, [56, 72, 72, 42, 0, 8]]
[247, [56, 88, 88, 42, 0, 8]]
[248, [104, 104, 104, 42, 0, 8]]
[249, [104, 120, 120, 42, 0, 8]]
[250, [104, 136, 136, 42, 0, 8]]
[251, [152, 152, 152, 42, 0, 8]]
[252, [152, 168, 168, 42, 0, 8]]
[253, [152, 184, 184, 42, 0, 8]]
[254, [200, 200, 200, 42, 0, 8]]
[255, [200, 216, 216, 42, 0, 8]]
[256, [200, 232, 232, 42, 0, 8]]
[257, [248, 248, 248, 42, 0, 8]]
[258, [248, 264, 264, 42, 0, 8]]
[259, [248, 280, 280, 327, 0, 8]]
[260, [296, 296, 296, 39, 288, 8]]
[261, [216, 232, 232, 39, 207, 9]]
[262, [126, 158, 158, 69, 126, 0]]
[263, [94, 94, 94, 69, 45, 1]]
[264, [54, 70, 70, 69, 0, 6]]
[265, [54, 86, 86, 69, 0, 6]]
[266, [102, 102, 102, 84, 0, 6]]
[267, [102, 118, 118, 84, 0, 6]]
[268, [102, 134, 134, 84, 0, 6]]
[269, [150, 150, 150, 84, 0, 6]]
[270, [150, 166, 166, 84, 0, 6]]
[271, [150, 182, 182, 84, 0, 6]]
[272, [198, 198, 198, 84, 0, 6]]
[273, [198, 214, 214, 84, 0, 6]]
[274, [198, 230, 230, 84, 0, 6]]
[275, [246, 246, 246, 84, 0, 6]]
[276, [246, 262, 262, 84, 0, 6]]
[277, [246, 278, 278, 84, 0, 6]]
[278, [294, 294, 294, 84, 0, 6]]
[279, [294, 310, 310, 369, 0, 6]]
[280, [294, 326, 326, 81, 288, 6]]
[281, [262, 262, 262, 81, 207, 7]]
[282, [192, 208, 208, 96, 126, 18]]
[283, [192, 224, 224, 96, 45, 99]]
[284, [240, 240, 240, 96, 0, 144]]
[285, [240, 256, 256, 96, 0, 144]]
[286, [240, 272, 272, 111, 0, 144]]
[287, [288, 288, 288, 111, 0, 144]]
[288, [238, 254, 254, 111, 0, 94]]
[289, [198, 230, 230, 111, 0, 54]]
[290, [236, 236, 236, 111, 0, 44]]
[291, [206, 222, 222, 126, 0, 14]]
[292, [196, 228, 228, 126, 0, 4]]
[293, [244, 244, 244, 126, 0, 4]]
[294, [244, 260, 260, 126, 0, 4]]
[295, [244, 276, 276, 126, 0, 4]]
[296, [292, 292, 292, 126, 0, 4]]
[297, [292, 308, 308, 126, 0, 4]]
[298, [292, 324, 324, 126, 0, 4]]
[299, [340, 340, 340, 366, 0, 4]]
[300, [340, 356, 356, 78, 288, 4]]
[301, [260, 292, 292, 93, 207, 5]]
[302, [268, 268, 268, 108, 126, 46]]
[303, [248, 264, 264, 108, 45, 107]]
[304, [248, 280, 280, 108, 0, 152]]
[305, [286, 286, 286, 108, 0, 142]]
[306, [226, 242, 242, 123, 0, 82]]
[307, [176, 208, 208, 123, 0, 32]]
[308, [194, 194, 194, 138, 0, 2]]
[309, [194, 210, 210, 138, 0, 2]]
[310, [194, 226, 226, 138, 0, 2]]
[311, [242, 242, 242, 153, 0, 2]]
[312, [242, 258, 258, 9, 144, 2]]
[313, [162, 194, 194, 9, 63, 3]]
[314, [150, 150, 150, 9, 0, 6]]
[315, [150, 166, 166, 9, 0, 6]]
[316, [150, 182, 182, 9, 0, 6]]
[317, [198, 198, 198, 9, 0, 6]]
[318, [198, 214, 214, 9, 0, 6]]
[319, [198, 230, 230, 234, 0, 6]]
[320, [246, 246, 246, 90, 144, 6]]
[321, [166, 182, 182, 105, 63, 7]]
[322, [96, 128, 128, 120, 0, 0]]
[323, [144, 144, 144, 120, 0, 0]]
[324, [144, 160, 160, 120, 0, 0]]
[325, [144, 176, 176, 135, 0, 0]]
[326, [192, 192, 192, 150, 0, 0]]
[327, [192, 208, 208, 6, 144, 0]]
[328, [112, 144, 144, 21, 63, 1]]
[329, [100, 100, 100, 36, 0, 4]]
[330, [100, 116, 116, 36, 0, 4]]
[331, [100, 132, 132, 51, 0, 4]]
[332, [148, 148, 148, 51, 0, 4]]
[333, [148, 164, 164, 51, 0, 4]]
[334, [148, 180, 180, 51, 0, 4]]
[335, [196, 196, 196, 51, 0, 4]]
[336, [196, 212, 212, 51, 0, 4]]
[337, [196, 228, 228, 51, 0, 4]]
[338, [244, 244, 244, 51, 0, 4]]
[339, [244, 260, 260, 261, 0, 4]]
[340, [244, 276, 276, 117, 144, 4]]
[341, [212, 212, 212, 132, 63, 5]]
[342, [152, 168, 168, 147, 0, 8]]
[343, [152, 184, 184, 3, 144, 8]]
[344, [120, 120, 120, 3, 63, 9]]
[345, [50, 66, 66, 18, 0, 2]]
[346, [50, 82, 82, 33, 0, 2]]
[347, [98, 98, 98, 48, 0, 2]]
[348, [98, 114, 114, 63, 0, 2]]
[349, [98, 130, 130, 78, 0, 2]]
[350, [146, 146, 146, 78, 0, 2]]
[351, [146, 162, 162, 93, 0, 2]]
[352, [146, 178, 178, 93, 0, 2]]
[353, [190, 194, 194, 93, 0, 2]]
[354, [194, 210, 210, 93, 0, 2]]
[355, [194, 226, 226, 93, 0, 2]]
[356, [238, 242, 242, 93, 0, 2]]
[357, [242, 258, 258, 93, 0, 2]]
[358, [242, 274, 274, 93, 0, 2]]
[359, [286, 290, 290, 303, 0, 2]]
[360, [290, 306, 306, 15, 288, 2]]
[361, [210, 242, 242, 30, 207, 3]]
[362, [174, 178, 178, 45, 126, 4]]
[363, [98, 114, 114, 45, 45, 5]]
[364, [48, 80, 80, 45, 0, 0]]
[365, [92, 96, 96, 60, 0, 0]]
[366, [96, 112, 112, 75, 0, 0]]
[367, [96, 128, 128, 90, 0, 0]]
[368, [140, 144, 144, 105, 0, 0]]
[369, [144, 160, 160, 120, 0, 0]]
[370, [144, 176, 176, 120, 0, 0]]
[371, [188, 192, 192, 135, 0, 0]]
[372, [192, 208, 208, 135, 0, 0]]
[373, [192, 224, 224, 135, 0, 0]]
[374, [236, 240, 240, 135, 0, 0]]
[375, [240, 256, 256, 135, 0, 0]]
[376, [240, 272, 272, 135, 0, 0]]
[377, [284, 288, 288, 135, 0, 0]]
[378, [288, 304, 304, 135, 0, 0]]
[379, [288, 320, 320, 330, 0, 0]]
[380, [332, 336, 336, 42, 288, 0]]
[381, [256, 272, 272, 57, 207, 1]]
[382, [176, 208, 208, 72, 126, 2]]
[383, [140, 144, 144, 87, 45, 3]]
[384, [104, 120, 120, 87, 0, 8]]
[385, [104, 136, 136, 102, 0, 8]]
[386, [148, 152, 152, 117, 0, 8]]
[387, [152, 168, 168, 132, 0, 8]]
[388, [152, 184, 184, 147, 0, 8]]
[389, [196, 200, 200, 18, 144, 8]]
[390, [120, 136, 136, 18, 63, 9]]
[391, [50, 82, 82, 33, 0, 2]]
[392, [94, 98, 98, 33, 0, 2]]
[393, [98, 114, 114, 33, 0, 2]]
[394, [98, 130, 130, 33, 0, 2]]
[395, [142, 146, 146, 33, 0, 2]]
[396, [146, 162, 162, 33, 0, 2]]
[397, [146, 178, 178, 33, 0, 2]]
[398, [190, 194, 194, 33, 0, 2]]
[399, [194, 210, 210, 228, 0, 2]]
[400, [194, 226, 226, 84, 144, 2]]
[401, [158, 162, 162, 99, 63, 3]]
[402, [102, 118, 118, 114, 0, 6]]
[403, [102, 134, 134, 129, 0, 6]]
[404, [146, 150, 150, 129, 0, 6]]
[405, [150, 166, 166, 144, 0, 6]]
[406, [150, 182, 182, 15, 144, 6]]
[407, [114, 118, 118, 30, 63, 7]]
[408, [48, 64, 64, 45, 0, 0]]
[409, [48, 80, 80, 60, 0, 0]]
[410, [92, 96, 96, 60, 0, 0]]
[411, [96, 112, 112, 75, 0, 0]]
[412, [96, 128, 128, 75, 0, 0]]
[413, [140, 144, 144, 75, 0, 0]]
[414, [144, 160, 160, 75, 0, 0]]
[415, [144, 176, 176, 75, 0, 0]]
[416, [188, 192, 192, 75, 0, 0]]
[417, [192, 208, 208, 75, 0, 0]]
[418, [192, 224, 224, 75, 0, 0]]
[419, [236, 240, 240, 270, 0, 0]]
[420, [240, 256, 256, 126, 144, 0]]
[421, [160, 192, 192, 141, 63, 1]]
[422, [144, 148, 148, 156, 0, 4]]
[423, [148, 164, 164, 27, 144, 4]]
[424, [78, 110, 110, 27, 63, 15]]
[425, [92, 96, 96, 42, 0, 48]]
[426, [76, 92, 92, 57, 0, 28]]
[427, [56, 88, 88, 72, 0, 8]]
[428, [100, 104, 104, 87, 0, 8]]
[429, [104, 120, 120, 102, 0, 8]]
[430, [104, 136, 136, 102, 0, 8]]
[431, [148, 152, 152, 117, 0, 8]]
[432, [152, 168, 168, 117, 0, 8]]
[433, [152, 184, 184, 117, 0, 8]]
[434, [196, 200, 200, 117, 0, 8]]
[435, [200, 216, 216, 117, 0, 8]]
[436, [200, 232, 232, 117, 0, 8]]
[437, [244, 248, 248, 117, 0, 8]]
[438, [248, 264, 264, 117, 0, 8]]
[439, [248, 280, 280, 312, 0, 8]]
[440, [292, 296, 296, 24, 288, 8]]
[441, [216, 232, 232, 39, 207, 9]]
[442, [126, 158, 158, 54, 126, 0]]
[443, [120, 124, 124, 69, 45, 31]]
[444, [104, 120, 120, 69, 0, 56]]
[445, [84, 116, 116, 84, 0, 36]]
[446, [118, 122, 122, 99, 0, 26]]
[447, [122, 138, 138, 114, 0, 26]]
[448, [102, 134, 134, 129, 0, 6]]
[449, [146, 150, 150, 144, 0, 6]]
[450, [150, 166, 166, 0, 144, 6]]
[451, [80, 112, 112, 15, 63, 17]]
[452, [124, 128, 128, 15, 0, 80]]
[453, [128, 144, 144, 15, 0, 80]]
[454, [78, 110, 110, 15, 0, 30]]
[455, [92, 96, 96, 15, 0, 0]]
[456, [96, 112, 112, 15, 0, 0]]
[457, [96, 128, 128, 15, 0, 0]]
[458, [140, 144, 144, 15, 0, 0]]
[459, [144, 160, 160, 210, 0, 0]]
[460, [144, 176, 176, 66, 144, 0]]
[461, [108, 112, 112, 81, 63, 1]]
[462, [52, 68, 68, 96, 0, 4]]
[463, [52, 84, 84, 111, 0, 4]]
[464, [96, 100, 100, 111, 0, 4]]
[465, [100, 116, 116, 126, 0, 4]]
[466, [100, 132, 132, 141, 0, 4]]
[467, [144, 148, 148, 156, 0, 4]]
[468, [148, 164, 164, 27, 144, 4]]
[469, [68, 100, 100, 42, 63, 5]]
[470, [52, 56, 56, 42, 0, 8]]
[471, [56, 72, 72, 57, 0, 8]]
[472, [56, 88, 88, 57, 0, 8]]
[473, [100, 104, 104, 57, 0, 8]]
[474, [104, 120, 120, 57, 0, 8]]
[475, [104, 136, 136, 57, 0, 8]]
[476, [148, 152, 152, 57, 0, 8]]
[477, [152, 168, 168, 57, 0, 8]]
[478, [152, 184, 184, 57, 0, 8]]
[479, [196, 200, 200, 237, 0, 8]]
[480, [200, 216, 216, 93, 144, 8]]
[481, [120, 152, 152, 108, 63, 9]]
[482, [94, 98, 98, 123, 0, 2]]
[483, [98, 114, 114, 138, 0, 2]]
[484, [98, 130, 130, 138, 0, 2]]
[485, [142, 146, 146, 153, 0, 2]]
[486, [146, 162, 162, 24, 144, 2]]
[487, [66, 98, 98, 39, 63, 3]]
[488, [50, 54, 54, 54, 0, 6]]
[489, [54, 70, 70, 69, 0, 6]]
[490, [54, 86, 86, 69, 0, 6]]
[491, [98, 102, 102, 84, 0, 6]]
[492, [102, 118, 118, 84, 0, 6]]
[493, [102, 134, 134, 84, 0, 6]]
[494, [146, 150, 150, 99, 0, 6]]
[495, [150, 166, 166, 99, 0, 6]]
[496, [150, 182, 182, 99, 0, 6]]
[497, [194, 198, 198, 99, 0, 6]]
[498, [198, 214, 214, 99, 0, 6]]
[499, [198, 230, 230, 264, 0, 6]]
[500, [242, 246, 246, 120, 144, 6]]
[501, [166, 182, 182, 135, 63, 7]]
[502, [96, 128, 128, 150, 0, 0]]
[503, [140, 144, 144, 36, 144, 0]]
[504, [64, 80, 80, 36, 63, 1]]
[505, [4, 36, 36, 51, 0, 4]]
[506, [48, 52, 52, 66, 0, 4]]
[507, [52, 68, 68, 81, 0, 4]]
[508, [52, 84, 84, 96, 0, 4]]
[509, [96, 100, 100, 111, 0, 4]]
[510, [100, 116, 116, 111, 0, 4]]
[511, [100, 132, 132, 126, 0, 4]]
[512, [144, 148, 148, 126, 0, 4]]
[513, [148, 164, 164, 126, 0, 4]]
[514, [148, 180, 180, 141, 0, 4]]
[515, [192, 196, 196, 141, 0, 4]]
[516, [196, 212, 212, 141, 0, 4]]
[517, [196, 228, 228, 141, 0, 4]]
[518, [240, 244, 244, 141, 0, 4]]
[519, [244, 260, 260, 306, 0, 4]]
[520, [244, 276, 276, 18, 288, 4]]
[521, [208, 212, 212, 33, 207, 5]]
[522, [132, 148, 148, 48, 126, 6]]
[523, [52, 84, 84, 78, 45, 7]]
[524, [46, 50, 50, 78, 0, 2]]
[525, [50, 66, 66, 93, 0, 2]]
[526, [50, 82, 82, 108, 0, 2]]
[527, [94, 98, 98, 123, 0, 2]]
[528, [98, 114, 114, 138, 0, 2]]
[529, [98, 130, 130, 153, 0, 2]]
[530, [142, 146, 146, 9, 144, 2]]
[531, [66, 82, 82, 24, 63, 3]]
[532, [6, 38, 38, 24, 0, 6]]
[533, [50, 54, 54, 24, 0, 6]]
[534, [54, 70, 70, 39, 0, 6]]
[535, [54, 86, 86, 39, 0, 6]]
[536, [98, 102, 102, 39, 0, 6]]
[537, [102, 118, 118, 39, 0, 6]]
[538, [102, 134, 134, 39, 0, 6]]
[539, [146, 150, 150, 189, 0, 6]]
[540, [150, 166, 166, 45, 144, 6]]
[541, [70, 102, 102, 60, 63, 7]]
[542, [44, 48, 48, 60, 0, 0]]
[543, [48, 64, 64, 90, 0, 0]]
[544, [48, 80, 80, 90, 0, 0]]
[545, [92, 96, 96, 105, 0, 0]]
[546, [96, 112, 112, 120, 0, 0]]
[547, [96, 128, 128, 135, 0, 0]]
[548, [140, 144, 144, 150, 0, 0]]
[549, [144, 160, 160, 21, 144, 0]]
[550, [64, 96, 96, 36, 63, 1]]
[551, [48, 52, 52, 51, 0, 4]]
[552, [52, 68, 68, 51, 0, 4]]
[553, [52, 84, 84, 51, 0, 4]]
[554, [96, 100, 100, 66, 0, 4]]
[555, [100, 116, 116, 81, 0, 4]]
[556, [100, 132, 132, 81, 0, 4]]
[557, [144, 148, 148, 81, 0, 4]]
[558, [148, 164, 164, 81, 0, 4]]
[559, [148, 180, 180, 231, 0, 4]]
[560, [192, 196, 196, 87, 144, 4]]
[561, [116, 132, 132, 102, 63, 5]]
[562, [56, 88, 88, 102, 0, 8]]
[563, [100, 104, 104, 132, 0, 8]]
[564, [104, 120, 120, 132, 0, 8]]
[565, [104, 136, 136, 147, 0, 8]]
[566, [148, 152, 152, 18, 144, 8]]
[567, [72, 88, 88, 33, 63, 9]]
[568, [2, 34, 34, 48, 0, 2]]
[569, [46, 50, 50, 63, 0, 2]]
[570, [50, 66, 66, 78, 0, 2]]
[571, [50, 82, 82, 93, 0, 2]]
[572, [94, 98, 98, 93, 0, 2]]
[573, [98, 114, 114, 93, 0, 2]]
[574, [98, 130, 130, 108, 0, 2]]
[575, [142, 146, 146, 123, 0, 2]]
[576, [146, 162, 162, 123, 0, 2]]
[577, [146, 178, 178, 123, 0, 2]]
[578, [190, 194, 194, 123, 0, 2]]
[579, [194, 210, 210, 273, 0, 2]]
[580, [194, 226, 226, 129, 144, 2]]
[581, [158, 162, 162, 144, 63, 3]]
[582, [102, 118, 118, 0, 144, 6]]
[583, [72, 104, 104, 30, 63, 57]]
[584, [116, 120, 120, 30, 0, 120]]
[585, [60, 76, 76, 45, 0, 60]]
[586, [30, 62, 62, 60, 0, 30]]
[587, [64, 68, 68, 75, 0, 20]]
[588, [48, 64, 64, 90, 0, 0]]
[589, [48, 80, 80, 105, 0, 0]]
[590, [92, 96, 96, 120, 0, 0]]
[591, [96, 112, 112, 135, 0, 0]]
[592, [96, 128, 128, 135, 0, 0]]
[593, [140, 144, 144, 135, 0, 0]]
[594, [144, 160, 160, 150, 0, 0]]
[595, [144, 176, 176, 21, 144, 0]]
[596, [118, 122, 122, 21, 63, 11]]
[597, [92, 108, 108, 21, 0, 44]]
[598, [72, 104, 104, 21, 0, 24]]
[599, [96, 100, 100, 171, 0, 4]]
[600, [100, 116, 116, 27, 144, 4]]
[601, [40, 72, 72, 42, 63, 25]]
[602, [84, 88, 88, 42, 0, 88]]
[603, [38, 54, 54, 72, 0, 38]]
[604, [18, 50, 50, 72, 0, 18]]
[605, [52, 56, 56, 87, 0, 8]]
[606, [56, 72, 72, 102, 0, 8]]
[607, [56, 88, 88, 117, 0, 8]]
[608, [100, 104, 104, 132, 0, 8]]
[609, [104, 120, 120, 147, 0, 8]]
[610, [104, 136, 136, 18, 144, 8]]
[611, [68, 72, 72, 33, 63, 9]]
[612, [12, 28, 28, 33, 0, 12]]
[613, [12, 44, 44, 33, 0, 12]]
[614, [46, 50, 50, 48, 0, 2]]
[615, [50, 66, 66, 63, 0, 2]]
[616, [50, 82, 82, 63, 0, 2]]
[617, [94, 98, 98, 63, 0, 2]]
[618, [98, 114, 114, 63, 0, 2]]
[619, [98, 130, 130, 213, 0, 2]]
[620, [142, 146, 146, 69, 144, 2]]
[621, [66, 82, 82, 84, 63, 3]]
[622, [6, 38, 38, 84, 0, 6]]
[623, [50, 54, 54, 114, 0, 6]]
[624, [54, 70, 70, 114, 0, 6]]
[625, [54, 86, 86, 129, 0, 6]]
[626, [98, 102, 102, 144, 0, 6]]
[627, [102, 118, 118, 15, 144, 6]]
[628, [22, 54, 54, 30, 63, 7]]
[629, [6, 10, 10, 45, 0, 10]]
[630, [0, 16, 16, 60, 0, 0]]
[631, [0, 32, 32, 75, 0, 0]]
[632, [44, 48, 48, 75, 0, 0]]
[633, [48, 64, 64, 75, 0, 0]]
[634, [48, 80, 80, 90, 0, 0]]
[635, [92, 96, 96, 105, 0, 0]]
[636, [96, 112, 112, 105, 0, 0]]
[637, [96, 128, 128, 105, 0, 0]]
[638, [140, 144, 144, 105, 0, 0]]
[639, [144, 160, 160, 255, 0, 0]]
[640, [144, 176, 176, 111, 144, 0]]
[641, [108, 112, 112, 126, 63, 1]]
[642, [52, 68, 68, 126, 0, 4]]
[643, [52, 84, 84, 156, 0, 4]]
[644, [96, 100, 100, 12, 144, 4]]
[645, [20, 36, 36, 27, 63, 5]]
[646, [0, 32, 32, 42, 0, 48]]
[647, [4, 8, 8, 57, 0, 8]]
[648, [8, 24, 24, 72, 0, 8]]
[649, [8, 40, 40, 87, 0, 8]]
[650, [52, 56, 56, 102, 0, 8]]
[651, [56, 72, 72, 117, 0, 8]]
[652, [56, 88, 88, 117, 0, 8]]
[653, [100, 104, 104, 117, 0, 8]]
[654, [104, 120, 120, 132, 0, 8]]
[655, [104, 136, 136, 147, 0, 8]]
[656, [148, 152, 152, 3, 144, 8]]
[657, [72, 88, 88, 3, 63, 9]]
[658, [2, 34, 34, 3, 0, 2]]
[659, [46, 50, 50, 153, 0, 2]]
[660, [50, 66, 66, 9, 144, 2]]
[661, [0, 32, 32, 24, 63, 33]]
[662, [4, 8, 8, 24, 0, 56]]
[663, [8, 24, 24, 54, 0, 56]]
[664, [8, 40, 40, 54, 0, 56]]
[665, [2, 6, 6, 69, 0, 6]]
[666, [6, 22, 22, 84, 0, 6]]
[667, [6, 38, 38, 99, 0, 6]]
[668, [50, 54, 54, 114, 0, 6]]
[669, [54, 70, 70, 129, 0, 6]]
[670, [54, 86, 86, 144, 0, 6]]
[671, [98, 102, 102, 15, 144, 6]]
[672, [22, 38, 38, 15, 63, 7]]
[673, [2, 34, 34, 15, 0, 50]]
[674, [6, 10, 10, 30, 0, 10]]
[675, [0, 16, 16, 45, 0, 0]]
[676, [0, 32, 32, 45, 0, 0]]
[677, [44, 48, 48, 45, 0, 0]]
[678, [48, 64, 64, 45, 0, 0]]
[679, [48, 80, 80, 195, 0, 0]]
[680, [92, 96, 96, 51, 144, 0]]
[681, [16, 32, 32, 66, 63, 1]]
[682, [6, 38, 38, 66, 0, 54]]
[683, [0, 4, 4, 96, 0, 4]]
[684, [4, 20, 20, 96, 0, 4]]
[685, [4, 36, 36, 111, 0, 4]]
[686, [48, 52, 52, 126, 0, 4]]
[687, [52, 68, 68, 141, 0, 4]]
[688, [52, 84, 84, 156, 0, 4]]
[689, [96, 100, 100, 27, 144, 4]]
[690, [20, 36, 36, 42, 63, 5]]
[691, [0, 32, 32, 57, 0, 48]]
[692, [4, 8, 8, 57, 0, 8]]
[693, [8, 24, 24, 57, 0, 8]]
[694, [8, 40, 40, 72, 0, 8]]
[695, [52, 56, 56, 87, 0, 8]]
[696, [56, 72, 72, 87, 0, 8]]
[697, [56, 88, 88, 87, 0, 8]]
[698, [100, 104, 104, 87, 0, 8]]
[699, [104, 120, 120, 237, 0, 8]]
[700, [104, 136, 136, 93, 144, 8]]
[701, [68, 72, 72, 108, 63, 9]]
[702, [2, 18, 18, 108, 0, 2]]
[703, [2, 34, 34, 138, 0, 2]]
[704, [46, 50, 50, 138, 0, 2]]
[705, [50, 66, 66, 153, 0, 2]]
[706, [50, 82, 82, 24, 144, 2]]
[707, [14, 18, 18, 39, 63, 3]]
[708, [8, 24, 24, 54, 0, 56]]
[709, [8, 40, 40, 69, 0, 56]]
[710, [2, 6, 6, 84, 0, 6]]
[711, [6, 22, 22, 99, 0, 6]]
[712, [6, 38, 38, 99, 0, 6]]
[713, [50, 54, 54, 99, 0, 6]]
[714, [54, 70, 70, 114, 0, 6]]
[715, [54, 86, 86, 129, 0, 6]]
[716, [98, 102, 102, 129, 0, 6]]
[717, [102, 118, 118, 129, 0, 6]]
[718, [102, 134, 134, 129, 0, 6]]
[719, [146, 150, 150, 279, 0, 6]]
[720, [150, 166, 166, 135, 144, 6]]
[721, [70, 102, 102, 150, 63, 7]]
[722, [44, 48, 48, 6, 144, 0]]
[723, [8, 24, 24, 36, 63, 41]]
[724, [8, 40, 40, 36, 0, 104]]
[725, [2, 6, 6, 51, 0, 54]]
[726, [6, 22, 22, 66, 0, 54]]
[727, [6, 38, 38, 81, 0, 54]]
[728, [0, 4, 4, 96, 0, 4]]
[729, [4, 20, 20, 111, 0, 4]]
[730, [4, 36, 36, 126, 0, 4]]
[731, [48, 52, 52, 141, 0, 4]]
[732, [52, 68, 68, 141, 0, 4]]
[733, [52, 84, 84, 141, 0, 4]]
[734, [96, 100, 100, 156, 0, 4]]
[735, [100, 116, 116, 27, 144, 4]]
[736, [40, 72, 72, 27, 63, 25]]
[737, [64, 68, 68, 27, 0, 68]]
[738, [68, 84, 84, 27, 0, 68]]
[739, [18, 50, 50, 177, 0, 18]]
[740, [52, 56, 56, 33, 144, 8]]
[741, [6, 22, 22, 48, 63, 39]]
[742, [6, 38, 38, 48, 0, 102]]
[743, [0, 4, 4, 78, 0, 52]]
[744, [4, 20, 20, 78, 0, 52]]
[745, [4, 36, 36, 93, 0, 52]]
[746, [8, 12, 12, 108, 0, 12]]
[747, [2, 18, 18, 123, 0, 2]]
[748, [2, 34, 34, 138, 0, 2]]
[749, [46, 50, 50, 153, 0, 2]]
[750, [50, 66, 66, 24, 144, 2]]
[751, [0, 32, 32, 39, 63, 33]]
[752, [4, 8, 8, 39, 0, 56]]
[753, [8, 24, 24, 39, 0, 56]]
[754, [8, 40, 40, 54, 0, 56]]
[755, [2, 6, 6, 69, 0, 6]]
[756, [6, 22, 22, 69, 0, 6]]
[757, [6, 38, 38, 69, 0, 6]]
[758, [50, 54, 54, 69, 0, 6]]
[759, [54, 70, 70, 219, 0, 6]]
[760, [54, 86, 86, 75, 144, 6]]
[761, [18, 22, 22, 90, 63, 7]]
[762, [2, 18, 18, 90, 0, 50]]
[763, [2, 34, 34, 120, 0, 50]]
[764, [6, 10, 10, 120, 0, 10]]
[765, [0, 16, 16, 135, 0, 0]]
[766, [0, 32, 32, 150, 0, 0]]
[767, [44, 48, 48, 6, 144, 0]]
[768, [8, 24, 24, 21, 63, 41]]
[769, [8, 40, 40, 36, 0, 104]]
[770, [2, 6, 6, 51, 0, 54]]
[771, [6, 22, 22, 66, 0, 54]]
[772, [6, 38, 38, 81, 0, 54]]
[773, [0, 4, 4, 81, 0, 4]]
[774, [4, 20, 20, 96, 0, 4]]
[775, [4, 36, 36, 111, 0, 4]]
[776, [48, 52, 52, 111, 0, 4]]
[777, [52, 68, 68, 111, 0, 4]]
[778, [52, 84, 84, 111, 0, 4]]
[779, [96, 100, 100, 261, 0, 4]]
[780, [100, 116, 116, 117, 144, 4]]
[781, [20, 52, 52, 132, 63, 5]]
[782, [4, 8, 8, 132, 0, 8]]
[783, [8, 24, 24, 162, 0, 8]]
[784, [8, 40, 40, 18, 144, 8]]
[785, [2, 6, 6, 33, 63, 39]]
[786, [6, 22, 22, 48, 0, 102]]
[787, [6, 38, 38, 48, 0, 102]]
[788, [0, 4, 4, 63, 0, 52]]
[789, [4, 20, 20, 78, 0, 52]]
[790, [4, 36, 36, 78, 0, 52]]
[791, [8, 12, 12, 108, 0, 12]]
[792, [2, 18, 18, 123, 0, 2]]
[793, [2, 34, 34, 123, 0, 2]]
[794, [46, 50, 50, 138, 0, 2]]
[795, [50, 66, 66, 153, 0, 2]]
[796, [50, 82, 82, 9, 144, 2]]
[797, [14, 18, 18, 9, 63, 3]]
[798, [8, 24, 24, 9, 0, 56]]
[799, [8, 40, 40, 144, 0, 56]]
[800, [2, 6, 6, 0, 144, 6]]
[801, [6, 22, 22, 15, 63, 87]]
[802, [6, 38, 38, 15, 0, 150]]
[803, [0, 4, 4, 45, 0, 100]]
[804, [4, 20, 20, 45, 0, 100]]
[805, [4, 36, 36, 60, 0, 100]]
[806, [8, 12, 12, 90, 0, 60]]
[807, [2, 18, 18, 90, 0, 50]]
[808, [2, 34, 34, 105, 0, 50]]
[809, [6, 10, 10, 120, 0, 10]]
[810, [0, 16, 16, 120, 0, 0]]
[811, [0, 32, 32, 150, 0, 0]]
[812, [44, 48, 48, 21, 144, 0]]
[813, [8, 24, 24, 21, 63, 41]]
[814, [8, 40, 40, 36, 0, 104]]
[815, [2, 6, 6, 51, 0, 54]]
[816, [6, 22, 22, 51, 0, 54]]
[817, [6, 38, 38, 51, 0, 54]]
[818, [0, 4, 4, 51, 0, 4]]
[819, [4, 20, 20, 171, 0, 4]]
[820, [4, 36, 36, 27, 144, 4]]
[821, [8, 12, 12, 42, 63, 45]]
[822, [2, 18, 18, 42, 0, 98]]
[823, [2, 34, 34, 72, 0, 98]]
[824, [6, 10, 10, 72, 0, 58]]
[825, [0, 16, 16, 87, 0, 48]]
[826, [0, 32, 32, 117, 0, 48]]
[827, [4, 8, 8, 117, 0, 8]]
[828, [8, 24, 24, 132, 0, 8]]
[829, [8, 40, 40, 147, 0, 8]]
[830, [52, 56, 56, 3, 144, 8]]
[831, [6, 22, 22, 18, 63, 39]]
[832, [6, 38, 38, 33, 0, 102]]
[833, [0, 4, 4, 33, 0, 52]]
[834, [4, 20, 20, 48, 0, 52]]
[835, [4, 36, 36, 78, 0, 52]]
[836, [8, 12, 12, 78, 0, 12]]
[837, [2, 18, 18, 78, 0, 2]]
[838, [2, 34, 34, 78, 0, 2]]
[839, [46, 50, 50, 198, 0, 2]]
[840, [50, 66, 66, 54, 144, 2]]
[841, [0, 32, 32, 69, 63, 33]]
[842, [4, 8, 8, 69, 0, 56]]
[843, [8, 24, 24, 99, 0, 56]]
[844, [8, 40, 40, 114, 0, 56]]
[845, [2, 6, 6, 129, 0, 6]]
[846, [6, 22, 22, 159, 0, 6]]
[847, [6, 38, 38, 15, 144, 6]]
[848, [0, 4, 4, 30, 63, 37]]
[849, [4, 20, 20, 45, 0, 100]]
[850, [4, 36, 36, 45, 0, 100]]
[851, [8, 12, 12, 60, 0, 60]]
[852, [2, 18, 18, 60, 0, 50]]
[853, [2, 34, 34, 60, 0, 50]]
[854, [6, 10, 10, 75, 0, 10]]
[855, [0, 16, 16, 105, 0, 0]]
[856, [0, 32, 32, 105, 0, 0]]
[857, [44, 48, 48, 105, 0, 0]]
[858, [48, 64, 64, 105, 0, 0]]
[859, [48, 80, 80, 225, 0, 0]]
[860, [92, 96, 96, 81, 144, 0]]
[861, [16, 32, 32, 96, 63, 1]]
[862, [6, 38, 38, 111, 0, 54]]
[863, [0, 4, 4, 141, 0, 4]]
[864, [4, 20, 20, 156, 0, 4]]
[865, [4, 36, 36, 27, 144, 4]]
[866, [8, 12, 12, 57, 63, 45]]
[867, [2, 18, 18, 57, 0, 98]]
[868, [2, 34, 34, 72, 0, 98]]
[869, [6, 10, 10, 87, 0, 58]]
[870, [0, 16, 16, 87, 0, 48]]
[871, [0, 32, 32, 102, 0, 48]]
[872, [4, 8, 8, 102, 0, 8]]
[873, [8, 24, 24, 102, 0, 8]]
[874, [8, 40, 40, 117, 0, 8]]
[875, [52, 56, 56, 147, 0, 8]]
[876, [56, 72, 72, 3, 144, 8]]
[877, [6, 38, 38, 3, 63, 39]]
[878, [0, 4, 4, 3, 0, 52]]
[879, [4, 20, 20, 123, 0, 52]]
[880, [4, 36, 36, 123, 0, 52]]
[881, [8, 12, 12, 138, 0, 12]]
[882, [2, 18, 18, 153, 0, 2]]
[883, [2, 34, 34, 39, 144, 2]]
[884, [6, 10, 10, 54, 63, 43]]
[885, [0, 16, 16, 69, 0, 96]]
[886, [0, 32, 32, 99, 0, 96]]
[887, [4, 8, 8, 99, 0, 56]]
[888, [8, 24, 24, 114, 0, 56]]
[889, [8, 40, 40, 129, 0, 56]]
[890, [2, 6, 6, 129, 0, 6]]
[891, [6, 22, 22, 144, 0, 6]]
[892, [6, 38, 38, 0, 144, 6]]
[893, [0, 4, 4, 0, 63, 37]]
[894, [4, 20, 20, 15, 0, 100]]
[895, [4, 36, 36, 45, 0, 100]]
[896, [8, 12, 12, 45, 0, 60]]
[897, [2, 18, 18, 45, 0, 50]]
[898, [2, 34, 34, 45, 0, 50]]
[899, [6, 10, 10, 165, 0, 10]]
[900, [0, 16, 16, 21, 144, 0]]
[901, [0, 32, 32, 36, 63, 81]]
[902, [4, 8, 8, 51, 0, 104]]
[903, [8, 24, 24, 81, 0, 104]]
[904, [8, 40, 40, 96, 0, 104]]
[905, [2, 6, 6, 111, 0, 54]]
[906, [6, 22, 22, 141, 0, 54]]
[907, [6, 38, 38, 141, 0, 54]]
[908, [0, 4, 4, 156, 0, 4]]
[909, [4, 20, 20, 27, 144, 4]]
[910, [4, 36, 36, 27, 63, 85]]
[911, [8, 12, 12, 42, 0, 108]]
[912, [2, 18, 18, 42, 0, 98]]
[913, [2, 34, 34, 42, 0, 98]]
[914, [6, 10, 10, 42, 0, 58]]
[915, [0, 16, 16, 72, 0, 48]]
[916, [0, 32, 32, 72, 0, 48]]
[917, [4, 8, 8, 72, 0, 8]]
[918, [8, 24, 24, 72, 0, 8]]
[919, [8, 40, 40, 192, 0, 8]]
[920, [52, 56, 56, 48, 144, 8]]
[921, [6, 22, 22, 63, 63, 39]]
[922, [6, 38, 38, 78, 0, 102]]
[923, [0, 4, 4, 108, 0, 52]]
[924, [4, 20, 20, 108, 0, 52]]
[925, [4, 36, 36, 123, 0, 52]]
[926, [8, 12, 12, 153, 0, 12]]
[927, [2, 18, 18, 9, 144, 2]]
[928, [2, 34, 34, 39, 63, 83]]
[929, [6, 10, 10, 54, 0, 106]]
[930, [0, 16, 16, 54, 0, 96]]
[931, [0, 32, 32, 69, 0, 96]]
[932, [4, 8, 8, 69, 0, 56]]
[933, [8, 24, 24, 69, 0, 56]]
[934, [8, 40, 40, 69, 0, 56]]
[935, [2, 6, 6, 84, 0, 6]]
[936, [6, 22, 22, 84, 0, 6]]
[937, [6, 38, 38, 84, 0, 6]]
[938, [50, 54, 54, 84, 0, 6]]
[939, [54, 70, 70, 204, 0, 6]]
[940, [54, 86, 86, 60, 144, 6]]
[941, [18, 22, 22, 75, 63, 7]]
[942, [2, 18, 18, 90, 0, 50]]
[943, [2, 34, 34, 120, 0, 50]]
[944, [6, 10, 10, 135, 0, 10]]
[945, [0, 16, 16, 150, 0, 0]]
[946, [0, 32, 32, 36, 144, 0]]
[947, [4, 8, 8, 36, 63, 41]]
[948, [8, 24, 24, 66, 0, 104]]
[949, [8, 40, 40, 96, 0, 104]]
[950, [2, 6, 6, 96, 0, 54]]
[951, [6, 22, 22, 111, 0, 54]]
[952, [6, 38, 38, 111, 0, 54]]
[953, [0, 4, 4, 111, 0, 4]]
[954, [4, 20, 20, 111, 0, 4]]
[955, [4, 36, 36, 126, 0, 4]]
[956, [48, 52, 52, 126, 0, 4]]
[957, [52, 68, 68, 126, 0, 4]]
[958, [52, 84, 84, 126, 0, 4]]
[959, [96, 100, 100, 231, 0, 4]]
[960, [100, 116, 116, 102, 144, 4]]
[961, [20, 52, 52, 117, 63, 5]]
[962, [4, 8, 8, 132, 0, 8]]
[963, [8, 24, 24, 162, 0, 8]]
[964, [8, 40, 40, 33, 144, 8]]
[965, [2, 6, 6, 48, 63, 39]]
[966, [6, 22, 22, 63, 0, 102]]
[967, [6, 38, 38, 63, 0, 102]]
[968, [0, 4, 4, 93, 0, 52]]
[969, [4, 20, 20, 123, 0, 52]]
[970, [4, 36, 36, 123, 0, 52]]
[971, [8, 12, 12, 153, 0, 12]]
[972, [2, 18, 18, 9, 144, 2]]
[973, [2, 34, 34, 9, 63, 83]]
[974, [6, 10, 10, 9, 0, 106]]
[975, [0, 16, 16, 24, 0, 96]]
[976, [0, 32, 32, 24, 0, 96]]
[977, [4, 8, 8, 24, 0, 56]]
[978, [8, 24, 24, 24, 0, 56]]
[979, [8, 40, 40, 129, 0, 56]]
[980, [2, 6, 6, 144, 0, 6]]
[981, [6, 22, 22, 15, 144, 6]]
[982, [6, 38, 38, 30, 63, 87]]
[983, [0, 4, 4, 60, 0, 100]]
[984, [4, 20, 20, 75, 0, 100]]
[985, [4, 36, 36, 90, 0, 100]]
[986, [8, 12, 12, 105, 0, 60]]
[987, [2, 18, 18, 105, 0, 50]]
[988, [2, 34, 34, 135, 0, 50]]
[989, [6, 10, 10, 165, 0, 10]]
[990, [0, 16, 16, 21, 144, 0]]
[991, [0, 32, 32, 51, 63, 81]]
[992, [4, 8, 8, 51, 0, 104]]
[993, [8, 24, 24, 51, 0, 104]]
[994, [8, 40, 40, 51, 0, 104]]
[995, [2, 6, 6, 66, 0, 54]]
[996, [6, 22, 22, 66, 0, 54]]
[997, [6, 38, 38, 66, 0, 54]]
[998, [0, 4, 4, 66, 0, 4]]
[999, [4, 20, 20, 171, 0, 4]]
[1000, [4, 36, 36, 42, 144, 4]]
[1001, [8, 12, 12, 57, 63, 45]]
[1002, [2, 18, 18, 72, 0, 98]]
[1003, [2, 34, 34, 102, 0, 98]]
[1004, [6, 10, 10, 117, 0, 58]]
[1005, [0, 16, 16, 132, 0, 48]]
[1006, [0, 32, 32, 147, 0, 48]]
[1007, [4, 8, 8, 3, 144, 8]]
[1008, [8, 24, 24, 33, 63, 89]]
[1009, [8, 40, 40, 63, 0, 152]]
[1010, [2, 6, 6, 63, 0, 102]]
[1011, [6, 22, 22, 93, 0, 102]]
[1012, [6, 38, 38, 93, 0, 102]]
[1013, [0, 4, 4, 93, 0, 52]]
[1014, [4, 20, 20, 93, 0, 52]]
[1015, [4, 36, 36, 108, 0, 52]]
[1016, [8, 12, 12, 108, 0, 12]]
[1017, [2, 18, 18, 108, 0, 2]]
[1018, [2, 34, 34, 108, 0, 2]]
[1019, [46, 50, 50, 213, 0, 2]]
[1020, [50, 66, 66, 84, 144, 2]]
[1021, [0, 32, 32, 99, 63, 33]]
[1022, [4, 8, 8, 114, 0, 56]]
[1023, [8, 24, 24, 144, 0, 56]]
[1024, [8, 40, 40, 15, 144, 56]]
[1025, [2, 6, 6, 30, 63, 87]]
[1026, [6, 22, 22, 30, 0, 150]]
[1027, [6, 38, 38, 30, 0, 150]]
[1028, [0, 4, 4, 75, 0, 100]]
[1029, [4, 20, 20, 105, 0, 100]]
[1030, [4, 36, 36, 105, 0, 100]]
[1031, [8, 12, 12, 135, 0, 60]]
[1032, [2, 18, 18, 135, 0, 50]]
[1033, [2, 34, 34, 135, 0, 50]]
[1034, [6, 10, 10, 135, 0, 10]]
[1035, [0, 16, 16, 150, 0, 0]]
[1036, [0, 32, 32, 6, 144, 0]]
[1037, [4, 8, 8, 6, 63, 41]]
[1038, [8, 24, 24, 6, 0, 104]]
[1039, [8, 40, 40, 111, 0, 104]]
[1040, [2, 6, 6, 126, 0, 54]]
[1041, [6, 22, 22, 141, 0, 54]]
[1042, [6, 38, 38, 156, 0, 54]]
[1043, [0, 4, 4, 42, 144, 4]]
[1044, [4, 20, 20, 57, 63, 85]]
[1045, [4, 36, 36, 72, 0, 148]]
[1046, [8, 12, 12, 72, 0, 108]]
[1047, [2, 18, 18, 72, 0, 98]]
[1048, [2, 34, 34, 117, 0, 98]]
[1049, [6, 10, 10, 147, 0, 58]]
[1050, [0, 16, 16, 3, 144, 48]]
[1051, [0, 32, 32, 33, 63, 129]]
[1052, [4, 8, 8, 33, 0, 152]]
[1053, [8, 24, 24, 33, 0, 152]]
[1054, [8, 40, 40, 33, 0, 152]]
[1055, [2, 6, 6, 48, 0, 102]]
[1056, [6, 22, 22, 48, 0, 102]]
[1057, [6, 38, 38, 48, 0, 102]]
[1058, [0, 4, 4, 48, 0, 52]]
[1059, [4, 20, 20, 138, 0, 52]]
[1060, [4, 36, 36, 153, 0, 52]]
[1061, [8, 12, 12, 24, 144, 12]]
[1062, [2, 18, 18, 39, 63, 83]]
[1063, [2, 34, 34, 69, 0, 146]]
[1064, [6, 10, 10, 69, 0, 106]]
[1065, [0, 16, 16, 69, 0, 96]]
[1066, [0, 32, 32, 69, 0, 96]]
[1067, [4, 8, 8, 69, 0, 56]]
[1068, [8, 24, 24, 99, 0, 56]]
[1069, [8, 40, 40, 114, 0, 56]]
[1070, [2, 6, 6, 114, 0, 6]]
[1071, [6, 22, 22, 144, 0, 6]]
[1072, [6, 38, 38, 0, 144, 6]]
[1073, [0, 4, 4, 0, 63, 37]]
[1074, [4, 20, 20, 0, 0, 100]]
[1075, [4, 36, 36, 15, 0, 100]]
[1076, [8, 12, 12, 30, 0, 60]]
[1077, [2, 18, 18, 45, 0, 50]]
[1078, [2, 34, 34, 60, 0, 50]]
[1079, [6, 10, 10, 150, 0, 10]]
[1080, [0, 16, 16, 21, 144, 0]]
[1081, [0, 32, 32, 36, 63, 81]]
[1082, [4, 8, 8, 51, 0, 104]]
[1083, [8, 24, 24, 81, 0, 104]]
[1084, [8, 40, 40, 81, 0, 104]]
[1085, [2, 6, 6, 81, 0, 54]]
[1086, [6, 22, 22, 81, 0, 54]]
[1087, [6, 38, 38, 81, 0, 54]]
[1088, [0, 4, 4, 111, 0, 4]]
[1089, [4, 20, 20, 126, 0, 4]]
[1090, [4, 36, 36, 141, 0, 4]]
[1091, [48, 52, 52, 171, 0, 4]]
[1092, [52, 68, 68, 27, 144, 4]]
[1093, [2, 34, 34, 27, 63, 35]]
[1094, [6, 10, 10, 27, 0, 58]]
[1095, [0, 16, 16, 42, 0, 48]]
[1096, [0, 32, 32, 72, 0, 48]]
[1097, [4, 8, 8, 87, 0, 8]]
[1098, [8, 24, 24, 102, 0, 8]]
[1099, [8, 40, 40, 192, 0, 8]]
[1100, [52, 56, 56, 63, 144, 8]]
[1101, [6, 22, 22, 78, 63, 39]]
[1102, [6, 38, 38, 93, 0, 102]]
[1103, [0, 4, 4, 123, 0, 52]]
[1104, [4, 20, 20, 123, 0, 52]]
[1105, [4, 36, 36, 123, 0, 52]]
[1106, [8, 12, 12, 123, 0, 12]]
[1107, [2, 18, 18, 123, 0, 2]]
[1108, [2, 34, 34, 153, 0, 2]]
[1109, [46, 50, 50, 24, 144, 2]]
[1110, [0, 16, 16, 39, 63, 33]]
[1111, [0, 32, 32, 54, 0, 96]]
[1112, [4, 8, 8, 69, 0, 56]]
[1113, [8, 24, 24, 69, 0, 56]]
[1114, [8, 40, 40, 69, 0, 56]]
[1115, [2, 6, 6, 84, 0, 6]]
[1116, [6, 22, 22, 114, 0, 6]]
[1117, [6, 38, 38, 129, 0, 6]]
[1118, [50, 54, 54, 144, 0, 6]]
[1119, [54, 70, 70, 75, 144, 6]]
[1120, [4, 36, 36, 90, 63, 37]]
[1121, [8, 12, 12, 105, 0, 60]]
[1122, [2, 18, 18, 120, 0, 50]]
[1123, [2, 34, 34, 165, 0, 50]]
[1124, [6, 10, 10, 21, 144, 10]]
[1125, [0, 16, 16, 21, 63, 81]]
[1126, [0, 32, 32, 21, 0, 144]]
[1127, [4, 8, 8, 21, 0, 104]]
[1128, [8, 24, 24, 51, 0, 104]]
[1129, [8, 40, 40, 66, 0, 104]]
[1130, [2, 6, 6, 81, 0, 54]]
[1131, [6, 22, 22, 96, 0, 54]]
[1132, [6, 38, 38, 111, 0, 54]]
[1133, [0, 4, 4, 111, 0, 4]]
[1134, [4, 20, 20, 111, 0, 4]]
[1135, [4, 36, 36, 126, 0, 4]]
[1136, [48, 52, 52, 156, 0, 4]]
[1137, [52, 68, 68, 27, 144, 4]]
[1138, [2, 34, 34, 42, 63, 35]]
[1139, [6, 10, 10, 117, 0, 58]]
[1140, [0, 16, 16, 132, 0, 48]]
[1141, [0, 32, 32, 147, 0, 48]]
[1142, [4, 8, 8, 18, 144, 8]]
[1143, [8, 24, 24, 63, 63, 89]]
[1144, [8, 40, 40, 63, 0, 152]]
[1145, [2, 6, 6, 63, 0, 102]]
[1146, [6, 22, 22, 63, 0, 102]]
[1147, [6, 38, 38, 63, 0, 102]]
[1148, [0, 4, 4, 93, 0, 52]]
[1149, [4, 20, 20, 108, 0, 52]]
[1150, [4, 36, 36, 123, 0, 52]]
[1151, [8, 12, 12, 138, 0, 12]]
[1152, [2, 18, 18, 153, 0, 2]]
[1153, [2, 34, 34, 9, 144, 2]]
[1154, [6, 10, 10, 9, 63, 43]]
[1155, [0, 16, 16, 24, 0, 96]]
[1156, [0, 32, 32, 54, 0, 96]]
[1157, [4, 8, 8, 69, 0, 56]]
[1158, [8, 24, 24, 84, 0, 56]]
[1159, [8, 40, 40, 159, 0, 56]]
[1160, [2, 6, 6, 30, 144, 6]]
[1161, [6, 22, 22, 45, 63, 87]]
[1162, [6, 38, 38, 60, 0, 150]]
[1163, [0, 4, 4, 105, 0, 100]]
[1164, [4, 20, 20, 105, 0, 100]]
[1165, [4, 36, 36, 105, 0, 100]]
[1166, [8, 12, 12, 105, 0, 60]]
[1167, [2, 18, 18, 105, 0, 50]]
[1168, [2, 34, 34, 135, 0, 50]]
[1169, [6, 10, 10, 150, 0, 10]]
[1170, [0, 16, 16, 21, 144, 0]]
[1171, [0, 32, 32, 36, 63, 81]]
[1172, [4, 8, 8, 51, 0, 104]]
[1173, [8, 24, 24, 51, 0, 104]]
[1174, [8, 40, 40, 51, 0, 104]]
[1175, [2, 6, 6, 66, 0, 54]]
[1176, [6, 22, 22, 96, 0, 54]]
[1177, [6, 38, 38, 111, 0, 54]]
[1178, [0, 4, 4, 126, 0, 4]]
[1179, [4, 20, 20, 201, 0, 4]]
[1180, [4, 36, 36, 72, 144, 4]]
[1181, [8, 12, 12, 87, 63, 45]]
[1182, [2, 18, 18, 102, 0, 98]]
[1183, [2, 34, 34, 147, 0, 98]]
[1184, [6, 10, 10, 3, 144, 58]]
[1185, [0, 16, 16, 3, 63, 129]]
[1186, [0, 32, 32, 3, 0, 192]]
[1187, [4, 8, 8, 3, 0, 152]]
[1188, [8, 24, 24, 33, 0, 152]]
[1189, [8, 40, 40, 48, 0, 152]]
[1190, [2, 6, 6, 63, 0, 102]]
[1191, [6, 22, 22, 78, 0, 102]]
[1192, [6, 38, 38, 93, 0, 102]]
[1193, [0, 4, 4, 93, 0, 52]]
[1194, [4, 20, 20, 93, 0, 52]]
[1195, [4, 36, 36, 108, 0, 52]]
[1196, [8, 12, 12, 138, 0, 12]]
[1197, [2, 18, 18, 153, 0, 2]]
[1198, [2, 34, 34, 24, 144, 2]]
[1199, [6, 10, 10, 99, 63, 43]]
[1200, [0, 16, 16, 114, 0, 96]]
[1201, [0, 32, 32, 129, 0, 96]]
[1202, [4, 8, 8, 144, 0, 56]]
[1203, [8, 24, 24, 45, 144, 56]]
[1204, [8, 40, 40, 45, 63, 137]]
[1205, [2, 6, 6, 45, 0, 150]]
[1206, [6, 22, 22, 45, 0, 150]]
[1207, [6, 38, 38, 45, 0, 150]]
[1208, [0, 4, 4, 75, 0, 100]]
[1209, [4, 20, 20, 90, 0, 100]]
[1210, [4, 36, 36, 105, 0, 100]]
[1211, [8, 12, 12, 120, 0, 60]]
[1212, [2, 18, 18, 135, 0, 50]]
[1213, [2, 34, 34, 135, 0, 50]]
[1214, [6, 10, 10, 135, 0, 10]]
[1215, [0, 16, 16, 150, 0, 0]]
[1216, [0, 32, 32, 36, 144, 0]]
[1217, [4, 8, 8, 51, 63, 41]]
[1218, [8, 24, 24, 66, 0, 104]]
[1219, [8, 40, 40, 141, 0, 104]]
[1220, [2, 6, 6, 156, 0, 54]]
[1221, [6, 22, 22, 27, 144, 54]]
[1222, [6, 38, 38, 42, 63, 135]]
[1223, [0, 4, 4, 87, 0, 148]]
[1224, [4, 20, 20, 87, 0, 148]]
[1225, [4, 36, 36, 87, 0, 148]]
[1226, [8, 12, 12, 87, 0, 108]]
[1227, [2, 18, 18, 87, 0, 98]]
[1228, [2, 34, 34, 117, 0, 98]]
[1229, [6, 10, 10, 132, 0, 58]]
[1230, [0, 16, 16, 147, 0, 48]]
[1231, [0, 32, 32, 18, 144, 48]]
[1232, [4, 8, 8, 33, 63, 89]]
[1233, [8, 24, 24, 33, 0, 152]]
[1234, [8, 40, 40, 33, 0, 152]]
[1235, [2, 6, 6, 48, 0, 102]]
[1236, [6, 22, 22, 78, 0, 102]]
[1237, [6, 38, 38, 93, 0, 102]]
[1238, [0, 4, 4, 108, 0, 52]]
[1239, [4, 20, 20, 183, 0, 52]]
[1240, [4, 36, 36, 54, 144, 52]]
[1241, [8, 12, 12, 69, 63, 93]]
[1242, [2, 18, 18, 84, 0, 146]]
[1243, [2, 34, 34, 129, 0, 146]]
[1244, [6, 10, 10, 129, 0, 106]]
[1245, [0, 16, 16, 129, 0, 96]]
[1246, [0, 32, 32, 129, 0, 96]]
[1247, [4, 8, 8, 129, 0, 56]]
[1248, [8, 24, 24, 159, 0, 56]]
[1249, [8, 40, 40, 30, 144, 56]]
[1250, [2, 6, 6, 45, 63, 87]]
[1251, [6, 22, 22, 60, 0, 150]]
[1252, [6, 38, 38, 75, 0, 150]]
[1253, [0, 4, 4, 75, 0, 100]]
[1254, [4, 20, 20, 75, 0, 100]]
[1255, [4, 36, 36, 90, 0, 100]]
[1256, [8, 12, 12, 120, 0, 60]]
[1257, [2, 18, 18, 135, 0, 50]]
[1258, [2, 34, 34, 150, 0, 50]]
[1259, [6, 10, 10, 81, 144, 10]]
[1260, [0, 16, 16, 96, 63, 81]]
[1261, [0, 32, 32, 111, 0, 144]]
[1262, [4, 8, 8, 126, 0, 104]]
[1263, [8, 24, 24, 171, 0, 104]]
[1264, [8, 40, 40, 27, 144, 104]]
[1265, [2, 6, 6, 27, 63, 135]]
[1266, [6, 22, 22, 27, 0, 198]]
[1267, [6, 38, 38, 27, 0, 198]]
[1268, [0, 4, 4, 57, 0, 148]]
[1269, [4, 20, 20, 57, 0, 148]]
[1270, [4, 36, 36, 72, 0, 148]]
[1271, [8, 12, 12, 72, 0, 108]]
[1272, [2, 18, 18, 102, 0, 98]]
[1273, [2, 34, 34, 117, 0, 98]]
[1274, [6, 10, 10, 117, 0, 58]]
[1275, [0, 16, 16, 132, 0, 48]]
[1276, [0, 32, 32, 162, 0, 48]]
[1277, [4, 8, 8, 33, 144, 8]]
[1278, [8, 24, 24, 48, 63, 89]]
[1279, [8, 40, 40, 123, 0, 152]]
[1280, [2, 6, 6, 138, 0, 102]]
[1281, [6, 22, 22, 153, 0, 102]]
[1282, [6, 38, 38, 24, 144, 102]]
[1283, [0, 4, 4, 69, 63, 133]]
[1284, [4, 20, 20, 69, 0, 196]]
[1285, [4, 36, 36, 69, 0, 196]]
[1286, [8, 12, 12, 69, 0, 156]]
[1287, [2, 18, 18, 69, 0, 146]]
[1288, [2, 34, 34, 99, 0, 146]]
[1289, [6, 10, 10, 99, 0, 106]]
[1290, [0, 16, 16, 114, 0, 96]]
[1291, [0, 32, 32, 114, 0, 96]]
[1292, [4, 8, 8, 129, 0, 56]]
[1293, [8, 24, 24, 144, 0, 56]]
[1294, [8, 40, 40, 15, 144, 56]]
[1295, [2, 6, 6, 30, 63, 87]]
[1296, [6, 22, 22, 60, 0, 150]]
[1297, [6, 38, 38, 75, 0, 150]]
[1298, [0, 4, 4, 90, 0, 100]]
[1299, [4, 20, 20, 165, 0, 100]]
[1300, [4, 36, 36, 36, 144, 100]]
[1301, [8, 12, 12, 51, 63, 141]]
[1302, [2, 18, 18, 66, 0, 194]]
[1303, [2, 34, 34, 111, 0, 194]]
[1304, [6, 10, 10, 111, 0, 154]]
[1305, [0, 16, 16, 111, 0, 144]]
[1306, [0, 32, 32, 111, 0, 144]]
[1307, [4, 8, 8, 111, 0, 104]]
[1308, [8, 24, 24, 141, 0, 104]]
[1309, [8, 40, 40, 141, 0, 104]]
[1310, [2, 6, 6, 156, 0, 54]]
[1311, [6, 22, 22, 12, 144, 54]]
[1312, [6, 38, 38, 27, 63, 135]]
[1313, [0, 4, 4, 42, 0, 148]]
[1314, [4, 20, 20, 57, 0, 148]]
[1315, [4, 36, 36, 72, 0, 148]]
[1316, [8, 12, 12, 102, 0, 108]]
[1317, [2, 18, 18, 117, 0, 98]]
[1318, [2, 34, 34, 132, 0, 98]]
[1319, [6, 10, 10, 207, 0, 58]]
[1320, [0, 16, 16, 78, 144, 48]]
[1321, [0, 32, 32, 93, 63, 129]]
[1322, [4, 8, 8, 108, 0, 152]]
[1323, [8, 24, 24, 153, 0, 152]]
[1324, [8, 40, 40, 9, 144, 152]]
[1325, [2, 6, 6, 9, 63, 183]]
[1326, [6, 22, 22, 9, 0, 246]]
[1327, [6, 38, 38, 9, 0, 246]]
[1328, [0, 4, 4, 39, 0, 196]]
[1329, [4, 20, 20, 39, 0, 196]]
[1330, [4, 36, 36, 39, 0, 196]]
[1331, [8, 12, 12, 39, 0, 156]]
[1332, [2, 18, 18, 69, 0, 146]]
[1333, [2, 34, 34, 84, 0, 146]]
[1334, [6, 10, 10, 99, 0, 106]]
[1335, [0, 16, 16, 114, 0, 96]]
[1336, [0, 32, 32, 144, 0, 96]]
[1337, [4, 8, 8, 15, 144, 56]]
[1338, [8, 24, 24, 30, 63, 137]]
[1339, [8, 40, 40, 105, 0, 200]]
[1340, [2, 6, 6, 120, 0, 150]]
[1341, [6, 22, 22, 135, 0, 150]]
[1342, [6, 38, 38, 150, 0, 150]]
[1343, [0, 4, 4, 36, 144, 100]]
[1344, [4, 20, 20, 36, 63, 181]]
[1345, [4, 36, 36, 36, 0, 244]]
[1346, [8, 12, 12, 36, 0, 204]]
[1347, [2, 18, 18, 36, 0, 194]]
[1348, [2, 34, 34, 66, 0, 194]]
[1349, [6, 10, 10, 81, 0, 154]]
[1350, [0, 16, 16, 81, 0, 144]]
[1351, [0, 32, 32, 81, 0, 144]]
[1352, [4, 8, 8, 111, 0, 104]]
[1353, [8, 24, 24, 126, 0, 104]]
[1354, [8, 40, 40, 141, 0, 104]]
[1355, [2, 6, 6, 156, 0, 54]]
[1356, [6, 22, 22, 42, 144, 54]]
[1357, [6, 38, 38, 57, 63, 135]]
[1358, [0, 4, 4, 72, 0, 148]]
[1359, [4, 20, 20, 147, 0, 148]]
[1360, [4, 36, 36, 18, 144, 148]]
[1361, [8, 12, 12, 33, 63, 189]]
[1362, [2, 18, 18, 48, 0, 242]]
[1363, [2, 34, 34, 78, 0, 242]]
[1364, [6, 10, 10, 78, 0, 202]]
[1365, [0, 16, 16, 78, 0, 192]]
[1366, [0, 32, 32, 78, 0, 192]]
[1367, [4, 8, 8, 78, 0, 152]]
[1368, [8, 24, 24, 108, 0, 152]]
[1369, [8, 40, 40, 123, 0, 152]]
[1370, [2, 6, 6, 123, 0, 102]]
[1371, [6, 22, 22, 123, 0, 102]]
[1372, [6, 38, 38, 153, 0, 102]]
[1373, [0, 4, 4, 24, 144, 52]]
[1374, [4, 20, 20, 39, 63, 133]]
[1375, [4, 36, 36, 54, 0, 196]]
[1376, [8, 12, 12, 84, 0, 156]]
[1377, [2, 18, 18, 99, 0, 146]]
[1378, [2, 34, 34, 114, 0, 146]]
[1379, [6, 10, 10, 189, 0, 106]]
[1380, [0, 16, 16, 60, 144, 96]]
[1381, [0, 32, 32, 75, 63, 177]]
[1382, [4, 8, 8, 90, 0, 200]]
[1383, [8, 24, 24, 120, 0, 200]]
[1384, [8, 40, 40, 120, 0, 200]]
[1385, [2, 6, 6, 120, 0, 150]]
[1386, [6, 22, 22, 120, 0, 150]]
[1387, [6, 38, 38, 120, 0, 150]]
[1388, [0, 4, 4, 150, 0, 100]]
[1389, [4, 20, 20, 21, 144, 100]]
[1390, [4, 36, 36, 21, 63, 181]]
[1391, [8, 12, 12, 21, 0, 204]]
[1392, [2, 18, 18, 51, 0, 194]]
[1393, [2, 34, 34, 66, 0, 194]]
[1394, [6, 10, 10, 81, 0, 154]]
[1395, [0, 16, 16, 96, 0, 144]]
[1396, [0, 32, 32, 126, 0, 144]]
[1397, [4, 8, 8, 126, 0, 104]]
[1398, [8, 24, 24, 141, 0, 104]]
[1399, [8, 40, 40, 216, 0, 104]]
[1400, [2, 6, 6, 87, 144, 54]]
[1401, [6, 22, 22, 87, 63, 135]]
[1402, [6, 38, 38, 102, 0, 198]]
[1403, [0, 4, 4, 147, 0, 148]]
[1404, [4, 20, 20, 3, 144, 148]]
[1405, [4, 36, 36, 3, 63, 229]]
[1406, [8, 12, 12, 3, 0, 252]]
[1407, [2, 18, 18, 18, 0, 242]]
[1408, [2, 34, 34, 33, 0, 242]]
[1409, [6, 10, 10, 48, 0, 202]]
[1410, [0, 16, 16, 48, 0, 192]]
[1411, [0, 32, 32, 48, 0, 192]]
[1412, [4, 8, 8, 78, 0, 152]]
[1413, [8, 24, 24, 93, 0, 152]]
[1414, [8, 40, 40, 108, 0, 152]]
[1415, [2, 6, 6, 138, 0, 102]]
[1416, [6, 22, 22, 168, 0, 102]]
[1417, [6, 38, 38, 24, 144, 102]]
[1418, [0, 4, 4, 39, 63, 133]]
[1419, [4, 20, 20, 114, 0, 196]]
[1420, [4, 36, 36, 129, 0, 196]]
[1421, [8, 12, 12, 129, 0, 156]]
[1422, [2, 18, 18, 144, 0, 146]]
[1423, [2, 34, 34, 45, 144, 146]]
[1424, [6, 10, 10, 45, 63, 187]]
[1425, [0, 16, 16, 45, 0, 240]]
[1426, [0, 32, 32, 45, 0, 240]]
[1427, [4, 8, 8, 60, 0, 200]]
[1428, [8, 24, 24, 75, 0, 200]]
[1429, [8, 40, 40, 90, 0, 200]]
[1430, [2, 6, 6, 90, 0, 150]]
[1431, [6, 22, 22, 90, 0, 150]]
[1432, [6, 38, 38, 120, 0, 150]]
[1433, [0, 4, 4, 135, 0, 100]]
[1434, [4, 20, 20, 150, 0, 100]]
[1435, [4, 36, 36, 36, 144, 100]]
[1436, [8, 12, 12, 66, 63, 141]]
[1437, [2, 18, 18, 66, 0, 194]]
[1438, [2, 34, 34, 81, 0, 194]]
[1439, [6, 10, 10, 156, 0, 154]]
