SimulationV05.py[0, [0, 16, 16, 0, 0, 0]]
[1, [0, 32, 32, 0, 0, 0]]
[2, [48, 48, 48, 0, 0, 0]]
[3, [48, 64, 64, 0, 0, 0]]
[4, [48, 80, 80, 0, 0, 0]]
[5, [96, 96, 96, 0, 0, 0]]
[6, [96, 112, 112, 0, 0, 0]]
[7, [96, 128, 128, 0, 0, 0]]
[8, [144, 144, 144, 0, 0, 0]]
[9, [144, 160, 160, 0, 0, 0]]
[10, [144, 176, 176, 0, 0, 0]]
[11, [192, 192, 192, 0, 0, 0]]
[12, [192, 208, 208, 0, 0, 0]]
[13, [192, 224, 224, 0, 0, 0]]
[14, [240, 240, 240, 0, 0, 0]]
[15, [240, 256, 256, 0, 0, 0]]
[16, [240, 272, 272, 0, 0, 0]]
[17, [288, 288, 288, 0, 0, 0]]
[18, [288, 304, 304, 0, 0, 0]]
[19, [288, 320, 320, 315, 0, 0]]
[20, [336, 336, 336, 171, 144, 0]]
[21, [264, 280, 280, 27, 216, 0]]
[22, [192, 224, 224, 27, 144, 0]]
[23, [168, 168, 168, 27, 72, 0]]
[24, [104, 120, 120, 27, 0, 8]]
[25, [104, 136, 136, 27, 0, 8]]
[26, [152, 152, 152, 27, 0, 8]]
[27, [152, 168, 168, 27, 0, 8]]
[28, [144, 176, 176, 27, 0, 0]]
[29, [192, 192, 192, 27, 0, 0]]
[30, [192, 208, 208, 27, 0, 0]]
[31, [192, 224, 224, 27, 0, 0]]
[32, [240, 240, 240, 27, 0, 0]]
[33, [240, 256, 256, 27, 0, 0]]
[34, [240, 272, 272, 27, 0, 0]]
[35, [288, 288, 288, 42, 0, 0]]
[36, [288, 304, 304, 42, 0, 0]]
[37, [288, 320, 320, 42, 0, 0]]
[38, [336, 336, 336, 42, 0, 0]]
[39, [336, 352, 352, 357, 0, 0]]
[40, [336, 368, 368, 213, 144, 0]]
[41, [312, 312, 312, 69, 216, 0]]
[42, [240, 256, 256, 69, 144, 0]]
[43, [168, 200, 200, 69, 72, 0]]
[44, [152, 152, 152, 69, 0, 8]]
[45, [152, 168, 168, 69, 0, 8]]
[46, [152, 184, 184, 69, 0, 8]]
[47, [200, 200, 200, 69, 0, 8]]
[48, [192, 208, 208, 69, 0, 0]]
[49, [192, 224, 224, 69, 0, 0]]
[50, [240, 240, 240, 69, 0, 0]]
[51, [240, 256, 256, 69, 0, 0]]
[52, [240, 272, 272, 69, 0, 0]]
[53, [288, 288, 288, 69, 0, 0]]
[54, [288, 304, 304, 69, 0, 0]]
[55, [288, 320, 320, 84, 0, 0]]
[56, [336, 336, 336, 84, 0, 0]]
[57, [336, 352, 352, 84, 0, 0]]
[58, [336, 368, 368, 84, 0, 0]]
[59, [384, 384, 384, 399, 0, 0]]
[60, [384, 400, 400, 255, 144, 0]]
[61, [312, 344, 344, 111, 216, 0]]
[62, [288, 288, 288, 111, 144, 0]]
[63, [216, 232, 232, 111, 72, 0]]
[64, [152, 184, 184, 111, 0, 8]]
[65, [200, 200, 200, 111, 0, 8]]
[66, [200, 216, 216, 111, 0, 8]]
[67, [200, 232, 232, 111, 0, 8]]
[68, [240, 240, 240, 111, 0, 0]]
[69, [240, 256, 256, 111, 0, 0]]
[70, [240, 272, 272, 111, 0, 0]]
[71, [288, 288, 288, 111, 0, 0]]
[72, [288, 304, 304, 111, 0, 0]]
[73, [288, 320, 320, 111, 0, 0]]
[74, [336, 336, 336, 111, 0, 0]]
[75, [336, 352, 352, 126, 0, 0]]
[76, [336, 368, 368, 126, 0, 0]]
[77, [384, 384, 384, 126, 0, 0]]
[78, [384, 400, 400, 126, 0, 0]]
[79, [384, 416, 416, 441, 0, 0]]
[80, [432, 432, 432, 297, 144, 0]]
[81, [360, 376, 376, 153, 216, 0]]
[82, [288, 320, 320, 9, 288, 0]]
[83, [264, 264, 264, 9, 216, 0]]
[84, [200, 216, 216, 9, 144, 8]]
[85, [200, 232, 232, 9, 72, 80]]
[86, [248, 248, 248, 9, 0, 152]]
[87, [248, 264, 264, 9, 0, 152]]
[88, [176, 208, 208, 9, 0, 80]]
[89, [152, 152, 152, 9, 0, 8]]
[90, [144, 160, 160, 9, 0, 0]]
[91, [144, 176, 176, 9, 0, 0]]
[92, [192, 192, 192, 9, 0, 0]]
[93, [192, 208, 208, 9, 0, 0]]
[94, [192, 224, 224, 9, 0, 0]]
[95, [240, 240, 240, 24, 0, 0]]
[96, [240, 256, 256, 24, 0, 0]]
[97, [240, 272, 272, 24, 0, 0]]
[98, [288, 288, 288, 24, 0, 0]]
[99, [288, 304, 304, 339, 0, 0]]
[100, [288, 320, 320, 195, 144, 0]]
[101, [264, 264, 264, 51, 216, 0]]
[102, [192, 208, 208, 51, 144, 0]]
[103, [120, 152, 152, 51, 72, 0]]
[104, [110, 110, 110, 51, 0, 14]]
[105, [110, 126, 126, 51, 0, 14]]
[106, [110, 142, 142, 51, 0, 14]]
[107, [158, 158, 158, 51, 0, 14]]
[108, [144, 160, 160, 51, 0, 0]]
[109, [144, 176, 176, 51, 0, 0]]
[110, [192, 192, 192, 51, 0, 0]]
[111, [192, 208, 208, 51, 0, 0]]
[112, [192, 224, 224, 51, 0, 0]]
[113, [240, 240, 240, 51, 0, 0]]
[114, [240, 256, 256, 51, 0, 0]]
[115, [240, 272, 272, 51, 0, 0]]
[116, [288, 288, 288, 51, 0, 0]]
[117, [288, 304, 304, 51, 0, 0]]
[118, [288, 320, 320, 51, 0, 0]]
[119, [336, 336, 336, 366, 0, 0]]
[120, [336, 352, 352, 222, 144, 0]]
[121, [264, 296, 296, 78, 216, 0]]
[122, [270, 270, 270, 78, 144, 30]]
[123, [270, 286, 286, 78, 72, 102]]
[124, [270, 302, 302, 78, 0, 174]]
[125, [318, 318, 318, 78, 0, 174]]
[126, [318, 334, 334, 78, 0, 174]]
[127, [316, 348, 348, 78, 0, 172]]
[128, [342, 342, 342, 78, 0, 150]]
[129, [326, 342, 342, 78, 0, 134]]
[130, [326, 358, 358, 78, 0, 134]]
[131, [372, 372, 372, 78, 0, 132]]
[132, [372, 388, 388, 78, 0, 132]]
[133, [372, 404, 404, 78, 0, 132]]
[134, [418, 418, 418, 78, 0, 130]]
[135, [408, 424, 424, 78, 0, 120]]
[136, [408, 440, 440, 78, 0, 120]]
[137, [450, 450, 450, 78, 0, 114]]
[138, [440, 456, 456, 78, 0, 104]]
[139, [428, 460, 460, 393, 0, 92]]
[140, [454, 454, 454, 249, 144, 70]]
[141, [450, 466, 466, 120, 216, 138]]
[142, [434, 466, 466, 120, 144, 194]]
[143, [466, 466, 466, 120, 72, 250]]
[144, [440, 456, 456, 120, 0, 296]]
[145, [422, 454, 454, 120, 0, 278]]
[146, [454, 454, 454, 120, 0, 262]]
[147, [422, 438, 438, 120, 0, 230]]
[148, [404, 436, 436, 120, 0, 212]]
[149, [428, 428, 428, 120, 0, 188]]
[150, [400, 416, 416, 120, 0, 160]]
[151, [370, 402, 402, 120, 0, 130]]
[152, [400, 400, 400, 120, 0, 112]]
[153, [384, 400, 400, 120, 0, 96]]
[154, [352, 384, 384, 120, 0, 64]]
[155, [382, 382, 382, 120, 0, 46]]
[156, [358, 374, 374, 120, 0, 22]]
[157, [336, 368, 368, 120, 0, 0]]
[158, [384, 384, 384, 120, 0, 0]]
[159, [384, 400, 400, 375, 0, 0]]
[160, [384, 416, 416, 246, 144, 0]]
[161, [360, 360, 360, 117, 216, 0]]
[162, [288, 304, 304, 117, 144, 0]]
[163, [216, 248, 248, 117, 72, 0]]
[164, [224, 224, 224, 132, 0, 32]]
[165, [208, 224, 224, 147, 0, 16]]
[166, [208, 240, 240, 3, 144, 16]]
[167, [256, 256, 256, 3, 72, 88]]
[168, [184, 200, 200, 18, 0, 88]]
[169, [112, 144, 144, 18, 0, 16]]
[170, [144, 144, 144, 18, 0, 0]]
[171, [144, 160, 160, 18, 0, 0]]
[172, [144, 176, 176, 18, 0, 0]]
[173, [192, 192, 192, 18, 0, 0]]
[174, [192, 208, 208, 18, 0, 0]]
[175, [192, 224, 224, 18, 0, 0]]
[176, [240, 240, 240, 18, 0, 0]]
[177, [240, 256, 256, 18, 0, 0]]
[178, [240, 272, 272, 18, 0, 0]]
[179, [288, 288, 288, 273, 0, 0]]
[180, [288, 304, 304, 144, 144, 0]]
[181, [216, 248, 248, 15, 216, 0]]
[182, [192, 192, 192, 15, 144, 0]]
[183, [120, 136, 136, 15, 72, 0]]
[184, [56, 88, 88, 30, 0, 8]]
[185, [104, 104, 104, 45, 0, 8]]
[186, [104, 120, 120, 45, 0, 8]]
[187, [104, 136, 136, 45, 0, 8]]
[188, [144, 144, 144, 60, 0, 0]]
[189, [144, 160, 160, 60, 0, 0]]
[190, [144, 176, 176, 60, 0, 0]]
[191, [192, 192, 192, 60, 0, 0]]
[192, [192, 208, 208, 60, 0, 0]]
[193, [192, 224, 224, 60, 0, 0]]
[194, [240, 240, 240, 60, 0, 0]]
[195, [240, 256, 256, 60, 0, 0]]
[196, [240, 272, 272, 60, 0, 0]]
[197, [288, 288, 288, 60, 0, 0]]
[198, [288, 304, 304, 60, 0, 0]]
[199, [288, 320, 320, 315, 0, 0]]
[200, [336, 336, 336, 186, 144, 0]]
[201, [264, 280, 280, 57, 216, 0]]
[202, [192, 224, 224, 57, 144, 0]]
[203, [168, 168, 168, 57, 72, 0]]
[204, [104, 120, 120, 72, 0, 8]]
[205, [104, 136, 136, 87, 0, 8]]
[206, [152, 152, 152, 87, 0, 8]]
[207, [152, 168, 168, 87, 0, 8]]
[208, [144, 176, 176, 102, 0, 0]]
[209, [192, 192, 192, 102, 0, 0]]
[210, [192, 208, 208, 102, 0, 0]]
[211, [192, 224, 224, 102, 0, 0]]
[212, [240, 240, 240, 102, 0, 0]]
[213, [240, 256, 256, 102, 0, 0]]
[214, [240, 272, 272, 102, 0, 0]]
[215, [288, 288, 288, 102, 0, 0]]
[216, [288, 304, 304, 102, 0, 0]]
[217, [288, 320, 320, 102, 0, 0]]
[218, [336, 336, 336, 102, 0, 0]]
[219, [336, 352, 352, 357, 0, 0]]
[220, [336, 368, 368, 228, 144, 0]]
[221, [312, 312, 312, 99, 216, 0]]
[222, [240, 256, 256, 99, 144, 0]]
[223, [168, 200, 200, 99, 72, 0]]
[224, [152, 152, 152, 114, 0, 8]]
[225, [152, 168, 168, 129, 0, 8]]
[226, [152, 184, 184, 129, 0, 8]]
[227, [200, 200, 200, 129, 0, 8]]
[228, [192, 208, 208, 144, 0, 0]]
[229, [192, 224, 224, 0, 144, 0]]
[230, [168, 168, 168, 0, 72, 0]]
[231, [96, 112, 112, 0, 0, 0]]
[232, [96, 128, 128, 0, 0, 0]]
[233, [144, 144, 144, 0, 0, 0]]
[234, [144, 160, 160, 0, 0, 0]]
[235, [144, 176, 176, 0, 0, 0]]
[236, [192, 192, 192, 0, 0, 0]]
[237, [192, 208, 208, 0, 0, 0]]
[238, [192, 224, 224, 0, 0, 0]]
[239, [240, 240, 240, 225, 0, 0]]
[240, [240, 256, 256, 96, 144, 0]]
[241, [168, 200, 200, 111, 72, 0]]
[242, [144, 144, 144, 111, 0, 0]]
[243, [144, 160, 160, 126, 0, 0]]
[244, [144, 176, 176, 141, 0, 0]]
[245, [192, 192, 192, 156, 0, 0]]
[246, [192, 208, 208, 12, 144, 0]]
[247, [120, 152, 152, 12, 72, 0]]
[248, [96, 96, 96, 27, 0, 0]]
[249, [96, 112, 112, 27, 0, 0]]
[250, [96, 128, 128, 42, 0, 0]]
[251, [144, 144, 144, 42, 0, 0]]
[252, [144, 160, 160, 42, 0, 0]]
[253, [144, 176, 176, 42, 0, 0]]
[254, [192, 192, 192, 42, 0, 0]]
[255, [192, 208, 208, 42, 0, 0]]
[256, [192, 224, 224, 42, 0, 0]]
[257, [240, 240, 240, 42, 0, 0]]
[258, [240, 256, 256, 42, 0, 0]]
[259, [240, 272, 272, 267, 0, 0]]
[260, [288, 288, 288, 138, 144, 0]]
[261, [216, 232, 232, 153, 72, 0]]
[262, [144, 176, 176, 9, 144, 0]]
[263, [138, 138, 138, 24, 72, 18]]
[264, [138, 154, 154, 39, 0, 90]]
[265, [138, 170, 170, 54, 0, 90]]
[266, [186, 186, 186, 54, 0, 90]]
[267, [184, 200, 200, 54, 0, 88]]
[268, [126, 158, 158, 69, 0, 30]]
[269, [144, 144, 144, 69, 0, 0]]
[270, [144, 160, 160, 84, 0, 0]]
[271, [144, 176, 176, 84, 0, 0]]
[272, [192, 192, 192, 84, 0, 0]]
[273, [192, 208, 208, 84, 0, 0]]
[274, [192, 224, 224, 84, 0, 0]]
[275, [240, 240, 240, 84, 0, 0]]
[276, [240, 256, 256, 84, 0, 0]]
[277, [240, 272, 272, 84, 0, 0]]
[278, [288, 288, 288, 84, 0, 0]]
[279, [288, 304, 304, 309, 0, 0]]
[280, [288, 320, 320, 180, 144, 0]]
[281, [270, 270, 270, 51, 216, 6]]
[282, [270, 286, 286, 51, 144, 78]]
[283, [264, 296, 296, 66, 72, 144]]
[284, [300, 300, 300, 81, 0, 204]]
[285, [292, 308, 308, 96, 0, 196]]
[286, [284, 316, 316, 96, 0, 188]]
[287, [328, 328, 328, 96, 0, 184]]
[288, [282, 298, 298, 111, 0, 138]]
[289, [278, 310, 310, 111, 0, 134]]
[290, [314, 314, 314, 126, 0, 122]]
[291, [296, 312, 312, 126, 0, 104]]
[292, [286, 318, 318, 126, 0, 94]]
[293, [326, 326, 326, 126, 0, 86]]
[294, [322, 338, 338, 126, 0, 82]]
[295, [286, 318, 318, 126, 0, 46]]
[296, [330, 330, 330, 126, 0, 42]]
[297, [304, 320, 320, 126, 0, 16]]
[298, [288, 320, 320, 126, 0, 0]]
[299, [336, 336, 336, 351, 0, 0]]
[300, [336, 352, 352, 222, 144, 0]]
[301, [266, 298, 298, 93, 216, 2]]
[302, [284, 284, 284, 93, 144, 44]]
[303, [276, 292, 292, 108, 72, 108]]
[304, [220, 252, 252, 123, 0, 124]]
[305, [236, 236, 236, 138, 0, 92]]
[306, [228, 244, 244, 138, 0, 84]]
[307, [216, 248, 248, 138, 0, 72]]
[308, [192, 192, 192, 153, 0, 0]]
[309, [192, 208, 208, 9, 144, 0]]
[310, [142, 174, 174, 24, 72, 22]]
[311, [134, 134, 134, 24, 0, 38]]
[312, [102, 118, 118, 24, 0, 6]]
[313, [96, 128, 128, 24, 0, 0]]
[314, [144, 144, 144, 24, 0, 0]]
[315, [144, 160, 160, 24, 0, 0]]
[316, [144, 176, 176, 24, 0, 0]]
[317, [192, 192, 192, 24, 0, 0]]
[318, [192, 208, 208, 24, 0, 0]]
[319, [192, 224, 224, 234, 0, 0]]
[320, [240, 240, 240, 105, 144, 0]]
[321, [168, 184, 184, 120, 72, 0]]
[322, [96, 128, 128, 120, 0, 0]]
[323, [144, 144, 144, 135, 0, 0]]
[324, [144, 160, 160, 150, 0, 0]]
[325, [144, 176, 176, 21, 144, 0]]
[326, [120, 120, 120, 21, 72, 0]]
[327, [64, 80, 80, 36, 0, 16]]
[328, [48, 80, 80, 51, 0, 0]]
[329, [96, 96, 96, 51, 0, 0]]
[330, [96, 112, 112, 66, 0, 0]]
[331, [96, 128, 128, 66, 0, 0]]
[332, [144, 144, 144, 66, 0, 0]]
[333, [144, 160, 160, 66, 0, 0]]
[334, [144, 176, 176, 66, 0, 0]]
[335, [192, 192, 192, 66, 0, 0]]
[336, [192, 208, 208, 66, 0, 0]]
[337, [192, 224, 224, 66, 0, 0]]
[338, [240, 240, 240, 66, 0, 0]]
[339, [240, 256, 256, 276, 0, 0]]
[340, [240, 272, 272, 147, 144, 0]]
[341, [216, 216, 216, 18, 216, 0]]
[342, [144, 160, 160, 18, 144, 0]]
[343, [72, 104, 104, 33, 72, 0]]
[344, [56, 56, 56, 48, 0, 8]]
[345, [56, 72, 72, 63, 0, 8]]
[346, [56, 88, 88, 63, 0, 8]]
[347, [104, 104, 104, 78, 0, 8]]
[348, [96, 112, 112, 93, 0, 0]]
[349, [96, 128, 128, 93, 0, 0]]
[350, [144, 144, 144, 108, 0, 0]]
[351, [144, 160, 160, 108, 0, 0]]
[352, [144, 176, 176, 108, 0, 0]]
[353, [192, 192, 192, 108, 0, 0]]
[354, [192, 208, 208, 108, 0, 0]]
[355, [192, 224, 224, 108, 0, 0]]
[356, [240, 240, 240, 108, 0, 0]]
[357, [240, 256, 256, 108, 0, 0]]
[358, [240, 272, 272, 108, 0, 0]]
[359, [288, 288, 288, 303, 0, 0]]
[360, [288, 304, 304, 174, 144, 0]]
[361, [216, 248, 248, 45, 216, 0]]
[362, [192, 192, 192, 45, 144, 0]]
[363, [120, 136, 136, 60, 72, 0]]
[364, [56, 88, 88, 75, 0, 8]]
[365, [104, 104, 104, 90, 0, 8]]
[366, [104, 120, 120, 90, 0, 8]]
[367, [104, 136, 136, 105, 0, 8]]
[368, [144, 144, 144, 120, 0, 0]]
[369, [144, 160, 160, 120, 0, 0]]
[370, [144, 176, 176, 135, 0, 0]]
[371, [192, 192, 192, 135, 0, 0]]
[372, [192, 208, 208, 135, 0, 0]]
[373, [192, 224, 224, 135, 0, 0]]
[374, [240, 240, 240, 135, 0, 0]]
[375, [240, 256, 256, 135, 0, 0]]
[376, [240, 272, 272, 135, 0, 0]]
[377, [288, 288, 288, 135, 0, 0]]
[378, [288, 304, 304, 135, 0, 0]]
[379, [288, 320, 320, 315, 0, 0]]
[380, [336, 336, 336, 186, 144, 0]]
[381, [264, 280, 280, 57, 216, 0]]
[382, [192, 224, 224, 57, 144, 0]]
[383, [168, 168, 168, 72, 72, 0]]
[384, [106, 122, 122, 72, 0, 10]]
[385, [106, 138, 138, 87, 0, 10]]
[386, [154, 154, 154, 87, 0, 10]]
[387, [154, 170, 170, 102, 0, 10]]
[388, [144, 176, 176, 102, 0, 0]]
[389, [192, 192, 192, 117, 0, 0]]
[390, [192, 208, 208, 132, 0, 0]]
[391, [192, 224, 224, 132, 0, 0]]
[392, [240, 240, 240, 132, 0, 0]]
[393, [240, 256, 256, 147, 0, 0]]
[394, [240, 272, 272, 3, 144, 0]]
[395, [216, 216, 216, 3, 72, 0]]
[396, [144, 160, 160, 3, 0, 0]]
[397, [144, 176, 176, 18, 0, 0]]
[398, [192, 192, 192, 18, 0, 0]]
[399, [192, 208, 208, 198, 0, 0]]
[400, [192, 224, 224, 69, 144, 0]]
[401, [168, 168, 168, 84, 72, 0]]
[402, [96, 112, 112, 84, 0, 0]]
[403, [96, 128, 128, 114, 0, 0]]
[404, [144, 144, 144, 114, 0, 0]]
[405, [144, 160, 160, 129, 0, 0]]
[406, [144, 176, 176, 129, 0, 0]]
[407, [192, 192, 192, 144, 0, 0]]
[408, [192, 208, 208, 0, 144, 0]]
[409, [120, 152, 152, 15, 72, 0]]
[410, [96, 96, 96, 30, 0, 0]]
[411, [96, 112, 112, 30, 0, 0]]
[412, [96, 128, 128, 30, 0, 0]]
[413, [144, 144, 144, 30, 0, 0]]
[414, [144, 160, 160, 30, 0, 0]]
[415, [144, 176, 176, 30, 0, 0]]
[416, [192, 192, 192, 30, 0, 0]]
[417, [192, 208, 208, 30, 0, 0]]
[418, [192, 224, 224, 30, 0, 0]]
[419, [240, 240, 240, 210, 0, 0]]
[420, [240, 256, 256, 81, 144, 0]]
[421, [168, 200, 200, 96, 72, 0]]
[422, [170, 170, 170, 111, 0, 26]]
[423, [170, 186, 186, 141, 0, 26]]
[424, [170, 202, 202, 141, 0, 26]]
[425, [218, 218, 218, 141, 0, 26]]
[426, [218, 234, 234, 141, 0, 26]]
[427, [218, 250, 250, 156, 0, 26]]
[428, [240, 240, 240, 12, 144, 0]]
[429, [184, 200, 200, 27, 72, 16]]
[430, [180, 212, 212, 42, 0, 84]]
[431, [220, 220, 220, 42, 0, 76]]
[432, [204, 220, 220, 42, 0, 60]]
[433, [200, 232, 232, 42, 0, 56]]
[434, [246, 246, 246, 42, 0, 54]]
[435, [234, 250, 250, 42, 0, 42]]
[436, [192, 224, 224, 42, 0, 0]]
[437, [240, 240, 240, 42, 0, 0]]
[438, [240, 256, 256, 42, 0, 0]]
[439, [240, 272, 272, 192, 0, 0]]
[440, [288, 288, 288, 93, 144, 0]]
[441, [216, 232, 232, 108, 72, 0]]
[442, [206, 238, 238, 138, 0, 62]]
[443, [220, 220, 220, 168, 0, 28]]
[444, [220, 236, 236, 24, 144, 28]]
[445, [194, 226, 226, 24, 72, 74]]
[446, [220, 220, 220, 24, 0, 124]]
[447, [202, 218, 218, 39, 0, 106]]
[448, [120, 152, 152, 39, 0, 24]]
[449, [158, 158, 158, 54, 0, 14]]
[450, [144, 160, 160, 69, 0, 0]]
[451, [144, 176, 176, 69, 0, 0]]
[452, [192, 192, 192, 69, 0, 0]]
[453, [192, 208, 208, 69, 0, 0]]
[454, [192, 224, 224, 69, 0, 0]]
[455, [240, 240, 240, 69, 0, 0]]
[456, [240, 256, 256, 69, 0, 0]]
[457, [240, 272, 272, 69, 0, 0]]
[458, [288, 288, 288, 69, 0, 0]]
[459, [288, 304, 304, 219, 0, 0]]
[460, [288, 320, 320, 105, 144, 0]]
[461, [264, 264, 264, 120, 72, 0]]
[462, [192, 208, 208, 150, 0, 0]]
[463, [192, 224, 224, 36, 144, 0]]
[464, [168, 168, 168, 51, 72, 0]]
[465, [140, 156, 156, 66, 0, 44]]
[466, [140, 172, 172, 66, 0, 44]]
[467, [188, 188, 188, 81, 0, 44]]
[468, [144, 160, 160, 81, 0, 0]]
[469, [144, 176, 176, 96, 0, 0]]
[470, [192, 192, 192, 111, 0, 0]]
[471, [192, 208, 208, 111, 0, 0]]
[472, [192, 224, 224, 111, 0, 0]]
[473, [240, 240, 240, 111, 0, 0]]
[474, [240, 256, 256, 111, 0, 0]]
[475, [240, 272, 272, 111, 0, 0]]
[476, [288, 288, 288, 111, 0, 0]]
[477, [288, 304, 304, 111, 0, 0]]
[478, [288, 320, 320, 111, 0, 0]]
[479, [336, 336, 336, 261, 0, 0]]
[480, [336, 352, 352, 147, 144, 0]]
[481, [264, 296, 296, 18, 216, 0]]
[482, [240, 240, 240, 48, 144, 0]]
[483, [168, 184, 184, 63, 72, 0]]
[484, [108, 140, 140, 78, 0, 12]]
[485, [152, 152, 152, 78, 0, 8]]
[486, [152, 168, 168, 78, 0, 8]]
[487, [152, 184, 184, 93, 0, 8]]
[488, [192, 192, 192, 93, 0, 0]]
[489, [192, 208, 208, 108, 0, 0]]
[490, [192, 224, 224, 123, 0, 0]]
[491, [240, 240, 240, 138, 0, 0]]
[492, [240, 256, 256, 153, 0, 0]]
[493, [240, 272, 272, 9, 144, 0]]
[494, [216, 216, 216, 9, 72, 0]]
[495, [144, 160, 160, 9, 0, 0]]
[496, [144, 176, 176, 9, 0, 0]]
[497, [192, 192, 192, 9, 0, 0]]
[498, [192, 208, 208, 9, 0, 0]]
[499, [192, 224, 224, 159, 0, 0]]
[500, [240, 240, 240, 45, 144, 0]]
[501, [168, 184, 184, 60, 72, 0]]
[502, [96, 128, 128, 90, 0, 0]]
[503, [144, 144, 144, 105, 0, 0]]
[504, [144, 160, 160, 120, 0, 0]]
[505, [144, 176, 176, 120, 0, 0]]
[506, [192, 192, 192, 120, 0, 0]]
[507, [192, 208, 208, 135, 0, 0]]
[508, [192, 224, 224, 135, 0, 0]]
[509, [240, 240, 240, 150, 0, 0]]
[510, [240, 256, 256, 21, 144, 0]]
[511, [168, 200, 200, 36, 72, 0]]
[512, [144, 144, 144, 51, 0, 0]]
[513, [144, 160, 160, 51, 0, 0]]
[514, [144, 176, 176, 51, 0, 0]]
[515, [192, 192, 192, 51, 0, 0]]
[516, [192, 208, 208, 51, 0, 0]]
[517, [192, 224, 224, 51, 0, 0]]
[518, [240, 240, 240, 51, 0, 0]]
[519, [240, 256, 256, 201, 0, 0]]
[520, [240, 272, 272, 87, 144, 0]]
[521, [216, 216, 216, 102, 72, 0]]
[522, [144, 160, 160, 132, 0, 0]]
[523, [144, 176, 176, 147, 0, 0]]
[524, [192, 192, 192, 18, 144, 0]]
[525, [120, 136, 136, 18, 72, 0]]
[526, [60, 92, 92, 18, 0, 12]]
[527, [108, 108, 108, 33, 0, 12]]
[528, [96, 112, 112, 33, 0, 0]]
[529, [96, 128, 128, 48, 0, 0]]
[530, [144, 144, 144, 63, 0, 0]]
[531, [144, 160, 160, 78, 0, 0]]
[532, [144, 176, 176, 93, 0, 0]]
[533, [192, 192, 192, 93, 0, 0]]
[534, [192, 208, 208, 93, 0, 0]]
[535, [192, 224, 224, 93, 0, 0]]
[536, [240, 240, 240, 93, 0, 0]]
[537, [240, 256, 256, 93, 0, 0]]
[538, [240, 272, 272, 93, 0, 0]]
[539, [288, 288, 288, 243, 0, 0]]
[540, [288, 304, 304, 129, 144, 0]]
[541, [216, 248, 248, 144, 72, 0]]
[542, [192, 192, 192, 30, 144, 0]]
[543, [120, 136, 136, 45, 72, 0]]
[544, [72, 104, 104, 60, 0, 24]]
[545, [120, 120, 120, 60, 0, 24]]
[546, [120, 136, 136, 60, 0, 24]]
[547, [120, 152, 152, 75, 0, 24]]
[548, [144, 144, 144, 75, 0, 0]]
[549, [144, 160, 160, 90, 0, 0]]
[550, [144, 176, 176, 105, 0, 0]]
[551, [192, 192, 192, 120, 0, 0]]
[552, [192, 208, 208, 135, 0, 0]]
[553, [192, 224, 224, 135, 0, 0]]
[554, [240, 240, 240, 135, 0, 0]]
[555, [240, 256, 256, 135, 0, 0]]
[556, [240, 272, 272, 135, 0, 0]]
[557, [288, 288, 288, 135, 0, 0]]
[558, [288, 304, 304, 135, 0, 0]]
[559, [288, 320, 320, 285, 0, 0]]
[560, [336, 336, 336, 171, 144, 0]]
[561, [264, 280, 280, 42, 216, 0]]
[562, [192, 224, 224, 72, 144, 0]]
[563, [202, 202, 202, 87, 72, 34]]
[564, [202, 218, 218, 102, 0, 106]]
[565, [202, 234, 234, 102, 0, 106]]
[566, [250, 250, 250, 102, 0, 106]]
[567, [248, 264, 264, 117, 0, 104]]
[568, [202, 234, 234, 117, 0, 58]]
[569, [192, 192, 192, 132, 0, 0]]
[570, [192, 208, 208, 147, 0, 0]]
[571, [192, 224, 224, 18, 144, 0]]
[572, [212, 212, 212, 33, 72, 44]]
[573, [212, 228, 228, 33, 0, 116]]
[574, [210, 242, 242, 33, 0, 114]]
[575, [222, 222, 222, 33, 0, 78]]
[576, [172, 188, 188, 33, 0, 28]]
[577, [172, 204, 204, 33, 0, 28]]
[578, [204, 204, 204, 33, 0, 12]]
[579, [192, 208, 208, 168, 0, 0]]
[580, [192, 224, 224, 54, 144, 0]]
[581, [202, 202, 202, 69, 72, 34]]
[582, [176, 192, 192, 99, 0, 80]]
[583, [138, 170, 170, 114, 0, 42]]
[584, [178, 178, 178, 129, 0, 34]]
[585, [154, 170, 170, 129, 0, 10]]
[586, [144, 176, 176, 129, 0, 0]]
[587, [192, 192, 192, 144, 0, 0]]
[588, [192, 208, 208, 0, 144, 0]]
[589, [130, 162, 162, 15, 72, 10]]
[590, [158, 158, 158, 45, 0, 62]]
[591, [142, 158, 158, 60, 0, 46]]
[592, [118, 150, 150, 75, 0, 22]]
[593, [156, 156, 156, 75, 0, 12]]
[594, [156, 172, 172, 75, 0, 12]]
[595, [156, 188, 188, 75, 0, 12]]
[596, [192, 192, 192, 75, 0, 0]]
[597, [192, 208, 208, 75, 0, 0]]
[598, [192, 224, 224, 75, 0, 0]]
[599, [240, 240, 240, 195, 0, 0]]
[600, [240, 256, 256, 81, 144, 0]]
[601, [168, 200, 200, 96, 72, 0]]
[602, [144, 144, 144, 126, 0, 0]]
[603, [144, 160, 160, 141, 0, 0]]
[604, [144, 176, 176, 156, 0, 0]]
[605, [192, 192, 192, 12, 144, 0]]
[606, [152, 168, 168, 12, 72, 32]]
[607, [152, 184, 184, 27, 0, 104]]
[608, [122, 122, 122, 42, 0, 26]]
[609, [96, 112, 112, 57, 0, 0]]
[610, [96, 128, 128, 87, 0, 0]]
[611, [144, 144, 144, 102, 0, 0]]
[612, [144, 160, 160, 117, 0, 0]]
[613, [144, 176, 176, 117, 0, 0]]
[614, [192, 192, 192, 117, 0, 0]]
[615, [192, 208, 208, 117, 0, 0]]
[616, [192, 224, 224, 117, 0, 0]]
[617, [240, 240, 240, 117, 0, 0]]
[618, [240, 256, 256, 117, 0, 0]]
[619, [240, 272, 272, 237, 0, 0]]
[620, [288, 288, 288, 123, 144, 0]]
[621, [216, 232, 232, 138, 72, 0]]
[622, [144, 176, 176, 168, 0, 0]]
[623, [192, 192, 192, 39, 144, 0]]
[624, [120, 136, 136, 54, 72, 0]]
[625, [74, 106, 106, 54, 0, 26]]
[626, [116, 116, 116, 54, 0, 20]]
[627, [114, 130, 130, 69, 0, 18]]
[628, [96, 128, 128, 84, 0, 0]]
[629, [144, 144, 144, 99, 0, 0]]
[630, [144, 160, 160, 129, 0, 0]]
[631, [144, 176, 176, 144, 0, 0]]
[632, [192, 192, 192, 15, 144, 0]]
[633, [120, 136, 136, 15, 72, 0]]
[634, [48, 80, 80, 15, 0, 0]]
[635, [96, 96, 96, 15, 0, 0]]
[636, [96, 112, 112, 15, 0, 0]]
[637, [96, 128, 128, 15, 0, 0]]
[638, [144, 144, 144, 15, 0, 0]]
[639, [144, 160, 160, 135, 0, 0]]
[640, [144, 176, 176, 150, 0, 0]]
[641, [192, 192, 192, 6, 144, 0]]
[642, [120, 136, 136, 36, 72, 0]]
[643, [48, 80, 80, 51, 0, 0]]
[644, [96, 96, 96, 66, 0, 0]]
[645, [96, 112, 112, 66, 0, 0]]
[646, [96, 128, 128, 66, 0, 0]]
[647, [144, 144, 144, 81, 0, 0]]
[648, [144, 160, 160, 96, 0, 0]]
[649, [144, 176, 176, 126, 0, 0]]
[650, [192, 192, 192, 156, 0, 0]]
[651, [192, 208, 208, 27, 144, 0]]
[652, [120, 152, 152, 57, 72, 0]]
[653, [96, 96, 96, 57, 0, 0]]
[654, [96, 112, 112, 57, 0, 0]]
[655, [96, 128, 128, 57, 0, 0]]
[656, [144, 144, 144, 57, 0, 0]]
[657, [144, 160, 160, 57, 0, 0]]
[658, [144, 176, 176, 57, 0, 0]]
[659, [192, 192, 192, 177, 0, 0]]
[660, [192, 208, 208, 48, 144, 0]]
[661, [120, 152, 152, 48, 72, 0]]
[662, [96, 96, 96, 78, 0, 0]]
[663, [96, 112, 112, 93, 0, 0]]
[664, [96, 128, 128, 108, 0, 0]]
[665, [144, 144, 144, 108, 0, 0]]
[666, [144, 160, 160, 108, 0, 0]]
[667, [144, 176, 176, 123, 0, 0]]
[668, [192, 192, 192, 138, 0, 0]]
[669, [192, 208, 208, 168, 0, 0]]
[670, [192, 224, 224, 39, 144, 0]]
[671, [168, 168, 168, 54, 72, 0]]
[672, [96, 112, 112, 99, 0, 0]]
[673, [96, 128, 128, 99, 0, 0]]
[674, [144, 144, 144, 99, 0, 0]]
[675, [144, 160, 160, 99, 0, 0]]
[676, [144, 176, 176, 99, 0, 0]]
[677, [192, 192, 192, 99, 0, 0]]
[678, [192, 208, 208, 99, 0, 0]]
[679, [192, 224, 224, 219, 0, 0]]
[680, [240, 240, 240, 90, 144, 0]]
[681, [168, 184, 184, 90, 72, 0]]
[682, [96, 128, 128, 120, 0, 0]]
[683, [144, 144, 144, 135, 0, 0]]
[684, [144, 160, 160, 150, 0, 0]]
[685, [144, 176, 176, 6, 144, 0]]
[686, [120, 120, 120, 6, 72, 0]]
[687, [64, 80, 80, 21, 0, 16]]
[688, [48, 80, 80, 36, 0, 0]]
[689, [96, 96, 96, 66, 0, 0]]
[690, [96, 112, 112, 81, 0, 0]]
[691, [96, 128, 128, 96, 0, 0]]
[692, [144, 144, 144, 141, 0, 0]]
[693, [144, 160, 160, 141, 0, 0]]
[694, [144, 176, 176, 141, 0, 0]]
[695, [192, 192, 192, 141, 0, 0]]
[696, [192, 208, 208, 141, 0, 0]]
[697, [192, 224, 224, 141, 0, 0]]
[698, [240, 240, 240, 141, 0, 0]]
[699, [240, 256, 256, 261, 0, 0]]
[700, [240, 272, 272, 117, 144, 0]]
[701, [216, 216, 216, 117, 72, 0]]
[702, [144, 160, 160, 132, 0, 0]]
[703, [144, 176, 176, 162, 0, 0]]
[704, [192, 192, 192, 33, 144, 0]]
[705, [126, 142, 142, 33, 72, 6]]
[706, [126, 158, 158, 33, 0, 78]]
[707, [174, 174, 174, 48, 0, 78]]
[708, [120, 136, 136, 63, 0, 24]]
[709, [96, 128, 128, 78, 0, 0]]
[710, [144, 144, 144, 93, 0, 0]]
[711, [144, 160, 160, 108, 0, 0]]
[712, [144, 176, 176, 153, 0, 0]]
[713, [192, 192, 192, 24, 144, 0]]
[714, [120, 136, 136, 24, 72, 0]]
[715, [56, 88, 88, 39, 0, 8]]
[716, [96, 96, 96, 39, 0, 0]]
[717, [96, 112, 112, 39, 0, 0]]
[718, [96, 128, 128, 39, 0, 0]]
[719, [144, 144, 144, 159, 0, 0]]
[720, [144, 160, 160, 15, 144, 0]]
[721, [72, 104, 104, 15, 72, 0]]
[722, [56, 56, 56, 30, 0, 8]]
[723, [48, 64, 64, 60, 0, 0]]
[724, [48, 80, 80, 75, 0, 0]]
[725, [96, 96, 96, 75, 0, 0]]
[726, [96, 112, 112, 75, 0, 0]]
[727, [96, 128, 128, 90, 0, 0]]
[728, [144, 144, 144, 105, 0, 0]]
[729, [144, 160, 160, 120, 0, 0]]
[730, [144, 176, 176, 135, 0, 0]]
[731, [192, 192, 192, 150, 0, 0]]
[732, [192, 208, 208, 51, 144, 0]]
[733, [120, 152, 152, 66, 72, 0]]
[734, [108, 108, 108, 66, 0, 12]]
[735, [108, 124, 124, 81, 0, 12]]
[736, [108, 140, 140, 81, 0, 12]]
[737, [144, 144, 144, 81, 0, 0]]
[738, [144, 160, 160, 81, 0, 0]]
[739, [144, 176, 176, 201, 0, 0]]
[740, [192, 192, 192, 57, 144, 0]]
[741, [120, 136, 136, 57, 72, 0]]
[742, [60, 92, 92, 72, 0, 12]]
[743, [104, 104, 104, 102, 0, 8]]
[744, [96, 112, 112, 117, 0, 0]]
[745, [96, 128, 128, 117, 0, 0]]
[746, [144, 144, 144, 117, 0, 0]]
[747, [144, 160, 160, 132, 0, 0]]
[748, [144, 176, 176, 147, 0, 0]]
[749, [192, 192, 192, 18, 144, 0]]
[750, [120, 136, 136, 33, 72, 0]]
[751, [48, 80, 80, 48, 0, 0]]
[752, [96, 96, 96, 93, 0, 0]]
[753, [96, 112, 112, 108, 0, 0]]
[754, [96, 128, 128, 108, 0, 0]]
[755, [144, 144, 144, 123, 0, 0]]
[756, [144, 160, 160, 123, 0, 0]]
[757, [144, 176, 176, 123, 0, 0]]
[758, [192, 192, 192, 123, 0, 0]]
[759, [192, 208, 208, 243, 0, 0]]
[760, [192, 224, 224, 99, 144, 0]]
[761, [168, 168, 168, 99, 72, 0]]
[762, [96, 112, 112, 114, 0, 0]]
[763, [96, 128, 128, 144, 0, 0]]
[764, [144, 144, 144, 15, 144, 0]]
[765, [72, 88, 88, 15, 72, 0]]
[766, [62, 94, 94, 15, 0, 62]]
[767, [110, 110, 110, 30, 0, 62]]
[768, [48, 64, 64, 45, 0, 0]]
[769, [48, 80, 80, 60, 0, 0]]
[770, [96, 96, 96, 75, 0, 0]]
[771, [96, 112, 112, 90, 0, 0]]
[772, [96, 128, 128, 135, 0, 0]]
[773, [144, 144, 144, 150, 0, 0]]
[774, [144, 160, 160, 6, 144, 0]]
[775, [72, 104, 104, 21, 72, 0]]
[776, [48, 48, 48, 21, 0, 0]]
[777, [48, 64, 64, 21, 0, 0]]
[778, [48, 80, 80, 21, 0, 0]]
[779, [96, 96, 96, 141, 0, 0]]
[780, [96, 112, 112, 141, 0, 0]]
[781, [96, 128, 128, 141, 0, 0]]
[782, [144, 144, 144, 156, 0, 0]]
[783, [144, 160, 160, 42, 144, 0]]
[784, [72, 104, 104, 57, 72, 0]]
[785, [48, 48, 48, 57, 0, 0]]
[786, [48, 64, 64, 57, 0, 0]]
[787, [48, 80, 80, 72, 0, 0]]
[788, [96, 96, 96, 87, 0, 0]]
[789, [96, 112, 112, 102, 0, 0]]
[790, [96, 128, 128, 117, 0, 0]]
[791, [144, 144, 144, 132, 0, 0]]
[792, [144, 160, 160, 177, 0, 0]]
[793, [144, 176, 176, 48, 144, 0]]
[794, [120, 120, 120, 48, 72, 0]]
[795, [48, 64, 64, 63, 0, 0]]
[796, [48, 80, 80, 63, 0, 0]]
[797, [96, 96, 96, 63, 0, 0]]
[798, [96, 112, 112, 63, 0, 0]]
[799, [96, 128, 128, 183, 0, 0]]
[800, [144, 144, 144, 39, 144, 0]]
[801, [72, 88, 88, 39, 72, 0]]
[802, [0, 32, 32, 54, 0, 0]]
[803, [48, 48, 48, 84, 0, 0]]
[804, [48, 64, 64, 99, 0, 0]]
[805, [48, 80, 80, 99, 0, 0]]
[806, [96, 96, 96, 99, 0, 0]]
[807, [96, 112, 112, 114, 0, 0]]
[808, [96, 128, 128, 129, 0, 0]]
[809, [144, 144, 144, 144, 0, 0]]
[810, [144, 160, 160, 15, 144, 0]]
[811, [72, 104, 104, 30, 72, 0]]
[812, [48, 48, 48, 75, 0, 0]]
[813, [48, 64, 64, 90, 0, 0]]
[814, [48, 80, 80, 90, 0, 0]]
[815, [96, 96, 96, 105, 0, 0]]
[816, [96, 112, 112, 105, 0, 0]]
[817, [96, 128, 128, 105, 0, 0]]
[818, [144, 144, 144, 105, 0, 0]]
[819, [144, 160, 160, 225, 0, 0]]
[820, [144, 176, 176, 81, 144, 0]]
[821, [120, 120, 120, 81, 72, 0]]
[822, [48, 64, 64, 96, 0, 0]]
[823, [48, 80, 80, 126, 0, 0]]
[824, [96, 96, 96, 141, 0, 0]]
[825, [96, 112, 112, 141, 0, 0]]
[826, [96, 128, 128, 141, 0, 0]]
[827, [144, 144, 144, 156, 0, 0]]
[828, [144, 160, 160, 27, 144, 0]]
[829, [72, 104, 104, 42, 72, 0]]
[830, [48, 48, 48, 57, 0, 0]]
[831, [48, 64, 64, 72, 0, 0]]
[832, [48, 80, 80, 117, 0, 0]]
[833, [96, 96, 96, 132, 0, 0]]
[834, [96, 112, 112, 132, 0, 0]]
[835, [96, 128, 128, 147, 0, 0]]
[836, [144, 144, 144, 3, 144, 0]]
[837, [72, 88, 88, 3, 72, 0]]
[838, [0, 32, 32, 3, 0, 0]]
[839, [48, 48, 48, 93, 0, 0]]
[840, [48, 64, 64, 108, 0, 0]]
[841, [48, 80, 80, 108, 0, 0]]
[842, [96, 96, 96, 123, 0, 0]]
[843, [96, 112, 112, 153, 0, 0]]
[844, [96, 128, 128, 24, 144, 0]]
[845, [72, 72, 72, 24, 72, 0]]
[846, [0, 16, 16, 24, 0, 0]]
[847, [0, 32, 32, 39, 0, 0]]
[848, [48, 48, 48, 54, 0, 0]]
[849, [48, 64, 64, 84, 0, 0]]
[850, [48, 80, 80, 99, 0, 0]]
[851, [96, 96, 96, 114, 0, 0]]
[852, [96, 112, 112, 159, 0, 0]]
[853, [96, 128, 128, 30, 144, 0]]
[854, [72, 72, 72, 30, 72, 0]]
[855, [0, 16, 16, 45, 0, 0]]
[856, [0, 32, 32, 45, 0, 0]]
[857, [48, 48, 48, 45, 0, 0]]
[858, [48, 64, 64, 45, 0, 0]]
[859, [48, 80, 80, 135, 0, 0]]
[860, [96, 96, 96, 150, 0, 0]]
[861, [96, 112, 112, 6, 144, 0]]
[862, [24, 56, 56, 21, 72, 0]]
[863, [0, 0, 0, 51, 0, 0]]
[864, [0, 16, 16, 66, 0, 0]]
[865, [0, 32, 32, 66, 0, 0]]
[866, [48, 48, 48, 66, 0, 0]]
[867, [48, 64, 64, 81, 0, 0]]
[868, [48, 80, 80, 96, 0, 0]]
[869, [96, 96, 96, 126, 0, 0]]
[870, [96, 112, 112, 141, 0, 0]]
[871, [96, 128, 128, 156, 0, 0]]
[872, [144, 144, 144, 57, 144, 0]]
[873, [72, 88, 88, 72, 72, 0]]
[874, [0, 32, 32, 72, 0, 0]]
[875, [48, 48, 48, 87, 0, 0]]
[876, [48, 64, 64, 87, 0, 0]]
[877, [48, 80, 80, 87, 0, 0]]
[878, [96, 96, 96, 87, 0, 0]]
[879, [96, 112, 112, 177, 0, 0]]
[880, [96, 128, 128, 48, 144, 0]]
[881, [72, 72, 72, 48, 72, 0]]
[882, [10, 26, 26, 63, 0, 10]]
[883, [2, 34, 34, 93, 0, 2]]
[884, [50, 50, 50, 108, 0, 2]]
[885, [50, 66, 66, 108, 0, 2]]
[886, [48, 80, 80, 108, 0, 0]]
[887, [96, 96, 96, 123, 0, 0]]
[888, [96, 112, 112, 138, 0, 0]]
[889, [96, 128, 128, 168, 0, 0]]
[890, [144, 144, 144, 39, 144, 0]]
[891, [72, 88, 88, 54, 72, 0]]
[892, [0, 32, 32, 99, 0, 0]]
[893, [48, 48, 48, 114, 0, 0]]
[894, [48, 64, 64, 114, 0, 0]]
[895, [48, 80, 80, 129, 0, 0]]
[896, [96, 96, 96, 129, 0, 0]]
[897, [96, 112, 112, 129, 0, 0]]
[898, [96, 128, 128, 129, 0, 0]]
[899, [144, 144, 144, 219, 0, 0]]
[900, [144, 160, 160, 90, 144, 0]]
[901, [72, 104, 104, 90, 72, 0]]
[902, [48, 48, 48, 105, 0, 0]]
[903, [48, 64, 64, 135, 0, 0]]
[904, [48, 80, 80, 150, 0, 0]]
[905, [96, 96, 96, 6, 144, 0]]
[906, [46, 62, 62, 6, 72, 22]]
[907, [46, 78, 78, 21, 0, 94]]
[908, [22, 22, 22, 36, 0, 22]]
[909, [0, 16, 16, 51, 0, 0]]
[910, [0, 32, 32, 66, 0, 0]]
[911, [48, 48, 48, 81, 0, 0]]
[912, [48, 64, 64, 126, 0, 0]]
[913, [48, 80, 80, 141, 0, 0]]
[914, [96, 96, 96, 141, 0, 0]]
[915, [96, 112, 112, 156, 0, 0]]
[916, [96, 128, 128, 27, 144, 0]]
[917, [72, 72, 72, 27, 72, 0]]
[918, [0, 16, 16, 27, 0, 0]]
[919, [0, 32, 32, 102, 0, 0]]
[920, [48, 48, 48, 117, 0, 0]]
[921, [48, 64, 64, 117, 0, 0]]
[922, [48, 80, 80, 132, 0, 0]]
[923, [96, 96, 96, 162, 0, 0]]
[924, [96, 112, 112, 33, 144, 0]]
[925, [24, 56, 56, 33, 72, 0]]
[926, [0, 0, 0, 33, 0, 0]]
[927, [0, 16, 16, 48, 0, 0]]
[928, [0, 32, 32, 63, 0, 0]]
[929, [48, 48, 48, 78, 0, 0]]
[930, [48, 64, 64, 93, 0, 0]]
[931, [48, 80, 80, 108, 0, 0]]
[932, [96, 96, 96, 153, 0, 0]]
[933, [96, 112, 112, 24, 144, 0]]
[934, [24, 56, 56, 24, 72, 0]]
[935, [0, 0, 0, 39, 0, 0]]
[936, [0, 16, 16, 39, 0, 0]]
[937, [0, 32, 32, 39, 0, 0]]
[938, [48, 48, 48, 39, 0, 0]]
[939, [48, 64, 64, 114, 0, 0]]
[940, [48, 80, 80, 144, 0, 0]]
[941, [96, 96, 96, 0, 144, 0]]
[942, [24, 40, 40, 15, 72, 0]]
[943, [0, 32, 32, 45, 0, 48]]
[944, [0, 0, 0, 60, 0, 0]]
[945, [0, 16, 16, 60, 0, 0]]
[946, [0, 32, 32, 60, 0, 0]]
[947, [48, 48, 48, 75, 0, 0]]
[948, [48, 64, 64, 90, 0, 0]]
[949, [48, 80, 80, 105, 0, 0]]
[950, [96, 96, 96, 120, 0, 0]]
[951, [96, 112, 112, 150, 0, 0]]
[952, [96, 128, 128, 51, 144, 0]]
[953, [72, 72, 72, 66, 72, 0]]
[954, [0, 16, 16, 66, 0, 0]]
[955, [0, 32, 32, 81, 0, 0]]
[956, [48, 48, 48, 81, 0, 0]]
[957, [48, 64, 64, 81, 0, 0]]
[958, [48, 80, 80, 81, 0, 0]]
[959, [96, 96, 96, 156, 0, 0]]
[960, [96, 112, 112, 42, 144, 0]]
[961, [24, 56, 56, 42, 72, 0]]
[962, [0, 0, 0, 57, 0, 0]]
[963, [0, 16, 16, 87, 0, 0]]
[964, [0, 32, 32, 102, 0, 0]]
[965, [48, 48, 48, 102, 0, 0]]
[966, [48, 64, 64, 102, 0, 0]]
[967, [48, 80, 80, 117, 0, 0]]
[968, [96, 96, 96, 132, 0, 0]]
[969, [96, 112, 112, 147, 0, 0]]
[970, [96, 128, 128, 18, 144, 0]]
[971, [72, 72, 72, 48, 72, 0]]
[972, [0, 16, 16, 78, 0, 0]]
[973, [0, 32, 32, 93, 0, 0]]
[974, [48, 48, 48, 93, 0, 0]]
[975, [48, 64, 64, 108, 0, 0]]
[976, [48, 80, 80, 108, 0, 0]]
[977, [96, 96, 96, 108, 0, 0]]
[978, [96, 112, 112, 108, 0, 0]]
[979, [96, 128, 128, 168, 0, 0]]
[980, [144, 144, 144, 54, 144, 0]]
[981, [72, 88, 88, 69, 72, 0]]
[982, [0, 32, 32, 84, 0, 0]]
[983, [48, 48, 48, 114, 0, 0]]
[984, [48, 64, 64, 129, 0, 0]]
[985, [48, 80, 80, 129, 0, 0]]
[986, [96, 96, 96, 129, 0, 0]]
[987, [96, 112, 112, 144, 0, 0]]
[988, [96, 128, 128, 15, 144, 0]]
[989, [72, 72, 72, 30, 72, 0]]
[990, [0, 16, 16, 45, 0, 0]]
[991, [0, 32, 32, 75, 0, 0]]
[992, [48, 48, 48, 105, 0, 0]]
[993, [48, 64, 64, 120, 0, 0]]
[994, [48, 80, 80, 120, 0, 0]]
[995, [96, 96, 96, 150, 0, 0]]
[996, [96, 112, 112, 6, 144, 0]]
[997, [24, 56, 56, 6, 72, 0]]
[998, [0, 0, 0, 6, 0, 0]]
[999, [0, 16, 16, 66, 0, 0]]
[1000, [0, 32, 32, 96, 0, 0]]
[1001, [48, 48, 48, 111, 0, 0]]
[1002, [48, 64, 64, 126, 0, 0]]
[1003, [48, 80, 80, 156, 0, 0]]
[1004, [96, 96, 96, 27, 144, 0]]
[1005, [24, 40, 40, 27, 72, 0]]
[1006, [0, 32, 32, 27, 0, 48]]
[1007, [0, 0, 0, 42, 0, 0]]
[1008, [0, 16, 16, 57, 0, 0]]
[1009, [0, 32, 32, 72, 0, 0]]
[1010, [48, 48, 48, 87, 0, 0]]
[1011, [48, 64, 64, 117, 0, 0]]
[1012, [48, 80, 80, 147, 0, 0]]
[1013, [96, 96, 96, 18, 144, 0]]
[1014, [24, 40, 40, 18, 72, 0]]
[1015, [0, 32, 32, 48, 0, 48]]
[1016, [0, 0, 0, 48, 0, 0]]
[1017, [0, 16, 16, 48, 0, 0]]
[1018, [0, 32, 32, 48, 0, 0]]
[1019, [48, 48, 48, 108, 0, 0]]
[1020, [48, 64, 64, 123, 0, 0]]
[1021, [48, 80, 80, 138, 0, 0]]
[1022, [96, 96, 96, 153, 0, 0]]
[1023, [96, 112, 112, 39, 144, 0]]
[1024, [24, 56, 56, 54, 72, 0]]
[1025, [0, 0, 0, 54, 0, 0]]
[1026, [0, 16, 16, 54, 0, 0]]
[1027, [0, 32, 32, 69, 0, 0]]
[1028, [48, 48, 48, 84, 0, 0]]
[1029, [48, 64, 64, 99, 0, 0]]
[1030, [48, 80, 80, 114, 0, 0]]
[1031, [96, 96, 96, 144, 0, 0]]
[1032, [96, 112, 112, 30, 144, 0]]
[1033, [24, 56, 56, 45, 72, 0]]
[1034, [0, 0, 0, 60, 0, 0]]
[1035, [0, 16, 16, 90, 0, 0]]
[1036, [0, 32, 32, 90, 0, 0]]
[1037, [48, 48, 48, 90, 0, 0]]
[1038, [48, 64, 64, 90, 0, 0]]
[1039, [48, 80, 80, 150, 0, 0]]
[1040, [96, 96, 96, 21, 144, 0]]
[1041, [24, 40, 40, 36, 72, 0]]
[1042, [0, 32, 32, 51, 0, 48]]
[1043, [0, 0, 0, 81, 0, 0]]
[1044, [0, 16, 16, 96, 0, 0]]
[1045, [0, 32, 32, 96, 0, 0]]
[1046, [48, 48, 48, 96, 0, 0]]
[1047, [48, 64, 64, 111, 0, 0]]
[1048, [48, 80, 80, 126, 0, 0]]
[1049, [96, 96, 96, 141, 0, 0]]
[1050, [96, 112, 112, 156, 0, 0]]
[1051, [96, 128, 128, 42, 144, 0]]
[1052, [72, 72, 72, 72, 72, 0]]
[1053, [0, 16, 16, 87, 0, 0]]
[1054, [0, 32, 32, 102, 0, 0]]
[1055, [48, 48, 48, 132, 0, 0]]
[1056, [48, 64, 64, 132, 0, 0]]
[1057, [48, 80, 80, 132, 0, 0]]
[1058, [96, 96, 96, 132, 0, 0]]
[1059, [96, 112, 112, 177, 0, 0]]
[1060, [96, 128, 128, 48, 144, 0]]
[1061, [72, 72, 72, 63, 72, 0]]
[1062, [0, 16, 16, 63, 0, 0]]
[1063, [0, 32, 32, 93, 0, 0]]
[1064, [48, 48, 48, 108, 0, 0]]
[1065, [48, 64, 64, 108, 0, 0]]
[1066, [48, 80, 80, 108, 0, 0]]
[1067, [96, 96, 96, 123, 0, 0]]
[1068, [96, 112, 112, 138, 0, 0]]
[1069, [96, 128, 128, 153, 0, 0]]
[1070, [144, 144, 144, 24, 144, 0]]
[1071, [72, 88, 88, 69, 72, 0]]
[1072, [0, 32, 32, 99, 0, 0]]
[1073, [48, 48, 48, 114, 0, 0]]
[1074, [48, 64, 64, 129, 0, 0]]
[1075, [48, 80, 80, 159, 0, 0]]
[1076, [96, 96, 96, 15, 144, 0]]
[1077, [24, 40, 40, 15, 72, 0]]
[1078, [0, 32, 32, 30, 0, 48]]
[1079, [0, 0, 0, 75, 0, 0]]
[1080, [0, 16, 16, 90, 0, 0]]
[1081, [0, 32, 32, 105, 0, 0]]
[1082, [48, 48, 48, 105, 0, 0]]
[1083, [48, 64, 64, 135, 0, 0]]
[1084, [48, 80, 80, 150, 0, 0]]
[1085, [96, 96, 96, 6, 144, 0]]
[1086, [24, 40, 40, 6, 72, 0]]
[1087, [0, 32, 32, 21, 0, 48]]
[1088, [0, 0, 0, 36, 0, 0]]
[1089, [0, 16, 16, 51, 0, 0]]
[1090, [0, 32, 32, 66, 0, 0]]
[1091, [48, 48, 48, 111, 0, 0]]
[1092, [48, 64, 64, 141, 0, 0]]
[1093, [48, 80, 80, 156, 0, 0]]
[1094, [96, 96, 96, 27, 144, 0]]
[1095, [24, 40, 40, 57, 72, 0]]
[1096, [0, 32, 32, 57, 0, 48]]
[1097, [0, 0, 0, 57, 0, 0]]
[1098, [0, 16, 16, 72, 0, 0]]
[1099, [0, 32, 32, 117, 0, 0]]
[1100, [48, 48, 48, 132, 0, 0]]
[1101, [48, 64, 64, 147, 0, 0]]
[1102, [48, 80, 80, 3, 144, 0]]
[1103, [24, 24, 24, 33, 72, 0]]
[1104, [0, 16, 16, 48, 0, 48]]
[1105, [0, 32, 32, 48, 0, 48]]
[1106, [0, 0, 0, 48, 0, 0]]
[1107, [0, 16, 16, 63, 0, 0]]
[1108, [0, 32, 32, 78, 0, 0]]
[1109, [48, 48, 48, 93, 0, 0]]
[1110, [48, 64, 64, 108, 0, 0]]
[1111, [48, 80, 80, 153, 0, 0]]
[1112, [96, 96, 96, 39, 144, 0]]
[1113, [24, 40, 40, 54, 72, 0]]
[1114, [0, 32, 32, 69, 0, 48]]
[1115, [0, 0, 0, 99, 0, 0]]
[1116, [0, 16, 16, 99, 0, 0]]
[1117, [0, 32, 32, 99, 0, 0]]
[1118, [48, 48, 48, 114, 0, 0]]
[1119, [48, 64, 64, 159, 0, 0]]
[1120, [48, 80, 80, 30, 144, 0]]
[1121, [24, 24, 24, 45, 72, 0]]
[1122, [0, 16, 16, 45, 0, 48]]
[1123, [0, 32, 32, 75, 0, 48]]
[1124, [0, 0, 0, 90, 0, 0]]
[1125, [0, 16, 16, 90, 0, 0]]
[1126, [0, 32, 32, 90, 0, 0]]
[1127, [48, 48, 48, 105, 0, 0]]
[1128, [48, 64, 64, 105, 0, 0]]
[1129, [48, 80, 80, 135, 0, 0]]
[1130, [96, 96, 96, 150, 0, 0]]
[1131, [96, 112, 112, 36, 144, 0]]
[1132, [24, 56, 56, 66, 72, 0]]
[1133, [0, 0, 0, 81, 0, 0]]
[1134, [0, 16, 16, 96, 0, 0]]
[1135, [0, 32, 32, 126, 0, 0]]
[1136, [48, 48, 48, 126, 0, 0]]
[1137, [48, 64, 64, 126, 0, 0]]
[1138, [48, 80, 80, 141, 0, 0]]
[1139, [96, 96, 96, 186, 0, 0]]
[1140, [96, 112, 112, 57, 144, 0]]
[1141, [24, 56, 56, 72, 72, 0]]
[1142, [0, 0, 0, 72, 0, 0]]
[1143, [0, 16, 16, 102, 0, 0]]
[1144, [0, 32, 32, 117, 0, 0]]
[1145, [48, 48, 48, 117, 0, 0]]
[1146, [48, 64, 64, 117, 0, 0]]
[1147, [48, 80, 80, 132, 0, 0]]
[1148, [96, 96, 96, 147, 0, 0]]
[1149, [96, 112, 112, 18, 144, 0]]
[1150, [24, 56, 56, 48, 72, 0]]
[1151, [0, 0, 0, 78, 0, 0]]
[1152, [0, 16, 16, 108, 0, 0]]
[1153, [0, 32, 32, 123, 0, 0]]
[1154, [48, 48, 48, 138, 0, 0]]
[1155, [48, 64, 64, 168, 0, 0]]
[1156, [48, 80, 80, 24, 144, 0]]
[1157, [24, 24, 24, 24, 72, 0]]
[1158, [0, 16, 16, 39, 0, 48]]
[1159, [0, 32, 32, 69, 0, 48]]
[1160, [0, 0, 0, 84, 0, 0]]
[1161, [0, 16, 16, 99, 0, 0]]
[1162, [0, 32, 32, 99, 0, 0]]
[1163, [48, 48, 48, 129, 0, 0]]
[1164, [48, 64, 64, 144, 0, 0]]
[1165, [48, 80, 80, 0, 144, 0]]
[1166, [24, 24, 24, 15, 72, 0]]
[1167, [0, 16, 16, 30, 0, 48]]
[1168, [0, 32, 32, 45, 0, 48]]
[1169, [0, 0, 0, 60, 0, 0]]
[1170, [0, 16, 16, 90, 0, 0]]
[1171, [0, 32, 32, 120, 0, 0]]
[1172, [48, 48, 48, 150, 0, 0]]
[1173, [48, 64, 64, 6, 144, 0]]
[1174, [0, 32, 32, 21, 72, 24]]
[1175, [0, 0, 0, 51, 0, 48]]
[1176, [0, 16, 16, 51, 0, 48]]
[1177, [0, 32, 32, 51, 0, 48]]
[1178, [0, 0, 0, 66, 0, 0]]
[1179, [0, 16, 16, 96, 0, 0]]
[1180, [0, 32, 32, 111, 0, 0]]
[1181, [48, 48, 48, 141, 0, 0]]
[1182, [48, 64, 64, 141, 0, 0]]
[1183, [48, 80, 80, 171, 0, 0]]
[1184, [96, 96, 96, 42, 144, 0]]
[1185, [24, 40, 40, 42, 72, 0]]
[1186, [0, 32, 32, 57, 0, 48]]
[1187, [0, 0, 0, 72, 0, 0]]
[1188, [0, 16, 16, 87, 0, 0]]
[1189, [0, 32, 32, 102, 0, 0]]
[1190, [48, 48, 48, 132, 0, 0]]
[1191, [48, 64, 64, 162, 0, 0]]
[1192, [48, 80, 80, 48, 144, 0]]
[1193, [24, 24, 24, 48, 72, 0]]
[1194, [0, 16, 16, 63, 0, 48]]
[1195, [0, 32, 32, 93, 0, 48]]
[1196, [0, 0, 0, 93, 0, 0]]
[1197, [0, 16, 16, 93, 0, 0]]
[1198, [0, 32, 32, 108, 0, 0]]
[1199, [48, 48, 48, 123, 0, 0]]
[1200, [48, 64, 64, 153, 0, 0]]
[1201, [48, 80, 80, 39, 144, 0]]
[1202, [24, 24, 24, 39, 72, 0]]
[1203, [0, 16, 16, 69, 0, 48]]
[1204, [0, 32, 32, 84, 0, 48]]
[1205, [0, 0, 0, 84, 0, 0]]
[1206, [0, 16, 16, 99, 0, 0]]
[1207, [0, 32, 32, 114, 0, 0]]
[1208, [48, 48, 48, 129, 0, 0]]
[1209, [48, 64, 64, 144, 0, 0]]
[1210, [48, 80, 80, 30, 144, 0]]
[1211, [24, 24, 24, 60, 72, 0]]
[1212, [0, 16, 16, 90, 0, 48]]
[1213, [0, 32, 32, 90, 0, 48]]
[1214, [0, 0, 0, 105, 0, 0]]
[1215, [0, 16, 16, 135, 0, 0]]
[1216, [0, 32, 32, 135, 0, 0]]
[1217, [48, 48, 48, 135, 0, 0]]
[1218, [48, 64, 64, 150, 0, 0]]
[1219, [48, 80, 80, 21, 144, 0]]
[1220, [24, 24, 24, 51, 72, 0]]
[1221, [0, 16, 16, 81, 0, 48]]
[1222, [0, 32, 32, 81, 0, 48]]
[1223, [0, 0, 0, 96, 0, 0]]
[1224, [0, 16, 16, 111, 0, 0]]
[1225, [0, 32, 32, 111, 0, 0]]
[1226, [48, 48, 48, 126, 0, 0]]
[1227, [48, 64, 64, 141, 0, 0]]
[1228, [48, 80, 80, 156, 0, 0]]
[1229, [96, 96, 96, 27, 144, 0]]
[1230, [24, 40, 40, 57, 72, 0]]
[1231, [0, 32, 32, 87, 0, 48]]
[1232, [0, 0, 0, 132, 0, 0]]
[1233, [0, 16, 16, 132, 0, 0]]
[1234, [0, 32, 32, 147, 0, 0]]
[1235, [48, 48, 48, 33, 144, 0]]
[1236, [0, 16, 16, 33, 72, 24]]
[1237, [0, 32, 32, 33, 0, 96]]
[1238, [0, 0, 0, 48, 0, 48]]
[1239, [0, 16, 16, 63, 0, 48]]
[1240, [0, 32, 32, 93, 0, 48]]
[1241, [0, 0, 0, 123, 0, 0]]
[1242, [0, 16, 16, 123, 0, 0]]
[1243, [0, 32, 32, 138, 0, 0]]
[1244, [48, 48, 48, 153, 0, 0]]
[1245, [48, 64, 64, 9, 144, 0]]
[1246, [0, 32, 32, 24, 72, 24]]
[1247, [0, 0, 0, 39, 0, 48]]
[1248, [0, 16, 16, 54, 0, 48]]
[1249, [0, 32, 32, 69, 0, 48]]
[1250, [0, 0, 0, 99, 0, 0]]
[1251, [0, 16, 16, 129, 0, 0]]
[1252, [0, 32, 32, 174, 0, 0]]
[1253, [48, 48, 48, 30, 144, 0]]
[1254, [0, 16, 16, 45, 72, 24]]
[1255, [0, 32, 32, 75, 0, 96]]
[1256, [0, 0, 0, 75, 0, 48]]
[1257, [0, 16, 16, 75, 0, 48]]
[1258, [0, 32, 32, 90, 0, 48]]
[1259, [0, 0, 0, 105, 0, 0]]
[1260, [0, 16, 16, 135, 0, 0]]
[1261, [0, 32, 32, 165, 0, 0]]
[1262, [48, 48, 48, 21, 144, 0]]
[1263, [0, 16, 16, 36, 72, 24]]
[1264, [0, 32, 32, 51, 0, 96]]
[1265, [0, 0, 0, 51, 0, 48]]
[1266, [0, 16, 16, 66, 0, 48]]
[1267, [0, 32, 32, 81, 0, 48]]
[1268, [0, 0, 0, 96, 0, 0]]
[1269, [0, 16, 16, 111, 0, 0]]
[1270, [0, 32, 32, 141, 0, 0]]
[1271, [48, 48, 48, 171, 0, 0]]
[1272, [48, 64, 64, 72, 144, 0]]
[1273, [0, 32, 32, 72, 72, 24]]
[1274, [0, 0, 0, 87, 0, 48]]
[1275, [0, 16, 16, 117, 0, 48]]
[1276, [0, 32, 32, 117, 0, 48]]
[1277, [0, 0, 0, 117, 0, 0]]
[1278, [0, 16, 16, 132, 0, 0]]
[1279, [0, 32, 32, 147, 0, 0]]
[1280, [48, 48, 48, 33, 144, 0]]
[1281, [0, 16, 16, 63, 72, 24]]
[1282, [0, 32, 32, 63, 0, 96]]
[1283, [0, 0, 0, 78, 0, 48]]
[1284, [0, 16, 16, 93, 0, 48]]
[1285, [0, 32, 32, 93, 0, 48]]
[1286, [0, 0, 0, 93, 0, 0]]
[1287, [0, 16, 16, 108, 0, 0]]
[1288, [0, 32, 32, 123, 0, 0]]
[1289, [48, 48, 48, 138, 0, 0]]
[1290, [48, 64, 64, 168, 0, 0]]
[1291, [48, 80, 80, 54, 144, 0]]
[1292, [24, 24, 24, 99, 72, 0]]
[1293, [0, 16, 16, 99, 0, 48]]
[1294, [0, 32, 32, 114, 0, 48]]
[1295, [0, 0, 0, 144, 0, 0]]
[1296, [0, 16, 16, 0, 144, 0]]
[1297, [0, 32, 32, 0, 72, 72]]
[1298, [0, 0, 0, 15, 0, 96]]
[1299, [0, 16, 16, 30, 0, 96]]
[1300, [0, 32, 32, 60, 0, 96]]
[1301, [0, 0, 0, 90, 0, 48]]
[1302, [0, 16, 16, 90, 0, 48]]
[1303, [0, 32, 32, 105, 0, 48]]
[1304, [0, 0, 0, 135, 0, 0]]
[1305, [0, 16, 16, 135, 0, 0]]
[1306, [0, 32, 32, 135, 0, 0]]
[1307, [48, 48, 48, 150, 0, 0]]
[1308, [48, 64, 64, 6, 144, 0]]
[1309, [0, 32, 32, 21, 72, 24]]
[1310, [0, 0, 0, 51, 0, 48]]
[1311, [0, 16, 16, 81, 0, 48]]
[1312, [0, 32, 32, 126, 0, 48]]
[1313, [0, 0, 0, 141, 0, 0]]
[1314, [0, 16, 16, 156, 0, 0]]
[1315, [0, 32, 32, 42, 144, 0]]
[1316, [0, 0, 0, 42, 72, 24]]
[1317, [0, 16, 16, 42, 0, 96]]
[1318, [0, 32, 32, 57, 0, 96]]
[1319, [0, 0, 0, 72, 0, 48]]
[1320, [0, 16, 16, 102, 0, 48]]
[1321, [0, 32, 32, 132, 0, 48]]
[1322, [0, 0, 0, 132, 0, 0]]
[1323, [0, 16, 16, 147, 0, 0]]
[1324, [0, 32, 32, 33, 144, 0]]
[1325, [0, 0, 0, 33, 72, 24]]
[1326, [0, 16, 16, 33, 0, 96]]
[1327, [0, 32, 32, 48, 0, 96]]
[1328, [0, 0, 0, 48, 0, 48]]
[1329, [0, 16, 16, 63, 0, 48]]
[1330, [0, 32, 32, 93, 0, 48]]
[1331, [0, 0, 0, 108, 0, 0]]
[1332, [0, 16, 16, 153, 0, 0]]
[1333, [0, 32, 32, 24, 144, 0]]
[1334, [0, 0, 0, 39, 72, 24]]
[1335, [0, 16, 16, 84, 0, 96]]
[1336, [0, 32, 32, 84, 0, 96]]
[1337, [0, 0, 0, 84, 0, 48]]
[1338, [0, 16, 16, 99, 0, 48]]
[1339, [0, 32, 32, 99, 0, 48]]
[1340, [0, 0, 0, 129, 0, 0]]
[1341, [0, 16, 16, 159, 0, 0]]
[1342, [0, 32, 32, 15, 144, 0]]
[1343, [0, 0, 0, 30, 72, 24]]
[1344, [0, 16, 16, 60, 0, 96]]
[1345, [0, 32, 32, 60, 0, 96]]
[1346, [0, 0, 0, 60, 0, 48]]
[1347, [0, 16, 16, 75, 0, 48]]
[1348, [0, 32, 32, 75, 0, 48]]
[1349, [0, 0, 0, 90, 0, 0]]
[1350, [0, 16, 16, 105, 0, 0]]
[1351, [0, 32, 32, 120, 0, 0]]
[1352, [48, 48, 48, 165, 0, 0]]
[1353, [48, 64, 64, 21, 144, 0]]
[1354, [0, 32, 32, 36, 72, 24]]
[1355, [0, 0, 0, 81, 0, 48]]
[1356, [0, 16, 16, 81, 0, 48]]
[1357, [0, 32, 32, 96, 0, 48]]
[1358, [0, 0, 0, 111, 0, 0]]
[1359, [0, 16, 16, 111, 0, 0]]
[1360, [0, 32, 32, 141, 0, 0]]
[1361, [48, 48, 48, 171, 0, 0]]
[1362, [48, 64, 64, 27, 144, 0]]
[1363, [0, 32, 32, 42, 72, 24]]
[1364, [0, 0, 0, 72, 0, 48]]
[1365, [0, 16, 16, 72, 0, 48]]
[1366, [0, 32, 32, 72, 0, 48]]
[1367, [0, 0, 0, 87, 0, 0]]
[1368, [0, 16, 16, 87, 0, 0]]
[1369, [0, 32, 32, 102, 0, 0]]
[1370, [48, 48, 48, 117, 0, 0]]
[1371, [48, 64, 64, 132, 0, 0]]
[1372, [48, 80, 80, 177, 0, 0]]
[1373, [96, 96, 96, 33, 144, 0]]
[1374, [24, 40, 40, 48, 72, 0]]
[1375, [0, 32, 32, 93, 0, 48]]
[1376, [0, 0, 0, 93, 0, 0]]
[1377, [0, 16, 16, 108, 0, 0]]
[1378, [0, 32, 32, 123, 0, 0]]
[1379, [48, 48, 48, 138, 0, 0]]
[1380, [48, 64, 64, 168, 0, 0]]
[1381, [48, 80, 80, 54, 144, 0]]
[1382, [24, 24, 24, 54, 72, 0]]
[1383, [0, 16, 16, 69, 0, 48]]
[1384, [0, 32, 32, 99, 0, 48]]
[1385, [0, 0, 0, 99, 0, 0]]
[1386, [0, 16, 16, 114, 0, 0]]
[1387, [0, 32, 32, 129, 0, 0]]
[1388, [48, 48, 48, 129, 0, 0]]
[1389, [48, 64, 64, 144, 0, 0]]
[1390, [48, 80, 80, 15, 144, 0]]
[1391, [24, 24, 24, 30, 72, 0]]
[1392, [0, 16, 16, 75, 0, 48]]
[1393, [0, 32, 32, 75, 0, 48]]
[1394, [0, 0, 0, 90, 0, 0]]
[1395, [0, 16, 16, 135, 0, 0]]
[1396, [0, 32, 32, 135, 0, 0]]
[1397, [48, 48, 48, 150, 0, 0]]
[1398, [48, 64, 64, 21, 144, 0]]
[1399, [0, 32, 32, 36, 72, 24]]
[1400, [0, 0, 0, 66, 0, 48]]
[1401, [0, 16, 16, 96, 0, 48]]
[1402, [0, 32, 32, 96, 0, 48]]
[1403, [0, 0, 0, 111, 0, 0]]
[1404, [0, 16, 16, 141, 0, 0]]
[1405, [0, 32, 32, 141, 0, 0]]
[1406, [48, 48, 48, 156, 0, 0]]
[1407, [48, 64, 64, 27, 144, 0]]
[1408, [0, 32, 32, 27, 72, 24]]
[1409, [0, 0, 0, 42, 0, 48]]
[1410, [0, 16, 16, 57, 0, 48]]
[1411, [0, 32, 32, 72, 0, 48]]
[1412, [0, 0, 0, 117, 0, 0]]
[1413, [0, 16, 16, 117, 0, 0]]
[1414, [0, 32, 32, 132, 0, 0]]
[1415, [48, 48, 48, 177, 0, 0]]
[1416, [48, 64, 64, 33, 144, 0]]
[1417, [0, 32, 32, 48, 72, 24]]
[1418, [0, 0, 0, 63, 0, 48]]
[1419, [0, 16, 16, 78, 0, 48]]
[1420, [0, 32, 32, 108, 0, 48]]
[1421, [0, 0, 0, 138, 0, 0]]
[1422, [0, 16, 16, 138, 0, 0]]
[1423, [0, 32, 32, 153, 0, 0]]
[1424, [48, 48, 48, 39, 144, 0]]
[1425, [0, 16, 16, 39, 72, 24]]
[1426, [0, 32, 32, 54, 0, 96]]
[1427, [0, 0, 0, 69, 0, 48]]
[1428, [0, 16, 16, 69, 0, 48]]
[1429, [0, 32, 32, 84, 0, 48]]
[1430, [0, 0, 0, 99, 0, 0]]
[1431, [0, 16, 16, 114, 0, 0]]
[1432, [0, 32, 32, 159, 0, 0]]
[1433, [48, 48, 48, 15, 144, 0]]
[1434, [0, 16, 16, 30, 72, 24]]
[1435, [0, 32, 32, 75, 0, 96]]
[1436, [0, 0, 0, 75, 0, 48]]
[1437, [0, 16, 16, 90, 0, 48]]
[1438, [0, 32, 32, 90, 0, 48]]
[1439, [0, 0, 0, 105, 0, 0]]
