SimulationV04.py[0, [0, 16, 16, 0, 0, 0]]
[1, [0, 32, 32, 0, 0, 0]]
[2, [48, 48, 48, 0, 0, 0]]
[3, [48, 64, 64, 0, 0, 0]]
[4, [48, 80, 80, 0, 0, 0]]
[5, [96, 96, 96, 0, 0, 0]]
[6, [96, 112, 112, 0, 0, 0]]
[7, [96, 128, 128, 0, 0, 0]]
[8, [144, 144, 144, 0, 0, 0]]
[9, [144, 160, 160, 0, 0, 0]]
[10, [144, 176, 176, 0, 0, 0]]
[11, [192, 192, 192, 0, 0, 0]]
[12, [192, 208, 208, 0, 0, 0]]
[13, [192, 224, 224, 0, 0, 0]]
[14, [240, 240, 240, 0, 0, 0]]
[15, [240, 256, 256, 0, 0, 0]]
[16, [240, 272, 272, 0, 0, 0]]
[17, [288, 288, 288, 0, 0, 0]]
[18, [288, 304, 304, 0, 0, 0]]
[19, [288, 320, 320, 285, 0, 0]]
[20, [336, 336, 336, 141, 144, 0]]
[21, [266, 282, 282, 141, 69, 5]]
[22, [196, 228, 228, 141, 0, 4]]
[23, [244, 244, 244, 141, 0, 4]]
[24, [244, 260, 260, 141, 0, 4]]
[25, [244, 276, 276, 141, 0, 4]]
[26, [292, 292, 292, 141, 0, 4]]
[27, [292, 308, 308, 141, 0, 4]]
[28, [292, 324, 324, 156, 0, 4]]
[29, [340, 340, 340, 12, 144, 4]]
[30, [270, 286, 286, 27, 69, 9]]
[31, [200, 232, 232, 27, 0, 8]]
[32, [248, 248, 248, 42, 0, 8]]
[33, [248, 264, 264, 42, 0, 8]]
[34, [248, 280, 280, 42, 0, 8]]
[35, [296, 296, 296, 42, 0, 8]]
[36, [296, 312, 312, 42, 0, 8]]
[37, [296, 328, 328, 42, 0, 8]]
[38, [344, 344, 344, 42, 0, 8]]
[39, [344, 360, 360, 327, 0, 8]]
[40, [344, 376, 376, 183, 144, 8]]
[41, [312, 312, 312, 39, 213, 3]]
[42, [242, 258, 258, 39, 138, 8]]
[43, [162, 194, 194, 39, 63, 3]]
[44, [150, 150, 150, 39, 0, 6]]
[45, [150, 166, 166, 39, 0, 6]]
[46, [150, 182, 182, 39, 0, 6]]
[47, [198, 198, 198, 39, 0, 6]]
[48, [198, 214, 214, 54, 0, 6]]
[49, [198, 230, 230, 54, 0, 6]]
[50, [246, 246, 246, 69, 0, 6]]
[51, [246, 262, 262, 69, 0, 6]]
[52, [246, 278, 278, 84, 0, 6]]
[53, [294, 294, 294, 84, 0, 6]]
[54, [294, 310, 310, 84, 0, 6]]
[55, [294, 326, 326, 84, 0, 6]]
[56, [342, 342, 342, 84, 0, 6]]
[57, [342, 358, 358, 84, 0, 6]]
[58, [342, 374, 374, 84, 0, 6]]
[59, [390, 390, 390, 369, 0, 6]]
[60, [390, 406, 406, 225, 144, 6]]
[61, [310, 342, 342, 81, 213, 1]]
[62, [288, 288, 288, 81, 138, 6]]
[63, [208, 224, 224, 81, 63, 1]]
[64, [148, 180, 180, 81, 0, 4]]
[65, [196, 196, 196, 81, 0, 4]]
[66, [196, 212, 212, 81, 0, 4]]
[67, [196, 228, 228, 81, 0, 4]]
[68, [244, 244, 244, 96, 0, 4]]
[69, [244, 260, 260, 96, 0, 4]]
[70, [244, 276, 276, 96, 0, 4]]
[71, [292, 292, 292, 96, 0, 4]]
[72, [292, 308, 308, 111, 0, 4]]
[73, [292, 324, 324, 111, 0, 4]]
[74, [340, 340, 340, 111, 0, 4]]
[75, [340, 356, 356, 111, 0, 4]]
[76, [340, 372, 372, 111, 0, 4]]
[77, [388, 388, 388, 111, 0, 4]]
[78, [388, 404, 404, 111, 0, 4]]
[79, [388, 420, 420, 381, 0, 4]]
[80, [436, 436, 436, 237, 144, 4]]
[81, [366, 382, 382, 108, 213, 9]]
[82, [286, 318, 318, 108, 138, 4]]
[83, [264, 264, 264, 108, 63, 9]]
[84, [194, 210, 210, 123, 0, 2]]
[85, [194, 226, 226, 123, 0, 2]]
[86, [242, 242, 242, 123, 0, 2]]
[87, [242, 258, 258, 123, 0, 2]]
[88, [242, 274, 274, 138, 0, 2]]
[89, [290, 290, 290, 138, 0, 2]]
[90, [290, 306, 306, 138, 0, 2]]
[91, [290, 322, 322, 138, 0, 2]]
[92, [338, 338, 338, 153, 0, 2]]
[93, [338, 354, 354, 9, 144, 2]]
[94, [268, 300, 300, 9, 69, 7]]
[95, [246, 246, 246, 9, 0, 6]]
[96, [246, 262, 262, 9, 0, 6]]
[97, [246, 278, 278, 9, 0, 6]]
[98, [294, 294, 294, 9, 0, 6]]
[99, [294, 310, 310, 279, 0, 6]]
[100, [294, 326, 326, 135, 144, 6]]
[101, [262, 262, 262, 150, 69, 1]]
[102, [192, 208, 208, 6, 144, 0]]
[103, [122, 154, 154, 6, 69, 5]]
[104, [100, 100, 100, 21, 0, 4]]
[105, [100, 116, 116, 21, 0, 4]]
[106, [100, 132, 132, 21, 0, 4]]
[107, [148, 148, 148, 21, 0, 4]]
[108, [148, 164, 164, 36, 0, 4]]
[109, [148, 180, 180, 36, 0, 4]]
[110, [196, 196, 196, 36, 0, 4]]
[111, [196, 212, 212, 36, 0, 4]]
[112, [196, 228, 228, 51, 0, 4]]
[113, [244, 244, 244, 51, 0, 4]]
[114, [244, 260, 260, 51, 0, 4]]
[115, [244, 276, 276, 51, 0, 4]]
[116, [292, 292, 292, 51, 0, 4]]
[117, [292, 308, 308, 51, 0, 4]]
[118, [292, 324, 324, 51, 0, 4]]
[119, [340, 340, 340, 321, 0, 4]]
[120, [340, 356, 356, 177, 144, 4]]
[121, [270, 302, 302, 48, 213, 9]]
[122, [238, 238, 238, 48, 138, 4]]
[123, [168, 184, 184, 48, 63, 9]]
[124, [118, 150, 150, 63, 0, 22]]
[125, [166, 166, 166, 63, 0, 22]]
[126, [166, 182, 182, 63, 0, 22]]
[127, [156, 188, 188, 63, 0, 12]]
[128, [204, 204, 204, 78, 0, 12]]
[129, [204, 220, 220, 78, 0, 12]]
[130, [204, 236, 236, 78, 0, 12]]
[131, [252, 252, 252, 78, 0, 12]]
[132, [242, 258, 258, 93, 0, 2]]
[133, [242, 274, 274, 93, 0, 2]]
[134, [290, 290, 290, 93, 0, 2]]
[135, [290, 306, 306, 93, 0, 2]]
[136, [290, 322, 322, 93, 0, 2]]
[137, [338, 338, 338, 93, 0, 2]]
[138, [338, 354, 354, 93, 0, 2]]
[139, [338, 370, 370, 348, 0, 2]]
[140, [386, 386, 386, 219, 144, 2]]
[141, [356, 372, 372, 90, 213, 47]]
[142, [326, 358, 358, 90, 138, 92]]
[143, [364, 364, 364, 90, 63, 157]]
[144, [354, 370, 370, 105, 0, 210]]
[145, [344, 376, 376, 105, 0, 200]]
[146, [372, 372, 372, 105, 0, 180]]
[147, [362, 378, 378, 105, 0, 170]]
[148, [282, 314, 314, 120, 0, 90]]
[149, [260, 260, 260, 120, 0, 20]]
[150, [240, 256, 256, 120, 0, 0]]
[151, [240, 272, 272, 120, 0, 0]]
[152, [288, 288, 288, 135, 0, 0]]
[153, [288, 304, 304, 135, 0, 0]]
[154, [288, 320, 320, 135, 0, 0]]
[155, [336, 336, 336, 135, 0, 0]]
[156, [336, 352, 352, 135, 0, 0]]
[157, [336, 368, 368, 135, 0, 0]]
[158, [384, 384, 384, 135, 0, 0]]
[159, [384, 400, 400, 375, 0, 0]]
[160, [384, 416, 416, 246, 144, 0]]
[161, [362, 362, 362, 132, 213, 5]]
[162, [282, 298, 298, 132, 138, 0]]
[163, [212, 244, 244, 132, 63, 5]]
[164, [210, 210, 210, 147, 0, 18]]
[165, [200, 216, 216, 3, 144, 8]]
[166, [120, 152, 152, 3, 69, 3]]
[167, [98, 98, 98, 3, 0, 2]]
[168, [98, 114, 114, 18, 0, 2]]
[169, [98, 130, 130, 18, 0, 2]]
[170, [146, 146, 146, 18, 0, 2]]
[171, [146, 162, 162, 18, 0, 2]]
[172, [146, 178, 178, 33, 0, 2]]
[173, [194, 194, 194, 33, 0, 2]]
[174, [194, 210, 210, 33, 0, 2]]
[175, [194, 226, 226, 33, 0, 2]]
[176, [242, 242, 242, 33, 0, 2]]
[177, [242, 258, 258, 33, 0, 2]]
[178, [242, 274, 274, 33, 0, 2]]
[179, [290, 290, 290, 273, 0, 2]]
[180, [290, 306, 306, 144, 144, 2]]
[181, [220, 252, 252, 30, 213, 7]]
[182, [188, 188, 188, 30, 138, 2]]
[183, [118, 134, 134, 30, 63, 7]]
[184, [48, 80, 80, 45, 0, 0]]
[185, [96, 96, 96, 45, 0, 0]]
[186, [96, 112, 112, 45, 0, 0]]
[187, [96, 128, 128, 45, 0, 0]]
[188, [144, 144, 144, 60, 0, 0]]
[189, [144, 160, 160, 60, 0, 0]]
[190, [144, 176, 176, 60, 0, 0]]
[191, [192, 192, 192, 60, 0, 0]]
[192, [192, 208, 208, 75, 0, 0]]
[193, [192, 224, 224, 75, 0, 0]]
[194, [240, 240, 240, 75, 0, 0]]
[195, [240, 256, 256, 75, 0, 0]]
[196, [240, 272, 272, 75, 0, 0]]
[197, [288, 288, 288, 75, 0, 0]]
[198, [288, 304, 304, 75, 0, 0]]
[199, [288, 320, 320, 285, 0, 0]]
[200, [336, 336, 336, 156, 144, 0]]
[201, [266, 282, 282, 42, 213, 5]]
[202, [186, 218, 218, 42, 138, 0]]
[203, [164, 164, 164, 42, 63, 5]]
[204, [104, 120, 120, 57, 0, 8]]
[205, [104, 136, 136, 57, 0, 8]]
[206, [152, 152, 152, 57, 0, 8]]
[207, [152, 168, 168, 57, 0, 8]]
[208, [152, 184, 184, 72, 0, 8]]
[209, [200, 200, 200, 87, 0, 8]]
[210, [200, 216, 216, 87, 0, 8]]
[211, [200, 232, 232, 87, 0, 8]]
[212, [248, 248, 248, 102, 0, 8]]
[213, [248, 264, 264, 102, 0, 8]]
[214, [248, 280, 280, 102, 0, 8]]
[215, [296, 296, 296, 102, 0, 8]]
[216, [296, 312, 312, 102, 0, 8]]
[217, [296, 328, 328, 102, 0, 8]]
[218, [344, 344, 344, 102, 0, 8]]
[219, [344, 360, 360, 312, 0, 8]]
[220, [344, 376, 376, 183, 144, 8]]
[221, [312, 312, 312, 69, 213, 3]]
[222, [242, 258, 258, 84, 138, 8]]
[223, [162, 194, 194, 84, 63, 3]]
[224, [150, 150, 150, 99, 0, 6]]
[225, [150, 166, 166, 99, 0, 6]]
[226, [150, 182, 182, 99, 0, 6]]
[227, [198, 198, 198, 99, 0, 6]]
[228, [198, 214, 214, 114, 0, 6]]
[229, [198, 230, 230, 129, 0, 6]]
[230, [246, 246, 246, 129, 0, 6]]
[231, [246, 262, 262, 129, 0, 6]]
[232, [246, 278, 278, 144, 0, 6]]
[233, [294, 294, 294, 0, 144, 6]]
[234, [214, 230, 230, 0, 69, 1]]
[235, [144, 176, 176, 0, 0, 0]]
[236, [192, 192, 192, 0, 0, 0]]
[237, [192, 208, 208, 0, 0, 0]]
[238, [192, 224, 224, 0, 0, 0]]
[239, [240, 240, 240, 210, 0, 0]]
[240, [240, 256, 256, 81, 144, 0]]
[241, [170, 202, 202, 111, 69, 5]]
[242, [148, 148, 148, 111, 0, 4]]
[243, [148, 164, 164, 111, 0, 4]]
[244, [148, 180, 180, 126, 0, 4]]
[245, [196, 196, 196, 126, 0, 4]]
[246, [196, 212, 212, 126, 0, 4]]
[247, [196, 228, 228, 126, 0, 4]]
[248, [244, 244, 244, 141, 0, 4]]
[249, [244, 260, 260, 171, 0, 4]]
[250, [244, 276, 276, 27, 144, 4]]
[251, [222, 222, 222, 27, 69, 9]]
[252, [152, 168, 168, 42, 0, 8]]
[253, [152, 184, 184, 42, 0, 8]]
[254, [200, 200, 200, 42, 0, 8]]
[255, [200, 216, 216, 42, 0, 8]]
[256, [200, 232, 232, 42, 0, 8]]
[257, [248, 248, 248, 42, 0, 8]]
[258, [248, 264, 264, 42, 0, 8]]
[259, [248, 280, 280, 252, 0, 8]]
[260, [296, 296, 296, 123, 144, 8]]
[261, [216, 232, 232, 153, 69, 3]]
[262, [146, 178, 178, 9, 144, 2]]
[263, [124, 124, 124, 9, 69, 7]]
[264, [54, 70, 70, 24, 0, 6]]
[265, [54, 86, 86, 24, 0, 6]]
[266, [102, 102, 102, 24, 0, 6]]
[267, [102, 118, 118, 24, 0, 6]]
[268, [102, 134, 134, 39, 0, 6]]
[269, [150, 150, 150, 69, 0, 6]]
[270, [150, 166, 166, 69, 0, 6]]
[271, [150, 182, 182, 69, 0, 6]]
[272, [198, 198, 198, 84, 0, 6]]
[273, [198, 214, 214, 84, 0, 6]]
[274, [198, 230, 230, 84, 0, 6]]
[275, [246, 246, 246, 84, 0, 6]]
[276, [246, 262, 262, 84, 0, 6]]
[277, [246, 278, 278, 84, 0, 6]]
[278, [294, 294, 294, 84, 0, 6]]
[279, [294, 310, 310, 294, 0, 6]]
[280, [294, 326, 326, 165, 144, 6]]
[281, [262, 262, 262, 51, 213, 1]]
[282, [192, 208, 208, 51, 138, 6]]
[283, [122, 154, 154, 51, 63, 11]]
[284, [170, 170, 170, 66, 0, 74]]
[285, [170, 186, 186, 66, 0, 74]]
[286, [170, 202, 202, 66, 0, 74]]
[287, [218, 218, 218, 66, 0, 74]]
[288, [208, 224, 224, 81, 0, 64]]
[289, [178, 210, 210, 111, 0, 34]]
[290, [216, 216, 216, 111, 0, 24]]
[291, [206, 222, 222, 111, 0, 14]]
[292, [196, 228, 228, 126, 0, 4]]
[293, [244, 244, 244, 126, 0, 4]]
[294, [244, 260, 260, 126, 0, 4]]
[295, [244, 276, 276, 126, 0, 4]]
[296, [292, 292, 292, 126, 0, 4]]
[297, [292, 308, 308, 126, 0, 4]]
[298, [292, 324, 324, 126, 0, 4]]
[299, [340, 340, 340, 321, 0, 4]]
[300, [340, 356, 356, 192, 144, 4]]
[301, [270, 302, 302, 78, 213, 9]]
[302, [238, 238, 238, 78, 138, 4]]
[303, [168, 184, 184, 78, 63, 9]]
[304, [128, 160, 160, 93, 0, 32]]
[305, [176, 176, 176, 93, 0, 32]]
[306, [156, 172, 172, 93, 0, 12]]
[307, [146, 178, 178, 93, 0, 2]]
[308, [194, 194, 194, 108, 0, 2]]
[309, [194, 210, 210, 138, 0, 2]]
[310, [194, 226, 226, 138, 0, 2]]
[311, [242, 242, 242, 138, 0, 2]]
[312, [242, 258, 258, 153, 0, 2]]
[313, [242, 274, 274, 9, 144, 2]]
[314, [220, 220, 220, 9, 69, 7]]
[315, [150, 166, 166, 9, 0, 6]]
[316, [150, 182, 182, 9, 0, 6]]
[317, [198, 198, 198, 9, 0, 6]]
[318, [198, 214, 214, 9, 0, 6]]
[319, [198, 230, 230, 204, 0, 6]]
[320, [246, 246, 246, 60, 144, 6]]
[321, [166, 182, 182, 90, 69, 1]]
[322, [96, 128, 128, 90, 0, 0]]
[323, [144, 144, 144, 105, 0, 0]]
[324, [144, 160, 160, 135, 0, 0]]
[325, [144, 176, 176, 135, 0, 0]]
[326, [192, 192, 192, 135, 0, 0]]
[327, [192, 208, 208, 135, 0, 0]]
[328, [192, 224, 224, 150, 0, 0]]
[329, [240, 240, 240, 36, 144, 0]]
[330, [170, 186, 186, 36, 69, 5]]
[331, [100, 132, 132, 36, 0, 4]]
[332, [148, 148, 148, 51, 0, 4]]
[333, [148, 164, 164, 51, 0, 4]]
[334, [148, 180, 180, 51, 0, 4]]
[335, [196, 196, 196, 51, 0, 4]]
[336, [196, 212, 212, 51, 0, 4]]
[337, [196, 228, 228, 51, 0, 4]]
[338, [244, 244, 244, 51, 0, 4]]
[339, [244, 260, 260, 246, 0, 4]]
[340, [244, 276, 276, 102, 144, 4]]
[341, [222, 222, 222, 132, 69, 9]]
[342, [152, 168, 168, 132, 0, 8]]
[343, [152, 184, 184, 147, 0, 8]]
[344, [200, 200, 200, 33, 144, 8]]
[345, [120, 136, 136, 33, 69, 3]]
[346, [50, 82, 82, 33, 0, 2]]
[347, [98, 98, 98, 33, 0, 2]]
[348, [98, 114, 114, 48, 0, 2]]
[349, [98, 130, 130, 78, 0, 2]]
[350, [146, 146, 146, 78, 0, 2]]
[351, [146, 162, 162, 78, 0, 2]]
[352, [146, 178, 178, 93, 0, 2]]
[353, [194, 194, 194, 93, 0, 2]]
[354, [194, 210, 210, 93, 0, 2]]
[355, [194, 226, 226, 93, 0, 2]]
[356, [242, 242, 242, 93, 0, 2]]
[357, [242, 258, 258, 93, 0, 2]]
[358, [242, 274, 274, 93, 0, 2]]
[359, [290, 290, 290, 288, 0, 2]]
[360, [290, 306, 306, 144, 144, 2]]
[361, [220, 252, 252, 30, 213, 7]]
[362, [188, 188, 188, 30, 138, 2]]
[363, [118, 134, 134, 45, 63, 7]]
[364, [48, 80, 80, 75, 0, 0]]
[365, [96, 96, 96, 75, 0, 0]]
[366, [96, 112, 112, 75, 0, 0]]
[367, [96, 128, 128, 75, 0, 0]]
[368, [144, 144, 144, 90, 0, 0]]
[369, [144, 160, 160, 120, 0, 0]]
[370, [144, 176, 176, 120, 0, 0]]
[371, [192, 192, 192, 120, 0, 0]]
[372, [192, 208, 208, 135, 0, 0]]
[373, [192, 224, 224, 135, 0, 0]]
[374, [240, 240, 240, 135, 0, 0]]
[375, [240, 256, 256, 135, 0, 0]]
[376, [240, 272, 272, 135, 0, 0]]
[377, [288, 288, 288, 135, 0, 0]]
[378, [288, 304, 304, 135, 0, 0]]
[379, [288, 320, 320, 330, 0, 0]]
[380, [336, 336, 336, 186, 144, 0]]
[381, [266, 282, 282, 72, 213, 5]]
[382, [186, 218, 218, 72, 138, 0]]
[383, [164, 164, 164, 87, 63, 5]]
[384, [104, 120, 120, 117, 0, 8]]
[385, [104, 136, 136, 117, 0, 8]]
[386, [152, 152, 152, 117, 0, 8]]
[387, [152, 168, 168, 117, 0, 8]]
[388, [152, 184, 184, 132, 0, 8]]
[389, [200, 200, 200, 162, 0, 8]]
[390, [200, 216, 216, 18, 144, 8]]
[391, [120, 152, 152, 18, 69, 3]]
[392, [98, 98, 98, 33, 0, 2]]
[393, [98, 114, 114, 33, 0, 2]]
[394, [98, 130, 130, 33, 0, 2]]
[395, [146, 146, 146, 33, 0, 2]]
[396, [146, 162, 162, 33, 0, 2]]
[397, [146, 178, 178, 33, 0, 2]]
[398, [194, 194, 194, 33, 0, 2]]
[399, [194, 210, 210, 213, 0, 2]]
[400, [194, 226, 226, 69, 144, 2]]
[401, [172, 172, 172, 84, 69, 7]]
[402, [102, 118, 118, 99, 0, 6]]
[403, [102, 134, 134, 114, 0, 6]]
[404, [150, 150, 150, 144, 0, 6]]
[405, [150, 166, 166, 0, 144, 6]]
[406, [70, 102, 102, 0, 69, 1]]
[407, [48, 48, 48, 0, 0, 0]]
[408, [48, 64, 64, 15, 0, 0]]
[409, [48, 80, 80, 45, 0, 0]]
[410, [96, 96, 96, 45, 0, 0]]
[411, [96, 112, 112, 45, 0, 0]]
[412, [96, 128, 128, 60, 0, 0]]
[413, [144, 144, 144, 60, 0, 0]]
[414, [144, 160, 160, 60, 0, 0]]
[415, [144, 176, 176, 60, 0, 0]]
[416, [192, 192, 192, 60, 0, 0]]
[417, [192, 208, 208, 60, 0, 0]]
[418, [192, 224, 224, 75, 0, 0]]
[419, [240, 240, 240, 255, 0, 0]]
[420, [240, 256, 256, 111, 144, 0]]
[421, [170, 202, 202, 126, 69, 5]]
[422, [148, 148, 148, 141, 0, 4]]
[423, [148, 164, 164, 141, 0, 4]]
[424, [148, 180, 180, 171, 0, 4]]
[425, [196, 196, 196, 27, 144, 4]]
[426, [126, 142, 142, 27, 69, 9]]
[427, [86, 118, 118, 27, 0, 38]]
[428, [134, 134, 134, 42, 0, 38]]
[429, [124, 140, 140, 72, 0, 28]]
[430, [104, 136, 136, 72, 0, 8]]
[431, [152, 152, 152, 72, 0, 8]]
[432, [152, 168, 168, 102, 0, 8]]
[433, [152, 184, 184, 102, 0, 8]]
[434, [200, 200, 200, 102, 0, 8]]
[435, [200, 216, 216, 102, 0, 8]]
[436, [200, 232, 232, 102, 0, 8]]
[437, [248, 248, 248, 102, 0, 8]]
[438, [248, 264, 264, 117, 0, 8]]
[439, [248, 280, 280, 297, 0, 8]]
[440, [296, 296, 296, 153, 144, 8]]
[441, [216, 232, 232, 24, 213, 3]]
[442, [146, 178, 178, 39, 138, 8]]
[443, [134, 134, 134, 39, 63, 23]]
[444, [124, 140, 140, 69, 0, 76]]
[445, [104, 136, 136, 69, 0, 56]]
[446, [152, 152, 152, 69, 0, 56]]
[447, [142, 158, 158, 69, 0, 46]]
[448, [102, 134, 134, 84, 0, 6]]
[449, [150, 150, 150, 114, 0, 6]]
[450, [150, 166, 166, 114, 0, 6]]
[451, [150, 182, 182, 114, 0, 6]]
[452, [198, 198, 198, 144, 0, 6]]
[453, [198, 214, 214, 0, 144, 6]]
[454, [118, 150, 150, 0, 69, 1]]
[455, [96, 96, 96, 0, 0, 0]]
[456, [96, 112, 112, 0, 0, 0]]
[457, [96, 128, 128, 0, 0, 0]]
[458, [144, 144, 144, 15, 0, 0]]
[459, [144, 160, 160, 180, 0, 0]]
[460, [144, 176, 176, 36, 144, 0]]
[461, [122, 122, 122, 51, 69, 5]]
[462, [52, 68, 68, 66, 0, 4]]
[463, [52, 84, 84, 66, 0, 4]]
[464, [100, 100, 100, 96, 0, 4]]
[465, [100, 116, 116, 96, 0, 4]]
[466, [100, 132, 132, 96, 0, 4]]
[467, [148, 148, 148, 96, 0, 4]]
[468, [148, 164, 164, 111, 0, 4]]
[469, [148, 180, 180, 156, 0, 4]]
[470, [196, 196, 196, 12, 144, 4]]
[471, [126, 142, 142, 12, 69, 9]]
[472, [56, 88, 88, 42, 0, 8]]
[473, [104, 104, 104, 42, 0, 8]]
[474, [104, 120, 120, 42, 0, 8]]
[475, [104, 136, 136, 42, 0, 8]]
[476, [152, 152, 152, 42, 0, 8]]
[477, [152, 168, 168, 42, 0, 8]]
[478, [152, 184, 184, 57, 0, 8]]
[479, [200, 200, 200, 207, 0, 8]]
[480, [200, 216, 216, 63, 144, 8]]
[481, [120, 152, 152, 78, 69, 3]]
[482, [98, 98, 98, 93, 0, 2]]
[483, [98, 114, 114, 93, 0, 2]]
[484, [98, 130, 130, 123, 0, 2]]
[485, [146, 146, 146, 123, 0, 2]]
[486, [146, 162, 162, 123, 0, 2]]
[487, [146, 178, 178, 123, 0, 2]]
[488, [194, 194, 194, 138, 0, 2]]
[489, [194, 210, 210, 168, 0, 2]]
[490, [194, 226, 226, 24, 144, 2]]
[491, [172, 172, 172, 24, 69, 7]]
[492, [102, 118, 118, 54, 0, 6]]
[493, [102, 134, 134, 54, 0, 6]]
[494, [150, 150, 150, 69, 0, 6]]
[495, [150, 166, 166, 69, 0, 6]]
[496, [150, 182, 182, 69, 0, 6]]
[497, [198, 198, 198, 69, 0, 6]]
[498, [198, 214, 214, 84, 0, 6]]
[499, [198, 230, 230, 234, 0, 6]]
[500, [246, 246, 246, 90, 144, 6]]
[501, [166, 182, 182, 105, 69, 1]]
[502, [96, 128, 128, 120, 0, 0]]
[503, [144, 144, 144, 120, 0, 0]]
[504, [144, 160, 160, 165, 0, 0]]
[505, [144, 176, 176, 21, 144, 0]]
[506, [122, 122, 122, 21, 69, 5]]
[507, [52, 68, 68, 21, 0, 4]]
[508, [52, 84, 84, 36, 0, 4]]
[509, [100, 100, 100, 66, 0, 4]]
[510, [100, 116, 116, 66, 0, 4]]
[511, [100, 132, 132, 66, 0, 4]]
[512, [148, 148, 148, 96, 0, 4]]
[513, [148, 164, 164, 96, 0, 4]]
[514, [148, 180, 180, 111, 0, 4]]
[515, [196, 196, 196, 111, 0, 4]]
[516, [196, 212, 212, 111, 0, 4]]
[517, [196, 228, 228, 111, 0, 4]]
[518, [244, 244, 244, 111, 0, 4]]
[519, [244, 260, 260, 276, 0, 4]]
[520, [244, 276, 276, 132, 144, 4]]
[521, [222, 222, 222, 147, 69, 9]]
[522, [152, 168, 168, 18, 144, 8]]
[523, [72, 104, 104, 18, 69, 3]]
[524, [50, 50, 50, 63, 0, 2]]
[525, [50, 66, 66, 63, 0, 2]]
[526, [50, 82, 82, 63, 0, 2]]
[527, [98, 98, 98, 63, 0, 2]]
[528, [98, 114, 114, 78, 0, 2]]
[529, [98, 130, 130, 108, 0, 2]]
[530, [146, 146, 146, 108, 0, 2]]
[531, [146, 162, 162, 108, 0, 2]]
[532, [146, 178, 178, 138, 0, 2]]
[533, [194, 194, 194, 138, 0, 2]]
[534, [194, 210, 210, 153, 0, 2]]
[535, [194, 226, 226, 9, 144, 2]]
[536, [172, 172, 172, 9, 69, 7]]
[537, [102, 118, 118, 9, 0, 6]]
[538, [102, 134, 134, 9, 0, 6]]
[539, [150, 150, 150, 144, 0, 6]]
[540, [150, 166, 166, 0, 144, 6]]
[541, [70, 102, 102, 15, 69, 1]]
[542, [48, 48, 48, 30, 0, 0]]
[543, [48, 64, 64, 30, 0, 0]]
[544, [48, 80, 80, 60, 0, 0]]
[545, [96, 96, 96, 60, 0, 0]]
[546, [96, 112, 112, 60, 0, 0]]
[547, [96, 128, 128, 60, 0, 0]]
[548, [144, 144, 144, 75, 0, 0]]
[549, [144, 160, 160, 105, 0, 0]]
[550, [144, 176, 176, 120, 0, 0]]
[551, [192, 192, 192, 120, 0, 0]]
[552, [192, 208, 208, 150, 0, 0]]
[553, [192, 224, 224, 6, 144, 0]]
[554, [170, 170, 170, 21, 69, 5]]
[555, [100, 116, 116, 21, 0, 4]]
[556, [100, 132, 132, 21, 0, 4]]
[557, [148, 148, 148, 21, 0, 4]]
[558, [148, 164, 164, 21, 0, 4]]
[559, [148, 180, 180, 156, 0, 4]]
[560, [196, 196, 196, 12, 144, 4]]
[561, [126, 142, 142, 27, 69, 9]]
[562, [56, 88, 88, 42, 0, 8]]
[563, [104, 104, 104, 57, 0, 8]]
[564, [104, 120, 120, 87, 0, 8]]
[565, [104, 136, 136, 87, 0, 8]]
[566, [152, 152, 152, 87, 0, 8]]
[567, [152, 168, 168, 87, 0, 8]]
[568, [152, 184, 184, 102, 0, 8]]
[569, [200, 200, 200, 132, 0, 8]]
[570, [200, 216, 216, 147, 0, 8]]
[571, [200, 232, 232, 3, 144, 8]]
[572, [168, 168, 168, 48, 69, 3]]
[573, [98, 114, 114, 48, 0, 2]]
[574, [98, 130, 130, 63, 0, 2]]
[575, [146, 146, 146, 63, 0, 2]]
[576, [146, 162, 162, 63, 0, 2]]
[577, [146, 178, 178, 63, 0, 2]]
[578, [194, 194, 194, 63, 0, 2]]
[579, [194, 210, 210, 198, 0, 2]]
[580, [194, 226, 226, 54, 144, 2]]
[581, [172, 172, 172, 69, 69, 7]]
[582, [102, 118, 118, 84, 0, 6]]
[583, [102, 134, 134, 99, 0, 6]]
[584, [150, 150, 150, 129, 0, 6]]
[585, [150, 166, 166, 129, 0, 6]]
[586, [150, 182, 182, 129, 0, 6]]
[587, [198, 198, 198, 129, 0, 6]]
[588, [198, 214, 214, 144, 0, 6]]
[589, [198, 230, 230, 30, 144, 6]]
[590, [166, 166, 166, 45, 69, 1]]
[591, [96, 112, 112, 45, 0, 0]]
[592, [96, 128, 128, 90, 0, 0]]
[593, [144, 144, 144, 90, 0, 0]]
[594, [144, 160, 160, 105, 0, 0]]
[595, [144, 176, 176, 105, 0, 0]]
[596, [192, 192, 192, 105, 0, 0]]
[597, [192, 208, 208, 105, 0, 0]]
[598, [192, 224, 224, 105, 0, 0]]
[599, [240, 240, 240, 240, 0, 0]]
[600, [240, 256, 256, 96, 144, 0]]
[601, [170, 202, 202, 111, 69, 5]]
[602, [148, 148, 148, 126, 0, 4]]
[603, [148, 164, 164, 141, 0, 4]]
[604, [148, 180, 180, 171, 0, 4]]
[605, [196, 196, 196, 27, 144, 4]]
[606, [126, 142, 142, 27, 69, 9]]
[607, [56, 88, 88, 27, 0, 8]]
[608, [104, 104, 104, 42, 0, 8]]
[609, [104, 120, 120, 72, 0, 8]]
[610, [104, 136, 136, 87, 0, 8]]
[611, [152, 152, 152, 87, 0, 8]]
[612, [152, 168, 168, 132, 0, 8]]
[613, [152, 184, 184, 132, 0, 8]]
[614, [200, 200, 200, 147, 0, 8]]
[615, [200, 216, 216, 3, 144, 8]]
[616, [120, 152, 152, 3, 69, 3]]
[617, [98, 98, 98, 3, 0, 2]]
[618, [98, 114, 114, 3, 0, 2]]
[619, [98, 130, 130, 123, 0, 2]]
[620, [146, 146, 146, 123, 0, 2]]
[621, [146, 162, 162, 138, 0, 2]]
[622, [146, 178, 178, 153, 0, 2]]
[623, [194, 194, 194, 24, 144, 2]]
[624, [124, 140, 140, 54, 69, 7]]
[625, [54, 86, 86, 54, 0, 6]]
[626, [102, 102, 102, 54, 0, 6]]
[627, [102, 118, 118, 54, 0, 6]]
[628, [102, 134, 134, 69, 0, 6]]
[629, [150, 150, 150, 99, 0, 6]]
[630, [150, 166, 166, 114, 0, 6]]
[631, [150, 182, 182, 114, 0, 6]]
[632, [198, 198, 198, 159, 0, 6]]
[633, [198, 214, 214, 15, 144, 6]]
[634, [118, 150, 150, 30, 69, 1]]
[635, [96, 96, 96, 30, 0, 0]]
[636, [96, 112, 112, 30, 0, 0]]
[637, [96, 128, 128, 30, 0, 0]]
[638, [144, 144, 144, 30, 0, 0]]
[639, [144, 160, 160, 135, 0, 0]]
[640, [144, 176, 176, 135, 0, 0]]
[641, [192, 192, 192, 150, 0, 0]]
[642, [192, 208, 208, 21, 144, 0]]
[643, [122, 154, 154, 51, 69, 5]]
[644, [100, 100, 100, 81, 0, 4]]
[645, [100, 116, 116, 81, 0, 4]]
[646, [100, 132, 132, 81, 0, 4]]
[647, [148, 148, 148, 81, 0, 4]]
[648, [148, 164, 164, 96, 0, 4]]
[649, [148, 180, 180, 126, 0, 4]]
[650, [196, 196, 196, 141, 0, 4]]
[651, [196, 212, 212, 141, 0, 4]]
[652, [196, 228, 228, 186, 0, 4]]
[653, [244, 244, 244, 42, 144, 4]]
[654, [174, 190, 190, 57, 69, 9]]
[655, [104, 136, 136, 57, 0, 8]]
[656, [152, 152, 152, 57, 0, 8]]
[657, [152, 168, 168, 57, 0, 8]]
[658, [152, 184, 184, 57, 0, 8]]
[659, [200, 200, 200, 147, 0, 8]]
[660, [200, 216, 216, 3, 144, 8]]
[661, [120, 152, 152, 18, 69, 3]]
[662, [98, 98, 98, 33, 0, 2]]
[663, [98, 114, 114, 78, 0, 2]]
[664, [98, 130, 130, 108, 0, 2]]
[665, [146, 146, 146, 108, 0, 2]]
[666, [146, 162, 162, 108, 0, 2]]
[667, [146, 178, 178, 108, 0, 2]]
[668, [194, 194, 194, 123, 0, 2]]
[669, [194, 210, 210, 153, 0, 2]]
[670, [194, 226, 226, 24, 144, 2]]
[671, [172, 172, 172, 24, 69, 7]]
[672, [102, 118, 118, 69, 0, 6]]
[673, [102, 134, 134, 69, 0, 6]]
[674, [150, 150, 150, 84, 0, 6]]
[675, [150, 166, 166, 84, 0, 6]]
[676, [150, 182, 182, 99, 0, 6]]
[677, [198, 198, 198, 99, 0, 6]]
[678, [198, 214, 214, 99, 0, 6]]
[679, [198, 230, 230, 189, 0, 6]]
[680, [246, 246, 246, 45, 144, 6]]
[681, [166, 182, 182, 60, 69, 1]]
[682, [96, 128, 128, 75, 0, 0]]
[683, [144, 144, 144, 120, 0, 0]]
[684, [144, 160, 160, 150, 0, 0]]
[685, [144, 176, 176, 6, 144, 0]]
[686, [122, 122, 122, 6, 69, 5]]
[687, [52, 68, 68, 6, 0, 4]]
[688, [52, 84, 84, 21, 0, 4]]
[689, [100, 100, 100, 51, 0, 4]]
[690, [100, 116, 116, 66, 0, 4]]
[691, [100, 132, 132, 66, 0, 4]]
[692, [148, 148, 148, 96, 0, 4]]
[693, [148, 164, 164, 96, 0, 4]]
[694, [148, 180, 180, 96, 0, 4]]
[695, [196, 196, 196, 96, 0, 4]]
[696, [196, 212, 212, 111, 0, 4]]
[697, [196, 228, 228, 111, 0, 4]]
[698, [244, 244, 244, 111, 0, 4]]
[699, [244, 260, 260, 201, 0, 4]]
[700, [244, 276, 276, 57, 144, 4]]
[701, [222, 222, 222, 87, 69, 9]]
[702, [152, 168, 168, 102, 0, 8]]
[703, [152, 184, 184, 162, 0, 8]]
[704, [200, 200, 200, 48, 144, 8]]
[705, [120, 136, 136, 48, 69, 3]]
[706, [50, 82, 82, 48, 0, 2]]
[707, [98, 98, 98, 48, 0, 2]]
[708, [98, 114, 114, 63, 0, 2]]
[709, [98, 130, 130, 78, 0, 2]]
[710, [146, 146, 146, 93, 0, 2]]
[711, [146, 162, 162, 108, 0, 2]]
[712, [146, 178, 178, 138, 0, 2]]
[713, [194, 194, 194, 138, 0, 2]]
[714, [194, 210, 210, 138, 0, 2]]
[715, [194, 226, 226, 138, 0, 2]]
[716, [242, 242, 242, 153, 0, 2]]
[717, [242, 258, 258, 9, 144, 2]]
[718, [172, 204, 204, 9, 69, 7]]
[719, [150, 150, 150, 99, 0, 6]]
[720, [150, 166, 166, 99, 0, 6]]
[721, [150, 182, 182, 129, 0, 6]]
[722, [198, 198, 198, 129, 0, 6]]
[723, [198, 214, 214, 189, 0, 6]]
[724, [198, 230, 230, 75, 144, 6]]
[725, [166, 166, 166, 75, 69, 1]]
[726, [96, 112, 112, 75, 0, 0]]
[727, [96, 128, 128, 75, 0, 0]]
[728, [144, 144, 144, 90, 0, 0]]
[729, [144, 160, 160, 105, 0, 0]]
[730, [144, 176, 176, 120, 0, 0]]
[731, [192, 192, 192, 135, 0, 0]]
[732, [192, 208, 208, 165, 0, 0]]
[733, [192, 224, 224, 21, 144, 0]]
[734, [170, 170, 170, 21, 69, 5]]
[735, [100, 116, 116, 21, 0, 4]]
[736, [100, 132, 132, 51, 0, 4]]
[737, [148, 148, 148, 51, 0, 4]]
[738, [148, 164, 164, 51, 0, 4]]
[739, [148, 180, 180, 141, 0, 4]]
[740, [196, 196, 196, 141, 0, 4]]
[741, [196, 212, 212, 171, 0, 4]]
[742, [196, 228, 228, 27, 144, 4]]
[743, [174, 174, 174, 72, 69, 9]]
[744, [104, 120, 120, 102, 0, 8]]
[745, [104, 136, 136, 102, 0, 8]]
[746, [152, 152, 152, 117, 0, 8]]
[747, [152, 168, 168, 117, 0, 8]]
[748, [152, 184, 184, 132, 0, 8]]
[749, [200, 200, 200, 147, 0, 8]]
[750, [200, 216, 216, 18, 144, 8]]
[751, [120, 152, 152, 18, 69, 3]]
[752, [98, 98, 98, 48, 0, 2]]
[753, [98, 114, 114, 48, 0, 2]]
[754, [98, 130, 130, 48, 0, 2]]
[755, [146, 146, 146, 48, 0, 2]]
[756, [146, 162, 162, 78, 0, 2]]
[757, [146, 178, 178, 78, 0, 2]]
[758, [194, 194, 194, 78, 0, 2]]
[759, [194, 210, 210, 168, 0, 2]]
[760, [194, 226, 226, 24, 144, 2]]
[761, [172, 172, 172, 54, 69, 7]]
[762, [102, 118, 118, 54, 0, 6]]
[763, [102, 134, 134, 114, 0, 6]]
[764, [150, 150, 150, 144, 0, 6]]
[765, [150, 166, 166, 0, 144, 6]]
[766, [70, 102, 102, 15, 69, 1]]
[767, [48, 48, 48, 15, 0, 0]]
[768, [48, 64, 64, 30, 0, 0]]
[769, [48, 80, 80, 45, 0, 0]]
[770, [96, 96, 96, 60, 0, 0]]
[771, [96, 112, 112, 60, 0, 0]]
[772, [96, 128, 128, 90, 0, 0]]
[773, [144, 144, 144, 90, 0, 0]]
[774, [144, 160, 160, 90, 0, 0]]
[775, [144, 176, 176, 90, 0, 0]]
[776, [192, 192, 192, 120, 0, 0]]
[777, [192, 208, 208, 120, 0, 0]]
[778, [192, 224, 224, 120, 0, 0]]
[779, [240, 240, 240, 210, 0, 0]]
[780, [240, 256, 256, 66, 144, 0]]
[781, [170, 202, 202, 96, 69, 5]]
[782, [148, 148, 148, 96, 0, 4]]
[783, [148, 164, 164, 156, 0, 4]]
[784, [148, 180, 180, 42, 144, 4]]
[785, [126, 126, 126, 42, 69, 9]]
[786, [56, 72, 72, 57, 0, 8]]
[787, [56, 88, 88, 57, 0, 8]]
[788, [104, 104, 104, 72, 0, 8]]
[789, [104, 120, 120, 87, 0, 8]]
[790, [104, 136, 136, 102, 0, 8]]
[791, [152, 152, 152, 102, 0, 8]]
[792, [152, 168, 168, 132, 0, 8]]
[793, [152, 184, 184, 132, 0, 8]]
[794, [200, 200, 200, 132, 0, 8]]
[795, [200, 216, 216, 132, 0, 8]]
[796, [200, 232, 232, 162, 0, 8]]
[797, [248, 248, 248, 18, 144, 8]]
[798, [168, 184, 184, 18, 69, 3]]
[799, [98, 130, 130, 108, 0, 2]]
[800, [146, 146, 146, 108, 0, 2]]
[801, [146, 162, 162, 138, 0, 2]]
[802, [146, 178, 178, 138, 0, 2]]
[803, [194, 194, 194, 183, 0, 2]]
[804, [194, 210, 210, 69, 144, 2]]
[805, [124, 156, 156, 69, 69, 7]]
[806, [102, 102, 102, 84, 0, 6]]
[807, [102, 118, 118, 84, 0, 6]]
[808, [102, 134, 134, 99, 0, 6]]
[809, [150, 150, 150, 114, 0, 6]]
[810, [150, 166, 166, 129, 0, 6]]
[811, [150, 182, 182, 129, 0, 6]]
[812, [198, 198, 198, 159, 0, 6]]
[813, [198, 214, 214, 30, 144, 6]]
[814, [118, 150, 150, 30, 69, 1]]
[815, [96, 96, 96, 30, 0, 0]]
[816, [96, 112, 112, 60, 0, 0]]
[817, [96, 128, 128, 60, 0, 0]]
[818, [144, 144, 144, 60, 0, 0]]
[819, [144, 160, 160, 120, 0, 0]]
[820, [144, 176, 176, 120, 0, 0]]
[821, [192, 192, 192, 165, 0, 0]]
[822, [192, 208, 208, 21, 144, 0]]
[823, [122, 154, 154, 81, 69, 5]]
[824, [100, 100, 100, 111, 0, 4]]
[825, [100, 116, 116, 111, 0, 4]]
[826, [100, 132, 132, 126, 0, 4]]
[827, [148, 148, 148, 126, 0, 4]]
[828, [148, 164, 164, 141, 0, 4]]
[829, [148, 180, 180, 156, 0, 4]]
[830, [196, 196, 196, 27, 144, 4]]
[831, [126, 142, 142, 27, 69, 9]]
[832, [56, 88, 88, 57, 0, 8]]
[833, [104, 104, 104, 72, 0, 8]]
[834, [104, 120, 120, 72, 0, 8]]
[835, [104, 136, 136, 72, 0, 8]]
[836, [152, 152, 152, 102, 0, 8]]
[837, [152, 168, 168, 102, 0, 8]]
[838, [152, 184, 184, 102, 0, 8]]
[839, [200, 200, 200, 162, 0, 8]]
[840, [200, 216, 216, 18, 144, 8]]
[841, [120, 152, 152, 63, 69, 3]]
[842, [98, 98, 98, 63, 0, 2]]
[843, [98, 114, 114, 123, 0, 2]]
[844, [98, 130, 130, 153, 0, 2]]
[845, [146, 146, 146, 9, 144, 2]]
[846, [76, 92, 92, 24, 69, 7]]
[847, [6, 38, 38, 24, 0, 6]]
[848, [54, 54, 54, 39, 0, 6]]
[849, [54, 70, 70, 54, 0, 6]]
[850, [54, 86, 86, 69, 0, 6]]
[851, [102, 102, 102, 69, 0, 6]]
[852, [102, 118, 118, 99, 0, 6]]
[853, [102, 134, 134, 114, 0, 6]]
[854, [150, 150, 150, 114, 0, 6]]
[855, [150, 166, 166, 114, 0, 6]]
[856, [150, 182, 182, 144, 0, 6]]
[857, [198, 198, 198, 0, 144, 6]]
[858, [118, 134, 134, 0, 69, 1]]
[859, [48, 80, 80, 60, 0, 0]]
[860, [96, 96, 96, 60, 0, 0]]
[861, [96, 112, 112, 105, 0, 0]]
[862, [96, 128, 128, 105, 0, 0]]
[863, [144, 144, 144, 165, 0, 0]]
[864, [144, 160, 160, 51, 144, 0]]
[865, [74, 106, 106, 51, 69, 5]]
[866, [52, 52, 52, 66, 0, 4]]
[867, [52, 68, 68, 66, 0, 4]]
[868, [52, 84, 84, 81, 0, 4]]
[869, [100, 100, 100, 96, 0, 4]]
[870, [100, 116, 116, 111, 0, 4]]
[871, [100, 132, 132, 111, 0, 4]]
[872, [148, 148, 148, 141, 0, 4]]
[873, [148, 164, 164, 141, 0, 4]]
[874, [148, 180, 180, 141, 0, 4]]
[875, [196, 196, 196, 141, 0, 4]]
[876, [196, 212, 212, 171, 0, 4]]
[877, [196, 228, 228, 27, 144, 4]]
[878, [174, 174, 174, 27, 69, 9]]
[879, [104, 120, 120, 87, 0, 8]]
[880, [104, 136, 136, 87, 0, 8]]
[881, [152, 152, 152, 117, 0, 8]]
[882, [152, 168, 168, 132, 0, 8]]
[883, [152, 184, 184, 192, 0, 8]]
[884, [200, 200, 200, 78, 144, 8]]
[885, [120, 136, 136, 78, 69, 3]]
[886, [50, 82, 82, 93, 0, 2]]
[887, [98, 98, 98, 93, 0, 2]]
[888, [98, 114, 114, 108, 0, 2]]
[889, [98, 130, 130, 123, 0, 2]]
[890, [146, 146, 146, 138, 0, 2]]
[891, [146, 162, 162, 138, 0, 2]]
[892, [146, 178, 178, 168, 0, 2]]
[893, [194, 194, 194, 24, 144, 2]]
[894, [124, 140, 140, 24, 69, 7]]
[895, [54, 86, 86, 24, 0, 6]]
[896, [102, 102, 102, 54, 0, 6]]
[897, [102, 118, 118, 54, 0, 6]]
[898, [102, 134, 134, 54, 0, 6]]
[899, [150, 150, 150, 114, 0, 6]]
[900, [150, 166, 166, 114, 0, 6]]
[901, [150, 182, 182, 144, 0, 6]]
[902, [198, 198, 198, 15, 144, 6]]
[903, [118, 134, 134, 75, 69, 1]]
[904, [48, 80, 80, 90, 0, 0]]
[905, [96, 96, 96, 90, 0, 0]]
[906, [96, 112, 112, 105, 0, 0]]
[907, [96, 128, 128, 120, 0, 0]]
[908, [144, 144, 144, 150, 0, 0]]
[909, [144, 160, 160, 21, 144, 0]]
[910, [74, 106, 106, 36, 69, 5]]
[911, [52, 52, 52, 36, 0, 4]]
[912, [52, 68, 68, 66, 0, 4]]
[913, [52, 84, 84, 66, 0, 4]]
[914, [100, 100, 100, 66, 0, 4]]
[915, [100, 116, 116, 66, 0, 4]]
[916, [100, 132, 132, 96, 0, 4]]
[917, [148, 148, 148, 96, 0, 4]]
[918, [148, 164, 164, 96, 0, 4]]
[919, [148, 180, 180, 156, 0, 4]]
[920, [196, 196, 196, 12, 144, 4]]
[921, [126, 142, 142, 42, 69, 9]]
[922, [56, 88, 88, 57, 0, 8]]
[923, [104, 104, 104, 117, 0, 8]]
[924, [104, 120, 120, 132, 0, 8]]
[925, [104, 136, 136, 132, 0, 8]]
[926, [152, 152, 152, 147, 0, 8]]
[927, [152, 168, 168, 3, 144, 8]]
[928, [72, 104, 104, 33, 69, 3]]
[929, [50, 50, 50, 48, 0, 2]]
[930, [50, 66, 66, 63, 0, 2]]
[931, [50, 82, 82, 63, 0, 2]]
[932, [98, 98, 98, 93, 0, 2]]
[933, [98, 114, 114, 93, 0, 2]]
[934, [98, 130, 130, 93, 0, 2]]
[935, [146, 146, 146, 93, 0, 2]]
[936, [146, 162, 162, 123, 0, 2]]
[937, [146, 178, 178, 123, 0, 2]]
[938, [194, 194, 194, 123, 0, 2]]
[939, [194, 210, 210, 183, 0, 2]]
[940, [194, 226, 226, 39, 144, 2]]
[941, [172, 172, 172, 69, 69, 7]]
[942, [102, 118, 118, 84, 0, 6]]
[943, [102, 134, 134, 144, 0, 6]]
[944, [150, 150, 150, 15, 144, 6]]
[945, [70, 86, 86, 15, 69, 1]]
[946, [0, 32, 32, 30, 0, 0]]
[947, [48, 48, 48, 30, 0, 0]]
[948, [48, 64, 64, 60, 0, 0]]
[949, [48, 80, 80, 75, 0, 0]]
[950, [96, 96, 96, 90, 0, 0]]
[951, [96, 112, 112, 90, 0, 0]]
[952, [96, 128, 128, 120, 0, 0]]
[953, [144, 144, 144, 120, 0, 0]]
[954, [144, 160, 160, 120, 0, 0]]
[955, [144, 176, 176, 120, 0, 0]]
[956, [192, 192, 192, 165, 0, 0]]
[957, [192, 208, 208, 21, 144, 0]]
[958, [122, 154, 154, 21, 69, 5]]
[959, [100, 100, 100, 81, 0, 4]]
