SimulationV06.py[0, [0, 16, 16, 0, 0, 0]]
[1, [0, 32, 32, 0, 0, 0]]
[2, [48, 48, 48, 0, 0, 0]]
[3, [48, 64, 64, 0, 0, 0]]
[4, [48, 80, 80, 0, 0, 0]]
[5, [96, 96, 96, 0, 0, 0]]
[6, [96, 112, 112, 0, 0, 0]]
[7, [96, 128, 128, 0, 0, 0]]
[8, [144, 144, 144, 0, 0, 0]]
[9, [144, 160, 160, 0, 0, 0]]
[10, [144, 176, 176, 0, 0, 0]]
[11, [192, 192, 192, 0, 0, 0]]
[12, [192, 208, 208, 0, 0, 0]]
[13, [192, 224, 224, 0, 0, 0]]
[14, [240, 240, 240, 0, 0, 0]]
[15, [240, 256, 256, 0, 0, 0]]
[16, [240, 272, 272, 0, 0, 0]]
[17, [288, 288, 288, 0, 0, 0]]
[18, [288, 304, 304, 0, 0, 0]]
[19, [288, 320, 320, 330, 0, 0]]
[20, [336, 336, 336, 42, 288, 0]]
[21, [246, 262, 262, 42, 195, 3]]
[22, [156, 188, 188, 42, 102, 6]]
[23, [114, 114, 114, 42, 9, 9]]
[24, [104, 120, 120, 42, 0, 8]]
[25, [104, 136, 136, 42, 0, 8]]
[26, [152, 152, 152, 42, 0, 8]]
[27, [152, 168, 168, 42, 0, 8]]
[28, [152, 184, 184, 42, 0, 8]]
[29, [200, 200, 200, 42, 0, 8]]
[30, [200, 216, 216, 42, 0, 8]]
[31, [200, 232, 232, 42, 0, 8]]
[32, [248, 248, 248, 42, 0, 8]]
[33, [248, 264, 264, 42, 0, 8]]
[34, [248, 280, 280, 42, 0, 8]]
[35, [296, 296, 296, 42, 0, 8]]
[36, [296, 312, 312, 42, 0, 8]]
[37, [296, 328, 328, 42, 0, 8]]
[38, [344, 344, 344, 42, 0, 8]]
[39, [344, 360, 360, 357, 0, 8]]
[40, [344, 376, 376, 69, 288, 8]]
[41, [292, 292, 292, 69, 195, 1]]
[42, [202, 218, 218, 69, 102, 4]]
[43, [112, 144, 144, 69, 9, 7]]
[44, [150, 150, 150, 69, 0, 6]]
[45, [150, 166, 166, 69, 0, 6]]
[46, [150, 182, 182, 69, 0, 6]]
[47, [198, 198, 198, 69, 0, 6]]
[48, [198, 214, 214, 69, 0, 6]]
[49, [198, 230, 230, 69, 0, 6]]
[50, [246, 246, 246, 69, 0, 6]]
[51, [246, 262, 262, 69, 0, 6]]
[52, [246, 278, 278, 69, 0, 6]]
[53, [294, 294, 294, 69, 0, 6]]
[54, [294, 310, 310, 69, 0, 6]]
[55, [294, 326, 326, 69, 0, 6]]
[56, [342, 342, 342, 69, 0, 6]]
[57, [342, 358, 358, 69, 0, 6]]
[58, [342, 374, 374, 69, 0, 6]]
[59, [390, 390, 390, 384, 0, 6]]
[60, [390, 406, 406, 111, 288, 6]]
[61, [300, 332, 332, 111, 195, 9]]
[62, [248, 248, 248, 111, 102, 2]]
[63, [158, 174, 174, 111, 9, 5]]
[64, [148, 180, 180, 111, 0, 4]]
[65, [196, 196, 196, 111, 0, 4]]
[66, [196, 212, 212, 111, 0, 4]]
[67, [196, 228, 228, 111, 0, 4]]
[68, [244, 244, 244, 111, 0, 4]]
[69, [244, 260, 260, 111, 0, 4]]
[70, [244, 276, 276, 111, 0, 4]]
[71, [292, 292, 292, 111, 0, 4]]
[72, [292, 308, 308, 111, 0, 4]]
[73, [292, 324, 324, 111, 0, 4]]
[74, [340, 340, 340, 111, 0, 4]]
[75, [340, 356, 356, 111, 0, 4]]
[76, [340, 372, 372, 111, 0, 4]]
[77, [388, 388, 388, 111, 0, 4]]
[78, [388, 404, 404, 111, 0, 4]]
[79, [388, 420, 420, 411, 0, 4]]
[80, [436, 436, 436, 138, 288, 4]]
[81, [346, 362, 362, 138, 195, 7]]
[82, [246, 278, 278, 138, 102, 0]]
[83, [204, 204, 204, 138, 9, 3]]
[84, [194, 210, 210, 138, 0, 2]]
[85, [194, 226, 226, 138, 0, 2]]
[86, [242, 242, 242, 153, 0, 2]]
[87, [242, 258, 258, 9, 144, 2]]
[88, [152, 184, 184, 9, 51, 5]]
[89, [150, 150, 150, 9, 0, 6]]
[90, [150, 166, 166, 9, 0, 6]]
[91, [150, 182, 182, 9, 0, 6]]
[92, [198, 198, 198, 9, 0, 6]]
[93, [198, 214, 214, 9, 0, 6]]
[94, [198, 230, 230, 9, 0, 6]]
[95, [246, 246, 246, 9, 0, 6]]
[96, [246, 262, 262, 9, 0, 6]]
[97, [246, 278, 278, 9, 0, 6]]
[98, [294, 294, 294, 9, 0, 6]]
[99, [294, 310, 310, 279, 0, 6]]
[100, [294, 326, 326, 150, 144, 6]]
[101, [252, 252, 252, 21, 195, 9]]
[102, [152, 168, 168, 21, 102, 2]]
[103, [62, 94, 94, 36, 9, 5]]
[104, [100, 100, 100, 36, 0, 4]]
[105, [100, 116, 116, 36, 0, 4]]
[106, [100, 132, 132, 51, 0, 4]]
[107, [148, 148, 148, 51, 0, 4]]
[108, [148, 164, 164, 51, 0, 4]]
[109, [148, 180, 180, 51, 0, 4]]
[110, [196, 196, 196, 51, 0, 4]]
[111, [196, 212, 212, 51, 0, 4]]
[112, [196, 228, 228, 51, 0, 4]]
[113, [244, 244, 244, 51, 0, 4]]
[114, [244, 260, 260, 51, 0, 4]]
[115, [244, 276, 276, 51, 0, 4]]
[116, [292, 292, 292, 51, 0, 4]]
[117, [292, 308, 308, 51, 0, 4]]
[118, [292, 324, 324, 51, 0, 4]]
[119, [340, 340, 340, 291, 0, 4]]
[120, [340, 356, 356, 18, 288, 4]]
[121, [250, 282, 282, 33, 195, 7]]
[122, [198, 198, 198, 33, 102, 0]]
[123, [108, 124, 124, 48, 9, 3]]
[124, [98, 130, 130, 48, 0, 2]]
[125, [146, 146, 146, 48, 0, 2]]
[126, [146, 162, 162, 63, 0, 2]]
[127, [146, 178, 178, 63, 0, 2]]
[128, [194, 194, 194, 63, 0, 2]]
[129, [194, 210, 210, 63, 0, 2]]
[130, [194, 226, 226, 63, 0, 2]]
[131, [242, 242, 242, 63, 0, 2]]
[132, [242, 258, 258, 63, 0, 2]]
[133, [242, 274, 274, 63, 0, 2]]
[134, [290, 290, 290, 78, 0, 2]]
[135, [290, 306, 306, 78, 0, 2]]
[136, [290, 322, 322, 78, 0, 2]]
[137, [338, 338, 338, 78, 0, 2]]
[138, [338, 354, 354, 78, 0, 2]]
[139, [338, 370, 370, 318, 0, 2]]
[140, [386, 386, 386, 30, 288, 2]]
[141, [296, 312, 312, 45, 195, 5]]
[142, [266, 298, 298, 60, 102, 68]]
[143, [314, 314, 314, 75, 9, 161]]
[144, [294, 310, 310, 75, 0, 150]]
[145, [254, 286, 286, 75, 0, 110]]
[146, [262, 262, 262, 90, 0, 70]]
[147, [222, 238, 238, 105, 0, 30]]
[148, [192, 224, 224, 105, 0, 0]]
[149, [240, 240, 240, 105, 0, 0]]
[150, [240, 256, 256, 105, 0, 0]]
[151, [240, 272, 272, 105, 0, 0]]
[152, [288, 288, 288, 105, 0, 0]]
[153, [288, 304, 304, 105, 0, 0]]
[154, [288, 320, 320, 120, 0, 0]]
[155, [336, 336, 336, 120, 0, 0]]
[156, [336, 352, 352, 120, 0, 0]]
[157, [336, 368, 368, 120, 0, 0]]
[158, [384, 384, 384, 120, 0, 0]]
[159, [384, 400, 400, 360, 0, 0]]
[160, [384, 416, 416, 72, 288, 0]]
[161, [342, 342, 342, 87, 195, 3]]
[162, [252, 268, 268, 102, 102, 6]]
[163, [162, 194, 194, 117, 9, 9]]
[164, [200, 200, 200, 117, 0, 8]]
[165, [200, 216, 216, 117, 0, 8]]
[166, [200, 232, 232, 132, 0, 8]]
[167, [248, 248, 248, 147, 0, 8]]
[168, [248, 264, 264, 3, 144, 8]]
[169, [148, 180, 180, 3, 51, 1]]
[170, [146, 146, 146, 3, 0, 2]]
[171, [146, 162, 162, 3, 0, 2]]
[172, [146, 178, 178, 3, 0, 2]]
[173, [194, 194, 194, 3, 0, 2]]
[174, [194, 210, 210, 18, 0, 2]]
[175, [194, 226, 226, 18, 0, 2]]
[176, [242, 242, 242, 18, 0, 2]]
[177, [242, 258, 258, 18, 0, 2]]
[178, [242, 274, 274, 18, 0, 2]]
[179, [290, 290, 290, 243, 0, 2]]
[180, [290, 306, 306, 99, 144, 2]]
[181, [200, 232, 232, 114, 51, 5]]
[182, [198, 198, 198, 114, 0, 6]]
[183, [198, 214, 214, 144, 0, 6]]
[184, [198, 230, 230, 15, 144, 6]]
[185, [156, 156, 156, 15, 51, 9]]
[186, [96, 112, 112, 30, 0, 0]]
[187, [96, 128, 128, 45, 0, 0]]
[188, [144, 144, 144, 45, 0, 0]]
[189, [144, 160, 160, 45, 0, 0]]
[190, [144, 176, 176, 45, 0, 0]]
[191, [192, 192, 192, 45, 0, 0]]
[192, [192, 208, 208, 45, 0, 0]]
[193, [192, 224, 224, 45, 0, 0]]
[194, [240, 240, 240, 60, 0, 0]]
[195, [240, 256, 256, 60, 0, 0]]
[196, [240, 272, 272, 60, 0, 0]]
[197, [288, 288, 288, 60, 0, 0]]
[198, [288, 304, 304, 60, 0, 0]]
[199, [288, 320, 320, 285, 0, 0]]
[200, [336, 336, 336, 141, 144, 0]]
[201, [246, 262, 262, 156, 51, 3]]
[202, [196, 228, 228, 12, 144, 4]]
[203, [154, 154, 154, 42, 51, 7]]
[204, [104, 120, 120, 57, 0, 8]]
[205, [104, 136, 136, 57, 0, 8]]
[206, [152, 152, 152, 72, 0, 8]]
[207, [152, 168, 168, 87, 0, 8]]
[208, [152, 184, 184, 87, 0, 8]]
[209, [200, 200, 200, 87, 0, 8]]
[210, [200, 216, 216, 87, 0, 8]]
[211, [200, 232, 232, 87, 0, 8]]
[212, [248, 248, 248, 87, 0, 8]]
[213, [248, 264, 264, 87, 0, 8]]
[214, [248, 280, 280, 102, 0, 8]]
[215, [296, 296, 296, 102, 0, 8]]
[216, [296, 312, 312, 102, 0, 8]]
[217, [296, 328, 328, 102, 0, 8]]
[218, [344, 344, 344, 102, 0, 8]]
[219, [344, 360, 360, 327, 0, 8]]
[220, [344, 376, 376, 39, 288, 8]]
[221, [292, 292, 292, 54, 195, 1]]
[222, [202, 218, 218, 54, 102, 4]]
[223, [112, 144, 144, 84, 9, 7]]
[224, [150, 150, 150, 99, 0, 6]]
[225, [150, 166, 166, 99, 0, 6]]
[226, [150, 182, 182, 114, 0, 6]]
[227, [198, 198, 198, 129, 0, 6]]
[228, [198, 214, 214, 129, 0, 6]]
[229, [198, 230, 230, 129, 0, 6]]
[230, [246, 246, 246, 129, 0, 6]]
[231, [246, 262, 262, 129, 0, 6]]
[232, [246, 278, 278, 129, 0, 6]]
[233, [294, 294, 294, 129, 0, 6]]
[234, [294, 310, 310, 144, 0, 6]]
[235, [294, 326, 326, 0, 144, 6]]
[236, [252, 252, 252, 0, 51, 9]]
[237, [192, 208, 208, 0, 0, 0]]
[238, [192, 224, 224, 0, 0, 0]]
[239, [240, 240, 240, 225, 0, 0]]
[240, [240, 256, 256, 81, 144, 0]]
[241, [150, 182, 182, 96, 51, 3]]
[242, [148, 148, 148, 96, 0, 4]]
[243, [148, 164, 164, 126, 0, 4]]
[244, [148, 180, 180, 141, 0, 4]]
[245, [196, 196, 196, 141, 0, 4]]
[246, [196, 212, 212, 156, 0, 4]]
[247, [196, 228, 228, 27, 144, 4]]
[248, [154, 154, 154, 27, 51, 7]]
[249, [104, 120, 120, 27, 0, 8]]
[250, [104, 136, 136, 27, 0, 8]]
[251, [152, 152, 152, 27, 0, 8]]
[252, [152, 168, 168, 27, 0, 8]]
[253, [152, 184, 184, 27, 0, 8]]
[254, [200, 200, 200, 42, 0, 8]]
[255, [200, 216, 216, 42, 0, 8]]
[256, [200, 232, 232, 42, 0, 8]]
[257, [248, 248, 248, 42, 0, 8]]
[258, [248, 264, 264, 42, 0, 8]]
[259, [248, 280, 280, 267, 0, 8]]
[260, [296, 296, 296, 123, 144, 8]]
[261, [196, 212, 212, 138, 51, 1]]
[262, [146, 178, 178, 138, 0, 2]]
[263, [194, 194, 194, 168, 0, 2]]
[264, [194, 210, 210, 39, 144, 2]]
[265, [104, 136, 136, 39, 51, 5]]
[266, [102, 102, 102, 54, 0, 6]]
[267, [102, 118, 118, 69, 0, 6]]
[268, [102, 134, 134, 69, 0, 6]]
[269, [150, 150, 150, 69, 0, 6]]
[270, [150, 166, 166, 69, 0, 6]]
[271, [150, 182, 182, 69, 0, 6]]
[272, [198, 198, 198, 69, 0, 6]]
[273, [198, 214, 214, 69, 0, 6]]
[274, [198, 230, 230, 84, 0, 6]]
[275, [246, 246, 246, 84, 0, 6]]
[276, [246, 262, 262, 84, 0, 6]]
[277, [246, 278, 278, 84, 0, 6]]
[278, [294, 294, 294, 84, 0, 6]]
[279, [294, 310, 310, 294, 0, 6]]
[280, [294, 326, 326, 6, 288, 6]]
[281, [252, 252, 252, 21, 195, 9]]
[282, [182, 198, 198, 36, 102, 32]]
[283, [152, 184, 184, 66, 9, 95]]
[284, [200, 200, 200, 81, 0, 104]]
[285, [190, 206, 206, 81, 0, 94]]
[286, [190, 222, 222, 96, 0, 94]]
[287, [198, 198, 198, 96, 0, 54]]
[288, [198, 214, 214, 96, 0, 54]]
[289, [148, 180, 180, 96, 0, 4]]
[290, [196, 196, 196, 96, 0, 4]]
[291, [196, 212, 212, 96, 0, 4]]
[292, [196, 228, 228, 96, 0, 4]]
[293, [244, 244, 244, 96, 0, 4]]
[294, [244, 260, 260, 111, 0, 4]]
[295, [244, 276, 276, 111, 0, 4]]
[296, [292, 292, 292, 111, 0, 4]]
[297, [292, 308, 308, 126, 0, 4]]
[298, [292, 324, 324, 126, 0, 4]]
[299, [340, 340, 340, 336, 0, 4]]
[300, [340, 356, 356, 48, 288, 4]]
[301, [250, 282, 282, 63, 195, 7]]
[302, [198, 198, 198, 78, 102, 0]]
[303, [108, 124, 124, 108, 9, 3]]
[304, [98, 130, 130, 123, 0, 2]]
[305, [146, 146, 146, 123, 0, 2]]
[306, [146, 162, 162, 138, 0, 2]]
[307, [146, 178, 178, 138, 0, 2]]
[308, [194, 194, 194, 138, 0, 2]]
[309, [194, 210, 210, 138, 0, 2]]
[310, [194, 226, 226, 138, 0, 2]]
[311, [242, 242, 242, 138, 0, 2]]
[312, [242, 258, 258, 138, 0, 2]]
[313, [242, 274, 274, 138, 0, 2]]
[314, [290, 290, 290, 153, 0, 2]]
[315, [290, 306, 306, 9, 144, 2]]
[316, [200, 232, 232, 9, 51, 5]]
[317, [198, 198, 198, 24, 0, 6]]
[318, [198, 214, 214, 24, 0, 6]]
[319, [198, 230, 230, 234, 0, 6]]
[320, [246, 246, 246, 90, 144, 6]]
[321, [156, 172, 172, 105, 51, 9]]
[322, [96, 128, 128, 120, 0, 0]]
[323, [144, 144, 144, 150, 0, 0]]
[324, [144, 160, 160, 21, 144, 0]]
[325, [54, 86, 86, 21, 51, 3]]
[326, [52, 52, 52, 21, 0, 4]]
[327, [52, 68, 68, 21, 0, 4]]
[328, [52, 84, 84, 21, 0, 4]]
[329, [100, 100, 100, 21, 0, 4]]
[330, [100, 116, 116, 21, 0, 4]]
[331, [100, 132, 132, 21, 0, 4]]
[332, [148, 148, 148, 21, 0, 4]]
[333, [148, 164, 164, 21, 0, 4]]
[334, [148, 180, 180, 36, 0, 4]]
[335, [196, 196, 196, 36, 0, 4]]
[336, [196, 212, 212, 51, 0, 4]]
[337, [196, 228, 228, 66, 0, 4]]
[338, [244, 244, 244, 66, 0, 4]]
[339, [244, 260, 260, 276, 0, 4]]
[340, [244, 276, 276, 132, 144, 4]]
[341, [202, 202, 202, 147, 51, 7]]
[342, [152, 168, 168, 18, 144, 8]]
[343, [52, 84, 84, 48, 51, 1]]
[344, [50, 50, 50, 63, 0, 2]]
[345, [50, 66, 66, 63, 0, 2]]
[346, [50, 82, 82, 63, 0, 2]]
[347, [98, 98, 98, 63, 0, 2]]
[348, [98, 114, 114, 63, 0, 2]]
[349, [98, 130, 130, 63, 0, 2]]
[350, [146, 146, 146, 63, 0, 2]]
[351, [146, 162, 162, 63, 0, 2]]
[352, [146, 178, 178, 63, 0, 2]]
[353, [194, 194, 194, 63, 0, 2]]
[354, [194, 210, 210, 78, 0, 2]]
[355, [194, 226, 226, 78, 0, 2]]
[356, [242, 242, 242, 93, 0, 2]]
[357, [242, 258, 258, 108, 0, 2]]
[358, [242, 274, 274, 108, 0, 2]]
[359, [290, 290, 290, 318, 0, 2]]
[360, [290, 306, 306, 30, 288, 2]]
[361, [200, 232, 232, 45, 195, 5]]
[362, [158, 158, 158, 60, 102, 8]]
[363, [58, 74, 74, 90, 9, 1]]
[364, [48, 80, 80, 105, 0, 0]]
[365, [96, 96, 96, 105, 0, 0]]
[366, [96, 112, 112, 105, 0, 0]]
[367, [96, 128, 128, 105, 0, 0]]
[368, [144, 144, 144, 105, 0, 0]]
[369, [144, 160, 160, 105, 0, 0]]
[370, [144, 176, 176, 105, 0, 0]]
[371, [192, 192, 192, 105, 0, 0]]
[372, [192, 208, 208, 105, 0, 0]]
[373, [192, 224, 224, 105, 0, 0]]
[374, [240, 240, 240, 120, 0, 0]]
[375, [240, 256, 256, 120, 0, 0]]
[376, [240, 272, 272, 135, 0, 0]]
[377, [288, 288, 288, 150, 0, 0]]
[378, [288, 304, 304, 6, 144, 0]]
[379, [198, 230, 230, 201, 51, 3]]
[380, [196, 196, 196, 57, 144, 4]]
[381, [106, 122, 122, 72, 51, 7]]
[382, [56, 88, 88, 87, 0, 8]]
[383, [104, 104, 104, 117, 0, 8]]
[384, [104, 120, 120, 147, 0, 8]]
[385, [104, 136, 136, 3, 144, 8]]
[386, [52, 52, 52, 3, 51, 1]]
[387, [2, 18, 18, 3, 0, 2]]
[388, [2, 34, 34, 3, 0, 2]]
[389, [50, 50, 50, 3, 0, 2]]
[390, [50, 66, 66, 3, 0, 2]]
[391, [50, 82, 82, 3, 0, 2]]
[392, [98, 98, 98, 3, 0, 2]]
[393, [98, 114, 114, 3, 0, 2]]
[394, [98, 130, 130, 18, 0, 2]]
[395, [146, 146, 146, 18, 0, 2]]
[396, [146, 162, 162, 33, 0, 2]]
[397, [146, 178, 178, 48, 0, 2]]
[398, [194, 194, 194, 48, 0, 2]]
[399, [194, 210, 210, 198, 0, 2]]
[400, [194, 226, 226, 54, 144, 2]]
[401, [152, 152, 152, 69, 51, 5]]
[402, [102, 118, 118, 84, 0, 6]]
[403, [102, 134, 134, 114, 0, 6]]
[404, [150, 150, 150, 144, 0, 6]]
[405, [150, 166, 166, 15, 144, 6]]
[406, [60, 92, 92, 15, 51, 9]]
[407, [48, 48, 48, 30, 0, 0]]
[408, [48, 64, 64, 30, 0, 0]]
[409, [48, 80, 80, 30, 0, 0]]
[410, [96, 96, 96, 30, 0, 0]]
[411, [96, 112, 112, 30, 0, 0]]
[412, [96, 128, 128, 30, 0, 0]]
[413, [144, 144, 144, 30, 0, 0]]
[414, [144, 160, 160, 45, 0, 0]]
[415, [144, 176, 176, 45, 0, 0]]
[416, [192, 192, 192, 60, 0, 0]]
[417, [192, 208, 208, 75, 0, 0]]
[418, [192, 224, 224, 75, 0, 0]]
[419, [240, 240, 240, 225, 0, 0]]
[420, [240, 256, 256, 81, 144, 0]]
[421, [150, 182, 182, 96, 51, 3]]
[422, [148, 148, 148, 111, 0, 4]]
[423, [148, 164, 164, 141, 0, 4]]
[424, [148, 180, 180, 171, 0, 4]]
[425, [196, 196, 196, 57, 144, 4]]
[426, [106, 122, 122, 57, 51, 7]]
[427, [56, 88, 88, 72, 0, 8]]
[428, [104, 104, 104, 72, 0, 8]]
[429, [104, 120, 120, 72, 0, 8]]
[430, [104, 136, 136, 72, 0, 8]]
[431, [152, 152, 152, 72, 0, 8]]
[432, [152, 168, 168, 72, 0, 8]]
[433, [152, 184, 184, 72, 0, 8]]
[434, [200, 200, 200, 87, 0, 8]]
[435, [200, 216, 216, 87, 0, 8]]
[436, [200, 232, 232, 102, 0, 8]]
[437, [248, 248, 248, 117, 0, 8]]
[438, [248, 264, 264, 117, 0, 8]]
[439, [248, 280, 280, 267, 0, 8]]
[440, [296, 296, 296, 123, 144, 8]]
[441, [196, 212, 212, 138, 51, 1]]
[442, [146, 178, 178, 153, 0, 2]]
[443, [194, 194, 194, 39, 144, 2]]
[444, [104, 120, 120, 69, 51, 5]]
[445, [54, 86, 86, 99, 0, 6]]
[446, [102, 102, 102, 99, 0, 6]]
[447, [102, 118, 118, 114, 0, 6]]
[448, [102, 134, 134, 114, 0, 6]]
[449, [150, 150, 150, 114, 0, 6]]
[450, [150, 166, 166, 114, 0, 6]]
[451, [150, 182, 182, 114, 0, 6]]
[452, [198, 198, 198, 114, 0, 6]]
[453, [198, 214, 214, 114, 0, 6]]
[454, [198, 230, 230, 129, 0, 6]]
[455, [246, 246, 246, 129, 0, 6]]
[456, [246, 262, 262, 144, 0, 6]]
[457, [246, 278, 278, 15, 144, 6]]
[458, [204, 204, 204, 15, 51, 9]]
[459, [144, 160, 160, 135, 0, 0]]
[460, [144, 176, 176, 135, 0, 0]]
[461, [192, 192, 192, 150, 0, 0]]
[462, [192, 208, 208, 21, 144, 0]]
[463, [102, 134, 134, 51, 51, 3]]
[464, [100, 100, 100, 81, 0, 4]]
[465, [100, 116, 116, 111, 0, 4]]
[466, [100, 132, 132, 111, 0, 4]]
[467, [148, 148, 148, 141, 0, 4]]
[468, [148, 164, 164, 141, 0, 4]]
[469, [148, 180, 180, 141, 0, 4]]
[470, [196, 196, 196, 141, 0, 4]]
[471, [196, 212, 212, 141, 0, 4]]
[472, [196, 228, 228, 141, 0, 4]]
[473, [244, 244, 244, 141, 0, 4]]
[474, [244, 260, 260, 156, 0, 4]]
[475, [244, 276, 276, 12, 144, 4]]
[476, [202, 202, 202, 27, 51, 7]]
[477, [152, 168, 168, 42, 0, 8]]
[478, [152, 184, 184, 57, 0, 8]]
[479, [200, 200, 200, 177, 0, 8]]
[480, [200, 216, 216, 33, 144, 8]]
[481, [100, 132, 132, 48, 51, 1]]
[482, [98, 98, 98, 63, 0, 2]]
[483, [98, 114, 114, 93, 0, 2]]
[484, [98, 130, 130, 123, 0, 2]]
[485, [146, 146, 146, 153, 0, 2]]
[486, [146, 162, 162, 9, 144, 2]]
[487, [56, 88, 88, 39, 51, 5]]
[488, [54, 54, 54, 39, 0, 6]]
[489, [54, 70, 70, 39, 0, 6]]
[490, [54, 86, 86, 39, 0, 6]]
[491, [102, 102, 102, 39, 0, 6]]
[492, [102, 118, 118, 39, 0, 6]]
[493, [102, 134, 134, 39, 0, 6]]
[494, [150, 150, 150, 54, 0, 6]]
[495, [150, 166, 166, 54, 0, 6]]
[496, [150, 182, 182, 69, 0, 6]]
[497, [198, 198, 198, 84, 0, 6]]
[498, [198, 214, 214, 99, 0, 6]]
[499, [198, 230, 230, 219, 0, 6]]
[500, [246, 246, 246, 75, 144, 6]]
[501, [156, 172, 172, 90, 51, 9]]
[502, [96, 128, 128, 105, 0, 0]]
[503, [144, 144, 144, 135, 0, 0]]
[504, [144, 160, 160, 165, 0, 0]]
[505, [144, 176, 176, 36, 144, 0]]
[506, [102, 102, 102, 36, 51, 3]]
[507, [52, 68, 68, 66, 0, 4]]
[508, [52, 84, 84, 66, 0, 4]]
[509, [100, 100, 100, 81, 0, 4]]
[510, [100, 116, 116, 81, 0, 4]]
[511, [100, 132, 132, 81, 0, 4]]
[512, [148, 148, 148, 81, 0, 4]]
[513, [148, 164, 164, 81, 0, 4]]
[514, [148, 180, 180, 96, 0, 4]]
[515, [196, 196, 196, 96, 0, 4]]
[516, [196, 212, 212, 96, 0, 4]]
[517, [196, 228, 228, 111, 0, 4]]
[518, [244, 244, 244, 126, 0, 4]]
[519, [244, 260, 260, 246, 0, 4]]
[520, [244, 276, 276, 102, 144, 4]]
[521, [202, 202, 202, 117, 51, 7]]
[522, [152, 168, 168, 132, 0, 8]]
[523, [152, 184, 184, 162, 0, 8]]
[524, [200, 200, 200, 48, 144, 8]]
[525, [100, 116, 116, 63, 51, 1]]
[526, [50, 82, 82, 63, 0, 2]]
[527, [98, 98, 98, 108, 0, 2]]
[528, [98, 114, 114, 108, 0, 2]]
[529, [98, 130, 130, 123, 0, 2]]
[530, [146, 146, 146, 123, 0, 2]]
[531, [146, 162, 162, 123, 0, 2]]
[532, [146, 178, 178, 123, 0, 2]]
[533, [194, 194, 194, 123, 0, 2]]
[534, [194, 210, 210, 138, 0, 2]]
[535, [194, 226, 226, 138, 0, 2]]
[536, [242, 242, 242, 138, 0, 2]]
[537, [242, 258, 258, 153, 0, 2]]
[538, [242, 274, 274, 24, 144, 2]]
[539, [200, 200, 200, 144, 51, 5]]
[540, [150, 166, 166, 0, 144, 6]]
[541, [60, 92, 92, 15, 51, 9]]
[542, [48, 48, 48, 30, 0, 0]]
[543, [48, 64, 64, 60, 0, 0]]
[544, [48, 80, 80, 90, 0, 0]]
[545, [96, 96, 96, 105, 0, 0]]
[546, [96, 112, 112, 105, 0, 0]]
[547, [96, 128, 128, 150, 0, 0]]
[548, [144, 144, 144, 6, 144, 0]]
[549, [54, 70, 70, 21, 51, 3]]
[550, [4, 36, 36, 21, 0, 4]]
[551, [52, 52, 52, 21, 0, 4]]
[552, [52, 68, 68, 21, 0, 4]]
[553, [52, 84, 84, 21, 0, 4]]
[554, [100, 100, 100, 36, 0, 4]]
[555, [100, 116, 116, 36, 0, 4]]
[556, [100, 132, 132, 36, 0, 4]]
[557, [148, 148, 148, 51, 0, 4]]
[558, [148, 164, 164, 66, 0, 4]]
[559, [148, 180, 180, 171, 0, 4]]
[560, [196, 196, 196, 42, 144, 4]]
[561, [106, 122, 122, 57, 51, 7]]
[562, [56, 88, 88, 72, 0, 8]]
[563, [104, 104, 104, 102, 0, 8]]
[564, [104, 120, 120, 132, 0, 8]]
[565, [104, 136, 136, 147, 0, 8]]
[566, [152, 152, 152, 3, 144, 8]]
[567, [52, 68, 68, 48, 51, 1]]
[568, [2, 34, 34, 48, 0, 2]]
[569, [50, 50, 50, 63, 0, 2]]
[570, [50, 66, 66, 63, 0, 2]]
[571, [50, 82, 82, 63, 0, 2]]
[572, [98, 98, 98, 63, 0, 2]]
[573, [98, 114, 114, 63, 0, 2]]
[574, [98, 130, 130, 78, 0, 2]]
[575, [146, 146, 146, 78, 0, 2]]
[576, [146, 162, 162, 78, 0, 2]]
[577, [146, 178, 178, 93, 0, 2]]
[578, [194, 194, 194, 108, 0, 2]]
[579, [194, 210, 210, 213, 0, 2]]
[580, [194, 226, 226, 84, 144, 2]]
[581, [152, 152, 152, 99, 51, 5]]
[582, [102, 118, 118, 114, 0, 6]]
[583, [102, 134, 134, 144, 0, 6]]
[584, [150, 150, 150, 30, 144, 6]]
[585, [60, 76, 76, 45, 51, 9]]
[586, [0, 32, 32, 45, 0, 0]]
[587, [48, 48, 48, 90, 0, 0]]
[588, [48, 64, 64, 90, 0, 0]]
[589, [48, 80, 80, 105, 0, 0]]
[590, [96, 96, 96, 105, 0, 0]]
[591, [96, 112, 112, 105, 0, 0]]
[592, [96, 128, 128, 105, 0, 0]]
[593, [144, 144, 144, 105, 0, 0]]
[594, [144, 160, 160, 120, 0, 0]]
[595, [144, 176, 176, 120, 0, 0]]
[596, [192, 192, 192, 120, 0, 0]]
[597, [192, 208, 208, 135, 0, 0]]
[598, [192, 224, 224, 135, 0, 0]]
[599, [240, 240, 240, 240, 0, 0]]
[600, [240, 256, 256, 111, 144, 0]]
[601, [150, 182, 182, 126, 51, 3]]
[602, [148, 148, 148, 141, 0, 4]]
[603, [148, 164, 164, 171, 0, 4]]
[604, [148, 180, 180, 57, 144, 4]]
[605, [106, 106, 106, 72, 51, 7]]
[606, [56, 72, 72, 87, 0, 8]]
[607, [56, 88, 88, 132, 0, 8]]
[608, [104, 104, 104, 132, 0, 8]]
[609, [104, 120, 120, 147, 0, 8]]
[610, [104, 136, 136, 3, 144, 8]]
[611, [52, 52, 52, 3, 51, 1]]
[612, [2, 18, 18, 3, 0, 2]]
[613, [2, 34, 34, 3, 0, 2]]
[614, [50, 50, 50, 18, 0, 2]]
[615, [50, 66, 66, 18, 0, 2]]
[616, [50, 82, 82, 18, 0, 2]]
[617, [98, 98, 98, 33, 0, 2]]
[618, [98, 114, 114, 33, 0, 2]]
[619, [98, 130, 130, 138, 0, 2]]
[620, [146, 146, 146, 153, 0, 2]]
[621, [146, 162, 162, 24, 144, 2]]
[622, [56, 88, 88, 39, 51, 5]]
[623, [54, 54, 54, 69, 0, 6]]
[624, [54, 70, 70, 99, 0, 6]]
[625, [54, 86, 86, 114, 0, 6]]
[626, [102, 102, 102, 129, 0, 6]]
[627, [102, 118, 118, 174, 0, 6]]
[628, [102, 134, 134, 30, 144, 6]]
[629, [60, 60, 60, 45, 51, 9]]
[630, [0, 16, 16, 45, 0, 0]]
[631, [0, 32, 32, 45, 0, 0]]
[632, [48, 48, 48, 45, 0, 0]]
[633, [48, 64, 64, 45, 0, 0]]
[634, [48, 80, 80, 60, 0, 0]]
[635, [96, 96, 96, 60, 0, 0]]
[636, [96, 112, 112, 60, 0, 0]]
[637, [96, 128, 128, 75, 0, 0]]
[638, [144, 144, 144, 75, 0, 0]]
[639, [144, 160, 160, 180, 0, 0]]
[640, [144, 176, 176, 51, 144, 0]]
[641, [102, 102, 102, 66, 51, 3]]
[642, [52, 68, 68, 81, 0, 4]]
[643, [52, 84, 84, 111, 0, 4]]
[644, [100, 100, 100, 141, 0, 4]]
[645, [100, 116, 116, 156, 0, 4]]
[646, [100, 132, 132, 27, 144, 4]]
[647, [58, 58, 58, 72, 51, 7]]
[648, [8, 24, 24, 72, 0, 8]]
[649, [8, 40, 40, 87, 0, 8]]
[650, [56, 56, 56, 87, 0, 8]]
[651, [56, 72, 72, 87, 0, 8]]
[652, [56, 88, 88, 87, 0, 8]]
[653, [104, 104, 104, 87, 0, 8]]
[654, [104, 120, 120, 102, 0, 8]]
[655, [104, 136, 136, 102, 0, 8]]
[656, [152, 152, 152, 102, 0, 8]]
[657, [152, 168, 168, 102, 0, 8]]
[658, [152, 184, 184, 102, 0, 8]]
[659, [200, 200, 200, 192, 0, 8]]
[660, [200, 216, 216, 63, 144, 8]]
[661, [100, 132, 132, 78, 51, 1]]
[662, [98, 98, 98, 93, 0, 2]]
[663, [98, 114, 114, 123, 0, 2]]
[664, [98, 130, 130, 153, 0, 2]]
[665, [146, 146, 146, 39, 144, 2]]
[666, [56, 72, 72, 54, 51, 5]]
[667, [6, 38, 38, 99, 0, 6]]
[668, [54, 54, 54, 99, 0, 6]]
[669, [54, 70, 70, 114, 0, 6]]
[670, [54, 86, 86, 114, 0, 6]]
[671, [102, 102, 102, 129, 0, 6]]
[672, [102, 118, 118, 129, 0, 6]]
[673, [102, 134, 134, 129, 0, 6]]
[674, [150, 150, 150, 144, 0, 6]]
[675, [150, 166, 166, 0, 144, 6]]
[676, [60, 92, 92, 0, 51, 9]]
[677, [48, 48, 48, 0, 0, 0]]
[678, [48, 64, 64, 0, 0, 0]]
[679, [48, 80, 80, 90, 0, 0]]
[680, [96, 96, 96, 105, 0, 0]]
[681, [96, 112, 112, 120, 0, 0]]
[682, [96, 128, 128, 135, 0, 0]]
[683, [144, 144, 144, 165, 0, 0]]
[684, [144, 160, 160, 51, 144, 0]]
[685, [54, 86, 86, 81, 51, 3]]
[686, [52, 52, 52, 96, 0, 4]]
[687, [52, 68, 68, 141, 0, 4]]
[688, [52, 84, 84, 141, 0, 4]]
[689, [100, 100, 100, 156, 0, 4]]
[690, [100, 116, 116, 12, 144, 4]]
[691, [10, 42, 42, 27, 51, 7]]
[692, [8, 8, 8, 27, 0, 8]]
[693, [8, 24, 24, 27, 0, 8]]
[694, [8, 40, 40, 42, 0, 8]]
[695, [56, 56, 56, 42, 0, 8]]
[696, [56, 72, 72, 42, 0, 8]]
[697, [56, 88, 88, 42, 0, 8]]
[698, [104, 104, 104, 42, 0, 8]]
[699, [104, 120, 120, 117, 0, 8]]
[700, [104, 136, 136, 132, 0, 8]]
[701, [152, 152, 152, 147, 0, 8]]
[702, [152, 168, 168, 18, 144, 8]]
[703, [52, 84, 84, 48, 51, 1]]
[704, [50, 50, 50, 63, 0, 2]]
[705, [50, 66, 66, 93, 0, 2]]
[706, [50, 82, 82, 123, 0, 2]]
[707, [98, 98, 98, 183, 0, 2]]
[708, [98, 114, 114, 39, 144, 2]]
[709, [8, 40, 40, 54, 51, 5]]
[710, [6, 6, 6, 54, 0, 6]]
[711, [6, 22, 22, 69, 0, 6]]
[712, [6, 38, 38, 69, 0, 6]]
[713, [54, 54, 54, 69, 0, 6]]
[714, [54, 70, 70, 84, 0, 6]]
[715, [54, 86, 86, 84, 0, 6]]
[716, [102, 102, 102, 84, 0, 6]]
[717, [102, 118, 118, 84, 0, 6]]
[718, [102, 134, 134, 84, 0, 6]]
[719, [150, 150, 150, 159, 0, 6]]
[720, [150, 166, 166, 30, 144, 6]]
[721, [60, 92, 92, 45, 51, 9]]
[722, [48, 48, 48, 60, 0, 0]]
[723, [48, 64, 64, 90, 0, 0]]
[724, [48, 80, 80, 105, 0, 0]]
[725, [96, 96, 96, 135, 0, 0]]
[726, [96, 112, 112, 165, 0, 0]]
[727, [96, 128, 128, 81, 144, 0]]
[728, [54, 54, 54, 81, 51, 3]]
[729, [4, 20, 20, 96, 0, 4]]
[730, [4, 36, 36, 96, 0, 4]]
[731, [52, 52, 52, 111, 0, 4]]
[732, [52, 68, 68, 111, 0, 4]]
[733, [52, 84, 84, 111, 0, 4]]
[734, [100, 100, 100, 126, 0, 4]]
[735, [100, 116, 116, 126, 0, 4]]
[736, [100, 132, 132, 126, 0, 4]]
[737, [148, 148, 148, 126, 0, 4]]
[738, [148, 164, 164, 126, 0, 4]]
[739, [148, 180, 180, 201, 0, 4]]
[740, [196, 196, 196, 72, 144, 4]]
[741, [106, 122, 122, 87, 51, 7]]
[742, [56, 88, 88, 102, 0, 8]]
[743, [104, 104, 104, 132, 0, 8]]
[744, [104, 120, 120, 147, 0, 8]]
[745, [104, 136, 136, 33, 144, 8]]
[746, [52, 52, 52, 63, 51, 1]]
[747, [2, 18, 18, 123, 0, 2]]
[748, [2, 34, 34, 123, 0, 2]]
[749, [50, 50, 50, 138, 0, 2]]
[750, [50, 66, 66, 138, 0, 2]]
[751, [50, 82, 82, 153, 0, 2]]
[752, [98, 98, 98, 9, 144, 2]]
[753, [8, 24, 24, 9, 51, 5]]
[754, [8, 40, 40, 24, 0, 56]]
[755, [6, 6, 6, 24, 0, 6]]
[756, [6, 22, 22, 24, 0, 6]]
[757, [6, 38, 38, 24, 0, 6]]
[758, [54, 54, 54, 24, 0, 6]]
[759, [54, 70, 70, 99, 0, 6]]
[760, [54, 86, 86, 114, 0, 6]]
[761, [102, 102, 102, 129, 0, 6]]
[762, [102, 118, 118, 144, 0, 6]]
[763, [102, 134, 134, 30, 144, 6]]
[764, [60, 60, 60, 45, 51, 9]]
[765, [0, 16, 16, 75, 0, 0]]
[766, [0, 32, 32, 105, 0, 0]]
[767, [48, 48, 48, 165, 0, 0]]
[768, [48, 64, 64, 21, 144, 0]]
[769, [8, 40, 40, 36, 51, 53]]
[770, [6, 6, 6, 36, 0, 54]]
[771, [6, 22, 22, 51, 0, 54]]
[772, [6, 38, 38, 51, 0, 54]]
[773, [4, 4, 4, 51, 0, 4]]
[774, [4, 20, 20, 66, 0, 4]]
[775, [4, 36, 36, 66, 0, 4]]
[776, [52, 52, 52, 66, 0, 4]]
[777, [52, 68, 68, 66, 0, 4]]
[778, [52, 84, 84, 66, 0, 4]]
[779, [100, 100, 100, 141, 0, 4]]
[780, [100, 116, 116, 156, 0, 4]]
[781, [100, 132, 132, 27, 144, 4]]
[782, [58, 58, 58, 42, 51, 7]]
[783, [8, 24, 24, 72, 0, 8]]
[784, [8, 40, 40, 87, 0, 8]]
[785, [56, 56, 56, 117, 0, 8]]
[786, [56, 72, 72, 147, 0, 8]]
[787, [56, 88, 88, 63, 144, 8]]
[788, [4, 4, 4, 63, 51, 1]]
[789, [4, 20, 20, 78, 0, 52]]
[790, [4, 36, 36, 78, 0, 52]]
[791, [2, 2, 2, 93, 0, 2]]
[792, [2, 18, 18, 93, 0, 2]]
[793, [2, 34, 34, 93, 0, 2]]
[794, [50, 50, 50, 108, 0, 2]]
[795, [50, 66, 66, 108, 0, 2]]
[796, [50, 82, 82, 108, 0, 2]]
[797, [98, 98, 98, 108, 0, 2]]
[798, [98, 114, 114, 108, 0, 2]]
[799, [98, 130, 130, 183, 0, 2]]
[800, [146, 146, 146, 54, 144, 2]]
[801, [56, 72, 72, 69, 51, 5]]
[802, [6, 38, 38, 84, 0, 6]]
[803, [54, 54, 54, 114, 0, 6]]
[804, [54, 70, 70, 129, 0, 6]]
[805, [54, 86, 86, 159, 0, 6]]
[806, [102, 102, 102, 45, 144, 6]]
[807, [12, 28, 28, 105, 51, 9]]
[808, [2, 34, 34, 105, 0, 50]]
[809, [0, 0, 0, 120, 0, 0]]
[810, [0, 16, 16, 120, 0, 0]]
[811, [0, 32, 32, 135, 0, 0]]
[812, [48, 48, 48, 135, 0, 0]]
[813, [48, 64, 64, 135, 0, 0]]
[814, [48, 80, 80, 150, 0, 0]]
[815, [96, 96, 96, 6, 144, 0]]
[816, [6, 22, 22, 6, 51, 3]]
[817, [6, 38, 38, 6, 0, 54]]
[818, [4, 4, 4, 6, 0, 4]]
[819, [4, 20, 20, 81, 0, 4]]
[820, [4, 36, 36, 96, 0, 4]]
[821, [52, 52, 52, 111, 0, 4]]
[822, [52, 68, 68, 126, 0, 4]]
[823, [52, 84, 84, 156, 0, 4]]
[824, [100, 100, 100, 27, 144, 4]]
[825, [10, 26, 26, 57, 51, 7]]
[826, [0, 32, 32, 72, 0, 48]]
[827, [8, 8, 8, 132, 0, 8]]
[828, [8, 24, 24, 147, 0, 8]]
[829, [8, 40, 40, 18, 144, 8]]
[830, [6, 6, 6, 18, 51, 51]]
[831, [6, 22, 22, 33, 0, 102]]
[832, [6, 38, 38, 33, 0, 102]]
[833, [4, 4, 4, 33, 0, 52]]
[834, [4, 20, 20, 48, 0, 52]]
[835, [4, 36, 36, 48, 0, 52]]
[836, [2, 2, 2, 48, 0, 2]]
[837, [2, 18, 18, 48, 0, 2]]
[838, [2, 34, 34, 48, 0, 2]]
[839, [50, 50, 50, 123, 0, 2]]
[840, [50, 66, 66, 138, 0, 2]]
[841, [50, 82, 82, 138, 0, 2]]
[842, [98, 98, 98, 153, 0, 2]]
[843, [98, 114, 114, 39, 144, 2]]
[844, [8, 40, 40, 54, 51, 5]]
[845, [6, 6, 6, 84, 0, 6]]
[846, [6, 22, 22, 99, 0, 6]]
[847, [6, 38, 38, 159, 0, 6]]
[848, [54, 54, 54, 30, 144, 6]]
[849, [4, 20, 20, 45, 51, 49]]
[850, [4, 36, 36, 45, 0, 100]]
[851, [2, 2, 2, 60, 0, 50]]
[852, [2, 18, 18, 60, 0, 50]]
[853, [2, 34, 34, 60, 0, 50]]
[854, [0, 0, 0, 75, 0, 0]]
[855, [0, 16, 16, 75, 0, 0]]
[856, [0, 32, 32, 75, 0, 0]]
[857, [48, 48, 48, 75, 0, 0]]
[858, [48, 64, 64, 75, 0, 0]]
[859, [48, 80, 80, 150, 0, 0]]
[860, [96, 96, 96, 21, 144, 0]]
[861, [6, 22, 22, 21, 51, 3]]
[862, [6, 38, 38, 51, 0, 54]]
[863, [4, 4, 4, 81, 0, 4]]
[864, [4, 20, 20, 96, 0, 4]]
[865, [4, 36, 36, 126, 0, 4]]
[866, [52, 52, 52, 141, 0, 4]]
[867, [52, 68, 68, 201, 0, 4]]
[868, [52, 84, 84, 72, 144, 4]]
[869, [10, 10, 10, 87, 51, 7]]
[870, [0, 16, 16, 87, 0, 48]]
[871, [0, 32, 32, 102, 0, 48]]
[872, [8, 8, 8, 102, 0, 8]]
[873, [8, 24, 24, 102, 0, 8]]
[874, [8, 40, 40, 117, 0, 8]]
[875, [56, 56, 56, 117, 0, 8]]
[876, [56, 72, 72, 117, 0, 8]]
[877, [56, 88, 88, 117, 0, 8]]
[878, [104, 104, 104, 117, 0, 8]]
[879, [104, 120, 120, 177, 0, 8]]
[880, [104, 136, 136, 48, 144, 8]]
[881, [52, 52, 52, 48, 51, 1]]
[882, [2, 18, 18, 93, 0, 2]]
[883, [2, 34, 34, 123, 0, 2]]
[884, [50, 50, 50, 138, 0, 2]]
[885, [50, 66, 66, 168, 0, 2]]
[886, [50, 82, 82, 39, 144, 2]]
[887, [8, 8, 8, 99, 51, 5]]
[888, [8, 24, 24, 114, 0, 56]]
[889, [8, 40, 40, 129, 0, 56]]
[890, [6, 6, 6, 129, 0, 6]]
[891, [6, 22, 22, 144, 0, 6]]
[892, [6, 38, 38, 0, 144, 6]]
[893, [4, 4, 4, 0, 51, 49]]
[894, [4, 20, 20, 15, 0, 100]]
[895, [4, 36, 36, 15, 0, 100]]
[896, [2, 2, 2, 15, 0, 50]]
[897, [2, 18, 18, 15, 0, 50]]
[898, [2, 34, 34, 15, 0, 50]]
[899, [0, 0, 0, 75, 0, 0]]
[900, [0, 16, 16, 90, 0, 0]]
[901, [0, 32, 32, 90, 0, 0]]
[902, [48, 48, 48, 135, 0, 0]]
[903, [48, 64, 64, 150, 0, 0]]
[904, [48, 80, 80, 36, 144, 0]]
[905, [6, 6, 6, 66, 51, 3]]
[906, [6, 22, 22, 81, 0, 54]]
[907, [6, 38, 38, 141, 0, 54]]
[908, [4, 4, 4, 156, 0, 4]]
[909, [4, 20, 20, 27, 144, 4]]
[910, [4, 36, 36, 27, 51, 97]]
[911, [2, 2, 2, 42, 0, 98]]
[912, [2, 18, 18, 42, 0, 98]]
[913, [2, 34, 34, 42, 0, 98]]
[914, [0, 0, 0, 57, 0, 48]]
[915, [0, 16, 16, 57, 0, 48]]
[916, [0, 32, 32, 57, 0, 48]]
[917, [8, 8, 8, 57, 0, 8]]
[918, [8, 24, 24, 57, 0, 8]]
[919, [8, 40, 40, 117, 0, 8]]
[920, [56, 56, 56, 132, 0, 8]]
[921, [56, 72, 72, 132, 0, 8]]
[922, [56, 88, 88, 177, 0, 8]]
[923, [104, 104, 104, 48, 144, 8]]
[924, [4, 20, 20, 63, 51, 1]]
[925, [4, 36, 36, 93, 0, 52]]
[926, [2, 2, 2, 123, 0, 2]]
[927, [2, 18, 18, 183, 0, 2]]
[928, [2, 34, 34, 54, 144, 2]]
[929, [0, 0, 0, 69, 51, 45]]
[930, [0, 16, 16, 69, 0, 96]]
[931, [0, 32, 32, 84, 0, 96]]
[932, [8, 8, 8, 84, 0, 56]]
[933, [8, 24, 24, 84, 0, 56]]
[934, [8, 40, 40, 99, 0, 56]]
[935, [6, 6, 6, 99, 0, 6]]
[936, [6, 22, 22, 99, 0, 6]]
[937, [6, 38, 38, 99, 0, 6]]
[938, [54, 54, 54, 99, 0, 6]]
[939, [54, 70, 70, 159, 0, 6]]
[940, [54, 86, 86, 30, 144, 6]]
[941, [12, 12, 12, 30, 51, 9]]
[942, [2, 18, 18, 75, 0, 50]]
[943, [2, 34, 34, 90, 0, 50]]
[944, [0, 0, 0, 105, 0, 0]]
[945, [0, 16, 16, 135, 0, 0]]
[946, [0, 32, 32, 165, 0, 0]]
[947, [48, 48, 48, 66, 144, 0]]
[948, [8, 24, 24, 81, 51, 53]]
[949, [8, 40, 40, 96, 0, 104]]
[950, [6, 6, 6, 96, 0, 54]]
[951, [6, 22, 22, 111, 0, 54]]
[952, [6, 38, 38, 126, 0, 54]]
[953, [4, 4, 4, 126, 0, 4]]
[954, [4, 20, 20, 141, 0, 4]]
[955, [4, 36, 36, 141, 0, 4]]
[956, [52, 52, 52, 141, 0, 4]]
[957, [52, 68, 68, 141, 0, 4]]
[958, [52, 84, 84, 141, 0, 4]]
[959, [100, 100, 100, 201, 0, 4]]
[960, [100, 116, 116, 72, 144, 4]]
[961, [10, 42, 42, 72, 51, 7]]
[962, [8, 8, 8, 117, 0, 8]]
[963, [8, 24, 24, 132, 0, 8]]
[964, [8, 40, 40, 147, 0, 8]]
[965, [56, 56, 56, 33, 144, 8]]
[966, [6, 22, 22, 63, 51, 51]]
[967, [6, 38, 38, 93, 0, 102]]
[968, [4, 4, 4, 108, 0, 52]]
[969, [4, 20, 20, 123, 0, 52]]
[970, [4, 36, 36, 123, 0, 52]]
[971, [2, 2, 2, 138, 0, 2]]
[972, [2, 18, 18, 153, 0, 2]]
[973, [2, 34, 34, 9, 144, 2]]
[974, [0, 0, 0, 24, 51, 45]]
[975, [0, 16, 16, 24, 0, 96]]
[976, [0, 32, 32, 24, 0, 96]]
[977, [8, 8, 8, 24, 0, 56]]
[978, [8, 24, 24, 24, 0, 56]]
[979, [8, 40, 40, 84, 0, 56]]
[980, [6, 6, 6, 99, 0, 6]]
[981, [6, 22, 22, 114, 0, 6]]
[982, [6, 38, 38, 159, 0, 6]]
[983, [54, 54, 54, 30, 144, 6]]
[984, [4, 20, 20, 45, 51, 49]]
[985, [4, 36, 36, 75, 0, 100]]
[986, [2, 2, 2, 105, 0, 50]]
[987, [2, 18, 18, 135, 0, 50]]
[988, [2, 34, 34, 135, 0, 50]]
[989, [0, 0, 0, 150, 0, 0]]
[990, [0, 16, 16, 6, 144, 0]]
[991, [0, 32, 32, 21, 51, 93]]
[992, [8, 8, 8, 36, 0, 104]]
[993, [8, 24, 24, 36, 0, 104]]
[994, [8, 40, 40, 51, 0, 104]]
[995, [6, 6, 6, 51, 0, 54]]
[996, [6, 22, 22, 66, 0, 54]]
[997, [6, 38, 38, 66, 0, 54]]
[998, [4, 4, 4, 66, 0, 4]]
[999, [4, 20, 20, 111, 0, 4]]
[1000, [4, 36, 36, 126, 0, 4]]
[1001, [52, 52, 52, 141, 0, 4]]
[1002, [52, 68, 68, 186, 0, 4]]
[1003, [52, 84, 84, 57, 144, 4]]
[1004, [10, 10, 10, 72, 51, 7]]
[1005, [0, 16, 16, 102, 0, 48]]
[1006, [0, 32, 32, 132, 0, 48]]
[1007, [8, 8, 8, 147, 0, 8]]
[1008, [8, 24, 24, 3, 144, 8]]
[1009, [8, 40, 40, 18, 51, 101]]
[1010, [6, 6, 6, 18, 0, 102]]
[1011, [6, 22, 22, 33, 0, 102]]
[1012, [6, 38, 38, 48, 0, 102]]
[1013, [4, 4, 4, 48, 0, 52]]
[1014, [4, 20, 20, 78, 0, 52]]
[1015, [4, 36, 36, 78, 0, 52]]
[1016, [2, 2, 2, 93, 0, 2]]
[1017, [2, 18, 18, 93, 0, 2]]
[1018, [2, 34, 34, 93, 0, 2]]
[1019, [50, 50, 50, 123, 0, 2]]
[1020, [50, 66, 66, 153, 0, 2]]
[1021, [50, 82, 82, 24, 144, 2]]
[1022, [8, 8, 8, 69, 51, 5]]
[1023, [8, 24, 24, 84, 0, 56]]
[1024, [8, 40, 40, 99, 0, 56]]
[1025, [6, 6, 6, 129, 0, 6]]
[1026, [6, 22, 22, 159, 0, 6]]
[1027, [6, 38, 38, 30, 144, 6]]
[1028, [4, 4, 4, 30, 51, 49]]
[1029, [4, 20, 20, 45, 0, 100]]
[1030, [4, 36, 36, 45, 0, 100]]
[1031, [2, 2, 2, 60, 0, 50]]
[1032, [2, 18, 18, 75, 0, 50]]
[1033, [2, 34, 34, 75, 0, 50]]
[1034, [0, 0, 0, 105, 0, 0]]
[1035, [0, 16, 16, 105, 0, 0]]
[1036, [0, 32, 32, 120, 0, 0]]
[1037, [48, 48, 48, 120, 0, 0]]
[1038, [48, 64, 64, 120, 0, 0]]
[1039, [48, 80, 80, 150, 0, 0]]
[1040, [96, 96, 96, 36, 144, 0]]
[1041, [6, 22, 22, 51, 51, 3]]
[1042, [6, 38, 38, 96, 0, 54]]
[1043, [4, 4, 4, 111, 0, 4]]
[1044, [4, 20, 20, 126, 0, 4]]
[1045, [4, 36, 36, 171, 0, 4]]
[1046, [52, 52, 52, 57, 144, 4]]
[1047, [2, 18, 18, 72, 51, 47]]
[1048, [2, 34, 34, 72, 0, 98]]
[1049, [0, 0, 0, 87, 0, 48]]
[1050, [0, 16, 16, 87, 0, 48]]
[1051, [0, 32, 32, 102, 0, 48]]
[1052, [8, 8, 8, 117, 0, 8]]
[1053, [8, 24, 24, 117, 0, 8]]
[1054, [8, 40, 40, 147, 0, 8]]
[1055, [56, 56, 56, 3, 144, 8]]
[1056, [6, 22, 22, 18, 51, 51]]
[1057, [6, 38, 38, 18, 0, 102]]
[1058, [4, 4, 4, 18, 0, 52]]
[1059, [4, 20, 20, 48, 0, 52]]
[1060, [4, 36, 36, 63, 0, 52]]
[1061, [2, 2, 2, 93, 0, 2]]
[1062, [2, 18, 18, 138, 0, 2]]
[1063, [2, 34, 34, 153, 0, 2]]
[1064, [50, 50, 50, 24, 144, 2]]
[1065, [0, 16, 16, 69, 51, 45]]
[1066, [0, 32, 32, 99, 0, 96]]
[1067, [8, 8, 8, 114, 0, 56]]
[1068, [8, 24, 24, 114, 0, 56]]
[1069, [8, 40, 40, 129, 0, 56]]
[1070, [6, 6, 6, 129, 0, 6]]
[1071, [6, 22, 22, 144, 0, 6]]
[1072, [6, 38, 38, 15, 144, 6]]
[1073, [4, 4, 4, 15, 51, 49]]
[1074, [4, 20, 20, 45, 0, 100]]
[1075, [4, 36, 36, 45, 0, 100]]
[1076, [2, 2, 2, 60, 0, 50]]
[1077, [2, 18, 18, 60, 0, 50]]
[1078, [2, 34, 34, 60, 0, 50]]
[1079, [0, 0, 0, 90, 0, 0]]
[1080, [0, 16, 16, 105, 0, 0]]
[1081, [0, 32, 32, 135, 0, 0]]
[1082, [48, 48, 48, 180, 0, 0]]
[1083, [48, 64, 64, 51, 144, 0]]
[1084, [8, 40, 40, 66, 51, 53]]
[1085, [6, 6, 6, 111, 0, 54]]
[1086, [6, 22, 22, 141, 0, 54]]
[1087, [6, 38, 38, 156, 0, 54]]
[1088, [4, 4, 4, 12, 144, 4]]
[1089, [4, 20, 20, 27, 51, 97]]
[1090, [4, 36, 36, 27, 0, 148]]
[1091, [2, 2, 2, 42, 0, 98]]
[1092, [2, 18, 18, 57, 0, 98]]
[1093, [2, 34, 34, 57, 0, 98]]
[1094, [0, 0, 0, 87, 0, 48]]
[1095, [0, 16, 16, 87, 0, 48]]
[1096, [0, 32, 32, 102, 0, 48]]
[1097, [8, 8, 8, 102, 0, 8]]
[1098, [8, 24, 24, 102, 0, 8]]
[1099, [8, 40, 40, 132, 0, 8]]
[1100, [56, 56, 56, 147, 0, 8]]
[1101, [56, 72, 72, 33, 144, 8]]
[1102, [6, 38, 38, 78, 51, 51]]
[1103, [4, 4, 4, 93, 0, 52]]
[1104, [4, 20, 20, 108, 0, 52]]
[1105, [4, 36, 36, 153, 0, 52]]
[1106, [2, 2, 2, 39, 144, 2]]
[1107, [2, 18, 18, 54, 51, 95]]
[1108, [2, 34, 34, 54, 0, 146]]
[1109, [0, 0, 0, 69, 0, 96]]
[1110, [0, 16, 16, 69, 0, 96]]
[1111, [0, 32, 32, 84, 0, 96]]
[1112, [8, 8, 8, 99, 0, 56]]
[1113, [8, 24, 24, 99, 0, 56]]
[1114, [8, 40, 40, 129, 0, 56]]
[1115, [6, 6, 6, 129, 0, 6]]
[1116, [6, 22, 22, 144, 0, 6]]
[1117, [6, 38, 38, 0, 144, 6]]
[1118, [4, 4, 4, 0, 51, 49]]
[1119, [4, 20, 20, 30, 0, 100]]
[1120, [4, 36, 36, 45, 0, 100]]
[1121, [2, 2, 2, 75, 0, 50]]
[1122, [2, 18, 18, 120, 0, 50]]
[1123, [2, 34, 34, 120, 0, 50]]
[1124, [0, 0, 0, 135, 0, 0]]
[1125, [0, 16, 16, 180, 0, 0]]
[1126, [0, 32, 32, 81, 144, 0]]
[1127, [8, 8, 8, 96, 51, 53]]
[1128, [8, 24, 24, 96, 0, 104]]
[1129, [8, 40, 40, 111, 0, 104]]
[1130, [6, 6, 6, 111, 0, 54]]
[1131, [6, 22, 22, 126, 0, 54]]
[1132, [6, 38, 38, 141, 0, 54]]
[1133, [4, 4, 4, 141, 0, 4]]
[1134, [4, 20, 20, 171, 0, 4]]
[1135, [4, 36, 36, 27, 144, 4]]
[1136, [2, 2, 2, 42, 51, 47]]
[1137, [2, 18, 18, 42, 0, 98]]
[1138, [2, 34, 34, 42, 0, 98]]
[1139, [0, 0, 0, 72, 0, 48]]
[1140, [0, 16, 16, 87, 0, 48]]
[1141, [0, 32, 32, 102, 0, 48]]
[1142, [8, 8, 8, 147, 0, 8]]
[1143, [8, 24, 24, 18, 144, 8]]
[1144, [8, 40, 40, 33, 51, 101]]
[1145, [6, 6, 6, 78, 0, 102]]
[1146, [6, 22, 22, 123, 0, 102]]
[1147, [6, 38, 38, 138, 0, 102]]
[1148, [4, 4, 4, 138, 0, 52]]
[1149, [4, 20, 20, 153, 0, 52]]
[1150, [4, 36, 36, 9, 144, 52]]
[1151, [2, 2, 2, 24, 51, 95]]
[1152, [2, 18, 18, 39, 0, 146]]
[1153, [2, 34, 34, 39, 0, 146]]
[1154, [0, 0, 0, 69, 0, 96]]
[1155, [0, 16, 16, 69, 0, 96]]
[1156, [0, 32, 32, 84, 0, 96]]
[1157, [8, 8, 8, 84, 0, 56]]
[1158, [8, 24, 24, 84, 0, 56]]
[1159, [8, 40, 40, 114, 0, 56]]
[1160, [6, 6, 6, 129, 0, 6]]
[1161, [6, 22, 22, 144, 0, 6]]
[1162, [6, 38, 38, 30, 144, 6]]
[1163, [4, 4, 4, 45, 51, 49]]
[1164, [4, 20, 20, 60, 0, 100]]
[1165, [4, 36, 36, 105, 0, 100]]
[1166, [2, 2, 2, 150, 0, 50]]
[1167, [2, 18, 18, 21, 144, 50]]
[1168, [2, 34, 34, 21, 51, 143]]
[1169, [0, 0, 0, 36, 0, 144]]
[1170, [0, 16, 16, 36, 0, 144]]
[1171, [0, 32, 32, 66, 0, 144]]
[1172, [8, 8, 8, 81, 0, 104]]
[1173, [8, 24, 24, 81, 0, 104]]
[1174, [8, 40, 40, 96, 0, 104]]
[1175, [6, 6, 6, 96, 0, 54]]
[1176, [6, 22, 22, 111, 0, 54]]
[1177, [6, 38, 38, 111, 0, 54]]
[1178, [4, 4, 4, 111, 0, 4]]
[1179, [4, 20, 20, 141, 0, 4]]
[1180, [4, 36, 36, 156, 0, 4]]
[1181, [52, 52, 52, 42, 144, 4]]
[1182, [2, 18, 18, 57, 51, 47]]
[1183, [2, 34, 34, 72, 0, 98]]
[1184, [0, 0, 0, 87, 0, 48]]
[1185, [0, 16, 16, 132, 0, 48]]
[1186, [0, 32, 32, 177, 0, 48]]
[1187, [8, 8, 8, 48, 144, 8]]
[1188, [8, 24, 24, 63, 51, 101]]
[1189, [8, 40, 40, 78, 0, 152]]
[1190, [6, 6, 6, 78, 0, 102]]
[1191, [6, 22, 22, 108, 0, 102]]
[1192, [6, 38, 38, 123, 0, 102]]
[1193, [4, 4, 4, 123, 0, 52]]
[1194, [4, 20, 20, 138, 0, 52]]
[1195, [4, 36, 36, 138, 0, 52]]
[1196, [2, 2, 2, 153, 0, 2]]
[1197, [2, 18, 18, 9, 144, 2]]
[1198, [2, 34, 34, 9, 51, 95]]
[1199, [0, 0, 0, 39, 0, 96]]
[1200, [0, 16, 16, 54, 0, 96]]
[1201, [0, 32, 32, 84, 0, 96]]
[1202, [8, 8, 8, 99, 0, 56]]
[1203, [8, 24, 24, 99, 0, 56]]
[1204, [8, 40, 40, 114, 0, 56]]
[1205, [6, 6, 6, 159, 0, 6]]
[1206, [6, 22, 22, 60, 144, 6]]
[1207, [6, 38, 38, 90, 51, 99]]
[1208, [4, 4, 4, 105, 0, 100]]
[1209, [4, 20, 20, 120, 0, 100]]
[1210, [4, 36, 36, 120, 0, 100]]
[1211, [2, 2, 2, 150, 0, 50]]
[1212, [2, 18, 18, 21, 144, 50]]
[1213, [2, 34, 34, 21, 51, 143]]
[1214, [0, 0, 0, 36, 0, 144]]
[1215, [0, 16, 16, 36, 0, 144]]
[1216, [0, 32, 32, 51, 0, 144]]
[1217, [8, 8, 8, 51, 0, 104]]
[1218, [8, 24, 24, 51, 0, 104]]
[1219, [8, 40, 40, 81, 0, 104]]
[1220, [6, 6, 6, 96, 0, 54]]
[1221, [6, 22, 22, 126, 0, 54]]
[1222, [6, 38, 38, 126, 0, 54]]
[1223, [4, 4, 4, 126, 0, 4]]
[1224, [4, 20, 20, 141, 0, 4]]
[1225, [4, 36, 36, 186, 0, 4]]
[1226, [52, 52, 52, 87, 144, 4]]
[1227, [2, 18, 18, 117, 51, 47]]
[1228, [2, 34, 34, 132, 0, 98]]
[1229, [0, 0, 0, 147, 0, 48]]
[1230, [0, 16, 16, 3, 144, 48]]
[1231, [0, 32, 32, 33, 51, 141]]
[1232, [8, 8, 8, 48, 0, 152]]
[1233, [8, 24, 24, 48, 0, 152]]
[1234, [8, 40, 40, 63, 0, 152]]
[1235, [6, 6, 6, 63, 0, 102]]
[1236, [6, 22, 22, 78, 0, 102]]
[1237, [6, 38, 38, 78, 0, 102]]
[1238, [4, 4, 4, 78, 0, 52]]
[1239, [4, 20, 20, 93, 0, 52]]
[1240, [4, 36, 36, 108, 0, 52]]
[1241, [2, 2, 2, 138, 0, 2]]
[1242, [2, 18, 18, 153, 0, 2]]
[1243, [2, 34, 34, 9, 144, 2]]
[1244, [0, 0, 0, 24, 51, 45]]
[1245, [0, 16, 16, 69, 0, 96]]
[1246, [0, 32, 32, 129, 0, 96]]
[1247, [8, 8, 8, 159, 0, 56]]
[1248, [8, 24, 24, 30, 144, 56]]
[1249, [8, 40, 40, 45, 51, 149]]
[1250, [6, 6, 6, 45, 0, 150]]
[1251, [6, 22, 22, 75, 0, 150]]
[1252, [6, 38, 38, 90, 0, 150]]
[1253, [4, 4, 4, 90, 0, 100]]
[1254, [4, 20, 20, 105, 0, 100]]
[1255, [4, 36, 36, 105, 0, 100]]
[1256, [2, 2, 2, 120, 0, 50]]
[1257, [2, 18, 18, 120, 0, 50]]
[1258, [2, 34, 34, 120, 0, 50]]
[1259, [0, 0, 0, 135, 0, 0]]
[1260, [0, 16, 16, 150, 0, 0]]
[1261, [0, 32, 32, 36, 144, 0]]
[1262, [8, 8, 8, 51, 51, 53]]
[1263, [8, 24, 24, 51, 0, 104]]
[1264, [8, 40, 40, 66, 0, 104]]
[1265, [6, 6, 6, 111, 0, 54]]
[1266, [6, 22, 22, 171, 0, 54]]
[1267, [6, 38, 38, 57, 144, 54]]
[1268, [4, 4, 4, 72, 51, 97]]
[1269, [4, 20, 20, 87, 0, 148]]
[1270, [4, 36, 36, 87, 0, 148]]
[1271, [2, 2, 2, 117, 0, 98]]
[1272, [2, 18, 18, 132, 0, 98]]
[1273, [2, 34, 34, 132, 0, 98]]
[1274, [0, 0, 0, 147, 0, 48]]
[1275, [0, 16, 16, 3, 144, 48]]
[1276, [0, 32, 32, 18, 51, 141]]
[1277, [8, 8, 8, 18, 0, 152]]
[1278, [8, 24, 24, 18, 0, 152]]
[1279, [8, 40, 40, 33, 0, 152]]
[1280, [6, 6, 6, 48, 0, 102]]
[1281, [6, 22, 22, 78, 0, 102]]
[1282, [6, 38, 38, 93, 0, 102]]
[1283, [4, 4, 4, 93, 0, 52]]
[1284, [4, 20, 20, 108, 0, 52]]
[1285, [4, 36, 36, 153, 0, 52]]
[1286, [2, 2, 2, 69, 144, 2]]
[1287, [2, 18, 18, 99, 51, 95]]
[1288, [2, 34, 34, 114, 0, 146]]
[1289, [0, 0, 0, 129, 0, 96]]
[1290, [0, 16, 16, 129, 0, 96]]
[1291, [0, 32, 32, 159, 0, 96]]
[1292, [8, 8, 8, 30, 144, 56]]
[1293, [8, 24, 24, 30, 51, 149]]
[1294, [8, 40, 40, 45, 0, 200]]
[1295, [6, 6, 6, 45, 0, 150]]
[1296, [6, 22, 22, 60, 0, 150]]
[1297, [6, 38, 38, 60, 0, 150]]
[1298, [4, 4, 4, 60, 0, 100]]
[1299, [4, 20, 20, 75, 0, 100]]
[1300, [4, 36, 36, 90, 0, 100]]
[1301, [2, 2, 2, 120, 0, 50]]
[1302, [2, 18, 18, 135, 0, 50]]
[1303, [2, 34, 34, 135, 0, 50]]
[1304, [0, 0, 0, 150, 0, 0]]
[1305, [0, 16, 16, 51, 144, 0]]
[1306, [0, 32, 32, 111, 51, 93]]
[1307, [8, 8, 8, 141, 0, 104]]
[1308, [8, 24, 24, 156, 0, 104]]
[1309, [8, 40, 40, 27, 144, 104]]
[1310, [6, 6, 6, 27, 51, 147]]
[1311, [6, 22, 22, 57, 0, 198]]
[1312, [6, 38, 38, 72, 0, 198]]
[1313, [4, 4, 4, 72, 0, 148]]
[1314, [4, 20, 20, 87, 0, 148]]
[1315, [4, 36, 36, 87, 0, 148]]
[1316, [2, 2, 2, 102, 0, 98]]
[1317, [2, 18, 18, 102, 0, 98]]
[1318, [2, 34, 34, 102, 0, 98]]
[1319, [0, 0, 0, 117, 0, 48]]
[1320, [0, 16, 16, 132, 0, 48]]
[1321, [0, 32, 32, 162, 0, 48]]
[1322, [8, 8, 8, 33, 144, 8]]
[1323, [8, 24, 24, 33, 51, 101]]
[1324, [8, 40, 40, 48, 0, 152]]
[1325, [6, 6, 6, 93, 0, 102]]
[1326, [6, 22, 22, 153, 0, 102]]
[1327, [6, 38, 38, 39, 144, 102]]
[1328, [4, 4, 4, 54, 51, 145]]
[1329, [4, 20, 20, 69, 0, 196]]
[1330, [4, 36, 36, 69, 0, 196]]
[1331, [2, 2, 2, 99, 0, 146]]
[1332, [2, 18, 18, 114, 0, 146]]
[1333, [2, 34, 34, 114, 0, 146]]
[1334, [0, 0, 0, 129, 0, 96]]
[1335, [0, 16, 16, 129, 0, 96]]
[1336, [0, 32, 32, 144, 0, 96]]
[1337, [8, 8, 8, 0, 144, 56]]
[1338, [8, 24, 24, 0, 51, 149]]
[1339, [8, 40, 40, 15, 0, 200]]
[1340, [6, 6, 6, 30, 0, 150]]
[1341, [6, 22, 22, 60, 0, 150]]
[1342, [6, 38, 38, 75, 0, 150]]
[1343, [4, 4, 4, 75, 0, 100]]
[1344, [4, 20, 20, 90, 0, 100]]
[1345, [4, 36, 36, 135, 0, 100]]
[1346, [2, 2, 2, 195, 0, 50]]
[1347, [2, 18, 18, 81, 144, 50]]
[1348, [2, 34, 34, 96, 51, 143]]
[1349, [0, 0, 0, 111, 0, 144]]
[1350, [0, 16, 16, 111, 0, 144]]
[1351, [0, 32, 32, 141, 0, 144]]
[1352, [8, 8, 8, 156, 0, 104]]
[1353, [8, 24, 24, 12, 144, 104]]
[1354, [8, 40, 40, 27, 51, 197]]
[1355, [6, 6, 6, 27, 0, 198]]
[1356, [6, 22, 22, 42, 0, 198]]
[1357, [6, 38, 38, 42, 0, 198]]
[1358, [4, 4, 4, 42, 0, 148]]
[1359, [4, 20, 20, 57, 0, 148]]
[1360, [4, 36, 36, 57, 0, 148]]
[1361, [2, 2, 2, 87, 0, 98]]
[1362, [2, 18, 18, 87, 0, 98]]
[1363, [2, 34, 34, 87, 0, 98]]
[1364, [0, 0, 0, 102, 0, 48]]
[1365, [0, 16, 16, 147, 0, 48]]
[1366, [0, 32, 32, 63, 144, 48]]
[1367, [8, 8, 8, 108, 51, 101]]
[1368, [8, 24, 24, 123, 0, 152]]
[1369, [8, 40, 40, 138, 0, 152]]
[1370, [6, 6, 6, 138, 0, 102]]
[1371, [6, 22, 22, 168, 0, 102]]
[1372, [6, 38, 38, 39, 144, 102]]
[1373, [4, 4, 4, 39, 51, 145]]
[1374, [4, 20, 20, 54, 0, 196]]
[1375, [4, 36, 36, 54, 0, 196]]
[1376, [2, 2, 2, 69, 0, 146]]
[1377, [2, 18, 18, 69, 0, 146]]
[1378, [2, 34, 34, 69, 0, 146]]
[1379, [0, 0, 0, 99, 0, 96]]
[1380, [0, 16, 16, 99, 0, 96]]
[1381, [0, 32, 32, 129, 0, 96]]
[1382, [8, 8, 8, 129, 0, 56]]
[1383, [8, 24, 24, 129, 0, 56]]
[1384, [8, 40, 40, 144, 0, 56]]
[1385, [6, 6, 6, 45, 144, 6]]
[1386, [6, 22, 22, 105, 51, 99]]
[1387, [6, 38, 38, 150, 0, 150]]
[1388, [4, 4, 4, 21, 144, 100]]
[1389, [4, 20, 20, 36, 51, 193]]
[1390, [4, 36, 36, 36, 0, 244]]
[1391, [2, 2, 2, 66, 0, 194]]
[1392, [2, 18, 18, 81, 0, 194]]
[1393, [2, 34, 34, 81, 0, 194]]
[1394, [0, 0, 0, 96, 0, 144]]
[1395, [0, 16, 16, 96, 0, 144]]
[1396, [0, 32, 32, 111, 0, 144]]
[1397, [8, 8, 8, 111, 0, 104]]
[1398, [8, 24, 24, 111, 0, 104]]
[1399, [8, 40, 40, 141, 0, 104]]
[1400, [6, 6, 6, 141, 0, 54]]
[1401, [6, 22, 22, 171, 0, 54]]
[1402, [6, 38, 38, 27, 144, 54]]
[1403, [4, 4, 4, 27, 51, 97]]
[1404, [4, 20, 20, 42, 0, 148]]
[1405, [4, 36, 36, 87, 0, 148]]
[1406, [2, 2, 2, 147, 0, 98]]
[1407, [2, 18, 18, 33, 144, 98]]
[1408, [2, 34, 34, 48, 51, 191]]
[1409, [0, 0, 0, 63, 0, 192]]
[1410, [0, 16, 16, 63, 0, 192]]
[1411, [0, 32, 32, 93, 0, 192]]
[1412, [8, 8, 8, 108, 0, 152]]
[1413, [8, 24, 24, 108, 0, 152]]
[1414, [8, 40, 40, 123, 0, 152]]
[1415, [6, 6, 6, 123, 0, 102]]
[1416, [6, 22, 22, 153, 0, 102]]
[1417, [6, 38, 38, 9, 144, 102]]
[1418, [4, 4, 4, 9, 51, 145]]
[1419, [4, 20, 20, 24, 0, 196]]
[1420, [4, 36, 36, 24, 0, 196]]
[1421, [2, 2, 2, 54, 0, 146]]
[1422, [2, 18, 18, 69, 0, 146]]
[1423, [2, 34, 34, 69, 0, 146]]
[1424, [0, 0, 0, 84, 0, 96]]
[1425, [0, 16, 16, 129, 0, 96]]
[1426, [0, 32, 32, 189, 0, 96]]
[1427, [8, 8, 8, 75, 144, 56]]
[1428, [8, 24, 24, 90, 51, 149]]
[1429, [8, 40, 40, 105, 0, 200]]
[1430, [6, 6, 6, 105, 0, 150]]
[1431, [6, 22, 22, 135, 0, 150]]
[1432, [6, 38, 38, 150, 0, 150]]
[1433, [4, 4, 4, 6, 144, 100]]
[1434, [4, 20, 20, 21, 51, 193]]
[1435, [4, 36, 36, 21, 0, 244]]
[1436, [2, 2, 2, 51, 0, 194]]
[1437, [2, 18, 18, 51, 0, 194]]
[1438, [2, 34, 34, 51, 0, 194]]
[1439, [0, 0, 0, 66, 0, 144]]
