SimulationV011.py[0, [0, 16, 16, 0, 0, 0]]
[1, [0, 32, 32, 0, 0, 0]]
[2, [48, 48, 48, 0, 0, 0]]
[3, [48, 64, 64, 0, 0, 0]]
[4, [48, 80, 80, 0, 0, 0]]
[5, [96, 96, 96, 0, 0, 0]]
[6, [96, 112, 112, 0, 0, 0]]
[7, [96, 128, 128, 0, 0, 0]]
[8, [144, 144, 144, 0, 0, 0]]
[9, [144, 160, 160, 0, 0, 0]]
[10, [144, 176, 176, 0, 0, 0]]
[11, [192, 192, 192, 0, 0, 0]]
[12, [192, 208, 208, 0, 0, 0]]
[13, [192, 224, 224, 0, 0, 0]]
[14, [240, 240, 240, 0, 0, 0]]
[15, [240, 256, 256, 0, 0, 0]]
[16, [240, 272, 272, 0, 0, 0]]
[17, [288, 288, 288, 0, 0, 0]]
[18, [288, 304, 304, 0, 0, 0]]
[19, [288, 320, 320, 330, 0, 0]]
[20, [336, 336, 336, 42, 288, 0]]
[21, [264, 280, 280, 42, 216, 0]]
[22, [192, 224, 224, 42, 144, 0]]
[23, [168, 168, 168, 42, 72, 0]]
[24, [114, 130, 130, 42, 0, 18]]
[25, [114, 146, 146, 42, 0, 18]]
[26, [162, 162, 162, 42, 0, 18]]
[27, [162, 178, 178, 42, 0, 18]]
[28, [144, 176, 176, 42, 0, 0]]
[29, [192, 192, 192, 42, 0, 0]]
[30, [192, 208, 208, 42, 0, 0]]
[31, [192, 224, 224, 42, 0, 0]]
[32, [240, 240, 240, 42, 0, 0]]
[33, [240, 256, 256, 42, 0, 0]]
[34, [240, 272, 272, 42, 0, 0]]
[35, [288, 288, 288, 42, 0, 0]]
[36, [288, 304, 304, 42, 0, 0]]
[37, [288, 320, 320, 42, 0, 0]]
[38, [336, 336, 336, 42, 0, 0]]
[39, [336, 352, 352, 372, 0, 0]]
[40, [336, 368, 368, 84, 288, 0]]
[41, [312, 312, 312, 84, 216, 0]]
[42, [240, 256, 256, 84, 144, 0]]
[43, [168, 200, 200, 84, 72, 0]]
[44, [162, 162, 162, 84, 0, 18]]
[45, [162, 178, 178, 84, 0, 18]]
[46, [162, 194, 194, 84, 0, 18]]
[47, [210, 210, 210, 84, 0, 18]]
[48, [192, 208, 208, 84, 0, 0]]
[49, [192, 224, 224, 84, 0, 0]]
[50, [240, 240, 240, 84, 0, 0]]
[51, [240, 256, 256, 84, 0, 0]]
[52, [240, 272, 272, 84, 0, 0]]
[53, [288, 288, 288, 84, 0, 0]]
[54, [288, 304, 304, 84, 0, 0]]
[55, [288, 320, 320, 84, 0, 0]]
[56, [336, 336, 336, 84, 0, 0]]
[57, [336, 352, 352, 84, 0, 0]]
[58, [336, 368, 368, 84, 0, 0]]
[59, [384, 384, 384, 399, 0, 0]]
[60, [384, 400, 400, 111, 288, 0]]
[61, [312, 344, 344, 111, 216, 0]]
[62, [288, 288, 288, 111, 144, 0]]
[63, [216, 232, 232, 111, 72, 0]]
[64, [162, 194, 194, 111, 0, 18]]
[65, [210, 210, 210, 111, 0, 18]]
[66, [210, 226, 226, 111, 0, 18]]
[67, [210, 242, 242, 111, 0, 18]]
[68, [240, 240, 240, 111, 0, 0]]
[69, [240, 256, 256, 111, 0, 0]]
[70, [240, 272, 272, 111, 0, 0]]
[71, [288, 288, 288, 111, 0, 0]]
[72, [288, 304, 304, 111, 0, 0]]
[73, [288, 320, 320, 111, 0, 0]]
[74, [336, 336, 336, 111, 0, 0]]
[75, [336, 352, 352, 126, 0, 0]]
[76, [336, 368, 368, 126, 0, 0]]
[77, [384, 384, 384, 126, 0, 0]]
[78, [384, 400, 400, 126, 0, 0]]
[79, [384, 416, 416, 426, 0, 0]]
[80, [432, 432, 432, 138, 288, 0]]
[81, [360, 376, 376, 138, 216, 0]]
[82, [288, 320, 320, 138, 144, 0]]
[83, [264, 264, 264, 153, 72, 0]]
[84, [210, 226, 226, 9, 144, 18]]
[85, [210, 242, 242, 9, 72, 90]]
[86, [258, 258, 258, 9, 0, 162]]
[87, [258, 274, 274, 9, 0, 162]]
[88, [186, 218, 218, 9, 0, 90]]
[89, [162, 162, 162, 9, 0, 18]]
[90, [144, 160, 160, 9, 0, 0]]
[91, [144, 176, 176, 9, 0, 0]]
[92, [192, 192, 192, 9, 0, 0]]
[93, [192, 208, 208, 9, 0, 0]]
[94, [192, 224, 224, 9, 0, 0]]
[95, [240, 240, 240, 24, 0, 0]]
[96, [240, 256, 256, 24, 0, 0]]
[97, [240, 272, 272, 24, 0, 0]]
[98, [288, 288, 288, 24, 0, 0]]
[99, [288, 304, 304, 324, 0, 0]]
[100, [288, 320, 320, 36, 288, 0]]
[101, [264, 264, 264, 36, 216, 0]]
[102, [192, 208, 208, 36, 144, 0]]
[103, [120, 152, 152, 51, 72, 0]]
[104, [118, 118, 118, 51, 0, 22]]
[105, [118, 134, 134, 51, 0, 22]]
[106, [118, 150, 150, 51, 0, 22]]
[107, [166, 166, 166, 51, 0, 22]]
[108, [144, 160, 160, 51, 0, 0]]
[109, [144, 176, 176, 51, 0, 0]]
[110, [192, 192, 192, 51, 0, 0]]
[111, [192, 208, 208, 51, 0, 0]]
[112, [192, 224, 224, 51, 0, 0]]
[113, [240, 240, 240, 51, 0, 0]]
[114, [240, 256, 256, 51, 0, 0]]
[115, [240, 272, 272, 66, 0, 0]]
[116, [288, 288, 288, 66, 0, 0]]
[117, [288, 304, 304, 66, 0, 0]]
[118, [288, 320, 320, 66, 0, 0]]
[119, [336, 336, 336, 366, 0, 0]]
[120, [336, 352, 352, 78, 288, 0]]
[121, [264, 296, 296, 78, 216, 0]]
[122, [262, 262, 262, 78, 144, 22]]
[123, [262, 278, 278, 93, 72, 94]]
[124, [262, 294, 294, 93, 0, 166]]
[125, [310, 310, 310, 93, 0, 166]]
[126, [308, 324, 324, 93, 0, 164]]
[127, [308, 340, 340, 93, 0, 164]]
[128, [316, 316, 316, 93, 0, 124]]
[129, [296, 312, 312, 93, 0, 104]]
[130, [296, 328, 328, 93, 0, 104]]
[131, [344, 344, 344, 93, 0, 104]]
[132, [344, 360, 360, 93, 0, 104]]
[133, [340, 372, 372, 93, 0, 100]]
[134, [388, 388, 388, 93, 0, 100]]
[135, [374, 390, 390, 93, 0, 86]]
[136, [372, 404, 404, 93, 0, 84]]
[137, [416, 416, 416, 93, 0, 80]]
[138, [410, 426, 426, 93, 0, 74]]
[139, [392, 424, 424, 393, 0, 56]]
[140, [428, 428, 428, 105, 288, 44]]
[141, [418, 434, 434, 105, 216, 106]]
[142, [406, 438, 438, 105, 144, 166]]
[143, [448, 448, 448, 120, 72, 232]]
[144, [424, 440, 440, 120, 0, 280]]
[145, [398, 430, 430, 120, 0, 254]]
[146, [418, 418, 418, 120, 0, 226]]
[147, [404, 420, 420, 120, 0, 212]]
[148, [384, 416, 416, 120, 0, 192]]
[149, [420, 420, 420, 120, 0, 180]]
[150, [400, 416, 416, 120, 0, 160]]
[151, [372, 404, 404, 120, 0, 132]]
[152, [394, 394, 394, 120, 0, 106]]
[153, [366, 382, 382, 120, 0, 78]]
[154, [352, 384, 384, 120, 0, 64]]
[155, [380, 380, 380, 120, 0, 44]]
[156, [368, 384, 384, 120, 0, 32]]
[157, [336, 368, 368, 120, 0, 0]]
[158, [384, 384, 384, 135, 0, 0]]
[159, [384, 400, 400, 435, 0, 0]]
[160, [384, 416, 416, 147, 288, 0]]
[161, [360, 360, 360, 3, 360, 0]]
[162, [288, 304, 304, 3, 288, 0]]
[163, [254, 286, 286, 18, 216, 38]]
[164, [244, 244, 244, 18, 144, 52]]
[165, [226, 242, 242, 18, 72, 106]]
[166, [226, 258, 258, 18, 0, 178]]
[167, [274, 274, 274, 18, 0, 178]]
[168, [202, 218, 218, 18, 0, 106]]
[169, [130, 162, 162, 18, 0, 34]]
[170, [144, 144, 144, 18, 0, 0]]
[171, [144, 160, 160, 18, 0, 0]]
[172, [144, 176, 176, 18, 0, 0]]
[173, [192, 192, 192, 18, 0, 0]]
[174, [192, 208, 208, 18, 0, 0]]
[175, [192, 224, 224, 18, 0, 0]]
[176, [240, 240, 240, 18, 0, 0]]
[177, [240, 256, 256, 18, 0, 0]]
[178, [240, 272, 272, 33, 0, 0]]
[179, [288, 288, 288, 333, 0, 0]]
[180, [288, 304, 304, 45, 288, 0]]
[181, [216, 248, 248, 45, 216, 0]]
[182, [192, 192, 192, 45, 144, 0]]
[183, [120, 136, 136, 60, 72, 0]]
[184, [66, 98, 98, 60, 0, 18]]
[185, [114, 114, 114, 60, 0, 18]]
[186, [114, 130, 130, 60, 0, 18]]
[187, [114, 146, 146, 60, 0, 18]]
[188, [144, 144, 144, 60, 0, 0]]
[189, [144, 160, 160, 60, 0, 0]]
[190, [144, 176, 176, 60, 0, 0]]
[191, [192, 192, 192, 60, 0, 0]]
[192, [192, 208, 208, 60, 0, 0]]
[193, [192, 224, 224, 60, 0, 0]]
[194, [240, 240, 240, 60, 0, 0]]
[195, [240, 256, 256, 60, 0, 0]]
[196, [240, 272, 272, 60, 0, 0]]
[197, [288, 288, 288, 60, 0, 0]]
[198, [288, 304, 304, 75, 0, 0]]
[199, [288, 320, 320, 375, 0, 0]]
[200, [336, 336, 336, 87, 288, 0]]
[201, [264, 280, 280, 87, 216, 0]]
[202, [192, 224, 224, 87, 144, 0]]
[203, [168, 168, 168, 102, 72, 0]]
[204, [114, 130, 130, 102, 0, 18]]
[205, [114, 146, 146, 102, 0, 18]]
[206, [162, 162, 162, 102, 0, 18]]
[207, [162, 178, 178, 102, 0, 18]]
[208, [144, 176, 176, 102, 0, 0]]
[209, [192, 192, 192, 102, 0, 0]]
[210, [192, 208, 208, 102, 0, 0]]
[211, [192, 224, 224, 102, 0, 0]]
[212, [240, 240, 240, 102, 0, 0]]
[213, [240, 254, 256, 102, 0, 0]]
[214, [240, 268, 272, 102, 0, 0]]
[215, [288, 282, 288, 102, 0, 0]]
[216, [288, 296, 304, 102, 0, 0]]
[217, [288, 310, 320, 102, 0, 0]]
[218, [336, 324, 336, 117, 0, 0]]
[219, [336, 338, 352, 402, 0, 0]]
[220, [336, 352, 368, 114, 288, 0]]
[221, [312, 294, 312, 114, 216, 0]]
[222, [240, 236, 256, 114, 144, 0]]
[223, [168, 178, 200, 129, 72, 0]]
[224, [162, 138, 162, 129, 0, 18]]
[225, [162, 152, 178, 129, 0, 18]]
[226, [162, 166, 194, 129, 0, 18]]
[227, [210, 180, 210, 129, 0, 18]]
[228, [192, 176, 208, 129, 0, 0]]
[229, [192, 190, 224, 144, 0, 0]]
[230, [240, 204, 240, 0, 144, 0]]
[231, [168, 146, 184, 0, 72, 0]]
[232, [96, 88, 128, 0, 0, 0]]
[233, [144, 102, 144, 0, 0, 0]]
[234, [144, 118, 160, 0, 0, 0]]
[235, [144, 134, 176, 0, 0, 0]]
[236, [192, 150, 192, 0, 0, 0]]
[237, [192, 166, 208, 0, 0, 0]]
[238, [192, 182, 224, 15, 0, 0]]
[239, [240, 198, 240, 300, 0, 0]]
[240, [240, 214, 256, 12, 288, 0]]
[241, [168, 158, 200, 12, 216, 0]]
[242, [144, 102, 144, 12, 144, 0]]
[243, [72, 46, 88, 27, 72, 0]]
[244, [18, 8, 50, 27, 0, 18]]
[245, [66, 24, 66, 27, 0, 18]]
[246, [66, 40, 82, 27, 0, 18]]
[247, [66, 56, 98, 27, 0, 18]]
[248, [96, 54, 96, 27, 0, 0]]
[249, [96, 70, 112, 42, 0, 0]]
[250, [96, 86, 128, 42, 0, 0]]
[251, [144, 102, 144, 42, 0, 0]]
[252, [144, 118, 160, 42, 0, 0]]
[253, [144, 134, 176, 42, 0, 0]]
[254, [192, 150, 192, 42, 0, 0]]
[255, [192, 166, 208, 42, 0, 0]]
[256, [192, 182, 224, 42, 0, 0]]
[257, [240, 198, 240, 42, 0, 0]]
[258, [240, 214, 256, 57, 0, 0]]
[259, [240, 230, 272, 342, 0, 0]]
[260, [288, 246, 288, 54, 288, 0]]
[261, [216, 190, 232, 54, 216, 0]]
[262, [144, 134, 176, 54, 144, 0]]
[263, [146, 104, 146, 69, 72, 26]]
[264, [146, 120, 162, 69, 0, 98]]
[265, [146, 136, 178, 69, 0, 98]]
[266, [194, 152, 194, 69, 0, 98]]
[267, [194, 168, 210, 69, 0, 98]]
[268, [136, 126, 168, 69, 0, 40]]
[269, [144, 102, 144, 84, 0, 0]]
[270, [144, 118, 160, 84, 0, 0]]
[271, [144, 134, 176, 84, 0, 0]]
[272, [192, 150, 192, 84, 0, 0]]
[273, [192, 166, 208, 84, 0, 0]]
[274, [192, 182, 224, 84, 0, 0]]
[275, [240, 198, 240, 84, 0, 0]]
[276, [240, 214, 256, 84, 0, 0]]
[277, [240, 230, 272, 84, 0, 0]]
[278, [288, 246, 288, 99, 0, 0]]
[279, [288, 262, 304, 384, 0, 0]]
[280, [288, 278, 320, 96, 288, 0]]
[281, [264, 222, 264, 96, 216, 0]]
[282, [262, 236, 278, 96, 144, 70]]
[283, [258, 248, 290, 111, 72, 138]]
[284, [294, 252, 294, 111, 0, 198]]
[285, [284, 258, 300, 111, 0, 188]]
[286, [282, 272, 314, 111, 0, 186]]
[287, [328, 286, 328, 111, 0, 184]]
[288, [284, 258, 300, 111, 0, 140]]
[289, [276, 266, 308, 126, 0, 132]]
[290, [312, 270, 312, 126, 0, 120]]
[291, [288, 262, 304, 126, 0, 96]]
[292, [278, 268, 310, 126, 0, 86]]
[293, [324, 282, 324, 126, 0, 84]]
[294, [322, 296, 338, 126, 0, 82]]
[295, [292, 282, 324, 126, 0, 52]]
[296, [332, 290, 332, 126, 0, 44]]
[297, [306, 280, 322, 126, 0, 18]]
[298, [288, 278, 320, 141, 0, 0]]
[299, [336, 294, 336, 396, 0, 0]]
[300, [336, 310, 352, 108, 288, 0]]
[301, [276, 266, 308, 108, 216, 12]]
[302, [298, 256, 298, 108, 144, 58]]
[303, [288, 262, 304, 138, 72, 120]]
[304, [240, 230, 272, 138, 0, 144]]
[305, [246, 204, 246, 138, 0, 102]]
[306, [238, 212, 254, 138, 0, 94]]
[307, [226, 216, 258, 138, 0, 82]]
[308, [204, 162, 204, 138, 0, 12]]
[309, [192, 166, 208, 153, 0, 0]]
[310, [192, 182, 224, 9, 144, 0]]
[311, [168, 126, 168, 9, 72, 0]]
[312, [122, 96, 138, 9, 0, 26]]
[313, [114, 104, 146, 9, 0, 18]]
[314, [150, 108, 150, 9, 0, 6]]
[315, [144, 118, 160, 9, 0, 0]]
[316, [144, 134, 176, 9, 0, 0]]
[317, [192, 150, 192, 9, 0, 0]]
[318, [192, 166, 208, 24, 0, 0]]
[319, [192, 182, 224, 279, 0, 0]]
[320, [240, 198, 240, 135, 144, 0]]
[321, [168, 142, 184, 150, 72, 0]]
[322, [96, 86, 128, 6, 144, 0]]
[323, [72, 30, 72, 21, 72, 0]]
[324, [26, 0, 42, 21, 0, 26]]
[325, [26, 16, 58, 21, 0, 26]]
[326, [74, 32, 74, 21, 0, 26]]
[327, [74, 48, 90, 21, 0, 26]]
[328, [48, 38, 80, 21, 0, 0]]
[329, [96, 54, 96, 36, 0, 0]]
[330, [96, 70, 112, 36, 0, 0]]
[331, [96, 86, 128, 36, 0, 0]]
[332, [144, 102, 144, 51, 0, 0]]
[333, [144, 118, 160, 51, 0, 0]]
[334, [144, 134, 176, 51, 0, 0]]
[335, [192, 150, 192, 51, 0, 0]]
[336, [192, 166, 208, 51, 0, 0]]
[337, [192, 182, 224, 51, 0, 0]]
[338, [236, 198, 240, 66, 0, 0]]
[339, [236, 214, 256, 321, 0, 0]]
[340, [236, 230, 272, 33, 288, 0]]
[341, [208, 174, 216, 48, 216, 0]]
[342, [136, 118, 160, 48, 144, 0]]
[343, [64, 62, 104, 63, 72, 0]]
[344, [56, 26, 68, 63, 0, 20]]
[345, [54, 40, 82, 63, 0, 18]]
[346, [54, 56, 98, 63, 0, 18]]
[347, [98, 72, 114, 63, 0, 18]]
[348, [80, 70, 112, 63, 0, 0]]
[349, [80, 86, 128, 78, 0, 0]]
[350, [124, 102, 144, 78, 0, 0]]
[351, [124, 118, 160, 78, 0, 0]]
[352, [124, 134, 176, 93, 0, 0]]
[353, [168, 150, 192, 93, 0, 0]]
[354, [168, 166, 208, 93, 0, 0]]
[355, [168, 182, 224, 93, 0, 0]]
[356, [212, 198, 240, 93, 0, 0]]
[357, [212, 214, 256, 93, 0, 0]]
[358, [216, 230, 272, 108, 0, 0]]
[359, [260, 246, 288, 363, 0, 0]]
[360, [260, 262, 304, 75, 288, 0]]
[361, [192, 206, 248, 90, 216, 0]]
[362, [164, 150, 192, 90, 144, 0]]
[363, [92, 94, 136, 105, 72, 0]]
[364, [42, 56, 98, 105, 0, 18]]
[365, [86, 72, 114, 105, 0, 18]]
[366, [86, 88, 130, 105, 0, 18]]
[367, [90, 104, 146, 105, 0, 18]]
[368, [116, 102, 144, 105, 0, 0]]
[369, [116, 118, 160, 120, 0, 0]]
[370, [120, 134, 176, 120, 0, 0]]
[371, [164, 150, 192, 120, 0, 0]]
[372, [164, 166, 208, 135, 0, 0]]
[373, [168, 182, 224, 135, 0, 0]]
[374, [212, 198, 240, 135, 0, 0]]
[375, [212, 214, 256, 135, 0, 0]]
[376, [216, 230, 272, 135, 0, 0]]
[377, [260, 246, 288, 135, 0, 0]]
[378, [260, 262, 304, 150, 0, 0]]
[379, [264, 278, 320, 231, 144, 0]]
[380, [236, 222, 264, 87, 216, 0]]
[381, [164, 166, 208, 102, 144, 0]]
[382, [96, 110, 152, 102, 72, 0]]
[383, [86, 72, 114, 117, 0, 18]]
[384, [86, 88, 130, 132, 0, 18]]
[385, [90, 104, 146, 132, 0, 18]]
[386, [134, 120, 162, 132, 0, 18]]
[387, [116, 118, 160, 147, 0, 0]]
[388, [120, 134, 176, 3, 144, 0]]
[389, [92, 78, 120, 18, 72, 0]]
[390, [20, 22, 64, 18, 0, 0]]
[391, [24, 38, 80, 18, 0, 0]]
[392, [68, 54, 96, 33, 0, 0]]
[393, [68, 70, 112, 33, 0, 0]]
[394, [72, 86, 128, 33, 0, 0]]
[395, [116, 102, 144, 33, 0, 0]]
[396, [116, 118, 160, 33, 0, 0]]
[397, [120, 134, 176, 33, 0, 0]]
[398, [164, 150, 192, 48, 0, 0]]
[399, [164, 166, 208, 273, 0, 0]]
[400, [168, 182, 224, 129, 144, 0]]
[401, [140, 126, 168, 144, 72, 0]]
[402, [68, 70, 112, 0, 144, 0]]
[403, [0, 14, 56, 15, 72, 0]]
[404, [20, 6, 48, 30, 0, 48]]
[405, [20, 22, 64, 30, 0, 48]]
[406, [24, 38, 80, 30, 0, 48]]
[407, [68, 54, 96, 45, 0, 48]]
[408, [20, 22, 64, 45, 0, 0]]
[409, [24, 38, 80, 60, 0, 0]]
[410, [68, 54, 96, 60, 0, 0]]
[411, [68, 70, 112, 60, 0, 0]]
[412, [72, 86, 128, 75, 0, 0]]
[413, [116, 102, 144, 75, 0, 0]]
[414, [116, 118, 160, 75, 0, 0]]
[415, [120, 134, 176, 75, 0, 0]]
[416, [164, 150, 192, 75, 0, 0]]
[417, [164, 166, 208, 75, 0, 0]]
[418, [168, 182, 224, 75, 0, 0]]
[419, [212, 198, 240, 315, 0, 0]]
[420, [212, 214, 256, 27, 288, 0]]
[421, [144, 158, 200, 42, 216, 0]]
[422, [144, 130, 172, 42, 144, 28]]
[423, [144, 146, 188, 57, 72, 100]]
[424, [148, 162, 204, 72, 0, 172]]
[425, [190, 176, 218, 72, 0, 170]]
[426, [186, 188, 230, 72, 0, 166]]
[427, [188, 202, 244, 87, 0, 164]]
[428, [180, 166, 208, 87, 0, 112]]
[429, [150, 152, 194, 102, 0, 82]]
[430, [150, 164, 206, 102, 0, 78]]
[431, [192, 178, 220, 102, 0, 76]]
[432, [188, 190, 232, 117, 0, 72]]
[433, [186, 200, 242, 117, 0, 66]]
[434, [228, 214, 256, 117, 0, 64]]
[435, [192, 194, 236, 117, 0, 28]]
[436, [174, 188, 230, 117, 0, 6]]
[437, [212, 198, 240, 117, 0, 0]]
[438, [212, 214, 256, 117, 0, 0]]
[439, [216, 230, 272, 357, 0, 0]]
[440, [260, 246, 288, 69, 288, 0]]
[441, [194, 196, 238, 69, 216, 6]]
[442, [164, 178, 220, 69, 144, 44]]
[443, [190, 176, 218, 84, 72, 98]]
[444, [170, 172, 214, 99, 0, 150]]
[445, [162, 176, 218, 99, 0, 138]]
[446, [200, 186, 228, 99, 0, 132]]
[447, [196, 198, 240, 114, 0, 128]]
[448, [128, 142, 184, 114, 0, 56]]
[449, [140, 126, 168, 129, 0, 24]]
[450, [122, 124, 166, 129, 0, 6]]
[451, [120, 134, 176, 129, 0, 0]]
[452, [164, 150, 192, 144, 0, 0]]
[453, [164, 166, 208, 0, 144, 0]]
[454, [124, 138, 180, 0, 72, 28]]
[455, [96, 82, 124, 0, 0, 28]]
[456, [68, 70, 112, 0, 0, 0]]
[457, [72, 86, 128, 0, 0, 0]]
[458, [116, 102, 144, 0, 0, 0]]
[459, [116, 118, 160, 240, 0, 0]]
[460, [120, 134, 176, 96, 144, 0]]
[461, [92, 78, 120, 96, 72, 0]]
[462, [20, 22, 64, 111, 0, 0]]
[463, [24, 38, 80, 126, 0, 0]]
[464, [68, 54, 96, 141, 0, 0]]
[465, [68, 70, 112, 141, 0, 0]]
[466, [72, 86, 128, 141, 0, 0]]
[467, [116, 102, 144, 156, 0, 0]]
[468, [116, 118, 160, 12, 144, 0]]
[469, [48, 62, 104, 27, 72, 0]]
[470, [20, 6, 48, 27, 0, 0]]
[471, [20, 22, 64, 27, 0, 0]]
[472, [24, 38, 80, 42, 0, 0]]
[473, [68, 54, 96, 42, 0, 0]]
[474, [68, 70, 112, 42, 0, 0]]
[475, [72, 86, 128, 42, 0, 0]]
[476, [116, 102, 144, 42, 0, 0]]
[477, [116, 118, 160, 42, 0, 0]]
[478, [120, 134, 176, 42, 0, 0]]
[479, [164, 150, 192, 267, 0, 0]]
[480, [164, 166, 208, 138, 144, 0]]
[481, [96, 110, 152, 138, 72, 0]]
[482, [68, 54, 96, 153, 0, 0]]
[483, [68, 70, 112, 24, 144, 0]]
[484, [0, 14, 56, 39, 72, 0]]
[485, [14, 0, 42, 39, 0, 42]]
[486, [0, 2, 44, 39, 0, 28]]
[487, [4, 18, 60, 54, 0, 28]]
[488, [20, 6, 48, 54, 0, 0]]
[489, [20, 22, 64, 69, 0, 0]]
[490, [24, 38, 80, 69, 0, 0]]
[491, [68, 54, 96, 69, 0, 0]]
[492, [68, 70, 112, 84, 0, 0]]
[493, [72, 86, 128, 84, 0, 0]]
[494, [116, 102, 144, 84, 0, 0]]
[495, [116, 118, 160, 84, 0, 0]]
[496, [120, 134, 176, 84, 0, 0]]
[497, [164, 150, 192, 84, 0, 0]]
[498, [164, 166, 208, 84, 0, 0]]
[499, [168, 182, 224, 309, 0, 0]]
[500, [212, 198, 240, 36, 288, 0]]
[501, [140, 142, 184, 36, 216, 0]]
[502, [72, 86, 128, 51, 144, 0]]
[503, [44, 30, 72, 66, 72, 0]]
[504, [0, 2, 44, 81, 0, 28]]
[505, [0, 14, 56, 81, 0, 24]]
[506, [38, 24, 66, 81, 0, 18]]
[507, [38, 40, 82, 96, 0, 18]]
[508, [24, 38, 80, 96, 0, 0]]
[509, [68, 54, 96, 111, 0, 0]]
[510, [68, 70, 112, 111, 0, 0]]
[511, [72, 86, 128, 111, 0, 0]]
[512, [116, 102, 144, 111, 0, 0]]
[513, [116, 118, 160, 111, 0, 0]]
[514, [120, 134, 176, 111, 0, 0]]
[515, [164, 150, 192, 111, 0, 0]]
[516, [164, 166, 208, 111, 0, 0]]
[517, [168, 182, 224, 111, 0, 0]]
[518, [212, 198, 240, 111, 0, 0]]
[519, [212, 214, 256, 321, 0, 0]]
[520, [216, 230, 272, 48, 288, 0]]
[521, [188, 174, 216, 48, 216, 0]]
[522, [116, 118, 160, 63, 144, 0]]
[523, [48, 62, 104, 78, 72, 0]]
[524, [38, 24, 66, 93, 0, 18]]
[525, [38, 40, 82, 93, 0, 18]]
[526, [42, 56, 98, 93, 0, 18]]
[527, [86, 72, 114, 123, 0, 18]]
[528, [68, 70, 112, 123, 0, 0]]
[529, [72, 86, 128, 138, 0, 0]]
[530, [116, 102, 144, 138, 0, 0]]
[531, [116, 118, 160, 138, 0, 0]]
[532, [120, 134, 176, 138, 0, 0]]
[533, [164, 150, 192, 138, 0, 0]]
[534, [164, 166, 208, 138, 0, 0]]
[535, [168, 182, 224, 138, 0, 0]]
[536, [212, 198, 240, 138, 0, 0]]
[537, [212, 214, 256, 138, 0, 0]]
[538, [216, 230, 272, 138, 0, 0]]
[539, [260, 246, 288, 348, 0, 0]]
[540, [260, 262, 304, 75, 288, 0]]
[541, [192, 206, 248, 75, 216, 0]]
[542, [164, 150, 192, 90, 144, 0]]
[543, [92, 94, 136, 105, 72, 0]]
[544, [52, 66, 108, 120, 0, 28]]
[545, [96, 82, 124, 120, 0, 28]]
[546, [96, 98, 140, 120, 0, 28]]
[547, [100, 114, 156, 150, 0, 28]]
[548, [116, 102, 144, 6, 144, 0]]
[549, [44, 46, 88, 6, 72, 0]]
[550, [0, 14, 56, 6, 0, 24]]
[551, [20, 6, 48, 6, 0, 0]]
[552, [20, 22, 64, 21, 0, 0]]
[553, [24, 38, 80, 21, 0, 0]]
[554, [68, 54, 96, 21, 0, 0]]
[555, [68, 70, 112, 21, 0, 0]]
[556, [72, 86, 128, 21, 0, 0]]
[557, [116, 102, 144, 21, 0, 0]]
[558, [116, 118, 160, 21, 0, 0]]
[559, [120, 134, 176, 216, 0, 0]]
[560, [164, 150, 192, 87, 144, 0]]
[561, [92, 94, 136, 87, 72, 0]]
[562, [24, 38, 80, 117, 0, 0]]
[563, [68, 54, 96, 132, 0, 0]]
[564, [68, 70, 112, 147, 0, 0]]
[565, [72, 86, 128, 3, 144, 0]]
[566, [90, 76, 118, 3, 72, 46]]
[567, [88, 90, 132, 33, 0, 116]]
[568, [30, 44, 86, 33, 0, 54]]
[569, [28, 14, 56, 33, 0, 8]]
[570, [26, 28, 70, 33, 0, 6]]
[571, [30, 44, 86, 33, 0, 6]]
[572, [74, 60, 102, 48, 0, 6]]
[573, [68, 70, 112, 48, 0, 0]]
[574, [72, 86, 128, 48, 0, 0]]
[575, [116, 102, 144, 48, 0, 0]]
[576, [116, 118, 160, 48, 0, 0]]
[577, [120, 134, 176, 48, 0, 0]]
[578, [164, 150, 192, 48, 0, 0]]
[579, [164, 166, 208, 228, 0, 0]]
[580, [168, 182, 224, 99, 144, 0]]
[581, [140, 126, 168, 99, 72, 0]]
[582, [116, 118, 160, 129, 0, 48]]
[583, [120, 134, 176, 144, 0, 48]]
[584, [160, 146, 188, 15, 144, 44]]
[585, [148, 150, 192, 30, 72, 104]]
[586, [130, 144, 186, 30, 0, 154]]
[587, [164, 150, 192, 60, 0, 144]]
[588, [90, 92, 134, 60, 0, 70]]
[589, [74, 88, 130, 60, 0, 50]]
[590, [112, 98, 140, 60, 0, 44]]
[591, [104, 106, 148, 60, 0, 36]]
[592, [96, 110, 152, 75, 0, 24]]
[593, [118, 104, 146, 75, 0, 2]]
[594, [116, 118, 160, 75, 0, 0]]
[595, [120, 134, 176, 75, 0, 0]]
[596, [164, 150, 192, 75, 0, 0]]
[597, [164, 166, 208, 75, 0, 0]]
[598, [168, 182, 224, 75, 0, 0]]
[599, [212, 198, 240, 255, 0, 0]]
[600, [212, 214, 256, 126, 144, 0]]
[601, [144, 158, 200, 126, 72, 0]]
[602, [116, 102, 144, 171, 0, 0]]
[603, [116, 118, 160, 42, 144, 0]]
[604, [74, 88, 130, 57, 72, 26]]
[605, [110, 96, 138, 72, 0, 90]]
[606, [100, 102, 144, 72, 0, 80]]
[607, [102, 116, 158, 102, 0, 78]]
[608, [72, 58, 100, 102, 0, 4]]
[609, [68, 70, 112, 102, 0, 0]]
[610, [72, 86, 128, 102, 0, 0]]
[611, [116, 102, 144, 102, 0, 0]]
[612, [116, 118, 160, 117, 0, 0]]
[613, [120, 134, 176, 117, 0, 0]]
[614, [164, 150, 192, 117, 0, 0]]
[615, [164, 166, 208, 117, 0, 0]]
[616, [168, 182, 224, 117, 0, 0]]
[617, [212, 198, 240, 117, 0, 0]]
[618, [212, 214, 256, 117, 0, 0]]
[619, [216, 230, 272, 282, 0, 0]]
[620, [260, 246, 288, 168, 144, 0]]
[621, [188, 190, 232, 24, 216, 0]]
[622, [120, 134, 176, 69, 144, 0]]
[623, [92, 78, 120, 84, 72, 0]]
[624, [68, 70, 112, 99, 0, 48]]
[625, [68, 82, 124, 114, 0, 44]]
[626, [112, 98, 140, 114, 0, 44]]
[627, [108, 110, 152, 144, 0, 40]]
[628, [72, 86, 128, 0, 144, 0]]
[629, [44, 30, 72, 0, 72, 0]]
[630, [0, 2, 44, 0, 0, 28]]
[631, [0, 14, 56, 0, 0, 24]]
[632, [20, 6, 48, 15, 0, 0]]
[633, [20, 22, 64, 15, 0, 0]]
[634, [24, 38, 80, 15, 0, 0]]
[635, [68, 54, 96, 15, 0, 0]]
[636, [68, 70, 112, 15, 0, 0]]
[637, [72, 86, 128, 15, 0, 0]]
[638, [116, 102, 144, 15, 0, 0]]
[639, [116, 118, 160, 180, 0, 0]]
[640, [120, 134, 176, 66, 144, 0]]
[641, [92, 78, 120, 66, 72, 0]]
[642, [20, 22, 64, 111, 0, 0]]
[643, [24, 38, 80, 111, 0, 0]]
[644, [68, 54, 96, 126, 0, 0]]
[645, [68, 70, 112, 141, 0, 0]]
[646, [72, 86, 128, 141, 0, 0]]
[647, [116, 102, 144, 171, 0, 0]]
[648, [116, 118, 160, 27, 144, 0]]
[649, [48, 62, 104, 27, 72, 0]]
[650, [20, 6, 48, 27, 0, 0]]
[651, [20, 22, 64, 27, 0, 0]]
[652, [24, 38, 80, 42, 0, 0]]
[653, [68, 54, 96, 42, 0, 0]]
[654, [68, 70, 112, 42, 0, 0]]
[655, [72, 86, 128, 57, 0, 0]]
[656, [116, 102, 144, 57, 0, 0]]
[657, [116, 118, 160, 57, 0, 0]]
[658, [120, 134, 176, 57, 0, 0]]
[659, [164, 150, 192, 222, 0, 0]]
[660, [164, 166, 208, 108, 144, 0]]
[661, [96, 110, 152, 108, 72, 0]]
[662, [68, 54, 96, 153, 0, 0]]
[663, [68, 70, 112, 9, 144, 0]]
[664, [0, 14, 56, 24, 72, 0]]
[665, [14, 0, 42, 24, 0, 42]]
[666, [0, 2, 44, 24, 0, 28]]
[667, [0, 14, 56, 54, 0, 24]]
[668, [20, 6, 48, 54, 0, 0]]
[669, [20, 22, 64, 54, 0, 0]]
[670, [24, 38, 80, 54, 0, 0]]
[671, [68, 54, 96, 54, 0, 0]]
[672, [68, 70, 112, 69, 0, 0]]
[673, [72, 86, 128, 69, 0, 0]]
[674, [116, 102, 144, 69, 0, 0]]
[675, [116, 118, 160, 99, 0, 0]]
[676, [120, 134, 176, 99, 0, 0]]
[677, [164, 150, 192, 99, 0, 0]]
[678, [164, 166, 208, 99, 0, 0]]
[679, [168, 182, 224, 264, 0, 0]]
[680, [212, 198, 240, 150, 144, 0]]
[681, [140, 142, 184, 6, 216, 0]]
[682, [72, 86, 128, 51, 144, 0]]
[683, [44, 30, 72, 51, 72, 0]]
[684, [0, 2, 44, 66, 0, 28]]
[685, [0, 14, 56, 66, 0, 24]]
[686, [40, 26, 68, 66, 0, 20]]
[687, [40, 42, 84, 96, 0, 20]]
[688, [24, 38, 80, 96, 0, 0]]
[689, [68, 54, 96, 96, 0, 0]]
[690, [68, 70, 112, 96, 0, 0]]
[691, [72, 86, 128, 96, 0, 0]]
[692, [116, 102, 144, 111, 0, 0]]
[693, [116, 118, 160, 111, 0, 0]]
[694, [120, 134, 176, 111, 0, 0]]
[695, [164, 150, 192, 141, 0, 0]]
[696, [164, 166, 208, 141, 0, 0]]
[697, [168, 182, 224, 141, 0, 0]]
[698, [212, 198, 240, 141, 0, 0]]
[699, [212, 214, 256, 306, 0, 0]]
[700, [216, 230, 272, 48, 288, 0]]
[701, [188, 174, 216, 48, 216, 0]]
[702, [116, 118, 160, 93, 144, 0]]
[703, [52, 66, 108, 93, 72, 4]]
[704, [96, 82, 124, 108, 0, 76]]
[705, [96, 98, 140, 108, 0, 76]]
[706, [100, 114, 156, 108, 0, 76]]
[707, [142, 128, 170, 138, 0, 74]]
[708, [76, 78, 120, 138, 0, 8]]
[709, [72, 86, 128, 138, 0, 0]]
[710, [116, 102, 144, 138, 0, 0]]
[711, [116, 118, 160, 138, 0, 0]]
[712, [120, 134, 176, 153, 0, 0]]
[713, [164, 150, 192, 9, 144, 0]]
[714, [92, 94, 136, 9, 72, 0]]
[715, [24, 38, 80, 39, 0, 0]]
[716, [68, 54, 96, 39, 0, 0]]
[717, [68, 70, 112, 39, 0, 0]]
[718, [72, 86, 128, 39, 0, 0]]
[719, [116, 102, 144, 204, 0, 0]]
[720, [116, 118, 160, 75, 144, 0]]
[721, [48, 62, 104, 75, 72, 0]]
[722, [28, 14, 56, 120, 0, 8]]
[723, [24, 26, 68, 135, 0, 4]]
[724, [24, 38, 80, 150, 0, 0]]
[725, [68, 54, 96, 6, 144, 0]]
[726, [56, 58, 100, 6, 72, 60]]
[727, [54, 68, 110, 36, 0, 126]]
[728, [36, 22, 64, 36, 0, 64]]
[729, [0, 2, 44, 36, 0, 28]]
[730, [0, 14, 56, 36, 0, 24]]
[731, [20, 6, 48, 36, 0, 0]]
[732, [20, 22, 64, 51, 0, 0]]
[733, [24, 38, 80, 51, 0, 0]]
[734, [68, 54, 96, 51, 0, 0]]
[735, [68, 70, 112, 66, 0, 0]]
[736, [72, 86, 128, 66, 0, 0]]
[737, [116, 102, 144, 66, 0, 0]]
[738, [116, 118, 160, 66, 0, 0]]
[739, [120, 134, 176, 231, 0, 0]]
[740, [164, 150, 192, 102, 144, 0]]
[741, [92, 94, 136, 102, 72, 0]]
[742, [24, 38, 80, 147, 0, 0]]
[743, [68, 54, 96, 18, 144, 0]]
[744, [48, 50, 92, 33, 72, 52]]
[745, [50, 64, 106, 33, 0, 122]]
[746, [94, 80, 122, 33, 0, 122]]
[747, [94, 96, 138, 63, 0, 122]]
[748, [42, 56, 98, 63, 0, 66]]
[749, [20, 6, 48, 78, 0, 0]]
[750, [20, 22, 64, 78, 0, 0]]
[751, [24, 38, 80, 78, 0, 0]]
[752, [68, 54, 96, 93, 0, 0]]
[753, [68, 70, 112, 93, 0, 0]]
[754, [72, 86, 128, 93, 0, 0]]
[755, [116, 102, 144, 108, 0, 0]]
[756, [116, 118, 160, 108, 0, 0]]
[757, [120, 134, 176, 108, 0, 0]]
[758, [164, 150, 192, 108, 0, 0]]
[759, [164, 166, 208, 273, 0, 0]]
[760, [168, 182, 224, 144, 144, 0]]
[761, [140, 126, 168, 0, 216, 0]]
[762, [68, 70, 112, 45, 144, 0]]
[763, [18, 32, 74, 60, 72, 18]]
[764, [56, 42, 84, 75, 0, 84]]
[765, [40, 42, 84, 75, 0, 68]]
[766, [44, 58, 100, 75, 0, 68]]
[767, [80, 66, 108, 105, 0, 60]]
[768, [20, 22, 64, 105, 0, 0]]
[769, [24, 38, 80, 120, 0, 0]]
[770, [68, 54, 96, 120, 0, 0]]
[771, [68, 70, 112, 120, 0, 0]]
[772, [72, 86, 128, 135, 0, 0]]
[773, [116, 102, 144, 135, 0, 0]]
[774, [116, 118, 160, 135, 0, 0]]
[775, [120, 134, 176, 150, 0, 0]]
[776, [164, 150, 192, 6, 144, 0]]
[777, [92, 94, 136, 6, 72, 0]]
[778, [24, 38, 80, 6, 0, 0]]
[779, [68, 54, 96, 156, 0, 0]]
[780, [68, 70, 112, 27, 144, 0]]
[781, [0, 14, 56, 27, 72, 0]]
[782, [18, 4, 46, 72, 0, 46]]
[783, [18, 20, 62, 87, 0, 46]]
[784, [0, 14, 56, 102, 0, 24]]
[785, [20, 6, 48, 102, 0, 0]]
[786, [20, 22, 64, 117, 0, 0]]
[787, [24, 38, 80, 147, 0, 0]]
[788, [68, 54, 96, 3, 144, 0]]
[789, [0, 2, 44, 3, 72, 4]]
[790, [0, 14, 56, 3, 0, 72]]
[791, [14, 0, 42, 3, 0, 42]]
[792, [0, 2, 44, 18, 0, 28]]
[793, [0, 14, 56, 18, 0, 24]]
[794, [20, 6, 48, 18, 0, 0]]
[795, [20, 22, 64, 33, 0, 0]]
[796, [24, 38, 80, 33, 0, 0]]
[797, [68, 54, 96, 33, 0, 0]]
[798, [68, 70, 112, 33, 0, 0]]
[799, [72, 86, 128, 183, 0, 0]]
[800, [116, 102, 144, 54, 144, 0]]
[801, [44, 46, 88, 54, 72, 0]]
[802, [0, 14, 56, 84, 0, 24]]
[803, [20, 6, 48, 99, 0, 0]]
[804, [20, 22, 64, 129, 0, 0]]
[805, [24, 38, 80, 129, 0, 0]]
[806, [68, 54, 96, 144, 0, 0]]
[807, [68, 70, 112, 30, 144, 0]]
[808, [0, 14, 56, 30, 72, 0]]
[809, [14, 0, 42, 45, 0, 42]]
[810, [0, 2, 44, 45, 0, 28]]
[811, [0, 14, 56, 45, 0, 24]]
[812, [20, 6, 48, 60, 0, 0]]
[813, [20, 22, 64, 60, 0, 0]]
[814, [24, 38, 80, 60, 0, 0]]
[815, [68, 54, 96, 75, 0, 0]]
[816, [68, 70, 112, 75, 0, 0]]
[817, [72, 86, 128, 75, 0, 0]]
[818, [116, 102, 144, 75, 0, 0]]
[819, [116, 118, 160, 210, 0, 0]]
[820, [120, 134, 176, 81, 144, 0]]
[821, [92, 78, 120, 81, 72, 0]]
[822, [20, 22, 64, 111, 0, 0]]
[823, [24, 38, 80, 126, 0, 0]]
[824, [68, 54, 96, 141, 0, 0]]
[825, [68, 70, 112, 141, 0, 0]]
[826, [72, 86, 128, 156, 0, 0]]
[827, [116, 102, 144, 57, 144, 0]]
[828, [44, 46, 88, 72, 72, 0]]
[829, [0, 14, 56, 87, 0, 24]]
[830, [20, 6, 48, 87, 0, 0]]
[831, [20, 22, 64, 87, 0, 0]]
[832, [24, 38, 80, 102, 0, 0]]
[833, [68, 54, 96, 102, 0, 0]]
[834, [68, 70, 112, 102, 0, 0]]
[835, [72, 86, 128, 117, 0, 0]]
[836, [116, 102, 144, 117, 0, 0]]
[837, [116, 118, 160, 117, 0, 0]]
[838, [120, 134, 176, 117, 0, 0]]
[839, [164, 150, 192, 237, 0, 0]]
[840, [164, 166, 208, 108, 144, 0]]
[841, [96, 110, 152, 108, 72, 0]]
[842, [68, 54, 96, 138, 0, 0]]
[843, [68, 70, 112, 153, 0, 0]]
[844, [72, 86, 128, 24, 144, 0]]
[845, [44, 30, 72, 24, 72, 0]]
[846, [12, 14, 56, 39, 0, 40]]
[847, [16, 30, 72, 84, 0, 40]]
[848, [20, 6, 48, 99, 0, 0]]
[849, [20, 22, 64, 114, 0, 0]]
[850, [24, 38, 80, 114, 0, 0]]
[851, [68, 54, 96, 129, 0, 0]]
[852, [68, 70, 112, 144, 0, 0]]
[853, [72, 86, 128, 0, 144, 0]]
[854, [44, 30, 72, 0, 72, 0]]
[855, [0, 2, 44, 15, 0, 28]]
[856, [0, 14, 56, 15, 0, 24]]
[857, [20, 6, 48, 15, 0, 0]]
[858, [20, 22, 64, 15, 0, 0]]
[859, [24, 38, 80, 120, 0, 0]]
[860, [68, 54, 96, 135, 0, 0]]
[861, [68, 70, 112, 135, 0, 0]]
[862, [72, 86, 128, 165, 0, 0]]
[863, [116, 102, 144, 51, 144, 0]]
[864, [44, 46, 88, 51, 72, 0]]
[865, [0, 14, 56, 51, 0, 24]]
[866, [20, 6, 48, 51, 0, 0]]
[867, [20, 22, 64, 111, 0, 0]]
[868, [24, 38, 80, 126, 0, 0]]
[869, [68, 54, 96, 141, 0, 0]]
[870, [68, 70, 112, 141, 0, 0]]
[871, [72, 86, 128, 156, 0, 0]]
[872, [116, 102, 144, 27, 144, 0]]
[873, [44, 46, 88, 42, 72, 0]]
[874, [0, 14, 56, 42, 0, 24]]
[875, [32, 18, 60, 57, 0, 12]]
[876, [32, 34, 76, 57, 0, 12]]
[877, [32, 46, 88, 57, 0, 8]]
[878, [68, 54, 96, 57, 0, 0]]
[879, [68, 70, 112, 162, 0, 0]]
[880, [72, 86, 128, 33, 144, 0]]
[881, [44, 30, 72, 33, 72, 0]]
[882, [0, 2, 44, 63, 0, 28]]
[883, [0, 14, 56, 93, 0, 24]]
[884, [20, 6, 48, 93, 0, 0]]
[885, [20, 22, 64, 93, 0, 0]]
[886, [24, 38, 80, 93, 0, 0]]
[887, [68, 54, 96, 153, 0, 0]]
[888, [68, 70, 112, 24, 144, 0]]
[889, [0, 14, 56, 39, 72, 0]]
[890, [14, 0, 42, 39, 0, 42]]
[891, [0, 2, 44, 54, 0, 28]]
[892, [0, 14, 56, 69, 0, 24]]
[893, [20, 6, 48, 84, 0, 0]]
[894, [20, 22, 64, 84, 0, 0]]
[895, [24, 38, 80, 84, 0, 0]]
[896, [68, 54, 96, 84, 0, 0]]
[897, [68, 70, 112, 99, 0, 0]]
[898, [72, 86, 128, 99, 0, 0]]
[899, [116, 102, 144, 204, 0, 0]]
[900, [116, 118, 160, 75, 144, 0]]
[901, [48, 62, 104, 75, 72, 0]]
[902, [20, 6, 48, 105, 0, 0]]
[903, [20, 22, 64, 120, 0, 0]]
[904, [24, 38, 80, 120, 0, 0]]
[905, [68, 54, 96, 120, 0, 0]]
[906, [68, 70, 112, 120, 0, 0]]
[907, [72, 86, 128, 180, 0, 0]]
[908, [116, 102, 144, 51, 144, 0]]
[909, [44, 46, 88, 66, 72, 0]]
[910, [0, 14, 56, 66, 0, 24]]
[911, [20, 6, 48, 81, 0, 0]]
[912, [20, 22, 64, 111, 0, 0]]
[913, [24, 38, 80, 126, 0, 0]]
[914, [68, 54, 96, 126, 0, 0]]
[915, [68, 70, 112, 126, 0, 0]]
[916, [72, 86, 128, 126, 0, 0]]
[917, [116, 102, 144, 141, 0, 0]]
[918, [116, 118, 160, 141, 0, 0]]
[919, [120, 134, 176, 246, 0, 0]]
[920, [164, 150, 192, 117, 144, 0]]
[921, [92, 94, 136, 117, 72, 0]]
[922, [24, 38, 80, 147, 0, 0]]
[923, [68, 54, 96, 18, 144, 0]]
[924, [0, 2, 44, 18, 72, 4]]
[925, [0, 14, 56, 18, 0, 72]]
[926, [16, 2, 44, 18, 0, 44]]
[927, [14, 16, 58, 78, 0, 42]]
[928, [0, 14, 56, 78, 0, 24]]
[929, [20, 6, 48, 93, 0, 0]]
[930, [20, 22, 64, 93, 0, 0]]
[931, [24, 38, 80, 108, 0, 0]]
[932, [68, 54, 96, 138, 0, 0]]
[933, [68, 70, 112, 153, 0, 0]]
[934, [72, 86, 128, 9, 144, 0]]
[935, [44, 30, 72, 9, 72, 0]]
[936, [0, 2, 44, 9, 0, 28]]
[937, [0, 14, 56, 39, 0, 24]]
[938, [20, 6, 48, 39, 0, 0]]
[939, [20, 22, 64, 129, 0, 0]]
[940, [24, 38, 80, 144, 0, 0]]
[941, [68, 54, 96, 0, 144, 0]]
[942, [0, 2, 44, 30, 72, 4]]
[943, [0, 14, 56, 45, 0, 72]]
[944, [14, 0, 42, 45, 0, 42]]
[945, [0, 2, 44, 45, 0, 28]]
[946, [0, 14, 56, 45, 0, 24]]
[947, [20, 6, 48, 105, 0, 0]]
[948, [20, 22, 64, 105, 0, 0]]
[949, [24, 38, 80, 120, 0, 0]]
[950, [68, 54, 96, 120, 0, 0]]
[951, [68, 70, 112, 135, 0, 0]]
[952, [72, 86, 128, 165, 0, 0]]
[953, [116, 102, 144, 36, 144, 0]]
[954, [44, 46, 88, 36, 72, 0]]
[955, [0, 14, 56, 36, 0, 24]]
[956, [20, 6, 48, 36, 0, 0]]
[957, [20, 22, 64, 66, 0, 0]]
[958, [24, 38, 80, 66, 0, 0]]
[959, [68, 54, 96, 156, 0, 0]]
[960, [68, 70, 112, 27, 144, 0]]
[961, [0, 14, 56, 27, 72, 0]]
[962, [14, 0, 42, 72, 0, 42]]
[963, [0, 2, 44, 72, 0, 28]]
[964, [0, 14, 56, 72, 0, 24]]
[965, [20, 6, 48, 72, 0, 0]]
[966, [20, 22, 64, 72, 0, 0]]
[967, [24, 38, 80, 132, 0, 0]]
[968, [68, 54, 96, 132, 0, 0]]
[969, [68, 70, 112, 147, 0, 0]]
[970, [72, 86, 128, 3, 144, 0]]
[971, [44, 30, 72, 18, 72, 0]]
[972, [0, 2, 44, 48, 0, 28]]
[973, [0, 14, 56, 63, 0, 24]]
[974, [20, 6, 48, 78, 0, 0]]
[975, [20, 22, 64, 78, 0, 0]]
[976, [24, 38, 80, 78, 0, 0]]
[977, [68, 54, 96, 108, 0, 0]]
[978, [68, 70, 112, 108, 0, 0]]
[979, [72, 86, 128, 183, 0, 0]]
[980, [116, 102, 144, 54, 144, 0]]
[981, [44, 46, 88, 54, 72, 0]]
[982, [0, 14, 56, 114, 0, 24]]
[983, [20, 6, 48, 114, 0, 0]]
[984, [20, 22, 64, 114, 0, 0]]
[985, [24, 38, 80, 114, 0, 0]]
[986, [68, 54, 96, 114, 0, 0]]
[987, [68, 70, 112, 174, 0, 0]]
[988, [72, 86, 128, 30, 144, 0]]
[989, [44, 30, 72, 45, 72, 0]]
[990, [0, 2, 44, 45, 0, 28]]
[991, [0, 14, 56, 60, 0, 24]]
[992, [20, 6, 48, 90, 0, 0]]
[993, [20, 22, 64, 105, 0, 0]]
[994, [24, 38, 80, 120, 0, 0]]
[995, [68, 54, 96, 120, 0, 0]]
[996, [68, 70, 112, 120, 0, 0]]
[997, [72, 86, 128, 150, 0, 0]]
[998, [116, 102, 144, 6, 144, 0]]
[999, [44, 46, 88, 81, 72, 0]]
[1000, [0, 14, 56, 96, 0, 24]]
[1001, [20, 6, 48, 96, 0, 0]]
[1002, [20, 22, 64, 156, 0, 0]]
[1003, [24, 38, 80, 12, 144, 0]]
[1004, [14, 0, 42, 12, 72, 18]]
[1005, [0, 2, 44, 12, 0, 76]]
[1006, [0, 14, 56, 12, 0, 72]]
[1007, [14, 0, 42, 72, 0, 42]]
[1008, [0, 2, 44, 72, 0, 28]]
[1009, [0, 14, 56, 87, 0, 24]]
[1010, [20, 6, 48, 87, 0, 0]]
[1011, [20, 22, 64, 102, 0, 0]]
[1012, [24, 38, 80, 132, 0, 0]]
[1013, [68, 54, 96, 147, 0, 0]]
[1014, [68, 70, 112, 18, 144, 0]]
[1015, [0, 14, 56, 18, 72, 0]]
[1016, [14, 0, 42, 18, 0, 42]]
[1017, [0, 2, 44, 48, 0, 28]]
[1018, [0, 14, 56, 48, 0, 24]]
[1019, [20, 6, 48, 123, 0, 0]]
[1020, [20, 22, 64, 138, 0, 0]]
[1021, [24, 38, 80, 138, 0, 0]]
[1022, [68, 54, 96, 198, 0, 0]]
[1023, [68, 70, 112, 54, 144, 0]]
[1024, [0, 14, 56, 54, 72, 0]]
[1025, [14, 0, 42, 54, 0, 42]]
[1026, [0, 2, 44, 54, 0, 28]]
[1027, [0, 14, 56, 114, 0, 24]]
[1028, [20, 6, 48, 114, 0, 0]]
[1029, [20, 22, 64, 129, 0, 0]]
[1030, [24, 38, 80, 129, 0, 0]]
[1031, [68, 54, 96, 144, 0, 0]]
[1032, [68, 70, 112, 15, 144, 0]]
[1033, [0, 14, 56, 30, 72, 0]]
[1034, [14, 0, 42, 45, 0, 42]]
[1035, [0, 2, 44, 45, 0, 28]]
[1036, [0, 14, 56, 45, 0, 24]]
[1037, [20, 6, 48, 75, 0, 0]]
[1038, [20, 22, 64, 75, 0, 0]]
[1039, [24, 38, 80, 150, 0, 0]]
[1040, [68, 54, 96, 6, 144, 0]]
[1041, [0, 2, 44, 21, 72, 4]]
[1042, [0, 14, 56, 81, 0, 72]]
[1043, [14, 0, 42, 81, 0, 42]]
[1044, [0, 2, 44, 81, 0, 28]]
[1045, [0, 14, 56, 81, 0, 24]]
[1046, [20, 6, 48, 81, 0, 0]]
[1047, [20, 22, 64, 141, 0, 0]]
[1048, [24, 38, 80, 141, 0, 0]]
[1049, [68, 54, 96, 156, 0, 0]]
[1050, [68, 70, 112, 12, 144, 0]]
[1051, [0, 14, 56, 27, 72, 0]]
[1052, [14, 0, 42, 42, 0, 42]]
[1053, [0, 2, 44, 57, 0, 28]]
[1054, [0, 14, 56, 72, 0, 24]]
[1055, [20, 6, 48, 72, 0, 0]]
[1056, [20, 22, 64, 72, 0, 0]]
[1057, [24, 38, 80, 102, 0, 0]]
[1058, [68, 54, 96, 102, 0, 0]]
[1059, [68, 70, 112, 177, 0, 0]]
[1060, [72, 86, 128, 33, 144, 0]]
[1061, [44, 30, 72, 48, 72, 0]]
[1062, [0, 2, 44, 108, 0, 28]]
[1063, [0, 14, 56, 108, 0, 24]]
[1064, [20, 6, 48, 108, 0, 0]]
[1065, [20, 22, 64, 123, 0, 0]]
[1066, [24, 38, 80, 123, 0, 0]]
[1067, [68, 54, 96, 183, 0, 0]]
[1068, [68, 70, 112, 39, 144, 0]]
[1069, [4, 18, 60, 54, 75, 1]]
[1070, [14, 0, 42, 54, 6, 36]]
[1071, [0, 2, 44, 69, 0, 28]]
[1072, [0, 14, 56, 84, 0, 24]]
[1073, [20, 6, 48, 99, 0, 0]]
[1074, [20, 22, 64, 114, 0, 0]]
[1075, [24, 38, 80, 114, 0, 0]]
[1076, [68, 54, 96, 114, 0, 0]]
[1077, [68, 70, 112, 144, 0, 0]]
[1078, [72, 86, 128, 0, 144, 0]]
[1079, [48, 34, 76, 45, 75, 1]]
[1080, [0, 2, 44, 45, 6, 22]]
[1081, [0, 14, 56, 60, 0, 24]]
[1082, [20, 6, 48, 120, 0, 0]]
[1083, [20, 22, 64, 120, 0, 0]]
[1084, [24, 38, 80, 120, 0, 0]]
[1085, [68, 54, 96, 135, 0, 0]]
[1086, [68, 70, 112, 135, 0, 0]]
[1087, [72, 86, 128, 195, 0, 0]]
[1088, [116, 102, 144, 66, 144, 0]]
[1089, [48, 50, 92, 81, 75, 1]]
[1090, [0, 14, 56, 81, 6, 18]]
[1091, [20, 6, 48, 96, 0, 0]]
[1092, [20, 22, 64, 126, 0, 0]]
[1093, [24, 38, 80, 141, 0, 0]]
[1094, [68, 54, 96, 156, 0, 0]]
[1095, [68, 70, 112, 12, 144, 0]]
[1096, [4, 18, 60, 12, 75, 1]]
[1097, [14, 0, 42, 27, 6, 36]]
[1098, [0, 2, 44, 27, 0, 28]]
[1099, [0, 14, 56, 72, 0, 24]]
[1100, [20, 6, 48, 72, 0, 0]]
[1101, [20, 22, 64, 87, 0, 0]]
[1102, [24, 38, 80, 147, 0, 0]]
[1103, [68, 54, 96, 3, 144, 0]]
[1104, [0, 2, 44, 3, 75, 1]]
[1105, [0, 14, 56, 18, 6, 66]]
[1106, [14, 0, 42, 18, 0, 42]]
[1107, [0, 2, 44, 78, 0, 28]]
[1108, [0, 14, 56, 93, 0, 24]]
[1109, [20, 6, 48, 123, 0, 0]]
[1110, [20, 22, 64, 123, 0, 0]]
[1111, [24, 38, 80, 138, 0, 0]]
[1112, [68, 54, 96, 168, 0, 0]]
[1113, [68, 70, 112, 39, 144, 0]]
[1114, [0, 14, 56, 54, 72, 0]]
[1115, [14, 0, 42, 54, 0, 42]]
[1116, [0, 2, 44, 54, 0, 28]]
[1117, [0, 14, 56, 69, 0, 24]]
[1118, [20, 6, 48, 69, 0, 0]]
[1119, [20, 22, 64, 114, 0, 0]]
[1120, [24, 38, 80, 114, 0, 0]]
[1121, [68, 54, 96, 129, 0, 0]]
[1122, [68, 70, 112, 189, 0, 0]]
[1123, [72, 86, 128, 45, 144, 0]]
[1124, [44, 30, 72, 45, 72, 0]]
[1125, [0, 2, 44, 60, 0, 28]]
[1126, [0, 14, 56, 60, 0, 24]]
[1127, [20, 6, 48, 120, 0, 0]]
[1128, [20, 22, 64, 135, 0, 0]]
[1129, [24, 38, 80, 165, 0, 0]]
[1130, [68, 54, 96, 21, 144, 0]]
[1131, [0, 2, 44, 36, 72, 4]]
[1132, [0, 14, 56, 66, 0, 72]]
[1133, [14, 0, 42, 81, 0, 42]]
[1134, [0, 2, 44, 96, 0, 28]]
[1135, [0, 14, 56, 96, 0, 24]]
[1136, [20, 6, 48, 96, 0, 0]]
[1137, [20, 22, 64, 111, 0, 0]]
[1138, [24, 38, 80, 111, 0, 0]]
[1139, [68, 54, 96, 156, 0, 0]]
[1140, [68, 70, 112, 12, 144, 0]]
[1141, [0, 14, 56, 12, 72, 0]]
[1142, [14, 0, 42, 72, 0, 42]]
[1143, [0, 2, 44, 72, 0, 28]]
[1144, [0, 14, 56, 72, 0, 24]]
[1145, [20, 6, 48, 87, 0, 0]]
[1146, [20, 22, 64, 87, 0, 0]]
[1147, [24, 38, 80, 147, 0, 0]]
[1148, [68, 54, 96, 18, 144, 0]]
[1149, [0, 2, 44, 48, 72, 4]]
[1150, [0, 14, 56, 63, 0, 72]]
[1151, [14, 0, 42, 78, 0, 42]]
[1152, [0, 2, 44, 108, 0, 28]]
[1153, [0, 14, 56, 123, 0, 24]]
[1154, [20, 6, 48, 138, 0, 0]]
[1155, [20, 22, 64, 138, 0, 0]]
[1156, [24, 38, 80, 138, 0, 0]]
[1157, [68, 54, 96, 153, 0, 0]]
[1158, [68, 70, 112, 9, 144, 0]]
[1159, [0, 14, 56, 54, 72, 0]]
[1160, [14, 0, 42, 54, 0, 42]]
[1161, [0, 2, 44, 54, 0, 28]]
[1162, [0, 14, 56, 114, 0, 24]]
[1163, [20, 6, 48, 114, 0, 0]]
[1164, [20, 22, 64, 114, 0, 0]]
[1165, [24, 38, 80, 129, 0, 0]]
[1166, [68, 54, 96, 129, 0, 0]]
[1167, [68, 70, 112, 189, 0, 0]]
[1168, [72, 86, 128, 60, 144, 0]]
[1169, [44, 30, 72, 90, 72, 0]]
[1170, [0, 2, 44, 105, 0, 28]]
[1171, [0, 14, 56, 120, 0, 24]]
[1172, [20, 6, 48, 150, 0, 0]]
[1173, [20, 22, 64, 21, 144, 0]]
[1174, [0, 14, 56, 36, 72, 48]]
[1175, [14, 0, 42, 36, 0, 90]]
[1176, [0, 2, 44, 36, 0, 76]]
[1177, [0, 14, 56, 51, 0, 72]]
[1178, [14, 0, 42, 51, 0, 42]]
[1179, [0, 2, 44, 81, 0, 28]]
[1180, [0, 14, 56, 81, 0, 24]]
[1181, [20, 6, 48, 96, 0, 0]]
[1182, [20, 22, 64, 156, 0, 0]]
[1183, [24, 38, 80, 12, 144, 0]]
[1184, [14, 0, 42, 12, 72, 18]]
[1185, [0, 2, 44, 12, 0, 76]]
[1186, [0, 14, 56, 12, 0, 72]]
[1187, [14, 0, 42, 57, 0, 42]]
[1188, [0, 2, 44, 57, 0, 28]]
[1189, [0, 14, 56, 87, 0, 24]]
[1190, [20, 6, 48, 102, 0, 0]]
[1191, [20, 22, 64, 132, 0, 0]]
[1192, [24, 38, 80, 162, 0, 0]]
[1193, [68, 54, 96, 48, 144, 0]]
[1194, [0, 2, 44, 63, 72, 4]]
[1195, [0, 14, 56, 78, 0, 72]]
[1196, [14, 0, 42, 78, 0, 42]]
[1197, [0, 2, 44, 93, 0, 28]]
[1198, [0, 14, 56, 93, 0, 24]]
[1199, [20, 6, 48, 123, 0, 0]]
[1200, [20, 22, 64, 123, 0, 0]]
[1201, [24, 38, 80, 138, 0, 0]]
[1202, [68, 54, 96, 198, 0, 0]]
[1203, [68, 70, 112, 54, 144, 0]]
[1204, [0, 14, 56, 54, 72, 0]]
[1205, [14, 0, 42, 54, 0, 42]]
[1206, [0, 2, 44, 54, 0, 28]]
[1207, [0, 14, 56, 99, 0, 24]]
[1208, [20, 6, 48, 99, 0, 0]]
[1209, [20, 22, 64, 129, 0, 0]]
[1210, [24, 38, 80, 144, 0, 0]]
[1211, [68, 54, 96, 30, 144, 0]]
[1212, [0, 2, 44, 60, 72, 4]]
[1213, [0, 14, 56, 90, 0, 72]]
[1214, [14, 0, 42, 105, 0, 42]]
[1215, [0, 2, 44, 120, 0, 28]]
[1216, [0, 14, 56, 120, 0, 24]]
[1217, [20, 6, 48, 135, 0, 0]]
[1218, [20, 22, 64, 135, 0, 0]]
[1219, [24, 38, 80, 165, 0, 0]]
[1220, [68, 54, 96, 21, 144, 0]]
[1221, [0, 2, 44, 36, 72, 4]]
[1222, [0, 14, 56, 96, 0, 72]]
[1223, [14, 0, 42, 96, 0, 42]]
[1224, [0, 2, 44, 96, 0, 28]]
[1225, [0, 14, 56, 96, 0, 24]]
[1226, [20, 6, 48, 96, 0, 0]]
[1227, [20, 22, 64, 141, 0, 0]]
[1228, [24, 38, 80, 141, 0, 0]]
[1229, [68, 54, 96, 171, 0, 0]]
[1230, [68, 70, 112, 42, 144, 0]]
[1231, [0, 14, 56, 72, 72, 0]]
[1232, [14, 0, 42, 87, 0, 42]]
[1233, [0, 2, 44, 117, 0, 28]]
[1234, [0, 14, 56, 132, 0, 24]]
[1235, [20, 6, 48, 147, 0, 0]]
[1236, [20, 22, 64, 3, 144, 0]]
[1237, [0, 14, 56, 18, 72, 48]]
[1238, [14, 0, 42, 33, 0, 90]]
[1239, [0, 2, 44, 63, 0, 76]]
[1240, [0, 14, 56, 63, 0, 72]]
[1241, [14, 0, 42, 78, 0, 42]]
[1242, [0, 2, 44, 138, 0, 28]]
[1243, [0, 14, 56, 138, 0, 24]]
[1244, [20, 6, 48, 138, 0, 0]]
[1245, [20, 22, 64, 138, 0, 0]]
[1246, [24, 38, 80, 138, 0, 0]]
[1247, [68, 54, 96, 183, 0, 0]]
[1248, [68, 70, 112, 39, 144, 0]]
[1249, [0, 14, 56, 69, 72, 0]]
[1250, [14, 0, 42, 84, 0, 42]]
[1251, [0, 2, 44, 114, 0, 28]]
[1252, [0, 14, 56, 129, 0, 24]]
[1253, [20, 6, 48, 159, 0, 0]]
[1254, [20, 22, 64, 30, 144, 0]]
[1255, [0, 14, 56, 45, 72, 48]]
[1256, [14, 0, 42, 45, 0, 90]]
[1257, [0, 2, 44, 60, 0, 76]]
[1258, [0, 14, 56, 75, 0, 72]]
[1259, [14, 0, 42, 105, 0, 42]]
[1260, [0, 2, 44, 105, 0, 28]]
[1261, [0, 14, 56, 120, 0, 24]]
[1262, [20, 6, 48, 180, 0, 0]]
[1263, [20, 22, 64, 36, 144, 0]]
[1264, [0, 14, 56, 36, 72, 48]]
[1265, [14, 0, 42, 36, 0, 90]]
[1266, [0, 2, 44, 36, 0, 76]]
[1267, [0, 14, 56, 81, 0, 72]]
[1268, [14, 0, 42, 81, 0, 42]]
[1269, [0, 2, 44, 111, 0, 28]]
[1270, [0, 14, 56, 126, 0, 24]]
[1271, [20, 6, 48, 156, 0, 0]]
[1272, [20, 22, 64, 27, 144, 0]]
[1273, [0, 14, 56, 57, 72, 48]]
[1274, [14, 0, 42, 72, 0, 90]]
[1275, [0, 2, 44, 87, 0, 76]]
[1276, [0, 14, 56, 87, 0, 72]]
[1277, [14, 0, 42, 102, 0, 42]]
[1278, [0, 2, 44, 117, 0, 28]]
[1279, [0, 14, 56, 147, 0, 24]]
[1280, [20, 6, 48, 3, 144, 0]]
[1281, [0, 2, 44, 18, 72, 52]]
[1282, [0, 14, 56, 78, 0, 120]]
[1283, [14, 0, 42, 78, 0, 90]]
[1284, [0, 2, 44, 78, 0, 76]]
[1285, [0, 14, 56, 78, 0, 72]]
[1286, [14, 0, 42, 78, 0, 42]]
[1287, [0, 2, 44, 123, 0, 28]]
[1288, [0, 14, 56, 123, 0, 24]]
[1289, [20, 6, 48, 153, 0, 0]]
[1290, [20, 22, 64, 24, 144, 0]]
[1291, [0, 14, 56, 54, 72, 48]]
[1292, [14, 0, 42, 69, 0, 90]]
[1293, [0, 2, 44, 99, 0, 76]]
[1294, [0, 14, 56, 114, 0, 72]]
[1295, [14, 0, 42, 114, 0, 42]]
[1296, [0, 2, 44, 114, 0, 28]]
[1297, [0, 14, 56, 129, 0, 24]]
[1298, [20, 6, 48, 144, 0, 0]]
[1299, [20, 22, 64, 30, 144, 0]]
[1300, [0, 14, 56, 30, 72, 48]]
[1301, [14, 0, 42, 45, 0, 90]]
[1302, [0, 2, 44, 105, 0, 76]]
[1303, [0, 14, 56, 105, 0, 72]]
[1304, [14, 0, 42, 105, 0, 42]]
[1305, [0, 2, 44, 105, 0, 28]]
[1306, [0, 14, 56, 105, 0, 24]]
[1307, [20, 6, 48, 150, 0, 0]]
[1308, [20, 22, 64, 6, 144, 0]]
[1309, [0, 14, 56, 51, 72, 48]]
[1310, [14, 0, 42, 66, 0, 90]]
[1311, [0, 2, 44, 96, 0, 76]]
[1312, [0, 14, 56, 111, 0, 72]]
[1313, [14, 0, 42, 141, 0, 42]]
[1314, [0, 2, 44, 156, 0, 28]]
[1315, [0, 14, 56, 12, 144, 24]]
[1316, [14, 0, 42, 12, 72, 66]]
[1317, [0, 2, 44, 27, 0, 124]]
[1318, [0, 14, 56, 42, 0, 120]]
[1319, [14, 0, 42, 72, 0, 90]]
[1320, [0, 2, 44, 72, 0, 76]]
[1321, [0, 14, 56, 87, 0, 72]]
[1322, [14, 0, 42, 132, 0, 42]]
[1323, [0, 2, 44, 147, 0, 28]]
[1324, [0, 14, 56, 3, 144, 24]]
[1325, [14, 0, 42, 3, 72, 66]]
[1326, [0, 2, 44, 3, 0, 124]]
[1327, [0, 14, 56, 33, 0, 120]]
[1328, [14, 0, 42, 33, 0, 90]]
[1329, [0, 2, 44, 78, 0, 76]]
[1330, [0, 14, 56, 93, 0, 72]]
[1331, [14, 0, 42, 123, 0, 42]]
[1332, [0, 2, 44, 138, 0, 28]]
[1333, [0, 14, 56, 168, 0, 24]]
[1334, [20, 6, 48, 39, 144, 0]]
[1335, [0, 2, 44, 39, 72, 52]]
[1336, [0, 14, 56, 39, 0, 120]]
[1337, [14, 0, 42, 69, 0, 90]]
[1338, [0, 2, 44, 84, 0, 76]]
[1339, [0, 14, 56, 114, 0, 72]]
[1340, [14, 0, 42, 114, 0, 42]]
[1341, [0, 2, 44, 129, 0, 28]]
[1342, [0, 14, 56, 159, 0, 24]]
[1343, [20, 6, 48, 30, 144, 0]]
[1344, [0, 2, 44, 30, 72, 52]]
[1345, [0, 14, 56, 30, 0, 120]]
[1346, [14, 0, 42, 30, 0, 90]]
[1347, [0, 2, 44, 60, 0, 76]]
[1348, [0, 14, 56, 60, 0, 72]]
[1349, [14, 0, 42, 120, 0, 42]]
[1350, [0, 2, 44, 135, 0, 28]]
[1351, [0, 14, 56, 165, 0, 24]]
[1352, [20, 6, 48, 36, 144, 0]]
[1353, [0, 2, 44, 66, 72, 52]]
[1354, [0, 14, 56, 81, 0, 120]]
[1355, [14, 0, 42, 81, 0, 90]]
[1356, [0, 2, 44, 81, 0, 76]]
[1357, [0, 14, 56, 111, 0, 72]]
[1358, [14, 0, 42, 126, 0, 42]]
[1359, [0, 2, 44, 156, 0, 28]]
[1360, [0, 14, 56, 12, 144, 24]]
[1361, [14, 0, 42, 27, 72, 66]]
[1362, [0, 2, 44, 57, 0, 124]]
[1363, [0, 14, 56, 72, 0, 120]]
[1364, [14, 0, 42, 72, 0, 90]]
[1365, [0, 2, 44, 72, 0, 76]]
[1366, [0, 14, 56, 72, 0, 72]]
[1367, [14, 0, 42, 102, 0, 42]]
[1368, [0, 2, 44, 102, 0, 28]]
[1369, [0, 14, 56, 162, 0, 24]]
[1370, [20, 6, 48, 33, 144, 0]]
[1371, [0, 2, 44, 63, 72, 52]]
[1372, [0, 14, 56, 78, 0, 120]]
[1373, [14, 0, 42, 108, 0, 90]]
[1374, [0, 2, 44, 123, 0, 76]]
[1375, [0, 14, 56, 123, 0, 72]]
[1376, [14, 0, 42, 123, 0, 42]]
[1377, [0, 2, 44, 153, 0, 28]]
[1378, [0, 14, 56, 24, 144, 24]]
[1379, [14, 0, 42, 54, 72, 66]]
[1380, [0, 2, 44, 54, 0, 124]]
[1381, [0, 14, 56, 69, 0, 120]]
[1382, [14, 0, 42, 99, 0, 90]]
[1383, [0, 2, 44, 114, 0, 76]]
[1384, [0, 14, 56, 114, 0, 72]]
[1385, [14, 0, 42, 114, 0, 42]]
[1386, [0, 2, 44, 114, 0, 28]]
[1387, [0, 14, 56, 144, 0, 24]]
[1388, [20, 6, 48, 0, 144, 0]]
[1389, [0, 2, 44, 45, 72, 52]]
[1390, [0, 14, 56, 60, 0, 120]]
[1391, [14, 0, 42, 90, 0, 90]]
[1392, [0, 2, 44, 105, 0, 76]]
[1393, [0, 14, 56, 135, 0, 72]]
[1394, [14, 0, 42, 150, 0, 42]]
[1395, [0, 2, 44, 6, 144, 28]]
[1396, [0, 14, 56, 6, 72, 96]]
[1397, [14, 0, 42, 36, 0, 138]]
[1398, [0, 2, 44, 51, 0, 124]]
[1399, [0, 14, 56, 81, 0, 120]]
[1400, [14, 0, 42, 81, 0, 90]]
[1401, [0, 2, 44, 96, 0, 76]]
[1402, [0, 14, 56, 126, 0, 72]]
[1403, [14, 0, 42, 141, 0, 42]]
[1404, [0, 2, 44, 141, 0, 28]]
[1405, [0, 14, 56, 141, 0, 24]]
[1406, [20, 6, 48, 141, 0, 0]]
[1407, [20, 22, 64, 171, 0, 0]]
[1408, [24, 38, 80, 27, 144, 0]]
[1409, [14, 0, 42, 72, 72, 18]]
[1410, [0, 2, 44, 87, 0, 76]]
[1411, [0, 14, 56, 102, 0, 72]]
[1412, [14, 0, 42, 117, 0, 42]]
[1413, [0, 2, 44, 147, 0, 28]]
[1414, [0, 14, 56, 18, 144, 24]]
[1415, [14, 0, 42, 18, 72, 66]]
[1416, [0, 2, 44, 18, 0, 124]]
[1417, [0, 14, 56, 48, 0, 120]]
[1418, [14, 0, 42, 63, 0, 90]]
[1419, [0, 2, 44, 93, 0, 76]]
[1420, [0, 14, 56, 93, 0, 72]]
[1421, [14, 0, 42, 108, 0, 42]]
[1422, [0, 2, 44, 138, 0, 28]]
[1423, [0, 14, 56, 168, 0, 24]]
[1424, [20, 6, 48, 24, 144, 0]]
[1425, [0, 2, 44, 24, 72, 52]]
[1426, [0, 14, 56, 24, 0, 120]]
[1427, [14, 0, 42, 54, 0, 90]]
[1428, [0, 2, 44, 54, 0, 76]]
[1429, [0, 14, 56, 99, 0, 72]]
[1430, [14, 0, 42, 114, 0, 42]]
[1431, [0, 2, 44, 129, 0, 28]]
[1432, [0, 14, 56, 144, 0, 24]]
[1433, [20, 6, 48, 30, 144, 0]]
[1434, [0, 2, 44, 45, 72, 52]]
[1435, [0, 14, 56, 45, 0, 120]]
[1436, [14, 0, 42, 45, 0, 90]]
[1437, [0, 2, 44, 75, 0, 76]]
[1438, [0, 14, 56, 90, 0, 72]]
[1439, [14, 0, 42, 120, 0, 42]]
