SimulationV03.py[0, [0, 16, 16, 0, 0, 0]]
[1, [0, 32, 32, 0, 0, 0]]
[2, [48, 48, 48, 0, 0, 0]]
[3, [48, 64, 64, 0, 0, 0]]
[4, [48, 80, 80, 0, 0, 0]]
[5, [96, 96, 96, 0, 0, 0]]
[6, [96, 112, 112, 0, 0, 0]]
[7, [96, 128, 128, 0, 0, 0]]
[8, [144, 144, 144, 0, 0, 0]]
[9, [144, 160, 160, 0, 0, 0]]
[10, [144, 176, 176, 0, 0, 0]]
[11, [192, 192, 192, 0, 0, 0]]
[12, [192, 208, 208, 0, 0, 0]]
[13, [192, 224, 224, 0, 0, 0]]
[14, [240, 240, 240, 0, 0, 0]]
[15, [240, 256, 256, 0, 0, 0]]
[16, [240, 272, 272, 0, 0, 0]]
[17, [288, 288, 288, 0, 0, 0]]
[18, [288, 304, 304, 0, 0, 0]]
[19, [288, 320, 320, 330, 0, 0]]
[20, [336, 336, 336, 42, 288, 0]]
[21, [258, 274, 274, 42, 210, 0]]
[22, [180, 212, 212, 42, 132, 0]]
[23, [150, 150, 150, 42, 54, 0]]
[24, [96, 112, 112, 42, 0, 0]]
[25, [96, 128, 128, 42, 0, 0]]
[26, [144, 144, 144, 42, 0, 0]]
[27, [144, 160, 160, 42, 0, 0]]
[28, [144, 176, 176, 42, 0, 0]]
[29, [192, 192, 192, 42, 0, 0]]
[30, [192, 208, 208, 42, 0, 0]]
[31, [192, 224, 224, 42, 0, 0]]
[32, [240, 240, 240, 42, 0, 0]]
[33, [240, 256, 256, 42, 0, 0]]
[34, [240, 272, 272, 42, 0, 0]]
[35, [288, 288, 288, 42, 0, 0]]
[36, [288, 304, 304, 42, 0, 0]]
[37, [288, 320, 320, 42, 0, 0]]
[38, [336, 336, 336, 42, 0, 0]]
[39, [336, 352, 352, 357, 0, 0]]
[40, [336, 368, 368, 69, 288, 0]]
[41, [306, 306, 306, 69, 210, 0]]
[42, [228, 244, 244, 69, 132, 0]]
[43, [150, 182, 182, 84, 54, 0]]
[44, [144, 144, 144, 84, 0, 0]]
[45, [144, 160, 160, 84, 0, 0]]
[46, [144, 176, 176, 84, 0, 0]]
[47, [192, 192, 192, 84, 0, 0]]
[48, [192, 208, 208, 84, 0, 0]]
[49, [192, 224, 224, 84, 0, 0]]
[50, [240, 240, 240, 84, 0, 0]]
[51, [240, 256, 256, 84, 0, 0]]
[52, [240, 272, 272, 84, 0, 0]]
[53, [288, 288, 288, 84, 0, 0]]
[54, [288, 304, 304, 84, 0, 0]]
[55, [288, 320, 320, 84, 0, 0]]
[56, [336, 336, 336, 84, 0, 0]]
[57, [336, 352, 352, 84, 0, 0]]
[58, [336, 368, 368, 84, 0, 0]]
[59, [384, 384, 384, 399, 0, 0]]
[60, [384, 400, 400, 111, 288, 0]]
[61, [306, 338, 338, 111, 210, 0]]
[62, [276, 276, 276, 111, 132, 0]]
[63, [198, 214, 214, 126, 54, 0]]
[64, [144, 176, 176, 126, 0, 0]]
[65, [192, 192, 192, 126, 0, 0]]
[66, [192, 208, 208, 126, 0, 0]]
[67, [192, 224, 224, 126, 0, 0]]
[68, [240, 240, 240, 126, 0, 0]]
[69, [240, 256, 256, 126, 0, 0]]
[70, [240, 272, 272, 126, 0, 0]]
[71, [288, 288, 288, 126, 0, 0]]
[72, [288, 304, 304, 126, 0, 0]]
[73, [288, 320, 320, 126, 0, 0]]
[74, [336, 336, 336, 126, 0, 0]]
[75, [336, 352, 352, 126, 0, 0]]
[76, [336, 368, 368, 126, 0, 0]]
[77, [384, 384, 384, 126, 0, 0]]
[78, [384, 400, 400, 126, 0, 0]]
[79, [384, 416, 416, 426, 0, 0]]
[80, [432, 432, 432, 138, 288, 0]]
[81, [354, 370, 370, 138, 210, 0]]
[82, [276, 308, 308, 138, 132, 0]]
[83, [246, 246, 246, 168, 54, 0]]
[84, [192, 208, 208, 24, 144, 0]]
[85, [128, 160, 160, 24, 66, 14]]
[86, [176, 176, 176, 24, 0, 80]]
[87, [176, 192, 192, 24, 0, 80]]
[88, [98, 130, 130, 24, 0, 2]]
[89, [144, 144, 144, 24, 0, 0]]
[90, [144, 160, 160, 24, 0, 0]]
[91, [144, 176, 176, 24, 0, 0]]
[92, [192, 192, 192, 24, 0, 0]]
[93, [192, 208, 208, 24, 0, 0]]
[94, [192, 224, 224, 24, 0, 0]]
[95, [240, 240, 240, 24, 0, 0]]
[96, [240, 256, 256, 24, 0, 0]]
[97, [240, 272, 272, 24, 0, 0]]
[98, [288, 288, 288, 24, 0, 0]]
[99, [288, 304, 304, 279, 0, 0]]
[100, [288, 320, 320, 165, 144, 0]]
[101, [258, 258, 258, 36, 210, 0]]
[102, [180, 196, 196, 36, 132, 0]]
[103, [102, 134, 134, 51, 54, 0]]
[104, [96, 96, 96, 51, 0, 0]]
[105, [96, 112, 112, 51, 0, 0]]
[106, [96, 128, 128, 51, 0, 0]]
[107, [144, 144, 144, 66, 0, 0]]
[108, [144, 160, 160, 66, 0, 0]]
[109, [144, 176, 176, 66, 0, 0]]
[110, [192, 192, 192, 66, 0, 0]]
[111, [192, 208, 208, 66, 0, 0]]
[112, [192, 224, 224, 66, 0, 0]]
[113, [240, 240, 240, 66, 0, 0]]
[114, [240, 256, 256, 66, 0, 0]]
[115, [240, 272, 272, 66, 0, 0]]
[116, [288, 288, 288, 66, 0, 0]]
[117, [288, 304, 304, 66, 0, 0]]
[118, [288, 320, 320, 66, 0, 0]]
[119, [336, 336, 336, 306, 0, 0]]
[120, [336, 352, 352, 48, 288, 0]]
[121, [258, 290, 290, 63, 210, 0]]
[122, [248, 248, 248, 63, 132, 20]]
[123, [248, 264, 264, 78, 54, 98]]
[124, [248, 280, 280, 78, 0, 152]]
[125, [296, 296, 296, 78, 0, 152]]
[126, [296, 312, 312, 78, 0, 152]]
[127, [296, 328, 328, 93, 0, 152]]
[128, [304, 304, 304, 93, 0, 112]]
[129, [284, 300, 300, 93, 0, 92]]
[130, [284, 316, 316, 108, 0, 92]]
[131, [332, 332, 332, 108, 0, 92]]
[132, [330, 346, 346, 108, 0, 90]]
[133, [330, 362, 362, 108, 0, 90]]
[134, [378, 378, 378, 108, 0, 90]]
[135, [364, 380, 380, 108, 0, 76]]
[136, [358, 390, 390, 108, 0, 70]]
[137, [394, 394, 394, 108, 0, 58]]
[138, [384, 400, 400, 108, 0, 48]]
[139, [350, 382, 382, 318, 0, 14]]
[140, [386, 386, 386, 60, 288, 2]]
[141, [370, 386, 386, 75, 210, 64]]
[142, [354, 386, 386, 75, 132, 126]]
[143, [388, 388, 388, 90, 54, 190]]
[144, [362, 378, 378, 105, 0, 218]]
[145, [344, 376, 376, 105, 0, 200]]
[146, [340, 340, 340, 105, 0, 148]]
[147, [314, 330, 330, 105, 0, 122]]
[148, [280, 312, 312, 105, 0, 88]]
[149, [308, 308, 308, 105, 0, 68]]
[150, [270, 286, 286, 120, 0, 30]]
[151, [242, 274, 274, 120, 0, 2]]
[152, [288, 288, 288, 120, 0, 0]]
[153, [288, 304, 304, 120, 0, 0]]
[154, [288, 320, 320, 120, 0, 0]]
[155, [336, 336, 336, 120, 0, 0]]
[156, [336, 352, 352, 120, 0, 0]]
[157, [336, 368, 368, 135, 0, 0]]
[158, [384, 384, 384, 135, 0, 0]]
[159, [384, 400, 400, 330, 0, 0]]
[160, [384, 416, 416, 72, 288, 0]]
[161, [354, 354, 354, 87, 210, 0]]
[162, [276, 292, 292, 87, 132, 0]]
[163, [198, 230, 230, 102, 54, 0]]
[164, [192, 192, 192, 132, 0, 0]]
[165, [192, 208, 208, 132, 0, 0]]
[166, [192, 224, 224, 132, 0, 0]]
[167, [240, 240, 240, 132, 0, 0]]
[168, [240, 256, 256, 132, 0, 0]]
[169, [240, 272, 272, 132, 0, 0]]
[170, [288, 288, 288, 147, 0, 0]]
[171, [288, 304, 304, 3, 144, 0]]
[172, [210, 242, 242, 3, 66, 0]]
[173, [192, 192, 192, 3, 0, 0]]
[174, [192, 208, 208, 18, 0, 0]]
[175, [192, 224, 224, 18, 0, 0]]
[176, [240, 240, 240, 18, 0, 0]]
[177, [240, 256, 256, 18, 0, 0]]
[178, [240, 272, 272, 18, 0, 0]]
[179, [288, 288, 288, 198, 0, 0]]
[180, [288, 304, 304, 84, 144, 0]]
[181, [210, 242, 242, 99, 66, 0]]
[182, [192, 192, 192, 99, 0, 0]]
[183, [192, 208, 208, 114, 0, 0]]
[184, [192, 224, 224, 159, 0, 0]]
[185, [240, 240, 240, 15, 144, 0]]
[186, [162, 178, 178, 30, 66, 0]]
[187, [96, 128, 128, 30, 0, 0]]
[188, [144, 144, 144, 30, 0, 0]]
[189, [144, 160, 160, 30, 0, 0]]
[190, [144, 176, 176, 45, 0, 0]]
[191, [192, 192, 192, 45, 0, 0]]
[192, [192, 208, 208, 45, 0, 0]]
[193, [192, 224, 224, 45, 0, 0]]
[194, [240, 240, 240, 60, 0, 0]]
[195, [240, 256, 256, 60, 0, 0]]
[196, [240, 272, 272, 60, 0, 0]]
[197, [288, 288, 288, 60, 0, 0]]
[198, [288, 304, 304, 60, 0, 0]]
[199, [288, 320, 320, 225, 0, 0]]
[200, [336, 336, 336, 111, 144, 0]]
[201, [258, 274, 274, 141, 66, 0]]
[202, [192, 224, 224, 141, 0, 0]]
[203, [240, 240, 240, 156, 0, 0]]
[204, [240, 256, 256, 57, 144, 0]]
[205, [162, 194, 194, 57, 66, 0]]
[206, [144, 144, 144, 72, 0, 0]]
[207, [144, 160, 160, 72, 0, 0]]
[208, [144, 176, 176, 72, 0, 0]]
[209, [192, 192, 192, 72, 0, 0]]
[210, [192, 208, 208, 87, 0, 0]]
[211, [192, 224, 224, 87, 0, 0]]
[212, [240, 240, 240, 87, 0, 0]]
[213, [240, 256, 256, 87, 0, 0]]
[214, [240, 272, 272, 102, 0, 0]]
[215, [288, 288, 288, 102, 0, 0]]
[216, [288, 304, 304, 102, 0, 0]]
[217, [288, 320, 320, 102, 0, 0]]
[218, [336, 336, 336, 102, 0, 0]]
[219, [336, 352, 352, 267, 0, 0]]
[220, [336, 368, 368, 153, 144, 0]]
[221, [306, 306, 306, 39, 210, 0]]
[222, [228, 244, 244, 39, 132, 0]]
[223, [150, 182, 182, 54, 54, 0]]
[224, [144, 144, 144, 99, 0, 0]]
[225, [144, 160, 160, 99, 0, 0]]
[226, [144, 176, 176, 114, 0, 0]]
[227, [192, 192, 192, 114, 0, 0]]
[228, [192, 208, 208, 114, 0, 0]]
[229, [192, 224, 224, 114, 0, 0]]
[230, [240, 240, 240, 129, 0, 0]]
[231, [240, 256, 256, 129, 0, 0]]
[232, [240, 272, 272, 129, 0, 0]]
[233, [288, 288, 288, 129, 0, 0]]
[234, [288, 304, 304, 144, 0, 0]]
[235, [288, 320, 320, 0, 144, 0]]
[236, [258, 258, 258, 0, 66, 0]]
[237, [192, 208, 208, 0, 0, 0]]
[238, [192, 224, 224, 0, 0, 0]]
[239, [240, 240, 240, 165, 0, 0]]
[240, [240, 256, 256, 51, 144, 0]]
[241, [162, 194, 194, 66, 66, 0]]
[242, [144, 144, 144, 66, 0, 0]]
[243, [144, 160, 160, 81, 0, 0]]
[244, [144, 176, 176, 126, 0, 0]]
[245, [192, 192, 192, 126, 0, 0]]
[246, [192, 208, 208, 141, 0, 0]]
[247, [192, 224, 224, 141, 0, 0]]
[248, [240, 240, 240, 141, 0, 0]]
[249, [240, 256, 256, 141, 0, 0]]
[250, [240, 272, 272, 156, 0, 0]]
[251, [288, 288, 288, 12, 144, 0]]
[252, [210, 226, 226, 12, 66, 0]]
[253, [144, 176, 176, 12, 0, 0]]
[254, [192, 192, 192, 42, 0, 0]]
[255, [192, 208, 208, 42, 0, 0]]
[256, [192, 224, 224, 42, 0, 0]]
[257, [240, 240, 240, 42, 0, 0]]
[258, [240, 256, 256, 42, 0, 0]]
[259, [240, 272, 272, 207, 0, 0]]
[260, [288, 288, 288, 93, 144, 0]]
[261, [210, 226, 226, 93, 66, 0]]
[262, [144, 176, 176, 93, 0, 0]]
[263, [192, 192, 192, 108, 0, 0]]
[264, [192, 208, 208, 138, 0, 0]]
[265, [192, 224, 224, 138, 0, 0]]
[266, [240, 240, 240, 153, 0, 0]]
[267, [240, 256, 256, 9, 144, 0]]
[268, [162, 194, 194, 24, 66, 0]]
[269, [144, 144, 144, 24, 0, 0]]
[270, [144, 160, 160, 39, 0, 0]]
[271, [144, 176, 176, 54, 0, 0]]
[272, [192, 192, 192, 54, 0, 0]]
[273, [192, 208, 208, 54, 0, 0]]
[274, [192, 224, 224, 84, 0, 0]]
[275, [240, 240, 240, 84, 0, 0]]
[276, [240, 256, 256, 84, 0, 0]]
[277, [240, 272, 272, 84, 0, 0]]
[278, [288, 288, 288, 84, 0, 0]]
[279, [288, 304, 304, 249, 0, 0]]
[280, [288, 320, 320, 135, 144, 0]]
[281, [258, 258, 258, 135, 66, 0]]
[282, [228, 244, 244, 135, 0, 36]]
[283, [224, 256, 256, 150, 0, 32]]
[284, [268, 268, 268, 36, 144, 28]]
[285, [262, 278, 278, 36, 66, 100]]
[286, [256, 288, 288, 51, 0, 160]]
[287, [304, 304, 304, 51, 0, 160]]
[288, [228, 244, 244, 66, 0, 84]]
[289, [190, 222, 222, 66, 0, 46]]
[290, [230, 230, 230, 81, 0, 38]]
[291, [222, 238, 238, 96, 0, 30]]
[292, [210, 242, 242, 96, 0, 18]]
[293, [246, 246, 246, 96, 0, 6]]
[294, [242, 258, 258, 126, 0, 2]]
[295, [240, 272, 272, 126, 0, 0]]
[296, [288, 288, 288, 126, 0, 0]]
[297, [288, 304, 304, 126, 0, 0]]
[298, [288, 320, 320, 126, 0, 0]]
[299, [336, 336, 336, 291, 0, 0]]
[300, [336, 352, 352, 33, 288, 0]]
[301, [258, 290, 290, 33, 210, 0]]
[302, [228, 228, 228, 33, 132, 0]]
[303, [188, 204, 204, 48, 54, 38]]
[304, [162, 194, 194, 78, 0, 66]]
[305, [182, 182, 182, 78, 0, 38]]
[306, [174, 190, 190, 93, 0, 30]]
[307, [162, 194, 194, 93, 0, 18]]
[308, [192, 192, 192, 108, 0, 0]]
[309, [192, 208, 208, 108, 0, 0]]
[310, [192, 224, 224, 123, 0, 0]]
[311, [240, 240, 240, 138, 0, 0]]
[312, [240, 256, 256, 138, 0, 0]]
[313, [240, 272, 272, 138, 0, 0]]
[314, [288, 288, 288, 168, 0, 0]]
[315, [288, 304, 304, 24, 144, 0]]
[316, [210, 242, 242, 24, 66, 0]]
[317, [192, 192, 192, 24, 0, 0]]
[318, [192, 208, 208, 24, 0, 0]]
[319, [192, 224, 224, 174, 0, 0]]
[320, [240, 240, 240, 60, 144, 0]]
[321, [162, 178, 178, 60, 66, 0]]
[322, [96, 128, 128, 60, 0, 0]]
[323, [144, 144, 144, 75, 0, 0]]
[324, [144, 160, 160, 105, 0, 0]]
[325, [144, 176, 176, 105, 0, 0]]
[326, [192, 192, 192, 120, 0, 0]]
[327, [192, 208, 208, 135, 0, 0]]
[328, [192, 224, 224, 150, 0, 0]]
[329, [240, 240, 240, 6, 144, 0]]
[330, [162, 178, 178, 21, 66, 0]]
[331, [96, 128, 128, 36, 0, 0]]
[332, [144, 144, 144, 36, 0, 0]]
[333, [144, 160, 160, 36, 0, 0]]
[334, [144, 176, 176, 66, 0, 0]]
[335, [192, 192, 192, 66, 0, 0]]
[336, [192, 208, 208, 66, 0, 0]]
[337, [192, 224, 224, 66, 0, 0]]
[338, [240, 240, 240, 66, 0, 0]]
[339, [240, 256, 256, 201, 0, 0]]
[340, [240, 272, 272, 87, 144, 0]]
[341, [210, 210, 210, 87, 66, 0]]
[342, [144, 160, 160, 87, 0, 0]]
[343, [144, 176, 176, 117, 0, 0]]
[344, [192, 192, 192, 147, 0, 0]]
[345, [192, 208, 208, 3, 144, 0]]
[346, [114, 146, 146, 18, 66, 0]]
[347, [96, 96, 96, 33, 0, 0]]
[348, [96, 112, 112, 48, 0, 0]]
[349, [96, 128, 128, 48, 0, 0]]
[350, [144, 144, 144, 63, 0, 0]]
[351, [144, 160, 160, 78, 0, 0]]
[352, [144, 176, 176, 78, 0, 0]]
[353, [192, 192, 192, 78, 0, 0]]
[354, [192, 208, 208, 108, 0, 0]]
[355, [192, 224, 224, 108, 0, 0]]
[356, [240, 240, 240, 108, 0, 0]]
[357, [240, 256, 256, 108, 0, 0]]
[358, [240, 272, 272, 108, 0, 0]]
[359, [288, 288, 288, 243, 0, 0]]
[360, [288, 304, 304, 114, 144, 0]]
[361, [210, 242, 242, 114, 66, 0]]
[362, [192, 192, 192, 114, 0, 0]]
[363, [192, 208, 208, 144, 0, 0]]
[364, [192, 224, 224, 30, 144, 0]]
[365, [162, 162, 162, 30, 66, 0]]
[366, [96, 112, 112, 60, 0, 0]]
[367, [96, 128, 128, 75, 0, 0]]
[368, [144, 144, 144, 90, 0, 0]]
[369, [144, 160, 160, 90, 0, 0]]
[370, [144, 176, 176, 105, 0, 0]]
[371, [192, 192, 192, 120, 0, 0]]
[372, [192, 208, 208, 120, 0, 0]]
[373, [192, 224, 224, 120, 0, 0]]
[374, [240, 240, 240, 150, 0, 0]]
[375, [240, 256, 256, 6, 144, 0]]
[376, [162, 194, 194, 6, 66, 0]]
[377, [144, 144, 144, 6, 0, 0]]
[378, [144, 160, 160, 6, 0, 0]]
[379, [144, 176, 176, 141, 0, 0]]
[380, [192, 192, 192, 156, 0, 0]]
[381, [192, 208, 208, 12, 144, 0]]
[382, [114, 146, 146, 12, 66, 0]]
[383, [96, 96, 96, 42, 0, 0]]
[384, [96, 112, 112, 72, 0, 0]]
[385, [96, 128, 128, 72, 0, 0]]
[386, [144, 144, 144, 102, 0, 0]]
[387, [144, 160, 160, 117, 0, 0]]
[388, [144, 176, 176, 132, 0, 0]]
[389, [192, 192, 192, 132, 0, 0]]
[390, [192, 208, 208, 147, 0, 0]]
[391, [192, 224, 224, 18, 144, 0]]
[392, [162, 162, 162, 18, 66, 0]]
[393, [96, 112, 112, 18, 0, 0]]
[394, [96, 128, 128, 48, 0, 0]]
[395, [144, 144, 144, 48, 0, 0]]
[396, [144, 160, 160, 48, 0, 0]]
[397, [144, 176, 176, 48, 0, 0]]
[398, [192, 192, 192, 48, 0, 0]]
[399, [192, 208, 208, 168, 0, 0]]
[400, [192, 224, 224, 39, 144, 0]]
[401, [162, 162, 162, 39, 66, 0]]
[402, [96, 112, 112, 54, 0, 0]]
[403, [96, 128, 128, 84, 0, 0]]
[404, [144, 144, 144, 99, 0, 0]]
[405, [144, 160, 160, 99, 0, 0]]
[406, [144, 176, 176, 129, 0, 0]]
[407, [192, 192, 192, 144, 0, 0]]
[408, [192, 208, 208, 15, 144, 0]]
[409, [114, 146, 146, 15, 66, 0]]
[410, [96, 96, 96, 30, 0, 0]]
[411, [96, 112, 112, 45, 0, 0]]
[412, [96, 128, 128, 60, 0, 0]]
[413, [144, 144, 144, 60, 0, 0]]
[414, [144, 160, 160, 90, 0, 0]]
[415, [144, 176, 176, 90, 0, 0]]
[416, [192, 192, 192, 90, 0, 0]]
[417, [192, 208, 208, 90, 0, 0]]
[418, [192, 224, 224, 90, 0, 0]]
[419, [240, 240, 240, 210, 0, 0]]
[420, [240, 256, 256, 81, 144, 0]]
[421, [162, 194, 194, 81, 66, 0]]
[422, [144, 144, 144, 96, 0, 0]]
[423, [144, 160, 160, 126, 0, 0]]
[424, [144, 176, 176, 141, 0, 0]]
[425, [192, 192, 192, 141, 0, 0]]
[426, [192, 208, 208, 171, 0, 0]]
[427, [192, 224, 224, 42, 144, 0]]
[428, [162, 162, 162, 57, 66, 0]]
[429, [108, 124, 124, 57, 0, 12]]
[430, [98, 130, 130, 72, 0, 2]]
[431, [144, 144, 144, 87, 0, 0]]
[432, [144, 160, 160, 102, 0, 0]]
[433, [144, 176, 176, 102, 0, 0]]
[434, [192, 192, 192, 117, 0, 0]]
[435, [192, 208, 208, 117, 0, 0]]
[436, [192, 224, 224, 117, 0, 0]]
[437, [240, 240, 240, 117, 0, 0]]
[438, [240, 256, 256, 117, 0, 0]]
[439, [240, 272, 272, 237, 0, 0]]
[440, [288, 288, 288, 108, 144, 0]]
[441, [210, 226, 226, 108, 66, 0]]
[442, [144, 176, 176, 123, 0, 0]]
[443, [192, 192, 192, 153, 0, 0]]
[444, [192, 208, 208, 24, 144, 0]]
[445, [148, 180, 180, 24, 66, 34]]
[446, [170, 170, 170, 54, 0, 74]]
[447, [158, 174, 174, 69, 0, 62]]
[448, [96, 128, 128, 84, 0, 0]]
[449, [144, 144, 144, 84, 0, 0]]
[450, [144, 160, 160, 99, 0, 0]]
[451, [144, 176, 176, 99, 0, 0]]
[452, [192, 192, 192, 114, 0, 0]]
[453, [192, 208, 208, 114, 0, 0]]
[454, [192, 224, 224, 129, 0, 0]]
[455, [240, 240, 240, 144, 0, 0]]
[456, [240, 256, 256, 0, 144, 0]]
[457, [162, 194, 194, 0, 66, 0]]
[458, [144, 144, 144, 0, 0, 0]]
[459, [144, 160, 160, 120, 0, 0]]
[460, [144, 176, 176, 135, 0, 0]]
[461, [192, 192, 192, 135, 0, 0]]
[462, [192, 208, 208, 150, 0, 0]]
[463, [192, 224, 224, 36, 144, 0]]
[464, [162, 162, 162, 66, 66, 0]]
[465, [96, 112, 112, 66, 0, 0]]
[466, [96, 128, 128, 96, 0, 0]]
[467, [144, 144, 144, 111, 0, 0]]
[468, [144, 160, 160, 126, 0, 0]]
[469, [144, 176, 176, 126, 0, 0]]
[470, [192, 192, 192, 126, 0, 0]]
[471, [192, 208, 208, 126, 0, 0]]
[472, [192, 224, 224, 141, 0, 0]]
[473, [240, 240, 240, 141, 0, 0]]
[474, [240, 256, 256, 156, 0, 0]]
[475, [240, 272, 272, 27, 144, 0]]
[476, [210, 210, 210, 27, 66, 0]]
[477, [144, 160, 160, 27, 0, 0]]
[478, [144, 176, 176, 27, 0, 0]]
[479, [192, 192, 192, 147, 0, 0]]
[480, [192, 208, 208, 18, 144, 0]]
[481, [114, 146, 146, 18, 66, 0]]
[482, [96, 96, 96, 48, 0, 0]]
[483, [96, 112, 112, 78, 0, 0]]
[484, [96, 128, 128, 108, 0, 0]]
[485, [144, 144, 144, 108, 0, 0]]
[486, [144, 160, 160, 138, 0, 0]]
[487, [144, 176, 176, 153, 0, 0]]
[488, [192, 192, 192, 24, 144, 0]]
[489, [114, 130, 130, 24, 66, 0]]
[490, [48, 80, 80, 24, 0, 0]]
[491, [96, 96, 96, 24, 0, 0]]
[492, [96, 112, 112, 39, 0, 0]]
[493, [96, 128, 128, 39, 0, 0]]
[494, [144, 144, 144, 54, 0, 0]]
[495, [144, 160, 160, 69, 0, 0]]
[496, [144, 176, 176, 69, 0, 0]]
[497, [192, 192, 192, 69, 0, 0]]
[498, [192, 208, 208, 69, 0, 0]]
[499, [192, 224, 224, 174, 0, 0]]
[500, [240, 240, 240, 45, 144, 0]]
[501, [162, 178, 178, 45, 66, 0]]
[502, [96, 128, 128, 75, 0, 0]]
[503, [144, 144, 144, 105, 0, 0]]
[504, [144, 160, 160, 135, 0, 0]]
[505, [144, 176, 176, 135, 0, 0]]
[506, [192, 192, 192, 150, 0, 0]]
[507, [192, 208, 208, 21, 144, 0]]
[508, [114, 146, 146, 21, 66, 0]]
[509, [96, 96, 96, 21, 0, 0]]
[510, [96, 112, 112, 21, 0, 0]]
[511, [96, 128, 128, 21, 0, 0]]
[512, [144, 144, 144, 36, 0, 0]]
[513, [144, 160, 160, 36, 0, 0]]
[514, [144, 176, 176, 66, 0, 0]]
[515, [192, 192, 192, 81, 0, 0]]
[516, [192, 208, 208, 96, 0, 0]]
[517, [192, 224, 224, 96, 0, 0]]
[518, [240, 240, 240, 96, 0, 0]]
[519, [240, 256, 256, 186, 0, 0]]
[520, [240, 272, 272, 57, 144, 0]]
[521, [210, 210, 210, 57, 66, 0]]
[522, [144, 160, 160, 87, 0, 0]]
[523, [144, 176, 176, 132, 0, 0]]
[524, [192, 192, 192, 177, 0, 0]]
[525, [192, 208, 208, 33, 144, 0]]
[526, [114, 146, 146, 48, 66, 0]]
[527, [96, 96, 96, 63, 0, 0]]
[528, [96, 112, 112, 63, 0, 0]]
[529, [96, 128, 128, 63, 0, 0]]
[530, [144, 144, 144, 63, 0, 0]]
[531, [144, 160, 160, 63, 0, 0]]
[532, [144, 176, 176, 78, 0, 0]]
[533, [192, 192, 192, 78, 0, 0]]
[534, [192, 208, 208, 108, 0, 0]]
[535, [192, 224, 224, 123, 0, 0]]
[536, [240, 240, 240, 138, 0, 0]]
[537, [240, 256, 256, 138, 0, 0]]
[538, [240, 272, 272, 138, 0, 0]]
[539, [288, 288, 288, 228, 0, 0]]
[540, [288, 304, 304, 99, 144, 0]]
[541, [210, 242, 242, 99, 66, 0]]
[542, [192, 192, 192, 129, 0, 0]]
[543, [192, 208, 208, 159, 0, 0]]
[544, [192, 224, 224, 60, 144, 0]]
[545, [162, 162, 162, 60, 66, 0]]
[546, [96, 112, 112, 90, 0, 0]]
[547, [96, 128, 128, 105, 0, 0]]
[548, [144, 144, 144, 105, 0, 0]]
[549, [144, 160, 160, 105, 0, 0]]
[550, [144, 176, 176, 105, 0, 0]]
[551, [192, 192, 192, 105, 0, 0]]
[552, [192, 208, 208, 120, 0, 0]]
[553, [192, 224, 224, 120, 0, 0]]
[554, [240, 240, 240, 150, 0, 0]]
[555, [240, 256, 256, 21, 144, 0]]
[556, [162, 194, 194, 36, 66, 0]]
[557, [144, 144, 144, 36, 0, 0]]
[558, [144, 160, 160, 36, 0, 0]]
[559, [144, 176, 176, 126, 0, 0]]
[560, [192, 192, 192, 141, 0, 0]]
[561, [192, 208, 208, 141, 0, 0]]
[562, [192, 224, 224, 171, 0, 0]]
[563, [240, 240, 240, 57, 144, 0]]
[564, [162, 178, 178, 102, 66, 0]]
[565, [96, 128, 128, 102, 0, 0]]
[566, [144, 144, 144, 132, 0, 0]]
[567, [144, 160, 160, 147, 0, 0]]
[568, [144, 176, 176, 3, 144, 0]]
[569, [134, 134, 134, 3, 66, 20]]
[570, [130, 146, 146, 3, 0, 82]]
[571, [64, 96, 96, 3, 0, 16]]
[572, [96, 96, 96, 18, 0, 0]]
[573, [96, 112, 112, 18, 0, 0]]
[574, [96, 128, 128, 48, 0, 0]]
[575, [144, 144, 144, 63, 0, 0]]
[576, [144, 160, 160, 78, 0, 0]]
[577, [144, 176, 176, 78, 0, 0]]
[578, [192, 192, 192, 78, 0, 0]]
[579, [192, 208, 208, 168, 0, 0]]
[580, [192, 224, 224, 39, 144, 0]]
[581, [162, 162, 162, 39, 66, 0]]
[582, [96, 112, 112, 54, 0, 0]]
[583, [96, 128, 128, 84, 0, 0]]
[584, [144, 144, 144, 114, 0, 0]]
[585, [144, 160, 160, 114, 0, 0]]
[586, [144, 176, 176, 144, 0, 0]]
[587, [192, 192, 192, 15, 144, 0]]
[588, [114, 130, 130, 15, 66, 0]]
[589, [48, 80, 80, 15, 0, 0]]
[590, [96, 96, 96, 15, 0, 0]]
[591, [96, 112, 112, 15, 0, 0]]
[592, [96, 128, 128, 45, 0, 0]]
[593, [144, 144, 144, 60, 0, 0]]
[594, [144, 160, 160, 90, 0, 0]]
[595, [144, 176, 176, 105, 0, 0]]
[596, [192, 192, 192, 120, 0, 0]]
[597, [192, 208, 208, 120, 0, 0]]
[598, [192, 224, 224, 120, 0, 0]]
[599, [240, 240, 240, 210, 0, 0]]
[600, [240, 256, 256, 81, 144, 0]]
[601, [162, 194, 194, 81, 66, 0]]
[602, [144, 144, 144, 96, 0, 0]]
[603, [144, 160, 160, 126, 0, 0]]
[604, [144, 176, 176, 156, 0, 0]]
[605, [192, 192, 192, 12, 144, 0]]
[606, [114, 130, 130, 42, 66, 0]]
[607, [74, 106, 106, 57, 0, 26]]
[608, [96, 96, 96, 57, 0, 0]]
[609, [96, 112, 112, 57, 0, 0]]
[610, [96, 128, 128, 57, 0, 0]]
[611, [144, 144, 144, 57, 0, 0]]
[612, [144, 160, 160, 87, 0, 0]]
[613, [144, 176, 176, 102, 0, 0]]
[614, [192, 192, 192, 132, 0, 0]]
[615, [192, 208, 208, 147, 0, 0]]
[616, [192, 224, 224, 18, 144, 0]]
[617, [162, 162, 162, 18, 66, 0]]
[618, [96, 112, 112, 18, 0, 0]]
[619, [96, 128, 128, 108, 0, 0]]
[620, [144, 144, 144, 123, 0, 0]]
[621, [144, 160, 160, 123, 0, 0]]
[622, [144, 176, 176, 138, 0, 0]]
[623, [192, 192, 192, 168, 0, 0]]
[624, [192, 208, 208, 54, 144, 0]]
[625, [114, 146, 146, 54, 66, 0]]
[626, [96, 96, 96, 84, 0, 0]]
[627, [96, 112, 112, 99, 0, 0]]
[628, [96, 128, 128, 99, 0, 0]]
[629, [144, 144, 144, 99, 0, 0]]
[630, [144, 160, 160, 99, 0, 0]]
[631, [144, 176, 176, 99, 0, 0]]
[632, [192, 192, 192, 129, 0, 0]]
[633, [192, 208, 208, 144, 0, 0]]
[634, [192, 224, 224, 30, 144, 0]]
[635, [162, 162, 162, 45, 66, 0]]
[636, [96, 112, 112, 60, 0, 0]]
[637, [96, 128, 128, 60, 0, 0]]
[638, [144, 144, 144, 60, 0, 0]]
[639, [144, 160, 160, 150, 0, 0]]
[640, [144, 176, 176, 21, 144, 0]]
[641, [114, 114, 114, 21, 66, 0]]
[642, [48, 64, 64, 36, 0, 0]]
[643, [48, 80, 80, 66, 0, 0]]
[644, [96, 96, 96, 96, 0, 0]]
[645, [96, 112, 112, 96, 0, 0]]
[646, [96, 128, 128, 126, 0, 0]]
[647, [144, 144, 144, 141, 0, 0]]
[648, [144, 160, 160, 141, 0, 0]]
[649, [144, 176, 176, 141, 0, 0]]
[650, [192, 192, 192, 141, 0, 0]]
[651, [192, 208, 208, 141, 0, 0]]
[652, [192, 224, 224, 171, 0, 0]]
[653, [240, 240, 240, 42, 144, 0]]
[654, [162, 178, 178, 72, 66, 0]]
[655, [96, 128, 128, 87, 0, 0]]
[656, [144, 144, 144, 102, 0, 0]]
[657, [144, 160, 160, 102, 0, 0]]
[658, [144, 176, 176, 102, 0, 0]]
[659, [192, 192, 192, 177, 0, 0]]
[660, [192, 208, 208, 48, 144, 0]]
[661, [114, 146, 146, 48, 66, 0]]
[662, [96, 96, 96, 63, 0, 0]]
[663, [96, 112, 112, 93, 0, 0]]
[664, [96, 128, 128, 123, 0, 0]]
[665, [144, 144, 144, 123, 0, 0]]
[666, [144, 160, 160, 153, 0, 0]]
[667, [144, 176, 176, 24, 144, 0]]
[668, [114, 114, 114, 24, 66, 0]]
[669, [48, 64, 64, 39, 0, 0]]
[670, [48, 80, 80, 39, 0, 0]]
[671, [96, 96, 96, 39, 0, 0]]
[672, [96, 112, 112, 69, 0, 0]]
[673, [96, 128, 128, 84, 0, 0]]
[674, [144, 144, 144, 114, 0, 0]]
[675, [144, 160, 160, 129, 0, 0]]
[676, [144, 176, 176, 144, 0, 0]]
[677, [192, 192, 192, 0, 144, 0]]
[678, [114, 130, 130, 0, 66, 0]]
[679, [48, 80, 80, 75, 0, 0]]
[680, [96, 96, 96, 90, 0, 0]]
[681, [96, 112, 112, 90, 0, 0]]
[682, [96, 128, 128, 105, 0, 0]]
[683, [144, 144, 144, 135, 0, 0]]
[684, [144, 160, 160, 150, 0, 0]]
[685, [144, 176, 176, 6, 144, 0]]
[686, [114, 114, 114, 36, 66, 0]]
[687, [48, 64, 64, 51, 0, 0]]
[688, [48, 80, 80, 51, 0, 0]]
[689, [96, 96, 96, 66, 0, 0]]
[690, [96, 112, 112, 66, 0, 0]]
[691, [96, 128, 128, 66, 0, 0]]
[692, [144, 144, 144, 96, 0, 0]]
[693, [144, 160, 160, 111, 0, 0]]
[694, [144, 176, 176, 141, 0, 0]]
[695, [192, 192, 192, 156, 0, 0]]
[696, [192, 208, 208, 27, 144, 0]]
[697, [114, 146, 146, 27, 66, 0]]
[698, [96, 96, 96, 27, 0, 0]]
[699, [96, 112, 112, 87, 0, 0]]
[700, [96, 128, 128, 102, 0, 0]]
[701, [144, 144, 144, 102, 0, 0]]
[702, [144, 160, 160, 117, 0, 0]]
[703, [144, 176, 176, 162, 0, 0]]
[704, [192, 192, 192, 48, 144, 0]]
[705, [114, 130, 130, 48, 66, 0]]
[706, [48, 80, 80, 78, 0, 0]]
[707, [96, 96, 96, 93, 0, 0]]
[708, [96, 112, 112, 93, 0, 0]]
[709, [96, 128, 128, 108, 0, 0]]
[710, [144, 144, 144, 108, 0, 0]]
[711, [144, 160, 160, 108, 0, 0]]
[712, [144, 176, 176, 138, 0, 0]]
[713, [192, 192, 192, 153, 0, 0]]
[714, [192, 208, 208, 39, 144, 0]]
[715, [114, 146, 146, 54, 66, 0]]
[716, [96, 96, 96, 69, 0, 0]]
[717, [96, 112, 112, 69, 0, 0]]
[718, [96, 128, 128, 69, 0, 0]]
[719, [144, 144, 144, 129, 0, 0]]
[720, [144, 160, 160, 144, 0, 0]]
[721, [144, 176, 176, 0, 144, 0]]
[722, [114, 114, 114, 15, 66, 0]]
[723, [48, 64, 64, 60, 0, 0]]
[724, [48, 80, 80, 90, 0, 0]]
[725, [96, 96, 96, 90, 0, 0]]
[726, [96, 112, 112, 120, 0, 0]]
[727, [96, 128, 128, 135, 0, 0]]
[728, [144, 144, 144, 135, 0, 0]]
[729, [144, 160, 160, 150, 0, 0]]
[730, [144, 176, 176, 6, 144, 0]]
[731, [114, 114, 114, 6, 66, 0]]
[732, [48, 64, 64, 36, 0, 0]]
[733, [48, 80, 80, 51, 0, 0]]
[734, [96, 96, 96, 81, 0, 0]]
[735, [96, 112, 112, 96, 0, 0]]
[736, [96, 128, 128, 111, 0, 0]]
[737, [144, 144, 144, 111, 0, 0]]
[738, [144, 160, 160, 111, 0, 0]]
[739, [144, 176, 176, 171, 0, 0]]
[740, [192, 192, 192, 42, 144, 0]]
[741, [114, 130, 130, 42, 66, 0]]
[742, [48, 80, 80, 57, 0, 0]]
[743, [96, 96, 96, 102, 0, 0]]
[744, [96, 112, 112, 132, 0, 0]]
[745, [96, 128, 128, 132, 0, 0]]
[746, [144, 144, 144, 147, 0, 0]]
[747, [144, 160, 160, 18, 144, 0]]
[748, [66, 98, 98, 18, 66, 0]]
[749, [48, 48, 48, 33, 0, 0]]
[750, [48, 64, 64, 33, 0, 0]]
[751, [48, 80, 80, 33, 0, 0]]
[752, [96, 96, 96, 63, 0, 0]]
[753, [96, 112, 112, 78, 0, 0]]
[754, [96, 128, 128, 108, 0, 0]]
[755, [144, 144, 144, 123, 0, 0]]
[756, [144, 160, 160, 138, 0, 0]]
[757, [144, 176, 176, 138, 0, 0]]
[758, [192, 192, 192, 138, 0, 0]]
[759, [192, 208, 208, 198, 0, 0]]
[760, [192, 224, 224, 69, 144, 0]]
[761, [162, 162, 162, 69, 66, 0]]
[762, [96, 112, 112, 84, 0, 0]]
[763, [96, 128, 128, 129, 0, 0]]
[764, [144, 144, 144, 159, 0, 0]]
[765, [144, 160, 160, 15, 144, 0]]
[766, [66, 98, 98, 30, 66, 0]]
[767, [48, 48, 48, 45, 0, 0]]
[768, [48, 64, 64, 45, 0, 0]]
[769, [48, 80, 80, 60, 0, 0]]
[770, [96, 96, 96, 75, 0, 0]]
[771, [96, 112, 112, 75, 0, 0]]
[772, [96, 128, 128, 105, 0, 0]]
[773, [144, 144, 144, 120, 0, 0]]
[774, [144, 160, 160, 150, 0, 0]]
[775, [144, 176, 176, 21, 144, 0]]
[776, [114, 114, 114, 36, 66, 0]]
[777, [48, 64, 64, 36, 0, 0]]
[778, [48, 80, 80, 36, 0, 0]]
[779, [96, 96, 96, 96, 0, 0]]
[780, [96, 112, 112, 111, 0, 0]]
[781, [96, 128, 128, 111, 0, 0]]
[782, [144, 144, 144, 126, 0, 0]]
[783, [144, 160, 160, 171, 0, 0]]
[784, [144, 176, 176, 57, 144, 0]]
[785, [114, 114, 114, 57, 66, 0]]
[786, [48, 64, 64, 72, 0, 0]]
[787, [48, 80, 80, 87, 0, 0]]
[788, [96, 96, 96, 87, 0, 0]]
[789, [96, 112, 112, 102, 0, 0]]
[790, [96, 128, 128, 117, 0, 0]]
[791, [144, 144, 144, 117, 0, 0]]
[792, [144, 160, 160, 147, 0, 0]]
[793, [144, 176, 176, 18, 144, 0]]
[794, [114, 114, 114, 48, 66, 0]]
[795, [48, 64, 64, 63, 0, 0]]
[796, [48, 80, 80, 78, 0, 0]]
[797, [96, 96, 96, 78, 0, 0]]
[798, [96, 112, 112, 78, 0, 0]]
[799, [96, 128, 128, 138, 0, 0]]
[800, [144, 144, 144, 153, 0, 0]]
[801, [144, 160, 160, 9, 144, 0]]
[802, [66, 98, 98, 24, 66, 0]]
[803, [48, 48, 48, 69, 0, 0]]
[804, [48, 64, 64, 99, 0, 0]]
[805, [48, 80, 80, 99, 0, 0]]
[806, [96, 96, 96, 114, 0, 0]]
[807, [96, 112, 112, 129, 0, 0]]
[808, [96, 128, 128, 129, 0, 0]]
[809, [144, 144, 144, 144, 0, 0]]
[810, [144, 160, 160, 15, 144, 0]]
[811, [66, 98, 98, 15, 66, 0]]
[812, [48, 48, 48, 45, 0, 0]]
[813, [48, 64, 64, 60, 0, 0]]
[814, [48, 80, 80, 90, 0, 0]]
[815, [96, 96, 96, 105, 0, 0]]
[816, [96, 112, 112, 120, 0, 0]]
[817, [96, 128, 128, 120, 0, 0]]
[818, [144, 144, 144, 120, 0, 0]]
[819, [144, 160, 160, 180, 0, 0]]
[820, [144, 176, 176, 51, 144, 0]]
[821, [114, 114, 114, 51, 66, 0]]
[822, [48, 64, 64, 66, 0, 0]]
[823, [48, 80, 80, 111, 0, 0]]
[824, [96, 96, 96, 141, 0, 0]]
[825, [96, 112, 112, 141, 0, 0]]
[826, [96, 128, 128, 156, 0, 0]]
[827, [144, 144, 144, 27, 144, 0]]
[828, [66, 82, 82, 27, 66, 0]]
[829, [0, 32, 32, 42, 0, 0]]
[830, [48, 48, 48, 57, 0, 0]]
[831, [48, 64, 64, 57, 0, 0]]
[832, [48, 80, 80, 87, 0, 0]]
[833, [96, 96, 96, 102, 0, 0]]
[834, [96, 112, 112, 132, 0, 0]]
[835, [96, 128, 128, 147, 0, 0]]
[836, [144, 144, 144, 18, 144, 0]]
[837, [66, 82, 82, 18, 66, 0]]
[838, [0, 32, 32, 18, 0, 0]]
[839, [48, 48, 48, 78, 0, 0]]
[840, [48, 64, 64, 93, 0, 0]]
[841, [48, 80, 80, 93, 0, 0]]
[842, [96, 96, 96, 108, 0, 0]]
[843, [96, 112, 112, 153, 0, 0]]
[844, [96, 128, 128, 39, 144, 0]]
[845, [66, 66, 66, 39, 66, 0]]
[846, [0, 16, 16, 54, 0, 0]]
[847, [0, 32, 32, 69, 0, 0]]
[848, [48, 48, 48, 69, 0, 0]]
[849, [48, 64, 64, 84, 0, 0]]
[850, [48, 80, 80, 99, 0, 0]]
[851, [96, 96, 96, 99, 0, 0]]
[852, [96, 112, 112, 129, 0, 0]]
[853, [96, 128, 128, 144, 0, 0]]
[854, [144, 144, 144, 30, 144, 0]]
[855, [66, 82, 82, 45, 66, 0]]
[856, [0, 32, 32, 60, 0, 0]]
[857, [48, 48, 48, 60, 0, 0]]
[858, [48, 64, 64, 60, 0, 0]]
[859, [48, 80, 80, 120, 0, 0]]
[860, [96, 96, 96, 135, 0, 0]]
[861, [96, 112, 112, 135, 0, 0]]
[862, [96, 128, 128, 150, 0, 0]]
[863, [144, 144, 144, 51, 144, 0]]
[864, [66, 82, 82, 81, 66, 0]]
[865, [0, 32, 32, 81, 0, 0]]
[866, [48, 48, 48, 96, 0, 0]]
[867, [48, 64, 64, 111, 0, 0]]
[868, [48, 80, 80, 111, 0, 0]]
[869, [96, 96, 96, 126, 0, 0]]
[870, [96, 112, 112, 141, 0, 0]]
[871, [96, 128, 128, 141, 0, 0]]
[872, [144, 144, 144, 171, 0, 0]]
[873, [144, 160, 160, 42, 144, 0]]
[874, [66, 98, 98, 72, 66, 0]]
[875, [48, 48, 48, 87, 0, 0]]
[876, [48, 64, 64, 102, 0, 0]]
[877, [48, 80, 80, 102, 0, 0]]
[878, [96, 96, 96, 102, 0, 0]]
[879, [96, 112, 112, 162, 0, 0]]
[880, [96, 128, 128, 33, 144, 0]]
[881, [66, 66, 66, 33, 66, 0]]
[882, [0, 16, 16, 48, 0, 0]]
[883, [0, 32, 32, 93, 0, 0]]
[884, [48, 48, 48, 123, 0, 0]]
[885, [48, 64, 64, 123, 0, 0]]
[886, [48, 80, 80, 138, 0, 0]]
[887, [96, 96, 96, 153, 0, 0]]
[888, [96, 112, 112, 9, 144, 0]]
[889, [18, 50, 50, 24, 66, 0]]
[890, [0, 0, 0, 39, 0, 0]]
[891, [0, 16, 16, 39, 0, 0]]
[892, [0, 32, 32, 69, 0, 0]]
[893, [48, 48, 48, 84, 0, 0]]
[894, [48, 64, 64, 114, 0, 0]]
[895, [48, 80, 80, 129, 0, 0]]
[896, [96, 96, 96, 144, 0, 0]]
[897, [96, 112, 112, 0, 144, 0]]
[898, [18, 50, 50, 0, 66, 0]]
[899, [0, 0, 0, 60, 0, 0]]
[900, [0, 16, 16, 75, 0, 0]]
[901, [0, 32, 32, 75, 0, 0]]
[902, [48, 48, 48, 90, 0, 0]]
[903, [48, 64, 64, 135, 0, 0]]
[904, [48, 80, 80, 165, 0, 0]]
[905, [96, 96, 96, 21, 144, 0]]
[906, [18, 34, 34, 36, 66, 0]]
[907, [0, 32, 32, 51, 0, 48]]
[908, [0, 0, 0, 51, 0, 0]]
[909, [0, 16, 16, 66, 0, 0]]
[910, [0, 32, 32, 81, 0, 0]]
[911, [48, 48, 48, 81, 0, 0]]
[912, [48, 64, 64, 111, 0, 0]]
[913, [48, 80, 80, 126, 0, 0]]
[914, [96, 96, 96, 156, 0, 0]]
[915, [96, 112, 112, 27, 144, 0]]
[916, [18, 50, 50, 42, 66, 0]]
[917, [0, 0, 0, 42, 0, 0]]
[918, [0, 16, 16, 42, 0, 0]]
[919, [0, 32, 32, 87, 0, 0]]
[920, [48, 48, 48, 102, 0, 0]]
[921, [48, 64, 64, 102, 0, 0]]
[922, [48, 80, 80, 117, 0, 0]]
[923, [96, 96, 96, 177, 0, 0]]
[924, [96, 112, 112, 63, 144, 0]]
[925, [18, 50, 50, 63, 66, 0]]
[926, [0, 0, 0, 78, 0, 0]]
[927, [0, 16, 16, 93, 0, 0]]
[928, [0, 32, 32, 93, 0, 0]]
[929, [48, 48, 48, 108, 0, 0]]
[930, [48, 64, 64, 123, 0, 0]]
[931, [48, 80, 80, 123, 0, 0]]
[932, [96, 96, 96, 153, 0, 0]]
[933, [96, 112, 112, 24, 144, 0]]
[934, [18, 50, 50, 39, 66, 0]]
[935, [0, 0, 0, 54, 0, 0]]
[936, [0, 16, 16, 69, 0, 0]]
[937, [0, 32, 32, 69, 0, 0]]
[938, [48, 48, 48, 69, 0, 0]]
[939, [48, 64, 64, 114, 0, 0]]
[940, [48, 80, 80, 129, 0, 0]]
[941, [96, 96, 96, 129, 0, 0]]
[942, [96, 112, 112, 144, 0, 0]]
[943, [96, 128, 128, 60, 144, 0]]
[944, [66, 66, 66, 75, 66, 0]]
[945, [0, 16, 16, 75, 0, 0]]
[946, [0, 32, 32, 90, 0, 0]]
[947, [48, 48, 48, 105, 0, 0]]
[948, [48, 64, 64, 105, 0, 0]]
[949, [48, 80, 80, 120, 0, 0]]
[950, [96, 96, 96, 150, 0, 0]]
[951, [96, 112, 112, 6, 144, 0]]
[952, [18, 50, 50, 36, 66, 0]]
[953, [0, 0, 0, 66, 0, 0]]
[954, [0, 16, 16, 81, 0, 0]]
[955, [0, 32, 32, 96, 0, 0]]
[956, [48, 48, 48, 111, 0, 0]]
[957, [48, 64, 64, 111, 0, 0]]
[958, [48, 80, 80, 111, 0, 0]]
[959, [96, 96, 96, 156, 0, 0]]
