SimulationV09.py[0, [0, 16, 16, 0, 0, 0]]
[1, [0, 32, 32, 0, 0, 0]]
[2, [48, 48, 48, 0, 0, 0]]
[3, [48, 64, 64, 0, 0, 0]]
[4, [48, 80, 80, 0, 0, 0]]
[5, [96, 96, 96, 0, 0, 0]]
[6, [96, 112, 112, 0, 0, 0]]
[7, [96, 128, 128, 0, 0, 0]]
[8, [144, 144, 144, 0, 0, 0]]
[9, [144, 160, 160, 0, 0, 0]]
[10, [144, 176, 176, 0, 0, 0]]
[11, [192, 192, 192, 0, 0, 0]]
[12, [192, 208, 208, 0, 0, 0]]
[13, [192, 224, 224, 0, 0, 0]]
[14, [240, 240, 240, 0, 0, 0]]
[15, [240, 256, 256, 0, 0, 0]]
[16, [240, 272, 272, 0, 0, 0]]
[17, [288, 288, 288, 0, 0, 0]]
[18, [288, 304, 304, 0, 0, 0]]
[19, [288, 320, 320, 330, 0, 0]]
[20, [336, 336, 336, 42, 288, 0]]
[21, [258, 274, 274, 42, 210, 0]]
[22, [180, 212, 212, 42, 132, 0]]
[23, [150, 150, 150, 42, 54, 0]]
[24, [96, 112, 112, 42, 0, 0]]
[25, [96, 128, 128, 42, 0, 0]]
[26, [144, 144, 144, 42, 0, 0]]
[27, [144, 160, 160, 42, 0, 0]]
[28, [144, 176, 176, 42, 0, 0]]
[29, [192, 192, 192, 42, 0, 0]]
[30, [192, 208, 208, 42, 0, 0]]
[31, [192, 224, 224, 42, 0, 0]]
[32, [240, 240, 240, 42, 0, 0]]
[33, [240, 256, 256, 42, 0, 0]]
[34, [240, 272, 272, 42, 0, 0]]
[35, [288, 288, 288, 42, 0, 0]]
[36, [288, 304, 304, 42, 0, 0]]
[37, [288, 320, 320, 42, 0, 0]]
[38, [336, 336, 336, 42, 0, 0]]
[39, [336, 352, 352, 372, 0, 0]]
[40, [336, 368, 368, 84, 288, 0]]
[41, [306, 306, 306, 84, 210, 0]]
[42, [228, 244, 244, 84, 132, 0]]
[43, [150, 182, 182, 84, 54, 0]]
[44, [144, 144, 144, 84, 0, 0]]
[45, [144, 160, 160, 84, 0, 0]]
[46, [144, 176, 176, 84, 0, 0]]
[47, [192, 192, 192, 84, 0, 0]]
[48, [192, 208, 208, 84, 0, 0]]
[49, [192, 224, 224, 84, 0, 0]]
[50, [240, 240, 240, 84, 0, 0]]
[51, [240, 256, 256, 84, 0, 0]]
[52, [240, 272, 272, 84, 0, 0]]
[53, [288, 288, 288, 84, 0, 0]]
[54, [288, 304, 304, 84, 0, 0]]
[55, [288, 320, 320, 84, 0, 0]]
[56, [336, 336, 336, 84, 0, 0]]
[57, [336, 352, 352, 84, 0, 0]]
[58, [336, 368, 368, 84, 0, 0]]
[59, [384, 384, 384, 414, 0, 0]]
[60, [384, 400, 400, 126, 288, 0]]
[61, [306, 338, 338, 126, 210, 0]]
[62, [276, 276, 276, 126, 132, 0]]
[63, [198, 214, 214, 126, 54, 0]]
[64, [144, 176, 176, 126, 0, 0]]
[65, [192, 192, 192, 126, 0, 0]]
[66, [192, 208, 208, 126, 0, 0]]
[67, [192, 224, 224, 126, 0, 0]]
[68, [240, 240, 240, 126, 0, 0]]
[69, [240, 256, 256, 126, 0, 0]]
[70, [240, 272, 272, 126, 0, 0]]
[71, [288, 288, 288, 126, 0, 0]]
[72, [288, 304, 304, 126, 0, 0]]
[73, [288, 320, 320, 126, 0, 0]]
[74, [336, 336, 336, 126, 0, 0]]
[75, [336, 352, 352, 126, 0, 0]]
[76, [336, 368, 368, 126, 0, 0]]
[77, [384, 384, 384, 126, 0, 0]]
[78, [384, 400, 400, 126, 0, 0]]
[79, [384, 416, 416, 441, 0, 0]]
[80, [432, 432, 432, 153, 288, 0]]
[81, [354, 370, 370, 9, 354, 0]]
[82, [276, 308, 308, 9, 276, 0]]
[83, [246, 246, 246, 9, 198, 0]]
[84, [168, 184, 184, 9, 120, 0]]
[85, [140, 172, 172, 9, 42, 50]]
[86, [188, 188, 188, 9, 0, 92]]
[87, [188, 204, 204, 9, 0, 92]]
[88, [110, 142, 142, 9, 0, 14]]
[89, [144, 144, 144, 9, 0, 0]]
[90, [144, 160, 160, 9, 0, 0]]
[91, [144, 176, 176, 9, 0, 0]]
[92, [192, 192, 192, 9, 0, 0]]
[93, [192, 208, 208, 9, 0, 0]]
[94, [192, 224, 224, 9, 0, 0]]
[95, [240, 240, 240, 9, 0, 0]]
[96, [240, 256, 256, 9, 0, 0]]
[97, [240, 272, 272, 9, 0, 0]]
[98, [288, 288, 288, 9, 0, 0]]
[99, [288, 304, 304, 324, 0, 0]]
[100, [288, 320, 320, 36, 288, 0]]
[101, [258, 258, 258, 36, 210, 0]]
[102, [180, 196, 196, 36, 132, 0]]
[103, [102, 134, 134, 36, 54, 0]]
[104, [96, 96, 96, 36, 0, 0]]
[105, [96, 112, 112, 36, 0, 0]]
[106, [96, 128, 128, 36, 0, 0]]
[107, [144, 144, 144, 36, 0, 0]]
[108, [144, 160, 160, 36, 0, 0]]
[109, [144, 176, 176, 36, 0, 0]]
[110, [192, 192, 192, 36, 0, 0]]
[111, [192, 208, 208, 36, 0, 0]]
[112, [192, 224, 224, 36, 0, 0]]
[113, [240, 240, 240, 36, 0, 0]]
[114, [240, 256, 256, 36, 0, 0]]
[115, [240, 272, 272, 36, 0, 0]]
[116, [288, 288, 288, 36, 0, 0]]
[117, [288, 304, 304, 36, 0, 0]]
[118, [288, 320, 320, 36, 0, 0]]
[119, [336, 336, 336, 351, 0, 0]]
[120, [336, 352, 352, 78, 288, 0]]
[121, [258, 290, 290, 78, 210, 0]]
[122, [254, 254, 254, 78, 132, 26]]
[123, [254, 270, 270, 78, 54, 104]]
[124, [252, 284, 284, 78, 0, 156]]
[125, [300, 300, 300, 78, 0, 156]]
[126, [300, 316, 316, 78, 0, 156]]
[127, [300, 332, 332, 78, 0, 156]]
[128, [324, 324, 324, 78, 0, 132]]
[129, [306, 322, 322, 78, 0, 114]]
[130, [304, 336, 336, 78, 0, 112]]
[131, [348, 348, 348, 78, 0, 108]]
[132, [346, 362, 362, 78, 0, 106]]
[133, [346, 378, 378, 78, 0, 106]]
[134, [392, 392, 392, 78, 0, 104]]
[135, [388, 404, 404, 78, 0, 100]]
[136, [382, 414, 414, 78, 0, 94]]
[137, [426, 426, 426, 78, 0, 90]]
[138, [412, 428, 428, 78, 0, 76]]
[139, [388, 420, 420, 378, 0, 52]]
[140, [426, 426, 426, 105, 288, 42]]
[141, [420, 436, 436, 105, 210, 114]]
[142, [394, 426, 426, 105, 132, 166]]
[143, [418, 418, 418, 105, 54, 220]]
[144, [396, 412, 412, 105, 0, 252]]
[145, [374, 406, 406, 105, 0, 230]]
[146, [382, 382, 382, 105, 0, 190]]
[147, [354, 370, 370, 105, 0, 162]]
[148, [334, 366, 366, 105, 0, 142]]
[149, [348, 348, 348, 105, 0, 108]]
[150, [312, 328, 328, 105, 0, 72]]
[151, [282, 314, 314, 105, 0, 42]]
[152, [308, 308, 308, 105, 0, 20]]
[153, [288, 304, 304, 105, 0, 0]]
[154, [288, 320, 320, 105, 0, 0]]
[155, [336, 336, 336, 105, 0, 0]]
[156, [336, 352, 352, 105, 0, 0]]
[157, [336, 368, 368, 105, 0, 0]]
[158, [384, 384, 384, 105, 0, 0]]
[159, [384, 400, 400, 375, 0, 0]]
[160, [384, 416, 416, 117, 288, 0]]
[161, [354, 354, 354, 117, 210, 0]]
[162, [276, 292, 292, 117, 132, 0]]
[163, [198, 230, 230, 117, 54, 0]]
[164, [192, 192, 192, 117, 0, 0]]
[165, [192, 208, 208, 117, 0, 0]]
[166, [192, 224, 224, 117, 0, 0]]
[167, [240, 240, 240, 117, 0, 0]]
[168, [240, 256, 256, 117, 0, 0]]
[169, [240, 272, 272, 117, 0, 0]]
[170, [288, 288, 288, 117, 0, 0]]
[171, [288, 304, 304, 117, 0, 0]]
[172, [288, 320, 320, 117, 0, 0]]
[173, [336, 336, 336, 132, 0, 0]]
[174, [336, 352, 352, 132, 0, 0]]
[175, [336, 368, 368, 132, 0, 0]]
[176, [384, 384, 384, 132, 0, 0]]
[177, [384, 400, 400, 132, 0, 0]]
[178, [384, 416, 416, 132, 0, 0]]
[179, [432, 432, 432, 402, 0, 0]]
[180, [432, 448, 448, 144, 288, 0]]
[181, [354, 386, 386, 0, 354, 0]]
[182, [324, 324, 324, 0, 276, 0]]
[183, [246, 262, 262, 0, 198, 0]]
[184, [168, 200, 200, 0, 120, 0]]
[185, [188, 188, 188, 0, 42, 50]]
[186, [188, 204, 204, 0, 0, 92]]
[187, [188, 220, 220, 0, 0, 92]]
[188, [158, 158, 158, 0, 0, 14]]
[189, [144, 160, 160, 15, 0, 0]]
[190, [144, 176, 176, 15, 0, 0]]
[191, [192, 192, 192, 15, 0, 0]]
[192, [192, 208, 208, 15, 0, 0]]
[193, [192, 224, 224, 30, 0, 0]]
[194, [240, 240, 240, 30, 0, 0]]
[195, [240, 256, 256, 30, 0, 0]]
[196, [240, 272, 272, 30, 0, 0]]
[197, [288, 288, 288, 30, 0, 0]]
[198, [288, 304, 304, 30, 0, 0]]
[199, [288, 320, 320, 300, 0, 0]]
[200, [336, 336, 336, 42, 288, 0]]
[201, [258, 274, 274, 42, 210, 0]]
[202, [180, 212, 212, 42, 132, 0]]
[203, [150, 150, 150, 42, 54, 0]]
[204, [96, 112, 112, 42, 0, 0]]
[205, [96, 128, 128, 42, 0, 0]]
[206, [144, 144, 144, 42, 0, 0]]
[207, [144, 160, 160, 42, 0, 0]]
[208, [144, 176, 176, 42, 0, 0]]
[209, [192, 192, 192, 57, 0, 0]]
[210, [192, 208, 208, 57, 0, 0]]
[211, [192, 224, 224, 57, 0, 0]]
[212, [240, 240, 240, 57, 0, 0]]
[213, [240, 256, 256, 72, 0, 0]]
[214, [240, 272, 272, 72, 0, 0]]
[215, [288, 288, 288, 72, 0, 0]]
[216, [288, 304, 304, 72, 0, 0]]
[217, [288, 320, 320, 72, 0, 0]]
[218, [336, 336, 336, 72, 0, 0]]
[219, [336, 352, 352, 312, 0, 0]]
[220, [336, 368, 368, 54, 288, 0]]
[221, [306, 306, 306, 54, 210, 0]]
[222, [228, 244, 244, 54, 132, 0]]
[223, [150, 182, 182, 54, 54, 0]]
[224, [144, 144, 144, 69, 0, 0]]
[225, [144, 160, 160, 69, 0, 0]]
[226, [144, 176, 176, 69, 0, 0]]
[227, [192, 192, 192, 84, 0, 0]]
[228, [192, 208, 208, 84, 0, 0]]
[229, [192, 224, 224, 99, 0, 0]]
[230, [240, 240, 240, 99, 0, 0]]
[231, [240, 256, 256, 99, 0, 0]]
[232, [240, 272, 272, 99, 0, 0]]
[233, [288, 288, 288, 114, 0, 0]]
[234, [288, 304, 304, 114, 0, 0]]
[235, [288, 320, 320, 114, 0, 0]]
[236, [336, 336, 336, 114, 0, 0]]
[237, [336, 352, 352, 114, 0, 0]]
[238, [336, 368, 368, 114, 0, 0]]
[239, [384, 384, 384, 354, 0, 0]]
[240, [384, 400, 400, 96, 288, 0]]
[241, [306, 338, 338, 96, 210, 0]]
[242, [276, 276, 276, 96, 132, 0]]
[243, [198, 214, 214, 96, 54, 0]]
[244, [144, 176, 176, 111, 0, 0]]
[245, [192, 192, 192, 111, 0, 0]]
[246, [192, 208, 208, 111, 0, 0]]
[247, [192, 224, 224, 126, 0, 0]]
[248, [240, 240, 240, 126, 0, 0]]
[249, [240, 256, 256, 141, 0, 0]]
[250, [240, 272, 272, 141, 0, 0]]
[251, [288, 288, 288, 141, 0, 0]]
[252, [288, 304, 304, 141, 0, 0]]
[253, [288, 320, 320, 156, 0, 0]]
[254, [336, 336, 336, 12, 144, 0]]
[255, [258, 274, 274, 12, 66, 0]]
[256, [192, 224, 224, 12, 0, 0]]
[257, [240, 240, 240, 12, 0, 0]]
[258, [240, 256, 256, 12, 0, 0]]
[259, [240, 272, 272, 252, 0, 0]]
[260, [288, 288, 288, 138, 144, 0]]
[261, [210, 226, 226, 138, 66, 0]]
[262, [144, 176, 176, 138, 0, 0]]
[263, [192, 192, 192, 138, 0, 0]]
[264, [192, 208, 208, 153, 0, 0]]
[265, [192, 224, 224, 9, 144, 0]]
[266, [166, 166, 166, 9, 66, 4]]
[267, [162, 178, 178, 24, 0, 66]]
[268, [110, 142, 142, 24, 0, 14]]
[269, [144, 144, 144, 39, 0, 0]]
[270, [144, 160, 160, 39, 0, 0]]
[271, [144, 176, 176, 39, 0, 0]]
[272, [192, 192, 192, 39, 0, 0]]
[273, [192, 208, 208, 54, 0, 0]]
[274, [192, 224, 224, 54, 0, 0]]
[275, [240, 240, 240, 54, 0, 0]]
[276, [240, 256, 256, 54, 0, 0]]
[277, [240, 272, 272, 54, 0, 0]]
[278, [288, 288, 288, 54, 0, 0]]
[279, [288, 304, 304, 249, 0, 0]]
[280, [288, 320, 320, 150, 144, 0]]
[281, [258, 258, 258, 6, 210, 0]]
[282, [242, 258, 258, 6, 132, 62]]
[283, [238, 270, 270, 6, 54, 136]]
[284, [280, 280, 280, 36, 0, 184]]
[285, [278, 294, 294, 36, 0, 182]]
[286, [278, 310, 310, 36, 0, 182]]
[287, [326, 326, 326, 51, 0, 182]]
[288, [268, 284, 284, 51, 0, 124]]
[289, [252, 284, 284, 66, 0, 108]]
[290, [294, 294, 294, 66, 0, 102]]
[291, [274, 290, 290, 66, 0, 82]]
[292, [256, 288, 288, 81, 0, 64]]
[293, [300, 300, 300, 96, 0, 60]]
[294, [288, 304, 304, 96, 0, 48]]
[295, [240, 272, 272, 96, 0, 0]]
[296, [288, 288, 288, 96, 0, 0]]
[297, [288, 304, 304, 96, 0, 0]]
[298, [288, 320, 320, 96, 0, 0]]
[299, [336, 336, 336, 291, 0, 0]]
[300, [336, 352, 352, 48, 288, 0]]
[301, [258, 290, 290, 48, 210, 0]]
[302, [228, 228, 228, 48, 132, 0]]
[303, [168, 184, 184, 48, 54, 18]]
[304, [140, 172, 172, 78, 0, 44]]
[305, [176, 176, 176, 78, 0, 32]]
[306, [160, 176, 176, 78, 0, 16]]
[307, [154, 186, 186, 93, 0, 10]]
[308, [192, 192, 192, 93, 0, 0]]
[309, [192, 208, 208, 108, 0, 0]]
[310, [192, 224, 224, 108, 0, 0]]
[311, [240, 240, 240, 108, 0, 0]]
[312, [240, 256, 256, 123, 0, 0]]
[313, [240, 272, 272, 138, 0, 0]]
[314, [288, 288, 288, 138, 0, 0]]
[315, [288, 304, 304, 138, 0, 0]]
[316, [288, 320, 320, 138, 0, 0]]
[317, [336, 336, 336, 138, 0, 0]]
[318, [336, 352, 352, 138, 0, 0]]
[319, [336, 368, 368, 318, 0, 0]]
[320, [384, 384, 384, 90, 288, 0]]
[321, [306, 322, 322, 90, 210, 0]]
[322, [228, 260, 260, 90, 132, 0]]
[323, [198, 198, 198, 90, 54, 0]]
[324, [144, 160, 160, 120, 0, 0]]
[325, [144, 176, 176, 120, 0, 0]]
[326, [192, 192, 192, 120, 0, 0]]
[327, [192, 208, 208, 135, 0, 0]]
[328, [192, 224, 224, 135, 0, 0]]
[329, [240, 240, 240, 150, 0, 0]]
[330, [240, 256, 256, 6, 144, 0]]
[331, [162, 194, 194, 6, 66, 0]]
[332, [144, 144, 144, 21, 0, 0]]
[333, [144, 160, 160, 36, 0, 0]]
[334, [144, 176, 176, 36, 0, 0]]
[335, [192, 192, 192, 36, 0, 0]]
[336, [192, 208, 208, 36, 0, 0]]
[337, [192, 224, 224, 36, 0, 0]]
[338, [240, 240, 240, 36, 0, 0]]
[339, [240, 256, 256, 216, 0, 0]]
[340, [240, 272, 272, 132, 144, 0]]
[341, [210, 210, 210, 132, 66, 0]]
[342, [144, 160, 160, 132, 0, 0]]
[343, [144, 176, 176, 132, 0, 0]]
[344, [192, 192, 192, 162, 0, 0]]
[345, [192, 208, 208, 18, 144, 0]]
[346, [114, 146, 146, 18, 66, 0]]
[347, [96, 96, 96, 33, 0, 0]]
[348, [96, 112, 112, 33, 0, 0]]
[349, [96, 128, 128, 48, 0, 0]]
[350, [144, 144, 144, 48, 0, 0]]
[351, [144, 160, 160, 48, 0, 0]]
[352, [144, 176, 176, 63, 0, 0]]
[353, [192, 192, 192, 78, 0, 0]]
[354, [192, 208, 208, 78, 0, 0]]
[355, [192, 224, 224, 78, 0, 0]]
[356, [240, 240, 240, 78, 0, 0]]
[357, [240, 256, 256, 78, 0, 0]]
[358, [240, 272, 272, 78, 0, 0]]
[359, [288, 288, 288, 258, 0, 0]]
[360, [288, 304, 304, 159, 144, 0]]
[361, [210, 242, 242, 15, 210, 0]]
[362, [180, 180, 180, 15, 132, 0]]
[363, [102, 118, 118, 15, 54, 0]]
[364, [48, 80, 80, 30, 0, 0]]
[365, [96, 96, 96, 30, 0, 0]]
[366, [96, 112, 112, 30, 0, 0]]
[367, [96, 128, 128, 45, 0, 0]]
[368, [144, 144, 144, 45, 0, 0]]
[369, [144, 160, 160, 60, 0, 0]]
[370, [144, 176, 176, 60, 0, 0]]
[371, [192, 192, 192, 60, 0, 0]]
[372, [192, 208, 208, 75, 0, 0]]
[373, [192, 224, 224, 90, 0, 0]]
[374, [240, 240, 240, 90, 0, 0]]
[375, [240, 256, 256, 90, 0, 0]]
[376, [240, 272, 272, 120, 0, 0]]
[377, [288, 288, 288, 120, 0, 0]]
[378, [288, 304, 304, 120, 0, 0]]
[379, [288, 320, 320, 300, 0, 0]]
[380, [336, 336, 336, 57, 288, 0]]
[381, [258, 274, 274, 57, 210, 0]]
[382, [180, 212, 212, 57, 132, 0]]
[383, [150, 150, 150, 57, 54, 0]]
[384, [96, 112, 112, 72, 0, 0]]
[385, [96, 128, 128, 72, 0, 0]]
[386, [144, 144, 144, 72, 0, 0]]
[387, [144, 160, 160, 87, 0, 0]]
[388, [144, 176, 176, 87, 0, 0]]
[389, [192, 192, 192, 102, 0, 0]]
[390, [192, 208, 208, 102, 0, 0]]
[391, [192, 224, 224, 102, 0, 0]]
[392, [240, 240, 240, 117, 0, 0]]
[393, [240, 256, 256, 132, 0, 0]]
[394, [240, 272, 272, 132, 0, 0]]
[395, [288, 288, 288, 132, 0, 0]]
[396, [288, 304, 304, 162, 0, 0]]
[397, [288, 320, 320, 18, 144, 0]]
[398, [258, 258, 258, 18, 66, 0]]
[399, [192, 208, 208, 198, 0, 0]]
[400, [192, 224, 224, 99, 144, 0]]
[401, [162, 162, 162, 99, 66, 0]]
[402, [96, 112, 112, 99, 0, 0]]
[403, [96, 128, 128, 99, 0, 0]]
[404, [144, 144, 144, 114, 0, 0]]
[405, [144, 160, 160, 114, 0, 0]]
[406, [144, 176, 176, 114, 0, 0]]
[407, [192, 192, 192, 129, 0, 0]]
[408, [192, 208, 208, 129, 0, 0]]
[409, [192, 224, 224, 144, 0, 0]]
[410, [240, 240, 240, 0, 144, 0]]
[411, [162, 178, 178, 0, 66, 0]]
[412, [96, 128, 128, 15, 0, 0]]
[413, [144, 144, 144, 30, 0, 0]]
[414, [144, 160, 160, 30, 0, 0]]
[415, [144, 176, 176, 30, 0, 0]]
[416, [192, 192, 192, 60, 0, 0]]
[417, [192, 208, 208, 60, 0, 0]]
[418, [192, 224, 224, 60, 0, 0]]
[419, [240, 240, 240, 225, 0, 0]]
[420, [240, 256, 256, 126, 144, 0]]
[421, [162, 194, 194, 126, 66, 0]]
[422, [152, 152, 152, 126, 0, 8]]
[423, [152, 168, 168, 126, 0, 8]]
[424, [150, 182, 182, 141, 0, 6]]
[425, [192, 192, 192, 141, 0, 0]]
[426, [192, 208, 208, 141, 0, 0]]
[427, [192, 224, 224, 156, 0, 0]]
[428, [240, 240, 240, 12, 144, 0]]
[429, [162, 178, 178, 27, 66, 0]]
[430, [136, 168, 168, 27, 0, 40]]
[431, [180, 180, 180, 27, 0, 36]]
[432, [174, 190, 190, 42, 0, 30]]
[433, [172, 204, 204, 57, 0, 28]]
[434, [206, 206, 206, 57, 0, 14]]
[435, [192, 208, 208, 57, 0, 0]]
[436, [192, 224, 224, 87, 0, 0]]
[437, [240, 240, 240, 87, 0, 0]]
[438, [240, 256, 256, 87, 0, 0]]
[439, [240, 272, 272, 237, 0, 0]]
[440, [288, 288, 288, 138, 144, 0]]
[441, [210, 226, 226, 153, 66, 0]]
[442, [148, 180, 180, 9, 144, 4]]
[443, [194, 194, 194, 9, 66, 80]]
[444, [188, 204, 204, 24, 0, 140]]
[445, [182, 214, 214, 24, 0, 134]]
[446, [230, 230, 230, 24, 0, 134]]
[447, [200, 216, 216, 39, 0, 104]]
[448, [96, 128, 128, 39, 0, 0]]
[449, [144, 144, 144, 54, 0, 0]]
[450, [144, 160, 160, 54, 0, 0]]
[451, [144, 176, 176, 54, 0, 0]]
[452, [192, 192, 192, 69, 0, 0]]
[453, [192, 208, 208, 84, 0, 0]]
[454, [192, 224, 224, 84, 0, 0]]
[455, [240, 240, 240, 84, 0, 0]]
[456, [240, 256, 256, 114, 0, 0]]
[457, [240, 272, 272, 114, 0, 0]]
[458, [288, 288, 288, 129, 0, 0]]
[459, [288, 304, 304, 279, 0, 0]]
[460, [288, 320, 320, 180, 144, 0]]
[461, [258, 258, 258, 51, 210, 0]]
[462, [180, 196, 196, 51, 132, 0]]
[463, [102, 134, 134, 51, 54, 0]]
[464, [118, 118, 118, 66, 0, 22]]
[465, [96, 112, 112, 66, 0, 0]]
[466, [96, 128, 128, 66, 0, 0]]
[467, [144, 144, 144, 81, 0, 0]]
[468, [144, 160, 160, 81, 0, 0]]
[469, [144, 176, 176, 81, 0, 0]]
[470, [192, 192, 192, 81, 0, 0]]
[471, [192, 208, 208, 81, 0, 0]]
[472, [192, 224, 224, 96, 0, 0]]
[473, [240, 240, 240, 111, 0, 0]]
[474, [240, 256, 256, 111, 0, 0]]
[475, [240, 272, 272, 126, 0, 0]]
[476, [288, 288, 288, 141, 0, 0]]
[477, [288, 304, 304, 141, 0, 0]]
[478, [288, 320, 320, 156, 0, 0]]
[479, [336, 336, 336, 162, 144, 0]]
[480, [258, 274, 274, 63, 210, 0]]
[481, [180, 212, 212, 78, 132, 0]]
[482, [150, 150, 150, 78, 54, 0]]
[483, [96, 112, 112, 78, 0, 0]]
[484, [96, 128, 128, 93, 0, 0]]
[485, [144, 144, 144, 108, 0, 0]]
[486, [144, 160, 160, 108, 0, 0]]
[487, [144, 176, 176, 123, 0, 0]]
[488, [192, 192, 192, 123, 0, 0]]
[489, [192, 208, 208, 123, 0, 0]]
[490, [192, 224, 224, 123, 0, 0]]
[491, [240, 240, 240, 123, 0, 0]]
[492, [240, 256, 256, 138, 0, 0]]
[493, [240, 272, 272, 153, 0, 0]]
[494, [288, 288, 288, 9, 144, 0]]
[495, [210, 226, 226, 9, 66, 0]]
[496, [144, 176, 176, 24, 0, 0]]
[497, [192, 192, 192, 24, 0, 0]]
[498, [192, 208, 208, 39, 0, 0]]
[499, [192, 224, 224, 159, 0, 0]]
[500, [240, 240, 240, 60, 144, 0]]
[501, [162, 178, 178, 75, 66, 0]]
[502, [96, 128, 128, 75, 0, 0]]
[503, [144, 144, 144, 75, 0, 0]]
[504, [144, 160, 160, 90, 0, 0]]
[505, [144, 176, 176, 105, 0, 0]]
[506, [192, 192, 192, 120, 0, 0]]
[507, [192, 208, 208, 135, 0, 0]]
[508, [192, 224, 224, 135, 0, 0]]
[509, [240, 240, 240, 150, 0, 0]]
[510, [240, 256, 256, 6, 144, 0]]
[511, [162, 194, 194, 6, 66, 0]]
[512, [144, 144, 144, 21, 0, 0]]
[513, [144, 160, 160, 36, 0, 0]]
[514, [144, 176, 176, 36, 0, 0]]
[515, [192, 192, 192, 36, 0, 0]]
[516, [192, 208, 208, 66, 0, 0]]
[517, [192, 224, 224, 66, 0, 0]]
[518, [240, 240, 240, 81, 0, 0]]
[519, [240, 256, 256, 186, 0, 0]]
[520, [240, 272, 272, 87, 144, 0]]
[521, [210, 210, 210, 102, 66, 0]]
[522, [144, 160, 160, 102, 0, 0]]
[523, [144, 176, 176, 117, 0, 0]]
[524, [192, 192, 192, 117, 0, 0]]
[525, [192, 208, 208, 132, 0, 0]]
[526, [192, 224, 224, 147, 0, 0]]
[527, [240, 240, 240, 18, 144, 0]]
[528, [162, 178, 178, 18, 66, 0]]
[529, [96, 128, 128, 33, 0, 0]]
[530, [144, 144, 144, 33, 0, 0]]
[531, [144, 160, 160, 33, 0, 0]]
[532, [144, 176, 176, 48, 0, 0]]
[533, [192, 192, 192, 63, 0, 0]]
[534, [192, 208, 208, 63, 0, 0]]
[535, [192, 224, 224, 78, 0, 0]]
[536, [240, 240, 240, 108, 0, 0]]
[537, [240, 256, 256, 108, 0, 0]]
[538, [240, 272, 272, 123, 0, 0]]
[539, [288, 288, 288, 228, 0, 0]]
[540, [288, 304, 304, 129, 144, 0]]
[541, [210, 242, 242, 144, 66, 0]]
[542, [192, 192, 192, 0, 144, 0]]
[543, [114, 130, 130, 15, 66, 0]]
[544, [48, 80, 80, 15, 0, 0]]
[545, [96, 96, 96, 30, 0, 0]]
[546, [96, 112, 112, 45, 0, 0]]
[547, [96, 128, 128, 60, 0, 0]]
[548, [144, 144, 144, 60, 0, 0]]
[549, [144, 160, 160, 75, 0, 0]]
[550, [144, 176, 176, 75, 0, 0]]
[551, [192, 192, 192, 75, 0, 0]]
[552, [192, 208, 208, 90, 0, 0]]
[553, [192, 224, 224, 90, 0, 0]]
[554, [240, 240, 240, 90, 0, 0]]
[555, [240, 256, 256, 105, 0, 0]]
[556, [240, 272, 272, 135, 0, 0]]
[557, [288, 288, 288, 135, 0, 0]]
[558, [288, 304, 304, 150, 0, 0]]
[559, [288, 320, 320, 111, 144, 0]]
[560, [258, 258, 258, 141, 66, 0]]
[561, [192, 208, 208, 156, 0, 0]]
[562, [192, 224, 224, 27, 144, 0]]
[563, [188, 188, 188, 42, 66, 26]]
[564, [186, 202, 202, 42, 0, 90]]
[565, [182, 214, 214, 57, 0, 86]]
[566, [230, 230, 230, 72, 0, 86]]
[567, [162, 178, 178, 87, 0, 18]]
[568, [144, 176, 176, 87, 0, 0]]
[569, [192, 192, 192, 102, 0, 0]]
[570, [192, 208, 208, 102, 0, 0]]
[571, [192, 224, 224, 102, 0, 0]]
[572, [240, 240, 240, 132, 0, 0]]
[573, [240, 256, 256, 132, 0, 0]]
[574, [240, 272, 272, 132, 0, 0]]
[575, [288, 288, 288, 147, 0, 0]]
[576, [288, 304, 304, 33, 144, 0]]
[577, [210, 242, 242, 33, 66, 0]]
[578, [214, 214, 214, 48, 0, 22]]
[579, [206, 222, 222, 153, 0, 14]]
[580, [192, 224, 224, 39, 144, 0]]
[581, [234, 234, 234, 54, 66, 72]]
[582, [228, 244, 244, 69, 0, 132]]
[583, [210, 242, 242, 84, 0, 114]]
[584, [188, 188, 188, 84, 0, 44]]
[585, [164, 180, 180, 99, 0, 20]]
[586, [152, 184, 184, 114, 0, 8]]
[587, [192, 192, 192, 114, 0, 0]]
[588, [192, 208, 208, 114, 0, 0]]
[589, [192, 224, 224, 129, 0, 0]]
[590, [240, 240, 240, 129, 0, 0]]
[591, [240, 256, 256, 129, 0, 0]]
[592, [240, 272, 272, 174, 0, 0]]
[593, [288, 288, 288, 30, 144, 0]]
[594, [210, 226, 226, 30, 66, 0]]
[595, [144, 176, 176, 30, 0, 0]]
[596, [192, 192, 192, 60, 0, 0]]
[597, [192, 208, 208, 60, 0, 0]]
[598, [192, 224, 224, 75, 0, 0]]
[599, [240, 240, 240, 180, 0, 0]]
[600, [240, 256, 256, 66, 144, 0]]
[601, [162, 194, 194, 81, 66, 0]]
[602, [144, 144, 144, 96, 0, 0]]
[603, [144, 160, 160, 111, 0, 0]]
[604, [144, 176, 176, 111, 0, 0]]
[605, [192, 192, 192, 126, 0, 0]]
[606, [192, 208, 208, 141, 0, 0]]
[607, [192, 224, 224, 141, 0, 0]]
[608, [240, 240, 240, 141, 0, 0]]
[609, [240, 256, 256, 156, 0, 0]]
[610, [240, 272, 272, 27, 144, 0]]
[611, [210, 210, 210, 27, 66, 0]]
[612, [144, 160, 160, 72, 0, 0]]
[613, [144, 176, 176, 72, 0, 0]]
[614, [192, 192, 192, 72, 0, 0]]
[615, [192, 208, 208, 72, 0, 0]]
[616, [192, 224, 224, 102, 0, 0]]
[617, [240, 240, 240, 102, 0, 0]]
[618, [240, 256, 256, 117, 0, 0]]
[619, [240, 272, 272, 222, 0, 0]]
[620, [288, 288, 288, 108, 144, 0]]
[621, [210, 226, 226, 123, 66, 0]]
[622, [144, 176, 176, 138, 0, 0]]
[623, [192, 192, 192, 153, 0, 0]]
[624, [192, 208, 208, 9, 144, 0]]
[625, [114, 146, 146, 24, 66, 0]]
[626, [96, 96, 96, 39, 0, 0]]
[627, [96, 112, 112, 39, 0, 0]]
[628, [96, 128, 128, 39, 0, 0]]
[629, [144, 144, 144, 54, 0, 0]]
[630, [144, 160, 160, 69, 0, 0]]
[631, [144, 176, 176, 69, 0, 0]]
[632, [192, 192, 192, 114, 0, 0]]
[633, [192, 208, 208, 114, 0, 0]]
[634, [192, 224, 224, 114, 0, 0]]
[635, [240, 240, 240, 114, 0, 0]]
[636, [240, 256, 256, 144, 0, 0]]
[637, [240, 272, 272, 0, 144, 0]]
[638, [210, 210, 210, 15, 66, 0]]
[639, [144, 160, 160, 120, 0, 0]]
[640, [144, 176, 176, 150, 0, 0]]
[641, [192, 192, 192, 21, 144, 0]]
[642, [114, 130, 130, 36, 66, 0]]
[643, [48, 80, 80, 51, 0, 0]]
[644, [96, 96, 96, 51, 0, 0]]
[645, [96, 112, 112, 66, 0, 0]]
[646, [96, 128, 128, 81, 0, 0]]
[647, [144, 144, 144, 81, 0, 0]]
[648, [144, 160, 160, 81, 0, 0]]
[649, [144, 176, 176, 96, 0, 0]]
[650, [192, 192, 192, 111, 0, 0]]
[651, [192, 208, 208, 111, 0, 0]]
[652, [192, 224, 224, 156, 0, 0]]
[653, [240, 240, 240, 12, 144, 0]]
[654, [162, 178, 178, 12, 66, 0]]
[655, [96, 128, 128, 12, 0, 0]]
[656, [144, 144, 144, 42, 0, 0]]
[657, [144, 160, 160, 42, 0, 0]]
[658, [144, 176, 176, 42, 0, 0]]
[659, [192, 192, 192, 162, 0, 0]]
[660, [192, 208, 208, 48, 144, 0]]
[661, [114, 146, 146, 63, 66, 0]]
[662, [96, 96, 96, 78, 0, 0]]
[663, [96, 112, 112, 93, 0, 0]]
[664, [96, 128, 128, 93, 0, 0]]
[665, [144, 144, 144, 108, 0, 0]]
[666, [144, 160, 160, 123, 0, 0]]
[667, [144, 176, 176, 123, 0, 0]]
[668, [192, 192, 192, 123, 0, 0]]
[669, [192, 208, 208, 138, 0, 0]]
[670, [192, 224, 224, 153, 0, 0]]
[671, [240, 240, 240, 9, 144, 0]]
[672, [162, 178, 178, 54, 66, 0]]
[673, [96, 128, 128, 54, 0, 0]]
[674, [144, 144, 144, 54, 0, 0]]
[675, [144, 160, 160, 54, 0, 0]]
[676, [144, 176, 176, 84, 0, 0]]
[677, [192, 192, 192, 84, 0, 0]]
[678, [192, 208, 208, 84, 0, 0]]
[679, [192, 224, 224, 204, 0, 0]]
[680, [240, 240, 240, 90, 144, 0]]
[681, [162, 178, 178, 105, 66, 0]]
[682, [96, 128, 128, 120, 0, 0]]
[683, [144, 144, 144, 120, 0, 0]]
[684, [144, 160, 160, 120, 0, 0]]
[685, [144, 176, 176, 135, 0, 0]]
[686, [192, 192, 192, 150, 0, 0]]
[687, [192, 208, 208, 6, 144, 0]]
[688, [114, 146, 146, 6, 66, 0]]
[689, [96, 96, 96, 21, 0, 0]]
[690, [96, 112, 112, 36, 0, 0]]
[691, [96, 128, 128, 36, 0, 0]]
[692, [144, 144, 144, 81, 0, 0]]
[693, [144, 160, 160, 81, 0, 0]]
[694, [144, 176, 176, 81, 0, 0]]
[695, [192, 192, 192, 81, 0, 0]]
[696, [192, 208, 208, 126, 0, 0]]
[697, [192, 224, 224, 126, 0, 0]]
[698, [240, 240, 240, 126, 0, 0]]
[699, [240, 256, 256, 246, 0, 0]]
[700, [240, 272, 272, 132, 144, 0]]
[701, [210, 210, 210, 147, 66, 0]]
[702, [144, 160, 160, 18, 144, 0]]
[703, [66, 98, 98, 18, 66, 0]]
[704, [48, 48, 48, 18, 0, 0]]
[705, [48, 64, 64, 33, 0, 0]]
[706, [48, 80, 80, 48, 0, 0]]
[707, [96, 96, 96, 48, 0, 0]]
[708, [96, 112, 112, 48, 0, 0]]
[709, [96, 128, 128, 63, 0, 0]]
[710, [144, 144, 144, 78, 0, 0]]
[711, [144, 160, 160, 78, 0, 0]]
[712, [144, 176, 176, 123, 0, 0]]
[713, [192, 192, 192, 123, 0, 0]]
[714, [192, 208, 208, 123, 0, 0]]
[715, [192, 224, 224, 123, 0, 0]]
[716, [240, 240, 240, 168, 0, 0]]
[717, [240, 256, 256, 24, 144, 0]]
[718, [162, 194, 194, 24, 66, 0]]
[719, [144, 144, 144, 144, 0, 0]]
[720, [144, 160, 160, 30, 144, 0]]
[721, [66, 98, 98, 45, 66, 0]]
[722, [48, 48, 48, 60, 0, 0]]
[723, [48, 64, 64, 60, 0, 0]]
[724, [48, 80, 80, 60, 0, 0]]
[725, [96, 96, 96, 75, 0, 0]]
[726, [96, 112, 112, 90, 0, 0]]
[727, [96, 128, 128, 90, 0, 0]]
[728, [144, 144, 144, 90, 0, 0]]
[729, [144, 160, 160, 105, 0, 0]]
[730, [144, 176, 176, 120, 0, 0]]
[731, [192, 192, 192, 120, 0, 0]]
[732, [192, 208, 208, 165, 0, 0]]
[733, [192, 224, 224, 21, 144, 0]]
[734, [162, 162, 162, 21, 66, 0]]
[735, [96, 112, 112, 21, 0, 0]]
[736, [96, 128, 128, 66, 0, 0]]
[737, [144, 144, 144, 66, 0, 0]]
[738, [144, 160, 160, 66, 0, 0]]
[739, [144, 176, 176, 186, 0, 0]]
[740, [192, 192, 192, 72, 144, 0]]
[741, [114, 130, 130, 87, 66, 0]]
[742, [48, 80, 80, 102, 0, 0]]
[743, [96, 96, 96, 102, 0, 0]]
[744, [96, 112, 112, 102, 0, 0]]
[745, [96, 128, 128, 117, 0, 0]]
[746, [144, 144, 144, 132, 0, 0]]
[747, [144, 160, 160, 132, 0, 0]]
[748, [144, 176, 176, 132, 0, 0]]
[749, [192, 192, 192, 147, 0, 0]]
[750, [192, 208, 208, 18, 144, 0]]
[751, [114, 146, 146, 18, 66, 0]]
[752, [96, 96, 96, 63, 0, 0]]
[753, [96, 112, 112, 63, 0, 0]]
[754, [96, 128, 128, 63, 0, 0]]
[755, [144, 144, 144, 63, 0, 0]]
[756, [144, 160, 160, 93, 0, 0]]
[757, [144, 176, 176, 108, 0, 0]]
[758, [192, 192, 192, 108, 0, 0]]
[759, [192, 208, 208, 228, 0, 0]]
[760, [192, 224, 224, 114, 144, 0]]
[761, [162, 162, 162, 129, 66, 0]]
[762, [96, 112, 112, 144, 0, 0]]
[763, [96, 128, 128, 0, 144, 0]]
[764, [66, 66, 66, 0, 66, 0]]
[765, [0, 16, 16, 15, 0, 0]]
[766, [0, 32, 32, 30, 0, 0]]
[767, [48, 48, 48, 30, 0, 0]]
[768, [48, 64, 64, 30, 0, 0]]
[769, [48, 80, 80, 45, 0, 0]]
[770, [96, 96, 96, 60, 0, 0]]
[771, [96, 112, 112, 60, 0, 0]]
[772, [96, 128, 128, 105, 0, 0]]
[773, [144, 144, 144, 105, 0, 0]]
[774, [144, 160, 160, 105, 0, 0]]
[775, [144, 176, 176, 105, 0, 0]]
[776, [192, 192, 192, 120, 0, 0]]
[777, [192, 208, 208, 135, 0, 0]]
[778, [192, 224, 224, 135, 0, 0]]
[779, [240, 240, 240, 240, 0, 0]]
[780, [240, 256, 256, 126, 144, 0]]
[781, [162, 194, 194, 141, 66, 0]]
[782, [144, 144, 144, 156, 0, 0]]
[783, [144, 160, 160, 27, 144, 0]]
[784, [66, 98, 98, 27, 66, 0]]
[785, [48, 48, 48, 42, 0, 0]]
[786, [48, 64, 64, 57, 0, 0]]
[787, [48, 80, 80, 57, 0, 0]]
[788, [96, 96, 96, 57, 0, 0]]
[789, [96, 112, 112, 72, 0, 0]]
[790, [96, 128, 128, 87, 0, 0]]
[791, [144, 144, 144, 87, 0, 0]]
[792, [144, 160, 160, 132, 0, 0]]
[793, [144, 176, 176, 132, 0, 0]]
[794, [192, 192, 192, 147, 0, 0]]
[795, [192, 208, 208, 3, 144, 0]]
[796, [114, 146, 146, 18, 66, 0]]
[797, [96, 96, 96, 33, 0, 0]]
[798, [96, 112, 112, 33, 0, 0]]
[799, [96, 128, 128, 138, 0, 0]]
[800, [144, 144, 144, 168, 0, 0]]
[801, [144, 160, 160, 39, 144, 0]]
[802, [66, 98, 98, 39, 66, 0]]
[803, [48, 48, 48, 54, 0, 0]]
[804, [48, 64, 64, 54, 0, 0]]
[805, [48, 80, 80, 69, 0, 0]]
[806, [96, 96, 96, 84, 0, 0]]
[807, [96, 112, 112, 84, 0, 0]]
[808, [96, 128, 128, 84, 0, 0]]
[809, [144, 144, 144, 99, 0, 0]]
[810, [144, 160, 160, 129, 0, 0]]
[811, [144, 176, 176, 129, 0, 0]]
[812, [192, 192, 192, 174, 0, 0]]
[813, [192, 208, 208, 30, 144, 0]]
[814, [114, 146, 146, 45, 66, 0]]
[815, [96, 96, 96, 45, 0, 0]]
[816, [96, 112, 112, 60, 0, 0]]
[817, [96, 128, 128, 75, 0, 0]]
[818, [144, 144, 144, 75, 0, 0]]
[819, [144, 160, 160, 180, 0, 0]]
[820, [144, 176, 176, 51, 144, 0]]
[821, [114, 114, 114, 66, 66, 0]]
[822, [48, 64, 64, 66, 0, 0]]
[823, [48, 80, 80, 81, 0, 0]]
[824, [96, 96, 96, 81, 0, 0]]
[825, [96, 112, 112, 111, 0, 0]]
[826, [96, 128, 128, 126, 0, 0]]
[827, [144, 144, 144, 126, 0, 0]]
[828, [144, 160, 160, 126, 0, 0]]
[829, [144, 176, 176, 141, 0, 0]]
[830, [192, 192, 192, 171, 0, 0]]
[831, [192, 208, 208, 27, 144, 0]]
[832, [114, 146, 146, 72, 66, 0]]
[833, [96, 96, 96, 72, 0, 0]]
[834, [96, 112, 112, 87, 0, 0]]
[835, [96, 128, 128, 87, 0, 0]]
[836, [144, 144, 144, 102, 0, 0]]
[837, [144, 160, 160, 117, 0, 0]]
[838, [144, 176, 176, 117, 0, 0]]
[839, [192, 192, 192, 207, 0, 0]]
[840, [192, 208, 208, 78, 144, 0]]
[841, [114, 146, 146, 93, 66, 0]]
[842, [96, 96, 96, 93, 0, 0]]
[843, [96, 112, 112, 123, 0, 0]]
[844, [96, 128, 128, 123, 0, 0]]
[845, [144, 144, 144, 138, 0, 0]]
[846, [144, 160, 160, 168, 0, 0]]
[847, [144, 176, 176, 24, 144, 0]]
[848, [114, 114, 114, 24, 66, 0]]
[849, [48, 64, 64, 39, 0, 0]]
[850, [48, 80, 80, 69, 0, 0]]
[851, [96, 96, 96, 69, 0, 0]]
[852, [96, 112, 112, 114, 0, 0]]
[853, [96, 128, 128, 114, 0, 0]]
[854, [144, 144, 144, 129, 0, 0]]
[855, [144, 160, 160, 129, 0, 0]]
[856, [144, 176, 176, 144, 0, 0]]
[857, [192, 192, 192, 15, 144, 0]]
[858, [114, 130, 130, 15, 66, 0]]
[859, [48, 80, 80, 105, 0, 0]]
[860, [96, 96, 96, 120, 0, 0]]
[861, [96, 112, 112, 120, 0, 0]]
[862, [96, 128, 128, 120, 0, 0]]
[863, [144, 144, 144, 150, 0, 0]]
[864, [144, 160, 160, 6, 144, 0]]
[865, [66, 98, 98, 21, 66, 0]]
[866, [48, 48, 48, 51, 0, 0]]
[867, [48, 64, 64, 51, 0, 0]]
[868, [48, 80, 80, 51, 0, 0]]
[869, [96, 96, 96, 66, 0, 0]]
[870, [96, 112, 112, 96, 0, 0]]
[871, [96, 128, 128, 96, 0, 0]]
[872, [144, 144, 144, 141, 0, 0]]
[873, [144, 160, 160, 141, 0, 0]]
[874, [144, 176, 176, 156, 0, 0]]
[875, [192, 192, 192, 12, 144, 0]]
[876, [114, 130, 130, 27, 66, 0]]
[877, [48, 80, 80, 57, 0, 0]]
[878, [96, 96, 96, 57, 0, 0]]
[879, [96, 112, 112, 147, 0, 0]]
[880, [96, 128, 128, 18, 144, 0]]
[881, [66, 66, 66, 18, 66, 0]]
[882, [0, 16, 16, 18, 0, 0]]
[883, [0, 32, 32, 48, 0, 0]]
[884, [48, 48, 48, 48, 0, 0]]
[885, [48, 64, 64, 63, 0, 0]]
[886, [48, 80, 80, 93, 0, 0]]
[887, [96, 96, 96, 93, 0, 0]]
[888, [96, 112, 112, 93, 0, 0]]
[889, [96, 128, 128, 108, 0, 0]]
[890, [144, 144, 144, 138, 0, 0]]
[891, [144, 160, 160, 138, 0, 0]]
[892, [144, 176, 176, 183, 0, 0]]
[893, [192, 192, 192, 39, 144, 0]]
[894, [114, 130, 130, 54, 66, 0]]
[895, [48, 80, 80, 54, 0, 0]]
[896, [96, 96, 96, 69, 0, 0]]
[897, [96, 112, 112, 99, 0, 0]]
[898, [96, 128, 128, 99, 0, 0]]
[899, [144, 144, 144, 189, 0, 0]]
[900, [144, 160, 160, 60, 144, 0]]
[901, [66, 98, 98, 60, 66, 0]]
[902, [48, 48, 48, 60, 0, 0]]
[903, [48, 64, 64, 90, 0, 0]]
[904, [48, 80, 80, 90, 0, 0]]
[905, [96, 96, 96, 105, 0, 0]]
[906, [96, 112, 112, 135, 0, 0]]
[907, [96, 128, 128, 135, 0, 0]]
[908, [144, 144, 144, 135, 0, 0]]
[909, [144, 160, 160, 150, 0, 0]]
[910, [144, 176, 176, 36, 144, 0]]
[911, [114, 114, 114, 36, 66, 0]]
[912, [48, 64, 64, 81, 0, 0]]
[913, [48, 80, 80, 81, 0, 0]]
[914, [96, 96, 96, 96, 0, 0]]
[915, [96, 112, 112, 96, 0, 0]]
[916, [96, 128, 128, 111, 0, 0]]
[917, [144, 144, 144, 141, 0, 0]]
[918, [144, 160, 160, 141, 0, 0]]
[919, [144, 176, 176, 231, 0, 0]]
[920, [192, 192, 192, 102, 144, 0]]
[921, [114, 130, 130, 102, 66, 0]]
[922, [48, 80, 80, 102, 0, 0]]
[923, [96, 96, 96, 132, 0, 0]]
[924, [96, 112, 112, 132, 0, 0]]
[925, [96, 128, 128, 147, 0, 0]]
[926, [144, 144, 144, 18, 144, 0]]
[927, [66, 82, 82, 18, 66, 0]]
[928, [0, 32, 32, 18, 0, 0]]
[929, [48, 48, 48, 33, 0, 0]]
[930, [48, 64, 64, 63, 0, 0]]
[931, [48, 80, 80, 63, 0, 0]]
[932, [96, 96, 96, 108, 0, 0]]
[933, [96, 112, 112, 108, 0, 0]]
[934, [96, 128, 128, 123, 0, 0]]
[935, [144, 144, 144, 123, 0, 0]]
[936, [144, 160, 160, 138, 0, 0]]
[937, [144, 176, 176, 168, 0, 0]]
[938, [192, 192, 192, 24, 144, 0]]
[939, [114, 130, 130, 99, 66, 0]]
[940, [48, 80, 80, 114, 0, 0]]
[941, [96, 96, 96, 114, 0, 0]]
[942, [96, 112, 112, 114, 0, 0]]
[943, [96, 128, 128, 144, 0, 0]]
[944, [144, 144, 144, 0, 144, 0]]
[945, [66, 82, 82, 15, 66, 0]]
[946, [0, 32, 32, 30, 0, 0]]
[947, [48, 48, 48, 30, 0, 0]]
[948, [48, 64, 64, 60, 0, 0]]
[949, [48, 80, 80, 75, 0, 0]]
[950, [96, 96, 96, 105, 0, 0]]
[951, [96, 112, 112, 105, 0, 0]]
[952, [96, 128, 128, 150, 0, 0]]
[953, [144, 144, 144, 6, 144, 0]]
[954, [66, 82, 82, 21, 66, 0]]
[955, [0, 32, 32, 21, 0, 0]]
[956, [48, 48, 48, 36, 0, 0]]
[957, [48, 64, 64, 51, 0, 0]]
[958, [48, 80, 80, 51, 0, 0]]
[959, [96, 96, 96, 111, 0, 0]]
