SimulationV011.py[0, 250]
[1, 120]
[2, 120]
[3, 228]
[4, 120]
[5, 120]
[6, 228]
[7, 120]
[8, 120]
[9, 228]
[10, 120]
[11, 120]
[12, 228]
[13, 120]
[14, 120]
[15, 228]
[16, 120]
[17, 120]
[18, 228]
[19, 120]
[20, 142]
[21, 228]
[22, 120]
[23, 120]
[24, 228]
[25, 120]
[26, 120]
[27, 228]
[28, 120]
[29, 120]
[30, 228]
[31, 120]
[32, 120]
[33, 228]
[34, 120]
[35, 120]
[36, 228]
[37, 120]
[38, 120]
[39, 228]
[40, 142]
[41, 120]
[42, 228]
[43, 120]
[44, 120]
[45, 228]
[46, 120]
[47, 120]
[48, 228]
[49, 120]
[50, 120]
[51, 228]
[52, 120]
[53, 120]
[54, 228]
[55, 120]
[56, 120]
[57, 228]
[58, 120]
[59, 120]
[60, 249]
[61, 120]
[62, 120]
[63, 228]
[64, 120]
[65, 120]
[66, 228]
[67, 120]
[68, 120]
[69, 228]
[70, 120]
[71, 120]
[72, 228]
[73, 120]
[74, 120]
[75, 228]
[76, 121]
[77, 120]
[78, 228]
[79, 120]
[80, 140]
[81, 228]
[82, 120]
[83, 120]
[84, 229]
[85, 120]
[86, 120]
[87, 228]
[88, 120]
[89, 120]
[90, 228]
[91, 120]
[92, 120]
[93, 228]
[94, 120]
[95, 120]
[96, 229]
[97, 120]
[98, 120]
[99, 228]
[100, 140]
[101, 120]
[102, 228]
[103, 120]
[104, 121]
[105, 228]
[106, 120]
[107, 120]
[108, 228]
[109, 120]
[110, 120]
[111, 228]
[112, 120]
[113, 120]
[114, 228]
[115, 120]
[116, 121]
[117, 228]
[118, 120]
[119, 120]
[120, 248]
[121, 120]
[122, 120]
[123, 228]
[124, 121]
[125, 120]
[126, 228]
[127, 120]
[128, 120]
[129, 228]
[130, 120]
[131, 120]
[132, 228]
[133, 120]
[134, 120]
[135, 228]
[136, 120]
[137, 120]
[138, 228]
[139, 120]
[140, 140]
[141, 228]
[142, 120]
[143, 120]
[144, 229]
[145, 120]
[146, 120]
[147, 228]
[148, 120]
[149, 120]
[150, 228]
[151, 120]
[152, 120]
[153, 228]
[154, 120]
[155, 120]
[156, 228]
[157, 120]
[158, 120]
[159, 229]
[160, 140]
[161, 120]
[162, 228]
[163, 120]
[164, 121]
[165, 228]
[166, 120]
[167, 120]
[168, 228]
[169, 120]
[170, 120]
[171, 228]
[172, 120]
[173, 120]
[174, 228]
[175, 120]
[176, 120]
[177, 228]
[178, 120]
[179, 121]
[180, 248]
[181, 120]
[182, 120]
[183, 228]
[184, 121]
[185, 120]
[186, 228]
[187, 120]
[188, 120]
[189, 228]
[190, 120]
[191, 120]
[192, 228]
[193, 120]
[194, 120]
[195, 228]
[196, 120]
[197, 120]
[198, 228]
[199, 121]
[200, 140]
[201, 228]
[202, 120]
[203, 120]
[204, 229]
[205, 120]
[206, 120]
[207, 228]
[208, 120]
[209, 120]
[210, 228]
[211, 120]
[212, 120]
[213, 218]
[214, 110]
[215, 110]
[216, 218]
[217, 110]
[218, 110]
[219, 219]
[220, 129]
[221, 110]
[222, 218]
[223, 110]
[224, 111]
[225, 218]
[226, 110]
[227, 110]
[228, 218]
[229, 110]
[230, 111]
[231, 218]
[232, 110]
[233, 110]
[234, 228]
[235, 120]
[236, 120]
[237, 228]
[238, 120]
[239, 121]
[240, 247]
[241, 120]
[242, 120]
[243, 228]
[244, 121]
[245, 120]
[246, 228]
[247, 120]
[248, 120]
[249, 228]
[250, 121]
[251, 120]
[252, 228]
[253, 120]
[254, 120]
[255, 228]
[256, 120]
[257, 120]
[258, 228]
[259, 121]
[260, 139]
[261, 228]
[262, 120]
[263, 120]
[264, 229]
[265, 120]
[266, 120]
[267, 228]
[268, 120]
[269, 120]
[270, 229]
[271, 120]
[272, 120]
[273, 228]
[274, 120]
[275, 120]
[276, 228]
[277, 120]
[278, 120]
[279, 229]
[280, 139]
[281, 120]
[282, 228]
[283, 120]
[284, 121]
[285, 228]
[286, 120]
[287, 120]
[288, 228]
[289, 120]
[290, 121]
[291, 228]
[292, 120]
[293, 120]
[294, 228]
[295, 120]
[296, 120]
[297, 228]
[298, 120]
[299, 121]
[300, 245]
[301, 120]
[302, 120]
[303, 228]
[304, 122]
[305, 120]
[306, 228]
[307, 120]
[308, 120]
[309, 228]
[310, 121]
[311, 120]
[312, 228]
[313, 120]
[314, 120]
[315, 228]
[316, 120]
[317, 120]
[318, 228]
[319, 121]
[320, 137]
[321, 228]
[322, 121]
[323, 120]
[324, 229]
[325, 120]
[326, 120]
[327, 228]
[328, 120]
[329, 120]
[330, 229]
[331, 120]
[332, 120]
[333, 229]
[334, 120]
[335, 120]
[336, 219]
[337, 120]
[338, 120]
[339, 220]
[340, 137]
[341, 120]
[342, 220]
[343, 120]
[344, 121]
[345, 219]
[346, 120]
[347, 120]
[348, 219]
[349, 120]
[350, 121]
[351, 219]
[352, 120]
[353, 121]
[354, 219]
[355, 120]
[356, 129]
[357, 219]
[358, 120]
[359, 130]
[360, 235]
[361, 120]
[362, 130]
[363, 219]
[364, 121]
[365, 129]
[366, 219]
[367, 120]
[368, 130]
[369, 219]
[370, 121]
[371, 129]
[372, 219]
[373, 121]
[374, 129]
[375, 219]
[376, 120]
[377, 129]
[378, 219]
[379, 121]
[380, 144]
[381, 219]
[382, 121]
[383, 129]
[384, 220]
[385, 121]
[386, 129]
[387, 219]
[388, 121]
[389, 129]
[390, 220]
[391, 120]
[392, 129]
[393, 220]
[394, 120]
[395, 129]
[396, 219]
[397, 120]
[398, 129]
[399, 220]
[400, 135]
[401, 129]
[402, 220]
[403, 120]
[404, 130]
[405, 220]
[406, 120]
[407, 129]
[408, 220]
[409, 120]
[410, 130]
[411, 219]
[412, 120]
[413, 130]
[414, 219]
[415, 120]
[416, 129]
[417, 219]
[418, 120]
[419, 129]
[420, 235]
[421, 120]
[422, 130]
[423, 219]
[424, 121]
[425, 130]
[426, 219]
[427, 120]
[428, 130]
[429, 219]
[430, 121]
[431, 129]
[432, 219]
[433, 121]
[434, 129]
[435, 219]
[436, 120]
[437, 129]
[438, 219]
[439, 120]
[440, 145]
[441, 219]
[442, 120]
[443, 129]
[444, 220]
[445, 121]
[446, 129]
[447, 219]
[448, 121]
[449, 129]
[450, 220]
[451, 120]
[452, 129]
[453, 220]
[454, 120]
[455, 129]
[456, 219]
[457, 120]
[458, 129]
[459, 219]
[460, 136]
[461, 129]
[462, 219]
[463, 121]
[464, 130]
[465, 220]
[466, 120]
[467, 129]
[468, 220]
[469, 120]
[470, 130]
[471, 219]
[472, 120]
[473, 130]
[474, 219]
[475, 120]
[476, 129]
[477, 219]
[478, 120]
[479, 129]
[480, 234]
[481, 121]
[482, 129]
[483, 220]
[484, 121]
[485, 130]
[486, 219]
[487, 120]
[488, 130]
[489, 219]
[490, 121]
[491, 129]
[492, 219]
[493, 121]
[494, 129]
[495, 219]
[496, 120]
[497, 129]
[498, 219]
[499, 120]
[500, 144]
[501, 220]
[502, 120]
[503, 130]
[504, 220]
[505, 121]
[506, 129]
[507, 219]
[508, 121]
[509, 129]
[510, 220]
[511, 120]
[512, 129]
[513, 219]
[514, 120]
[515, 129]
[516, 219]
[517, 120]
[518, 129]
[519, 219]
[520, 134]
[521, 130]
[522, 219]
[523, 121]
[524, 130]
[525, 220]
[526, 120]
[527, 129]
[528, 221]
[529, 120]
[530, 130]
[531, 219]
[532, 120]
[533, 129]
[534, 219]
[535, 120]
[536, 129]
[537, 219]
[538, 120]
[539, 129]
[540, 233]
[541, 121]
[542, 129]
[543, 220]
[544, 121]
[545, 130]
[546, 219]
[547, 120]
[548, 131]
[549, 219]
[550, 120]
[551, 129]
[552, 219]
[553, 121]
[554, 129]
[555, 219]
[556, 120]
[557, 129]
[558, 219]
[559, 120]
[560, 142]
[561, 220]
[562, 120]
[563, 131]
[564, 220]
[565, 121]
[566, 129]
[567, 219]
[568, 122]
[569, 129]
[570, 219]
[571, 120]
[572, 129]
[573, 220]
[574, 120]
[575, 129]
[576, 219]
[577, 120]
[578, 129]
[579, 219]
[580, 132]
[581, 130]
[582, 219]
[583, 122]
[584, 130]
[585, 220]
[586, 121]
[587, 129]
[588, 221]
[589, 120]
[590, 129]
[591, 219]
[592, 120]
[593, 130]
[594, 219]
[595, 120]
[596, 129]
[597, 219]
[598, 120]
[599, 129]
[600, 231]
[601, 121]
[602, 129]
[603, 222]
[604, 121]
[605, 130]
[606, 220]
[607, 120]
[608, 131]
[609, 219]
[610, 120]
[611, 129]
[612, 219]
[613, 121]
[614, 129]
[615, 219]
[616, 120]
[617, 129]
[618, 219]
[619, 120]
[620, 140]
[621, 221]
[622, 120]
[623, 132]
[624, 220]
[625, 121]
[626, 130]
[627, 219]
[628, 122]
[629, 129]
[630, 219]
[631, 120]
[632, 129]
[633, 220]
[634, 120]
[635, 129]
[636, 219]
[637, 120]
[638, 129]
[639, 219]
[640, 131]
[641, 131]
[642, 219]
[643, 123]
[644, 129]
[645, 220]
[646, 121]
[647, 129]
[648, 221]
[649, 120]
[650, 129]
[651, 219]
[652, 120]
[653, 130]
[654, 219]
[655, 120]
[656, 130]
[657, 219]
[658, 120]
[659, 129]
[660, 230]
[661, 122]
[662, 129]
[663, 222]
[664, 120]
[665, 130]
[666, 219]
[667, 120]
[668, 131]
[669, 219]
[670, 120]
[671, 129]
[672, 219]
[673, 121]
[674, 129]
[675, 219]
[676, 122]
[677, 129]
[678, 219]
[679, 120]
[680, 140]
[681, 221]
[682, 120]
[683, 132]
[684, 219]
[685, 121]
[686, 129]
[687, 219]
[688, 122]
[689, 129]
[690, 219]
[691, 120]
[692, 129]
[693, 220]
[694, 120]
[695, 129]
[696, 221]
[697, 120]
[698, 129]
[699, 219]
[700, 131]
[701, 131]
[702, 219]
[703, 123]
[704, 129]
[705, 220]
[706, 120]
[707, 129]
[708, 221]
[709, 120]
[710, 129]
[711, 219]
[712, 120]
[713, 130]
[714, 219]
[715, 120]
[716, 131]
[717, 219]
[718, 120]
[719, 129]
[720, 230]
[721, 121]
[722, 129]
[723, 222]
[724, 121]
[725, 130]
[726, 219]
[727, 120]
[728, 131]
[729, 219]
[730, 120]
[731, 129]
[732, 219]
[733, 121]
[734, 129]
[735, 219]
[736, 121]
[737, 129]
[738, 219]
[739, 120]
[740, 140]
[741, 220]
[742, 120]
[743, 132]
[744, 220]
[745, 121]
[746, 129]
[747, 219]
[748, 122]
[749, 129]
[750, 220]
[751, 120]
[752, 129]
[753, 220]
[754, 120]
[755, 129]
[756, 220]
[757, 120]
[758, 129]
[759, 219]
[760, 131]
[761, 130]
[762, 219]
[763, 123]
[764, 130]
[765, 220]
[766, 120]
[767, 129]
[768, 221]
[769, 120]
[770, 130]
[771, 219]
[772, 120]
[773, 130]
[774, 219]
[775, 120]
[776, 130]
[777, 219]
[778, 120]
[779, 129]
[780, 229]
[781, 121]
[782, 129]
[783, 222]
[784, 121]
[785, 130]
[786, 219]
[787, 121]
[788, 131]
[789, 219]
[790, 120]
[791, 129]
[792, 219]
[793, 121]
[794, 129]
[795, 219]
[796, 121]
[797, 129]
[798, 219]
[799, 120]
[800, 139]
[801, 220]
[802, 120]
[803, 131]
[804, 220]
[805, 122]
[806, 129]
[807, 220]
[808, 122]
[809, 129]
[810, 220]
[811, 120]
[812, 129]
[813, 220]
[814, 120]
[815, 129]
[816, 220]
[817, 120]
[818, 129]
[819, 219]
[820, 129]
[821, 130]
[822, 219]
[823, 122]
[824, 130]
[825, 220]
[826, 120]
[827, 130]
[828, 222]
[829, 121]
[830, 130]
[831, 219]
[832, 120]
[833, 130]
[834, 219]
[835, 120]
[836, 130]
[837, 219]
[838, 120]
[839, 129]
[840, 227]
[841, 121]
[842, 129]
[843, 221]
[844, 121]
[845, 130]
[846, 219]
[847, 121]
[848, 132]
[849, 220]
[850, 121]
[851, 129]
[852, 220]
[853, 121]
[854, 129]
[855, 219]
[856, 121]
[857, 129]
[858, 219]
[859, 120]
[860, 136]
[861, 220]
[862, 120]
[863, 131]
[864, 221]
[865, 120]
[866, 129]
[867, 219]
[868, 124]
[869, 130]
[870, 220]
[871, 120]
[872, 130]
[873, 220]
[874, 121]
[875, 129]
[876, 220]
[877, 120]
[878, 129]
[879, 219]
[880, 127]
[881, 130]
[882, 219]
[883, 122]
[884, 131]
[885, 219]
[886, 120]
[887, 129]
[888, 223]
[889, 121]
[890, 130]
[891, 219]
[892, 121]
[893, 130]
[894, 220]
[895, 120]
[896, 129]
[897, 219]
[898, 121]
[899, 129]
[900, 226]
[901, 121]
[902, 129]
[903, 221]
[904, 121]
[905, 129]
[906, 219]
[907, 120]
[908, 133]
[909, 220]
[910, 121]
[911, 129]
[912, 220]
[913, 122]
[914, 130]
[915, 219]
[916, 120]
[917, 129]
[918, 220]
[919, 120]
[920, 136]
[921, 220]
[922, 120]
[923, 131]
[924, 220]
[925, 120]
[926, 129]
[927, 219]
[928, 124]
[929, 129]
[930, 220]
[931, 120]
[932, 130]
[933, 221]
[934, 121]
[935, 129]
[936, 219]
[937, 120]
[938, 131]
[939, 219]
[940, 126]
[941, 130]
[942, 219]
[943, 122]
[944, 130]
[945, 219]
[946, 120]
[947, 129]
[948, 223]
[949, 120]
[950, 130]
[951, 219]
[952, 121]
[953, 131]
[954, 220]
[955, 120]
[956, 129]
[957, 219]
[958, 122]
[959, 129]
[960, 225]
[961, 121]
[962, 129]
[963, 222]
[964, 120]
[965, 129]
[966, 219]
[967, 120]
[968, 133]
[969, 219]
[970, 121]
[971, 129]
[972, 220]
[973, 122]
[974, 130]
[975, 220]
[976, 120]
[977, 129]
[978, 221]
[979, 120]
[980, 134]
[981, 220]
[982, 120]
[983, 133]
[984, 219]
[985, 120]
[986, 129]
[987, 219]
[988, 124]
[989, 129]
[990, 220]
[991, 120]
[992, 130]
[993, 221]
[994, 121]
[995, 130]
[996, 219]
[997, 120]
[998, 131]
[999, 219]
[1000, 125]
[1001, 130]
[1002, 219]
[1003, 124]
[1004, 129]
[1005, 219]
[1006, 120]
[1007, 129]
[1008, 223]
[1009, 120]
[1010, 130]
[1011, 219]
[1012, 121]
[1013, 131]
[1014, 220]
[1015, 121]
[1016, 129]
[1017, 219]
[1018, 122]
[1019, 129]
[1020, 224]
[1021, 121]
[1022, 129]
[1023, 223]
[1024, 120]
[1025, 129]
[1026, 219]
[1027, 120]
[1028, 133]
[1029, 219]
[1030, 121]
[1031, 129]
[1032, 220]
[1033, 121]
[1034, 130]
[1035, 220]
[1036, 120]
[1037, 129]
[1038, 221]
[1039, 120]
[1040, 134]
[1041, 219]
[1042, 121]
[1043, 133]
[1044, 219]
[1045, 120]
[1046, 129]
[1047, 219]
[1048, 124]
[1049, 129]
[1050, 220]
[1051, 120]
[1052, 130]
[1053, 220]
[1054, 121]
[1055, 130]
[1056, 219]
[1057, 120]
[1058, 131]
[1059, 219]
[1060, 125]
[1061, 129]
[1062, 220]
[1063, 124]
[1064, 129]
[1065, 219]
[1066, 121]
[1067, 129]
[1068, 223]
[1069, 120]
[1070, 130]
[1071, 219]
[1072, 121]
[1073, 130]
[1074, 220]
[1075, 121]
[1076, 129]
[1077, 219]
[1078, 122]
[1079, 129]
[1080, 222]
[1081, 120]
[1082, 130]
[1083, 223]
[1084, 120]
[1085, 129]
[1086, 220]
[1087, 120]
[1088, 133]
[1089, 220]
[1090, 121]
[1091, 129]
[1092, 220]
[1093, 122]
[1094, 130]
[1095, 220]
[1096, 120]
[1097, 129]
[1098, 220]
[1099, 120]
[1100, 132]
[1101, 219]
[1102, 121]
[1103, 133]
[1104, 219]
[1105, 120]
[1106, 130]
[1107, 219]
[1108, 124]
[1109, 130]
[1110, 221]
[1111, 120]
[1112, 130]
[1113, 221]
[1114, 121]
[1115, 130]
[1116, 219]
[1117, 120]
[1118, 130]
[1119, 219]
[1120, 123]
[1121, 129]
[1122, 220]
[1123, 124]
[1124, 129]
[1125, 219]
[1126, 121]
[1127, 129]
[1128, 223]
[1129, 121]
[1130, 131]
[1131, 219]
[1132, 121]
[1133, 131]
[1134, 220]
[1135, 121]
[1136, 129]
[1137, 219]
[1138, 121]
[1139, 129]
[1140, 222]
[1141, 120]
[1142, 129]
[1143, 223]
[1144, 120]
[1145, 129]
[1146, 220]
[1147, 120]
[1148, 133]
[1149, 220]
[1150, 122]
[1151, 130]
[1152, 220]
[1153, 122]
[1154, 130]
[1155, 220]
[1156, 120]
[1157, 129]
[1158, 220]
[1159, 120]
[1160, 132]
[1161, 219]
[1162, 120]
[1163, 133]
[1164, 219]
[1165, 120]
[1166, 130]
[1167, 219]
[1168, 124]
[1169, 130]
[1170, 221]
[1171, 121]
[1172, 130]
[1173, 221]
[1174, 121]
[1175, 130]
[1176, 219]
[1177, 120]
[1178, 130]
[1179, 219]
[1180, 122]
[1181, 129]
[1182, 220]
[1183, 124]
[1184, 129]
[1185, 219]
[1186, 120]
[1187, 129]
[1188, 222]
[1189, 120]
[1190, 131]
[1191, 220]
[1192, 122]
[1193, 131]
[1194, 221]
[1195, 121]
[1196, 130]
[1197, 219]
[1198, 121]
[1199, 129]
[1200, 221]
[1201, 120]
[1202, 130]
[1203, 223]
[1204, 120]
[1205, 129]
[1206, 219]
[1207, 120]
[1208, 132]
[1209, 219]
[1210, 122]
[1211, 130]
[1212, 221]
[1213, 122]
[1214, 131]
[1215, 220]
[1216, 121]
[1217, 129]
[1218, 220]
[1219, 120]
[1220, 131]
[1221, 219]
[1222, 121]
[1223, 133]
[1224, 219]
[1225, 120]
[1226, 129]
[1227, 219]
[1228, 123]
[1229, 129]
[1230, 221]
[1231, 121]
[1232, 131]
[1233, 220]
[1234, 122]
[1235, 130]
[1236, 220]
[1237, 120]
[1238, 130]
[1239, 220]
[1240, 122]
[1241, 129]
[1242, 220]
[1243, 124]
[1244, 129]
[1245, 219]
[1246, 120]
[1247, 129]
[1248, 222]
[1249, 120]
[1250, 131]
[1251, 220]
[1252, 122]
[1253, 130]
[1254, 221]
[1255, 121]
[1256, 130]
[1257, 219]
[1258, 121]
[1259, 130]
[1260, 221]
[1261, 120]
[1262, 130]
[1263, 223]
[1264, 120]
[1265, 129]
[1266, 219]
[1267, 120]
[1268, 132]
[1269, 219]
[1270, 122]
[1271, 130]
[1272, 221]
[1273, 121]
[1274, 131]
[1275, 220]
[1276, 121]
[1277, 129]
[1278, 220]
[1279, 121]
[1280, 131]
[1281, 219]
[1282, 121]
[1283, 133]
[1284, 219]
[1285, 120]
[1286, 129]
[1287, 219]
[1288, 123]
[1289, 129]
[1290, 221]
[1291, 121]
[1292, 131]
[1293, 220]
[1294, 122]
[1295, 130]
[1296, 219]
[1297, 120]
[1298, 130]
[1299, 220]
[1300, 122]
[1301, 129]
[1302, 220]
[1303, 124]
[1304, 129]
[1305, 219]
[1306, 120]
[1307, 129]
[1308, 222]
[1309, 120]
[1310, 132]
[1311, 220]
[1312, 122]
[1313, 130]
[1314, 221]
[1315, 121]
[1316, 129]
[1317, 219]
[1318, 121]
[1319, 130]
[1320, 221]
[1321, 120]
[1322, 130]
[1323, 221]
[1324, 121]
[1325, 129]
[1326, 219]
[1327, 120]
[1328, 131]
[1329, 220]
[1330, 123]
[1331, 130]
[1332, 221]
[1333, 121]
[1334, 131]
[1335, 220]
[1336, 120]
[1337, 129]
[1338, 221]
[1339, 121]
[1340, 131]
[1341, 219]
[1342, 121]
[1343, 131]
[1344, 220]
[1345, 120]
[1346, 129]
[1347, 219]
[1348, 122]
[1349, 129]
[1350, 223]
[1351, 121]
[1352, 131]
[1353, 220]
[1354, 122]
[1355, 130]
[1356, 219]
[1357, 120]
[1358, 131]
[1359, 220]
[1360, 122]
[1361, 129]
[1362, 220]
[1363, 122]
[1364, 130]
[1365, 219]
[1366, 120]
[1367, 129]
[1368, 221]
[1369, 120]
[1370, 133]
[1371, 220]
[1372, 122]
[1373, 130]
[1374, 221]
[1375, 121]
[1376, 129]
[1377, 219]
[1378, 122]
[1379, 130]
[1380, 221]
[1381, 120]
[1382, 130]
[1383, 221]
[1384, 121]
[1385, 129]
[1386, 219]
[1387, 120]
[1388, 131]
[1389, 219]
[1390, 123]
[1391, 130]
[1392, 221]
[1393, 121]
[1394, 131]
[1395, 220]
[1396, 120]
[1397, 129]
[1398, 221]
[1399, 121]
[1400, 131]
[1401, 219]
[1402, 121]
[1403, 131]
[1404, 220]
[1405, 120]
[1406, 129]
[1407, 219]
[1408, 122]
[1409, 129]
[1410, 222]
[1411, 121]
[1412, 129]
[1413, 220]
[1414, 122]
[1415, 130]
[1416, 219]
[1417, 120]
[1418, 131]
[1419, 220]
[1420, 122]
[1421, 129]
[1422, 221]
[1423, 122]
[1424, 131]
[1425, 219]
[1426, 120]
[1427, 129]
[1428, 221]
[1429, 120]
[1430, 132]
[1431, 220]
[1432, 121]
[1433, 130]
[1434, 221]
[1435, 121]
[1436, 129]
[1437, 219]
[1438, 122]
[1439, 130]
