SimulationV04.py[0, 250]
[1, 120]
[2, 120]
[3, 228]
[4, 120]
[5, 120]
[6, 228]
[7, 120]
[8, 120]
[9, 228]
[10, 120]
[11, 120]
[12, 228]
[13, 120]
[14, 120]
[15, 228]
[16, 120]
[17, 120]
[18, 228]
[19, 120]
[20, 139]
[21, 228]
[22, 120]
[23, 120]
[24, 228]
[25, 120]
[26, 120]
[27, 228]
[28, 120]
[29, 121]
[30, 228]
[31, 121]
[32, 120]
[33, 229]
[34, 120]
[35, 120]
[36, 228]
[37, 120]
[38, 120]
[39, 228]
[40, 139]
[41, 120]
[42, 228]
[43, 120]
[44, 120]
[45, 228]
[46, 120]
[47, 120]
[48, 228]
[49, 121]
[50, 120]
[51, 229]
[52, 120]
[53, 121]
[54, 228]
[55, 120]
[56, 120]
[57, 228]
[58, 120]
[59, 120]
[60, 247]
[61, 120]
[62, 120]
[63, 228]
[64, 120]
[65, 120]
[66, 228]
[67, 120]
[68, 120]
[69, 229]
[70, 120]
[71, 120]
[72, 228]
[73, 121]
[74, 120]
[75, 228]
[76, 120]
[77, 120]
[78, 228]
[79, 120]
[80, 138]
[81, 228]
[82, 121]
[83, 120]
[84, 228]
[85, 121]
[86, 120]
[87, 228]
[88, 120]
[89, 121]
[90, 228]
[91, 120]
[92, 120]
[93, 229]
[94, 120]
[95, 120]
[96, 228]
[97, 120]
[98, 120]
[99, 228]
[100, 138]
[101, 120]
[102, 229]
[103, 120]
[104, 120]
[105, 229]
[106, 120]
[107, 120]
[108, 228]
[109, 121]
[110, 120]
[111, 228]
[112, 120]
[113, 121]
[114, 228]
[115, 120]
[116, 120]
[117, 228]
[118, 120]
[119, 120]
[120, 246]
[121, 120]
[122, 121]
[123, 228]
[124, 120]
[125, 121]
[126, 228]
[127, 120]
[128, 120]
[129, 229]
[130, 120]
[131, 120]
[132, 228]
[133, 121]
[134, 120]
[135, 228]
[136, 120]
[137, 120]
[138, 228]
[139, 120]
[140, 137]
[141, 229]
[142, 121]
[143, 120]
[144, 228]
[145, 121]
[146, 120]
[147, 228]
[148, 120]
[149, 121]
[150, 228]
[151, 120]
[152, 120]
[153, 229]
[154, 120]
[155, 120]
[156, 228]
[157, 120]
[158, 120]
[159, 228]
[160, 136]
[161, 121]
[162, 230]
[163, 120]
[164, 120]
[165, 229]
[166, 120]
[167, 120]
[168, 228]
[169, 121]
[170, 120]
[171, 228]
[172, 120]
[173, 121]
[174, 228]
[175, 120]
[176, 120]
[177, 228]
[178, 120]
[179, 120]
[180, 244]
[181, 121]
[182, 122]
[183, 228]
[184, 120]
[185, 121]
[186, 228]
[187, 120]
[188, 120]
[189, 229]
[190, 120]
[191, 120]
[192, 228]
[193, 121]
[194, 120]
[195, 228]
[196, 120]
[197, 120]
[198, 228]
[199, 120]
[200, 134]
[201, 229]
[202, 122]
[203, 120]
[204, 228]
[205, 121]
[206, 120]
[207, 228]
[208, 120]
[209, 121]
[210, 229]
[211, 120]
[212, 120]
[213, 229]
[214, 120]
[215, 120]
[216, 228]
[217, 120]
[218, 120]
[219, 228]
[220, 134]
[221, 121]
[222, 230]
[223, 121]
[224, 120]
[225, 229]
[226, 120]
[227, 120]
[228, 228]
[229, 121]
[230, 121]
[231, 228]
[232, 120]
[233, 121]
[234, 228]
[235, 120]
[236, 120]
[237, 228]
[238, 120]
[239, 120]
[240, 242]
[241, 121]
[242, 122]
[243, 228]
[244, 120]
[245, 121]
[246, 228]
[247, 120]
[248, 120]
[249, 229]
[250, 122]
[251, 120]
[252, 228]
[253, 121]
[254, 120]
[255, 228]
[256, 120]
[257, 120]
[258, 228]
[259, 120]
[260, 134]
[261, 229]
[262, 122]
[263, 120]
[264, 228]
[265, 121]
[266, 120]
[267, 228]
[268, 120]
[269, 121]
[270, 230]
[271, 120]
[272, 120]
[273, 229]
[274, 120]
[275, 120]
[276, 228]
[277, 120]
[278, 120]
[279, 228]
[280, 134]
[281, 121]
[282, 230]
[283, 120]
[284, 120]
[285, 229]
[286, 120]
[287, 120]
[288, 228]
[289, 121]
[290, 122]
[291, 228]
[292, 120]
[293, 121]
[294, 228]
[295, 120]
[296, 120]
[297, 228]
[298, 120]
[299, 120]
[300, 241]
[301, 121]
[302, 122]
[303, 228]
[304, 120]
[305, 121]
[306, 228]
[307, 120]
[308, 120]
[309, 229]
[310, 122]
[311, 120]
[312, 228]
[313, 121]
[314, 120]
[315, 228]
[316, 120]
[317, 120]
[318, 228]
[319, 120]
[320, 133]
[321, 228]
[322, 122]
[323, 120]
[324, 229]
[325, 122]
[326, 120]
[327, 228]
[328, 120]
[329, 121]
[330, 230]
[331, 120]
[332, 120]
[333, 229]
[334, 120]
[335, 120]
[336, 228]
[337, 120]
[338, 120]
[339, 228]
[340, 133]
[341, 120]
[342, 230]
[343, 120]
[344, 121]
[345, 230]
[346, 120]
[347, 120]
[348, 228]
[349, 121]
[350, 122]
[351, 228]
[352, 120]
[353, 121]
[354, 228]
[355, 120]
[356, 120]
[357, 228]
[358, 120]
[359, 120]
[360, 241]
[361, 120]
[362, 122]
[363, 228]
[364, 121]
[365, 122]
[366, 228]
[367, 120]
[368, 120]
[369, 229]
[370, 122]
[371, 120]
[372, 228]
[373, 121]
[374, 120]
[375, 228]
[376, 120]
[377, 120]
[378, 228]
[379, 120]
[380, 133]
[381, 228]
[382, 122]
[383, 120]
[384, 229]
[385, 122]
[386, 120]
[387, 228]
[388, 120]
[389, 121]
[390, 230]
[391, 120]
[392, 120]
[393, 229]
[394, 120]
[395, 120]
[396, 228]
[397, 120]
[398, 120]
[399, 228]
[400, 132]
[401, 120]
[402, 229]
[403, 121]
[404, 121]
[405, 230]
[406, 120]
[407, 120]
[408, 228]
[409, 121]
[410, 122]
[411, 228]
[412, 120]
[413, 121]
[414, 228]
[415, 120]
[416, 120]
[417, 228]
[418, 120]
[419, 121]
[420, 240]
[421, 120]
[422, 121]
[423, 229]
[424, 120]
[425, 122]
[426, 228]
[427, 120]
[428, 120]
[429, 229]
[430, 122]
[431, 120]
[432, 228]
[433, 122]
[434, 120]
[435, 228]
[436, 120]
[437, 120]
[438, 228]
[439, 121]
[440, 132]
[441, 228]
[442, 121]
[443, 121]
[444, 228]
[445, 122]
[446, 120]
[447, 228]
[448, 120]
[449, 121]
[450, 230]
[451, 120]
[452, 120]
[453, 230]
[454, 120]
[455, 120]
[456, 228]
[457, 120]
[458, 120]
[459, 229]
[460, 131]
[461, 120]
[462, 229]
[463, 121]
[464, 120]
[465, 230]
[466, 120]
[467, 120]
[468, 228]
[469, 121]
[470, 123]
[471, 228]
[472, 120]
[473, 122]
[474, 228]
[475, 120]
[476, 120]
[477, 228]
[478, 120]
[479, 121]
[480, 238]
[481, 120]
[482, 121]
[483, 229]
[484, 120]
[485, 122]
[486, 228]
[487, 120]
[488, 120]
[489, 229]
[490, 122]
[491, 120]
[492, 228]
[493, 122]
[494, 120]
[495, 229]
[496, 120]
[497, 120]
[498, 228]
[499, 121]
[500, 130]
[501, 228]
[502, 121]
[503, 121]
[504, 228]
[505, 123]
[506, 120]
[507, 228]
[508, 120]
[509, 121]
[510, 230]
[511, 120]
[512, 120]
[513, 230]
[514, 120]
[515, 121]
[516, 228]
[517, 120]
[518, 120]
[519, 228]
[520, 131]
[521, 120]
[522, 229]
[523, 121]
[524, 120]
[525, 231]
[526, 120]
[527, 120]
[528, 228]
[529, 121]
[530, 122]
[531, 228]
[532, 120]
[533, 122]
[534, 228]
[535, 121]
[536, 120]
[537, 228]
[538, 120]
[539, 120]
[540, 237]
[541, 120]
[542, 121]
[543, 229]
[544, 120]
[545, 122]
[546, 228]
[547, 120]
[548, 120]
[549, 229]
[550, 122]
[551, 121]
[552, 228]
[553, 122]
[554, 120]
[555, 229]
[556, 120]
[557, 120]
[558, 228]
[559, 120]
[560, 129]
[561, 228]
[562, 121]
[563, 121]
[564, 229]
[565, 122]
[566, 120]
[567, 228]
[568, 120]
[569, 121]
[570, 230]
[571, 121]
[572, 120]
[573, 231]
[574, 120]
[575, 121]
[576, 228]
[577, 120]
[578, 120]
[579, 228]
[580, 129]
[581, 120]
[582, 229]
[583, 121]
[584, 121]
[585, 230]
[586, 120]
[587, 120]
[588, 228]
[589, 121]
[590, 122]
[591, 229]
[592, 120]
[593, 123]
[594, 228]
[595, 121]
[596, 120]
[597, 228]
[598, 120]
[599, 120]
[600, 237]
[601, 120]
[602, 121]
[603, 229]
[604, 121]
[605, 122]
[606, 228]
[607, 120]
[608, 120]
[609, 229]
[610, 122]
[611, 121]
[612, 228]
[613, 123]
[614, 120]
[615, 229]
[616, 120]
[617, 120]
[618, 228]
[619, 120]
[620, 128]
[621, 228]
[622, 121]
[623, 121]
[624, 229]
[625, 122]
[626, 120]
[627, 228]
[628, 120]
[629, 121]
[630, 230]
[631, 121]
[632, 120]
[633, 231]
[634, 120]
[635, 121]
[636, 228]
[637, 120]
[638, 120]
[639, 228]
[640, 127]
[641, 120]
[642, 229]
[643, 121]
[644, 122]
[645, 230]
[646, 120]
[647, 120]
[648, 228]
[649, 121]
[650, 121]
[651, 229]
[652, 120]
[653, 123]
[654, 228]
[655, 121]
[656, 120]
[657, 229]
[658, 120]
[659, 120]
[660, 234]
[661, 120]
[662, 121]
[663, 229]
[664, 123]
[665, 122]
[666, 228]
[667, 120]
[668, 120]
[669, 229]
[670, 122]
[671, 121]
[672, 228]
[673, 123]
[674, 120]
[675, 229]
[676, 120]
[677, 121]
[678, 228]
[679, 120]
[680, 126]
[681, 228]
[682, 121]
[683, 121]
[684, 231]
[685, 122]
[686, 120]
[687, 228]
[688, 120]
[689, 121]
[690, 230]
[691, 121]
[692, 120]
[693, 230]
[694, 120]
[695, 120]
[696, 228]
[697, 121]
[698, 120]
[699, 228]
[700, 126]
[701, 120]
[702, 230]
[703, 121]
[704, 124]
[705, 230]
[706, 120]
[707, 120]
[708, 228]
[709, 121]
[710, 121]
[711, 229]
[712, 121]
[713, 122]
[714, 228]
[715, 120]
[716, 120]
[717, 229]
[718, 120]
[719, 120]
[720, 234]
[721, 120]
[722, 122]
[723, 228]
[724, 124]
[725, 122]
[726, 228]
[727, 120]
[728, 120]
[729, 229]
[730, 121]
[731, 121]
[732, 229]
[733, 122]
[734, 120]
[735, 228]
[736, 120]
[737, 122]
[738, 228]
[739, 120]
[740, 126]
[741, 228]
[742, 122]
[743, 120]
[744, 231]
[745, 122]
[746, 120]
[747, 229]
[748, 120]
[749, 121]
[750, 229]
[751, 121]
[752, 120]
[753, 230]
[754, 120]
[755, 120]
[756, 228]
[757, 122]
[758, 120]
[759, 228]
[760, 126]
[761, 120]
[762, 230]
[763, 120]
[764, 124]
[765, 230]
[766, 120]
[767, 121]
[768, 228]
[769, 121]
[770, 121]
[771, 229]
[772, 120]
[773, 122]
[774, 228]
[775, 120]
[776, 120]
[777, 230]
[778, 120]
[779, 120]
[780, 234]
[781, 120]
[782, 122]
[783, 228]
[784, 124]
[785, 122]
[786, 228]
[787, 121]
[788, 120]
[789, 229]
[790, 121]
[791, 121]
[792, 228]
[793, 122]
[794, 120]
[795, 228]
[796, 120]
[797, 122]
[798, 228]
[799, 120]
[800, 126]
[801, 228]
[802, 122]
[803, 120]
[804, 231]
[805, 122]
[806, 120]
[807, 229]
[808, 120]
[809, 121]
[810, 229]
[811, 121]
[812, 120]
[813, 230]
[814, 121]
[815, 120]
[816, 228]
[817, 122]
[818, 120]
[819, 228]
[820, 124]
[821, 120]
[822, 231]
[823, 120]
[824, 124]
[825, 230]
[826, 120]
[827, 121]
[828, 228]
[829, 121]
[830, 121]
[831, 229]
[832, 120]
[833, 122]
[834, 229]
[835, 120]
[836, 120]
[837, 230]
[838, 120]
[839, 120]
[840, 232]
[841, 120]
[842, 123]
[843, 228]
[844, 124]
[845, 122]
[846, 228]
[847, 121]
[848, 120]
[849, 229]
[850, 121]
[851, 121]
[852, 228]
[853, 122]
[854, 121]
[855, 228]
[856, 120]
[857, 122]
[858, 228]
[859, 120]
[860, 124]
[861, 228]
[862, 123]
[863, 120]
[864, 232]
[865, 122]
[866, 120]
[867, 229]
[868, 120]
[869, 121]
[870, 229]
[871, 121]
[872, 120]
[873, 230]
[874, 120]
[875, 120]
[876, 228]
[877, 122]
[878, 120]
[879, 228]
[880, 124]
[881, 120]
[882, 230]
[883, 121]
[884, 124]
[885, 230]
[886, 120]
[887, 121]
[888, 228]
[889, 121]
[890, 121]
[891, 229]
[892, 120]
[893, 122]
[894, 228]
[895, 120]
[896, 120]
[897, 230]
[898, 120]
[899, 120]
[900, 232]
[901, 120]
[902, 122]
[903, 229]
[904, 124]
[905, 121]
[906, 228]
[907, 121]
[908, 121]
[909, 230]
[910, 121]
[911, 121]
[912, 228]
[913, 122]
[914, 120]
[915, 228]
[916, 120]
[917, 122]
[918, 228]
[919, 120]
[920, 124]
[921, 228]
[922, 122]
[923, 121]
[924, 232]
[925, 121]
[926, 120]
[927, 229]
[928, 120]
[929, 122]
[930, 229]
[931, 121]
[932, 120]
[933, 230]
[934, 120]
[935, 120]
[936, 228]
[937, 122]
[938, 120]
[939, 228]
[940, 124]
[941, 120]
[942, 230]
[943, 121]
[944, 124]
[945, 229]
[946, 120]
[947, 121]
[948, 228]
[949, 122]
[950, 121]
[951, 229]
[952, 120]
[953, 122]
[954, 228]
[955, 120]
[956, 120]
[957, 231]
[958, 120]
[959, 120]
