SimulationV06.py[0, 250]
[1, 120]
[2, 120]
[3, 228]
[4, 120]
[5, 120]
[6, 228]
[7, 120]
[8, 120]
[9, 228]
[10, 120]
[11, 120]
[12, 228]
[13, 120]
[14, 120]
[15, 228]
[16, 120]
[17, 120]
[18, 228]
[19, 120]
[20, 142]
[21, 228]
[22, 120]
[23, 120]
[24, 228]
[25, 120]
[26, 120]
[27, 228]
[28, 120]
[29, 120]
[30, 228]
[31, 120]
[32, 120]
[33, 228]
[34, 120]
[35, 120]
[36, 228]
[37, 120]
[38, 120]
[39, 228]
[40, 141]
[41, 120]
[42, 228]
[43, 120]
[44, 120]
[45, 228]
[46, 120]
[47, 120]
[48, 228]
[49, 120]
[50, 120]
[51, 228]
[52, 120]
[53, 120]
[54, 228]
[55, 120]
[56, 120]
[57, 228]
[58, 120]
[59, 120]
[60, 249]
[61, 121]
[62, 120]
[63, 228]
[64, 120]
[65, 120]
[66, 228]
[67, 120]
[68, 120]
[69, 228]
[70, 120]
[71, 120]
[72, 228]
[73, 120]
[74, 120]
[75, 228]
[76, 120]
[77, 120]
[78, 228]
[79, 120]
[80, 140]
[81, 229]
[82, 120]
[83, 120]
[84, 228]
[85, 120]
[86, 120]
[87, 229]
[88, 120]
[89, 120]
[90, 228]
[91, 120]
[92, 120]
[93, 228]
[94, 120]
[95, 120]
[96, 228]
[97, 120]
[98, 120]
[99, 228]
[100, 137]
[101, 121]
[102, 229]
[103, 120]
[104, 121]
[105, 228]
[106, 120]
[107, 121]
[108, 228]
[109, 120]
[110, 120]
[111, 228]
[112, 120]
[113, 120]
[114, 228]
[115, 121]
[116, 120]
[117, 228]
[118, 120]
[119, 120]
[120, 244]
[121, 121]
[122, 121]
[123, 228]
[124, 121]
[125, 120]
[126, 228]
[127, 121]
[128, 120]
[129, 228]
[130, 120]
[131, 120]
[132, 228]
[133, 120]
[134, 120]
[135, 229]
[136, 120]
[137, 120]
[138, 228]
[139, 120]
[140, 136]
[141, 228]
[142, 121]
[143, 121]
[144, 229]
[145, 120]
[146, 120]
[147, 229]
[148, 121]
[149, 120]
[150, 228]
[151, 120]
[152, 120]
[153, 228]
[154, 120]
[155, 121]
[156, 228]
[157, 120]
[158, 120]
[159, 228]
[160, 136]
[161, 120]
[162, 229]
[163, 121]
[164, 121]
[165, 228]
[166, 120]
[167, 121]
[168, 229]
[169, 120]
[170, 120]
[171, 228]
[172, 120]
[173, 120]
[174, 228]
[175, 121]
[176, 120]
[177, 228]
[178, 120]
[179, 120]
[180, 243]
[181, 120]
[182, 121]
[183, 228]
[184, 122]
[185, 121]
[186, 228]
[187, 121]
[188, 121]
[189, 228]
[190, 120]
[191, 120]
[192, 228]
[193, 120]
[194, 120]
[195, 229]
[196, 120]
[197, 120]
[198, 228]
[199, 120]
[200, 135]
[201, 228]
[202, 121]
[203, 120]
[204, 230]
[205, 121]
[206, 120]
[207, 229]
[208, 121]
[209, 120]
[210, 228]
[211, 120]
[212, 120]
[213, 228]
[214, 120]
[215, 121]
[216, 228]
[217, 120]
[218, 120]
[219, 228]
[220, 135]
[221, 120]
[222, 229]
[223, 120]
[224, 122]
[225, 229]
[226, 120]
[227, 121]
[228, 229]
[229, 120]
[230, 120]
[231, 228]
[232, 120]
[233, 120]
[234, 228]
[235, 121]
[236, 120]
[237, 228]
[238, 120]
[239, 120]
[240, 243]
[241, 120]
[242, 121]
[243, 228]
[244, 122]
[245, 121]
[246, 228]
[247, 121]
[248, 121]
[249, 228]
[250, 120]
[251, 120]
[252, 228]
[253, 120]
[254, 120]
[255, 229]
[256, 120]
[257, 120]
[258, 228]
[259, 120]
[260, 135]
[261, 228]
[262, 121]
[263, 120]
[264, 230]
[265, 121]
[266, 120]
[267, 229]
[268, 121]
[269, 120]
[270, 228]
[271, 120]
[272, 120]
[273, 228]
[274, 120]
[275, 121]
[276, 228]
[277, 120]
[278, 120]
[279, 228]
[280, 134]
[281, 120]
[282, 229]
[283, 121]
[284, 122]
[285, 229]
[286, 120]
[287, 121]
[288, 228]
[289, 120]
[290, 120]
[291, 228]
[292, 120]
[293, 120]
[294, 228]
[295, 121]
[296, 120]
[297, 228]
[298, 121]
[299, 120]
[300, 242]
[301, 120]
[302, 121]
[303, 229]
[304, 122]
[305, 121]
[306, 228]
[307, 121]
[308, 120]
[309, 228]
[310, 120]
[311, 120]
[312, 228]
[313, 120]
[314, 120]
[315, 229]
[316, 120]
[317, 120]
[318, 229]
[319, 120]
[320, 134]
[321, 228]
[322, 121]
[323, 121]
[324, 230]
[325, 121]
[326, 120]
[327, 228]
[328, 120]
[329, 120]
[330, 228]
[331, 120]
[332, 120]
[333, 228]
[334, 120]
[335, 121]
[336, 228]
[337, 121]
[338, 121]
[339, 228]
[340, 134]
[341, 120]
[342, 229]
[343, 121]
[344, 122]
[345, 229]
[346, 120]
[347, 120]
[348, 228]
[349, 120]
[350, 120]
[351, 228]
[352, 120]
[353, 120]
[354, 228]
[355, 121]
[356, 120]
[357, 229]
[358, 121]
[359, 120]
[360, 242]
[361, 120]
[362, 121]
[363, 229]
[364, 122]
[365, 121]
[366, 228]
[367, 120]
[368, 120]
[369, 228]
[370, 120]
[371, 120]
[372, 228]
[373, 120]
[374, 120]
[375, 229]
[376, 120]
[377, 121]
[378, 229]
[379, 120]
[380, 133]
[381, 228]
[382, 121]
[383, 121]
[384, 230]
[385, 122]
[386, 120]
[387, 228]
[388, 120]
[389, 120]
[390, 228]
[391, 120]
[392, 120]
[393, 228]
[394, 120]
[395, 121]
[396, 228]
[397, 121]
[398, 121]
[399, 228]
[400, 130]
[401, 120]
[402, 229]
[403, 121]
[404, 122]
[405, 230]
[406, 121]
[407, 120]
[408, 229]
[409, 120]
[410, 120]
[411, 228]
[412, 120]
[413, 120]
[414, 228]
[415, 121]
[416, 120]
[417, 229]
[418, 121]
[419, 120]
[420, 238]
[421, 120]
[422, 121]
[423, 229]
[424, 122]
[425, 122]
[426, 230]
[427, 120]
[428, 121]
[429, 228]
[430, 120]
[431, 120]
[432, 228]
[433, 120]
[434, 120]
[435, 229]
[436, 120]
[437, 121]
[438, 229]
[439, 120]
[440, 130]
[441, 228]
[442, 121]
[443, 121]
[444, 230]
[445, 122]
[446, 122]
[447, 228]
[448, 121]
[449, 120]
[450, 228]
[451, 120]
[452, 120]
[453, 228]
[454, 120]
[455, 121]
[456, 228]
[457, 121]
[458, 121]
[459, 228]
[460, 128]
[461, 120]
[462, 229]
[463, 121]
[464, 122]
[465, 230]
[466, 122]
[467, 120]
[468, 230]
[469, 120]
[470, 120]
[471, 228]
[472, 120]
[473, 120]
[474, 228]
[475, 121]
[476, 120]
[477, 229]
[478, 121]
[479, 121]
[480, 236]
[481, 120]
[482, 121]
[483, 229]
[484, 122]
[485, 122]
[486, 230]
[487, 120]
[488, 122]
[489, 228]
[490, 120]
[491, 120]
[492, 228]
[493, 120]
[494, 120]
[495, 229]
[496, 120]
[497, 121]
[498, 229]
[499, 121]
[500, 128]
[501, 228]
[502, 121]
[503, 121]
[504, 230]
[505, 122]
[506, 121]
[507, 228]
[508, 122]
[509, 120]
[510, 229]
[511, 120]
[512, 120]
[513, 228]
[514, 120]
[515, 121]
[516, 228]
[517, 120]
[518, 121]
[519, 229]
[520, 128]
[521, 120]
[522, 229]
[523, 121]
[524, 122]
[525, 230]
[526, 121]
[527, 120]
[528, 231]
[529, 120]
[530, 121]
[531, 228]
[532, 120]
[533, 120]
[534, 228]
[535, 121]
[536, 120]
[537, 228]
[538, 121]
[539, 121]
[540, 236]
[541, 120]
[542, 121]
[543, 229]
[544, 122]
[545, 122]
[546, 229]
[547, 120]
[548, 123]
[549, 228]
[550, 121]
[551, 120]
[552, 228]
[553, 120]
[554, 120]
[555, 229]
[556, 120]
[557, 120]
[558, 229]
[559, 121]
[560, 127]
[561, 229]
[562, 121]
[563, 121]
[564, 230]
[565, 122]
[566, 121]
[567, 228]
[568, 123]
[569, 120]
[570, 229]
[571, 120]
[572, 120]
[573, 228]
[574, 120]
[575, 121]
[576, 228]
[577, 120]
[578, 121]
[579, 229]
[580, 127]
[581, 121]
[582, 229]
[583, 121]
[584, 122]
[585, 230]
[586, 121]
[587, 120]
[588, 231]
[589, 120]
[590, 121]
[591, 228]
[592, 120]
[593, 120]
[594, 228]
[595, 121]
[596, 120]
[597, 228]
[598, 121]
[599, 120]
[600, 235]
[601, 121]
[602, 121]
[603, 229]
[604, 122]
[605, 122]
[606, 229]
[607, 121]
[608, 123]
[609, 228]
[610, 121]
[611, 120]
[612, 228]
[613, 120]
[614, 120]
[615, 229]
[616, 120]
[617, 120]
[618, 229]
[619, 120]
[620, 127]
[621, 229]
[622, 121]
[623, 121]
[624, 230]
[625, 122]
[626, 121]
[627, 229]
[628, 123]
[629, 120]
[630, 229]
[631, 120]
[632, 120]
[633, 228]
[634, 120]
[635, 121]
[636, 228]
[637, 120]
[638, 121]
[639, 228]
[640, 127]
[641, 121]
[642, 229]
[643, 121]
[644, 122]
[645, 230]
[646, 121]
[647, 121]
[648, 231]
[649, 120]
[650, 121]
[651, 228]
[652, 120]
[653, 120]
[654, 228]
[655, 121]
[656, 120]
[657, 228]
[658, 120]
[659, 120]
[660, 234]
[661, 121]
[662, 121]
[663, 229]
[664, 122]
[665, 122]
[666, 230]
[667, 121]
[668, 123]
[669, 228]
[670, 121]
[671, 120]
[672, 229]
[673, 120]
[674, 120]
[675, 229]
[676, 120]
[677, 120]
[678, 228]
[679, 120]
[680, 126]
[681, 229]
[682, 121]
[683, 121]
[684, 230]
[685, 122]
[686, 122]
[687, 229]
[688, 123]
[689, 120]
[690, 229]
[691, 120]
[692, 121]
[693, 228]
[694, 120]
[695, 121]
[696, 228]
[697, 120]
[698, 120]
[699, 228]
[700, 125]
[701, 121]
[702, 229]
[703, 121]
[704, 122]
[705, 229]
[706, 122]
[707, 122]
[708, 232]
[709, 120]
[710, 121]
[711, 228]
[712, 121]
[713, 120]
[714, 228]
[715, 121]
[716, 120]
[717, 228]
[718, 120]
[719, 120]
[720, 233]
[721, 121]
[722, 121]
[723, 229]
[724, 122]
[725, 121]
[726, 230]
[727, 122]
[728, 124]
[729, 228]
[730, 121]
[731, 120]
[732, 229]
[733, 120]
[734, 120]
[735, 229]
[736, 120]
[737, 120]
[738, 228]
[739, 120]
[740, 125]
[741, 229]
[742, 121]
[743, 121]
[744, 230]
[745, 121]
[746, 122]
[747, 230]
[748, 124]
[749, 120]
[750, 229]
[751, 120]
[752, 121]
[753, 228]
[754, 120]
[755, 121]
[756, 228]
[757, 120]
[758, 120]
[759, 228]
[760, 125]
[761, 121]
[762, 229]
[763, 121]
[764, 122]
[765, 229]
[766, 122]
[767, 122]
[768, 232]
[769, 120]
[770, 121]
[771, 228]
[772, 121]
[773, 120]
[774, 228]
[775, 121]
[776, 120]
[777, 228]
[778, 120]
[779, 120]
[780, 233]
[781, 121]
[782, 121]
[783, 229]
[784, 122]
[785, 121]
[786, 230]
[787, 122]
[788, 124]
[789, 228]
[790, 121]
[791, 120]
[792, 229]
[793, 120]
[794, 120]
[795, 229]
[796, 120]
[797, 120]
[798, 228]
[799, 120]
[800, 125]
[801, 229]
[802, 121]
[803, 121]
[804, 230]
[805, 121]
[806, 122]
[807, 230]
[808, 124]
[809, 120]
[810, 229]
[811, 120]
[812, 121]
[813, 228]
[814, 120]
[815, 121]
[816, 228]
[817, 120]
[818, 120]
[819, 228]
[820, 125]
[821, 121]
[822, 229]
[823, 121]
[824, 122]
[825, 229]
[826, 122]
[827, 121]
[828, 232]
[829, 121]
[830, 121]
[831, 228]
[832, 121]
[833, 120]
[834, 228]
[835, 121]
[836, 120]
[837, 228]
[838, 120]
[839, 120]
[840, 233]
[841, 121]
[842, 120]
[843, 229]
[844, 122]
[845, 121]
[846, 230]
[847, 121]
[848, 124]
[849, 229]
[850, 121]
[851, 120]
[852, 229]
[853, 120]
[854, 120]
[855, 229]
[856, 120]
[857, 120]
[858, 228]
[859, 120]
[860, 125]
[861, 229]
[862, 120]
[863, 122]
[864, 230]
[865, 121]
[866, 122]
[867, 229]
[868, 124]
[869, 121]
[870, 229]
[871, 120]
[872, 121]
[873, 228]
[874, 120]
[875, 121]
[876, 228]
[877, 120]
[878, 120]
[879, 228]
[880, 124]
[881, 121]
[882, 228]
[883, 123]
[884, 122]
[885, 229]
[886, 122]
[887, 121]
[888, 232]
[889, 121]
[890, 121]
[891, 228]
[892, 121]
[893, 120]
[894, 228]
[895, 121]
[896, 120]
[897, 228]
[898, 120]
[899, 120]
[900, 232]
[901, 121]
[902, 120]
[903, 231]
[904, 121]
[905, 121]
[906, 230]
[907, 122]
[908, 124]
[909, 229]
[910, 121]
[911, 120]
[912, 229]
[913, 120]
[914, 120]
[915, 229]
[916, 120]
[917, 120]
[918, 228]
[919, 120]
[920, 124]
[921, 229]
[922, 120]
[923, 123]
[924, 229]
[925, 121]
[926, 122]
[927, 230]
[928, 124]
[929, 121]
[930, 229]
[931, 120]
[932, 121]
[933, 228]
[934, 120]
[935, 121]
[936, 228]
[937, 120]
[938, 120]
[939, 228]
[940, 124]
[941, 121]
[942, 228]
[943, 123]
[944, 121]
[945, 229]
[946, 122]
[947, 122]
[948, 231]
[949, 121]
[950, 121]
[951, 228]
[952, 121]
[953, 121]
[954, 228]
[955, 121]
[956, 120]
[957, 228]
[958, 120]
[959, 120]
[960, 232]
[961, 121]
[962, 120]
[963, 231]
[964, 121]
[965, 121]
[966, 230]
[967, 122]
[968, 122]
[969, 229]
[970, 121]
[971, 120]
[972, 229]
[973, 121]
[974, 120]
[975, 229]
[976, 120]
[977, 120]
[978, 228]
[979, 120]
[980, 124]
[981, 229]
[982, 121]
[983, 123]
[984, 229]
[985, 121]
[986, 122]
[987, 230]
[988, 122]
[989, 120]
[990, 229]
[991, 120]
[992, 121]
[993, 229]
[994, 120]
[995, 121]
[996, 228]
[997, 121]
[998, 120]
[999, 228]
[1000, 123]
[1001, 121]
[1002, 229]
[1003, 123]
[1004, 121]
[1005, 229]
[1006, 122]
[1007, 122]
[1008, 229]
[1009, 120]
[1010, 121]
[1011, 228]
[1012, 121]
[1013, 121]
[1014, 228]
[1015, 122]
[1016, 120]
[1017, 229]
[1018, 120]
[1019, 120]
[1020, 230]
[1021, 122]
[1022, 121]
[1023, 231]
[1024, 121]
[1025, 121]
[1026, 230]
[1027, 122]
[1028, 121]
[1029, 228]
[1030, 121]
[1031, 120]
[1032, 229]
[1033, 121]
[1034, 120]
[1035, 230]
[1036, 120]
[1037, 121]
[1038, 228]
[1039, 120]
[1040, 122]
[1041, 230]
[1042, 121]
[1043, 123]
[1044, 229]
[1045, 121]
[1046, 123]
[1047, 230]
[1048, 121]
[1049, 120]
[1050, 229]
[1051, 120]
[1052, 121]
[1053, 229]
[1054, 120]
[1055, 122]
[1056, 228]
[1057, 121]
[1058, 120]
[1059, 228]
[1060, 122]
[1061, 121]
[1062, 230]
[1063, 123]
[1064, 121]
[1065, 229]
[1066, 123]
[1067, 122]
[1068, 229]
[1069, 120]
[1070, 121]
[1071, 228]
[1072, 121]
[1073, 121]
[1074, 228]
[1075, 122]
[1076, 120]
[1077, 229]
[1078, 120]
[1079, 120]
[1080, 230]
[1081, 121]
[1082, 122]
[1083, 231]
[1084, 121]
[1085, 121]
[1086, 231]
[1087, 122]
[1088, 121]
[1089, 228]
[1090, 121]
[1091, 120]
[1092, 229]
[1093, 121]
[1094, 120]
[1095, 230]
[1096, 120]
[1097, 121]
[1098, 228]
[1099, 120]
[1100, 122]
[1101, 229]
[1102, 122]
[1103, 123]
[1104, 229]
[1105, 121]
[1106, 123]
[1107, 230]
[1108, 121]
[1109, 120]
[1110, 229]
[1111, 120]
[1112, 121]
[1113, 229]
[1114, 120]
[1115, 122]
[1116, 228]
[1117, 121]
[1118, 120]
[1119, 228]
[1120, 122]
[1121, 121]
[1122, 230]
[1123, 123]
[1124, 120]
[1125, 229]
[1126, 123]
[1127, 123]
[1128, 229]
[1129, 120]
[1130, 121]
[1131, 228]
[1132, 121]
[1133, 121]
[1134, 228]
[1135, 122]
[1136, 120]
[1137, 229]
[1138, 120]
[1139, 120]
[1140, 230]
[1141, 121]
[1142, 121]
[1143, 231]
[1144, 121]
[1145, 121]
[1146, 231]
[1147, 123]
[1148, 121]
[1149, 228]
[1150, 121]
[1151, 120]
[1152, 229]
[1153, 121]
[1154, 120]
[1155, 230]
[1156, 120]
[1157, 121]
[1158, 228]
[1159, 120]
[1160, 122]
[1161, 229]
[1162, 121]
[1163, 122]
[1164, 229]
[1165, 121]
[1166, 123]
[1167, 231]
[1168, 121]
[1169, 120]
[1170, 229]
[1171, 120]
[1172, 122]
[1173, 229]
[1174, 120]
[1175, 121]
[1176, 228]
[1177, 121]
[1178, 120]
[1179, 228]
[1180, 122]
[1181, 121]
[1182, 230]
[1183, 121]
[1184, 121]
[1185, 229]
[1186, 123]
[1187, 123]
[1188, 229]
[1189, 121]
[1190, 121]
[1191, 228]
[1192, 122]
[1193, 121]
[1194, 228]
[1195, 121]
[1196, 120]
[1197, 229]
[1198, 120]
[1199, 120]
[1200, 230]
[1201, 121]
[1202, 122]
[1203, 228]
[1204, 120]
[1205, 121]
[1206, 231]
[1207, 123]
[1208, 122]
[1209, 229]
[1210, 121]
[1211, 120]
[1212, 230]
[1213, 121]
[1214, 120]
[1215, 229]
[1216, 120]
[1217, 121]
[1218, 228]
[1219, 120]
[1220, 121]
[1221, 229]
[1222, 122]
[1223, 121]
[1224, 228]
[1225, 121]
[1226, 123]
[1227, 232]
[1228, 122]
[1229, 121]
[1230, 229]
[1231, 120]
[1232, 122]
[1233, 229]
[1234, 120]
[1235, 121]
[1236, 228]
[1237, 121]
[1238, 120]
[1239, 228]
[1240, 121]
[1241, 121]
[1242, 230]
[1243, 121]
[1244, 120]
[1245, 229]
[1246, 123]
[1247, 124]
[1248, 230]
[1249, 121]
[1250, 121]
[1251, 228]
[1252, 122]
[1253, 121]
[1254, 228]
[1255, 121]
[1256, 120]
[1257, 229]
[1258, 120]
[1259, 120]
[1260, 229]
[1261, 121]
[1262, 122]
[1263, 229]
[1264, 120]
[1265, 121]
[1266, 231]
[1267, 124]
[1268, 122]
[1269, 229]
[1270, 121]
[1271, 120]
[1272, 230]
[1273, 121]
[1274, 120]
[1275, 229]
[1276, 120]
[1277, 121]
[1278, 228]
[1279, 120]
[1280, 121]
[1281, 229]
[1282, 122]
[1283, 121]
[1284, 228]
[1285, 121]
[1286, 123]
[1287, 232]
[1288, 122]
[1289, 121]
[1290, 229]
[1291, 120]
[1292, 122]
[1293, 229]
[1294, 120]
[1295, 121]
[1296, 228]
[1297, 121]
[1298, 120]
[1299, 228]
[1300, 121]
[1301, 121]
[1302, 230]
[1303, 121]
[1304, 120]
[1305, 229]
[1306, 123]
[1307, 124]
[1308, 230]
[1309, 121]
[1310, 121]
[1311, 228]
[1312, 122]
[1313, 121]
[1314, 228]
[1315, 121]
[1316, 120]
[1317, 229]
[1318, 120]
[1319, 120]
[1320, 229]
[1321, 121]
[1322, 122]
[1323, 229]
[1324, 120]
[1325, 121]
[1326, 231]
[1327, 124]
[1328, 122]
[1329, 229]
[1330, 121]
[1331, 120]
[1332, 230]
[1333, 121]
[1334, 120]
[1335, 229]
[1336, 120]
[1337, 121]
[1338, 228]
[1339, 120]
[1340, 121]
[1341, 229]
[1342, 122]
[1343, 121]
[1344, 228]
[1345, 121]
[1346, 123]
[1347, 232]
[1348, 122]
[1349, 121]
[1350, 229]
[1351, 120]
[1352, 122]
[1353, 229]
[1354, 120]
[1355, 121]
[1356, 228]
[1357, 121]
[1358, 120]
[1359, 228]
[1360, 121]
[1361, 120]
[1362, 230]
[1363, 120]
[1364, 120]
[1365, 229]
[1366, 123]
[1367, 124]
[1368, 231]
[1369, 121]
[1370, 121]
[1371, 228]
[1372, 122]
[1373, 121]
[1374, 228]
[1375, 121]
[1376, 120]
[1377, 229]
[1378, 120]
[1379, 120]
[1380, 230]
[1381, 120]
[1382, 122]
[1383, 228]
[1384, 120]
[1385, 121]
[1386, 231]
[1387, 124]
[1388, 123]
[1389, 229]
[1390, 121]
[1391, 120]
[1392, 230]
[1393, 121]
[1394, 120]
[1395, 229]
[1396, 120]
[1397, 121]
[1398, 228]
[1399, 120]
[1400, 122]
[1401, 228]
[1402, 122]
[1403, 120]
[1404, 228]
[1405, 121]
[1406, 123]
[1407, 232]
[1408, 122]
[1409, 121]
[1410, 229]
[1411, 120]
[1412, 122]
[1413, 229]
[1414, 120]
[1415, 121]
[1416, 228]
[1417, 122]
[1418, 120]
[1419, 228]
[1420, 121]
[1421, 120]
[1422, 230]
[1423, 121]
[1424, 120]
[1425, 229]
[1426, 123]
[1427, 124]
[1428, 230]
[1429, 121]
[1430, 121]
[1431, 228]
[1432, 122]
[1433, 121]
[1434, 228]
[1435, 121]
[1436, 120]
[1437, 230]
[1438, 120]
[1439, 120]
