SimulationV012.py[0, 250]
[1, 120]
[2, 120]
[3, 228]
[4, 120]
[5, 120]
[6, 228]
[7, 120]
[8, 120]
[9, 228]
[10, 120]
[11, 120]
[12, 228]
[13, 120]
[14, 120]
[15, 228]
[16, 120]
[17, 120]
[18, 228]
[19, 120]
[20, 142]
[21, 228]
[22, 120]
[23, 120]
[24, 228]
[25, 120]
[26, 120]
[27, 228]
[28, 120]
[29, 120]
[30, 228]
[31, 120]
[32, 120]
[33, 228]
[34, 120]
[35, 120]
[36, 228]
[37, 120]
[38, 120]
[39, 228]
[40, 140]
[41, 120]
[42, 228]
[43, 121]
[44, 120]
[45, 228]
[46, 120]
[47, 120]
[48, 228]
[49, 120]
[50, 120]
[51, 228]
[52, 120]
[53, 120]
[54, 228]
[55, 120]
[56, 120]
[57, 228]
[58, 120]
[59, 121]
[60, 248]
[61, 120]
[62, 120]
[63, 229]
[64, 120]
[65, 120]
[66, 228]
[67, 120]
[68, 120]
[69, 228]
[70, 120]
[71, 120]
[72, 228]
[73, 120]
[74, 120]
[75, 228]
[76, 120]
[77, 120]
[78, 228]
[79, 121]
[80, 140]
[81, 228]
[82, 120]
[83, 121]
[84, 228]
[85, 120]
[86, 120]
[87, 228]
[88, 120]
[89, 120]
[90, 228]
[91, 120]
[92, 120]
[93, 228]
[94, 120]
[95, 120]
[96, 228]
[97, 120]
[98, 120]
[99, 229]
[100, 140]
[101, 120]
[102, 228]
[103, 121]
[104, 120]
[105, 228]
[106, 120]
[107, 120]
[108, 228]
[109, 120]
[110, 120]
[111, 228]
[112, 120]
[113, 120]
[114, 228]
[115, 120]
[116, 120]
[117, 228]
[118, 120]
[119, 121]
[120, 248]
[121, 120]
[122, 120]
[123, 229]
[124, 120]
[125, 120]
[126, 228]
[127, 120]
[128, 120]
[129, 228]
[130, 120]
[131, 120]
[132, 228]
[133, 120]
[134, 120]
[135, 228]
[136, 120]
[137, 120]
[138, 228]
[139, 121]
[140, 139]
[141, 228]
[142, 120]
[143, 121]
[144, 228]
[145, 120]
[146, 120]
[147, 229]
[148, 120]
[149, 120]
[150, 228]
[151, 120]
[152, 120]
[153, 228]
[154, 120]
[155, 120]
[156, 228]
[157, 120]
[158, 120]
[159, 228]
[160, 139]
[161, 120]
[162, 228]
[163, 121]
[164, 120]
[165, 228]
[166, 120]
[167, 121]
[168, 228]
[169, 120]
[170, 120]
[171, 228]
[172, 120]
[173, 120]
[174, 228]
[175, 120]
[176, 120]
[177, 228]
[178, 120]
[179, 120]
[180, 247]
[181, 120]
[182, 120]
[183, 230]
[184, 120]
[185, 120]
[186, 228]
[187, 121]
[188, 120]
[189, 228]
[190, 120]
[191, 120]
[192, 228]
[193, 120]
[194, 120]
[195, 228]
[196, 120]
[197, 120]
[198, 228]
[199, 120]
[200, 139]
[201, 228]
[202, 120]
[203, 122]
[204, 228]
[205, 120]
[206, 120]
[207, 229]
[208, 120]
[209, 120]
[210, 228]
[211, 120]
[212, 120]
[213, 228]
[214, 120]
[215, 120]
[216, 228]
[217, 120]
[218, 120]
[219, 228]
[220, 139]
[221, 120]
[222, 228]
[223, 122]
[224, 120]
[225, 228]
[226, 120]
[227, 121]
[228, 228]
[229, 120]
[230, 120]
[231, 228]
[232, 120]
[233, 120]
[234, 228]
[235, 120]
[236, 120]
[237, 228]
[238, 120]
[239, 120]
[240, 247]
[241, 120]
[242, 120]
[243, 230]
[244, 120]
[245, 120]
[246, 228]
[247, 121]
[248, 120]
[249, 228]
[250, 120]
[251, 120]
[252, 228]
[253, 120]
[254, 120]
[255, 228]
[256, 120]
[257, 120]
[258, 228]
[259, 120]
[260, 139]
[261, 228]
[262, 120]
[263, 121]
[264, 228]
[265, 120]
[266, 120]
[267, 229]
[268, 120]
[269, 120]
[270, 228]
[271, 120]
[272, 121]
[273, 228]
[274, 120]
[275, 120]
[276, 228]
[277, 120]
[278, 120]
[279, 228]
[280, 139]
[281, 120]
[282, 228]
[283, 121]
[284, 120]
[285, 228]
[286, 120]
[287, 121]
[288, 228]
[289, 120]
[290, 120]
[291, 228]
[292, 121]
[293, 120]
[294, 228]
[295, 120]
[296, 120]
[297, 228]
[298, 120]
[299, 120]
[300, 244]
[301, 120]
[302, 121]
[303, 229]
[304, 120]
[305, 120]
[306, 228]
[307, 121]
[308, 120]
[309, 229]
[310, 120]
[311, 120]
[312, 229]
[313, 120]
[314, 120]
[315, 228]
[316, 120]
[317, 120]
[318, 228]
[319, 120]
[320, 135]
[321, 228]
[322, 121]
[323, 121]
[324, 228]
[325, 120]
[326, 121]
[327, 229]
[328, 120]
[329, 121]
[330, 229]
[331, 120]
[332, 121]
[333, 228]
[334, 120]
[335, 120]
[336, 228]
[337, 120]
[338, 120]
[339, 228]
[340, 134]
[341, 120]
[342, 229]
[343, 121]
[344, 120]
[345, 228]
[346, 121]
[347, 121]
[348, 229]
[349, 121]
[350, 121]
[351, 228]
[352, 121]
[353, 120]
[354, 219]
[355, 129]
[356, 120]
[357, 219]
[358, 129]
[359, 120]
[360, 233]
[361, 129]
[362, 121]
[363, 220]
[364, 129]
[365, 120]
[366, 220]
[367, 130]
[368, 121]
[369, 220]
[370, 130]
[371, 120]
[372, 220]
[373, 129]
[374, 120]
[375, 219]
[376, 129]
[377, 120]
[378, 219]
[379, 129]
[380, 133]
[381, 219]
[382, 130]
[383, 121]
[384, 220]
[385, 129]
[386, 121]
[387, 220]
[388, 130]
[389, 121]
[390, 220]
[391, 129]
[392, 121]
[393, 219]
[394, 129]
[395, 120]
[396, 219]
[397, 129]
[398, 120]
[399, 219]
[400, 142]
[401, 120]
[402, 220]
[403, 130]
[404, 121]
[405, 219]
[406, 130]
[407, 121]
[408, 220]
[409, 130]
[410, 121]
[411, 219]
[412, 130]
[413, 120]
[414, 219]
[415, 129]
[416, 120]
[417, 219]
[418, 129]
[419, 120]
[420, 232]
[421, 129]
[422, 121]
[423, 220]
[424, 130]
[425, 120]
[426, 220]
[427, 130]
[428, 121]
[429, 220]
[430, 130]
[431, 120]
[432, 220]
[433, 129]
[434, 120]
[435, 219]
[436, 129]
[437, 120]
[438, 219]
[439, 129]
[440, 133]
[441, 219]
[442, 130]
[443, 121]
[444, 220]
[445, 129]
[446, 121]
[447, 220]
[448, 130]
[449, 121]
[450, 220]
[451, 129]
[452, 121]
[453, 219]
[454, 129]
[455, 120]
[456, 219]
[457, 129]
[458, 120]
[459, 219]
[460, 142]
[461, 120]
[462, 220]
[463, 130]
[464, 121]
[465, 219]
[466, 130]
[467, 121]
[468, 220]
[469, 130]
[470, 121]
[471, 219]
[472, 130]
[473, 120]
[474, 219]
[475, 129]
[476, 120]
[477, 219]
[478, 129]
[479, 120]
[480, 231]
[481, 129]
[482, 121]
[483, 220]
[484, 130]
[485, 120]
[486, 220]
[487, 130]
[488, 121]
[489, 220]
[490, 130]
[491, 120]
[492, 220]
[493, 129]
[494, 120]
[495, 220]
[496, 129]
[497, 120]
[498, 219]
[499, 129]
[500, 131]
[501, 219]
[502, 130]
[503, 121]
[504, 221]
[505, 129]
[506, 121]
[507, 220]
[508, 130]
[509, 121]
[510, 220]
[511, 129]
[512, 121]
[513, 219]
[514, 129]
[515, 121]
[516, 219]
[517, 129]
[518, 120]
[519, 219]
[520, 140]
[521, 120]
[522, 220]
[523, 130]
[524, 122]
[525, 219]
[526, 130]
[527, 121]
[528, 220]
[529, 130]
[530, 121]
[531, 219]
[532, 130]
[533, 120]
[534, 219]
[535, 130]
[536, 120]
[537, 219]
[538, 129]
[539, 120]
[540, 229]
[541, 129]
[542, 121]
[543, 219]
[544, 131]
[545, 120]
[546, 220]
[547, 130]
[548, 121]
[549, 220]
[550, 130]
[551, 121]
[552, 220]
[553, 129]
[554, 120]
[555, 220]
[556, 130]
[557, 120]
[558, 219]
[559, 129]
[560, 130]
[561, 219]
[562, 130]
[563, 120]
[564, 221]
[565, 129]
[566, 121]
[567, 220]
[568, 130]
[569, 121]
[570, 220]
[571, 130]
[572, 121]
[573, 219]
[574, 129]
[575, 121]
[576, 220]
[577, 129]
[578, 120]
[579, 219]
[580, 139]
[581, 120]
[582, 220]
[583, 129]
[584, 122]
[585, 219]
[586, 130]
[587, 121]
[588, 220]
[589, 130]
[590, 121]
[591, 220]
[592, 130]
[593, 120]
[594, 219]
[595, 130]
[596, 121]
[597, 219]
[598, 129]
[599, 120]
[600, 229]
[601, 129]
[602, 121]
[603, 219]
[604, 131]
[605, 120]
[606, 220]
[607, 130]
[608, 121]
[609, 220]
[610, 130]
[611, 121]
[612, 220]
[613, 129]
[614, 120]
[615, 220]
[616, 130]
[617, 120]
[618, 219]
[619, 129]
[620, 130]
[621, 219]
[622, 130]
[623, 120]
[624, 221]
[625, 129]
[626, 121]
[627, 220]
[628, 130]
[629, 121]
[630, 220]
[631, 130]
[632, 121]
[633, 219]
[634, 129]
[635, 121]
[636, 220]
[637, 129]
[638, 120]
[639, 219]
[640, 139]
[641, 120]
[642, 220]
[643, 129]
[644, 122]
[645, 219]
[646, 130]
[647, 121]
[648, 220]
[649, 130]
[650, 121]
[651, 220]
[652, 130]
[653, 120]
[654, 219]
[655, 130]
[656, 121]
[657, 219]
[658, 129]
[659, 120]
[660, 229]
[661, 129]
[662, 121]
[663, 219]
[664, 131]
[665, 120]
[666, 220]
[667, 130]
[668, 121]
[669, 220]
[670, 130]
[671, 121]
[672, 220]
[673, 129]
[674, 120]
[675, 220]
[676, 130]
[677, 120]
[678, 219]
[679, 129]
[680, 130]
[681, 219]
[682, 130]
[683, 120]
[684, 221]
[685, 129]
[686, 121]
[687, 220]
[688, 130]
[689, 121]
[690, 220]
[691, 130]
[692, 121]
[693, 219]
[694, 129]
[695, 121]
[696, 220]
[697, 129]
[698, 120]
[699, 219]
[700, 139]
[701, 120]
[702, 220]
[703, 129]
[704, 122]
[705, 219]
[706, 130]
[707, 121]
[708, 220]
[709, 130]
[710, 121]
[711, 220]
[712, 130]
[713, 120]
[714, 219]
[715, 130]
[716, 121]
[717, 219]
[718, 129]
[719, 120]
[720, 229]
[721, 129]
[722, 121]
[723, 219]
[724, 131]
[725, 120]
[726, 220]
[727, 130]
[728, 121]
[729, 220]
[730, 130]
[731, 121]
[732, 220]
[733, 129]
[734, 120]
[735, 220]
[736, 130]
[737, 120]
[738, 219]
[739, 129]
[740, 130]
[741, 219]
[742, 130]
[743, 120]
[744, 221]
[745, 129]
[746, 121]
[747, 220]
[748, 130]
[749, 121]
[750, 220]
[751, 130]
[752, 121]
[753, 219]
[754, 129]
[755, 121]
[756, 220]
[757, 129]
[758, 120]
[759, 219]
[760, 139]
[761, 120]
[762, 220]
[763, 129]
[764, 122]
[765, 219]
[766, 130]
[767, 121]
[768, 219]
[769, 130]
[770, 121]
[771, 220]
[772, 130]
[773, 121]
[774, 219]
[775, 130]
[776, 121]
[777, 219]
[778, 129]
[779, 120]
[780, 229]
[781, 129]
[782, 121]
[783, 219]
[784, 131]
[785, 120]
[786, 220]
[787, 130]
[788, 120]
[789, 220]
[790, 130]
[791, 120]
[792, 221]
[793, 130]
[794, 120]
[795, 220]
[796, 130]
[797, 120]
[798, 219]
[799, 129]
[800, 129]
[801, 219]
[802, 130]
[803, 120]
[804, 221]
[805, 129]
[806, 121]
[807, 221]
[808, 129]
[809, 121]
[810, 220]
[811, 129]
[812, 122]
[813, 220]
[814, 129]
[815, 121]
[816, 220]
[817, 129]
[818, 120]
[819, 219]
[820, 137]
[821, 120]
[822, 220]
[823, 129]
[824, 122]
[825, 219]
[826, 130]
[827, 122]
[828, 219]
[829, 130]
[830, 121]
[831, 219]
[832, 130]
[833, 121]
[834, 219]
[835, 130]
[836, 122]
[837, 219]
[838, 129]
[839, 120]
[840, 227]
[841, 129]
[842, 121]
[843, 219]
[844, 131]
[845, 121]
[846, 220]
[847, 131]
[848, 120]
[849, 220]
[850, 130]
[851, 120]
[852, 220]
[853, 129]
[854, 120]
[855, 220]
[856, 131]
[857, 120]
[858, 219]
[859, 129]
[860, 128]
[861, 219]
[862, 130]
[863, 121]
[864, 221]
[865, 130]
[866, 121]
[867, 221]
[868, 129]
[869, 121]
[870, 220]
[871, 129]
[872, 121]
[873, 219]
[874, 129]
[875, 121]
[876, 221]
[877, 129]
[878, 120]
[879, 219]
[880, 137]
[881, 120]
[882, 220]
[883, 130]
[884, 122]
[885, 220]
[886, 130]
[887, 122]
[888, 219]
[889, 130]
[890, 121]
[891, 219]
[892, 130]
[893, 120]
[894, 219]
[895, 130]
[896, 122]
[897, 219]
[898, 129]
[899, 120]
[900, 227]
[901, 129]
[902, 121]
[903, 220]
[904, 131]
[905, 121]
[906, 220]
[907, 131]
[908, 120]
[909, 220]
[910, 130]
[911, 120]
[912, 220]
[913, 129]
[914, 120]
[915, 219]
[916, 131]
[917, 120]
[918, 219]
[919, 129]
[920, 128]
[921, 219]
[922, 130]
[923, 121]
[924, 221]
[925, 129]
[926, 121]
[927, 221]
[928, 129]
[929, 122]
[930, 220]
[931, 129]
[932, 121]
[933, 219]
[934, 129]
[935, 120]
[936, 220]
[937, 129]
[938, 120]
[939, 219]
[940, 137]
[941, 120]
[942, 220]
[943, 130]
[944, 122]
[945, 220]
[946, 130]
[947, 122]
[948, 219]
[949, 131]
[950, 122]
[951, 219]
[952, 130]
[953, 120]
[954, 219]
[955, 129]
[956, 121]
[957, 219]
[958, 129]
[959, 120]
[960, 226]
[961, 130]
[962, 121]
[963, 220]
[964, 131]
[965, 121]
[966, 220]
[967, 130]
[968, 120]
[969, 221]
[970, 131]
[971, 120]
[972, 221]
[973, 129]
[974, 120]
[975, 219]
[976, 130]
[977, 120]
[978, 219]
[979, 129]
[980, 127]
[981, 220]
[982, 130]
[983, 121]
[984, 221]
[985, 130]
[986, 121]
[987, 220]
[988, 129]
[989, 122]
[990, 221]
[991, 129]
[992, 122]
[993, 219]
[994, 129]
[995, 120]
[996, 220]
[997, 129]
[998, 120]
[999, 219]
[1000, 136]
[1001, 121]
[1002, 220]
[1003, 130]
[1004, 122]
[1005, 220]
[1006, 130]
[1007, 121]
[1008, 219]
[1009, 131]
[1010, 122]
[1011, 219]
[1012, 131]
[1013, 120]
[1014, 219]
[1015, 129]
[1016, 121]
[1017, 219]
[1018, 129]
[1019, 120]
[1020, 226]
[1021, 130]
[1022, 121]
[1023, 220]
[1024, 131]
[1025, 121]
[1026, 220]
[1027, 129]
[1028, 120]
[1029, 222]
[1030, 131]
[1031, 120]
[1032, 221]
[1033, 129]
[1034, 120]
[1035, 219]
[1036, 130]
[1037, 120]
[1038, 219]
[1039, 129]
[1040, 127]
[1041, 220]
[1042, 130]
[1043, 121]
[1044, 221]
[1045, 130]
[1046, 121]
[1047, 219]
[1048, 129]
[1049, 123]
[1050, 221]
[1051, 129]
[1052, 122]
[1053, 219]
[1054, 129]
[1055, 120]
[1056, 220]
[1057, 129]
[1058, 120]
[1059, 219]
[1060, 135]
[1061, 121]
[1062, 220]
[1063, 130]
[1064, 122]
[1065, 219]
[1066, 129]
[1067, 120]
[1068, 219]
[1069, 131]
[1070, 121]
[1071, 219]
[1072, 131]
[1073, 120]
[1074, 219]
[1075, 129]
[1076, 121]
[1077, 220]
[1078, 130]
[1079, 121]
[1080, 225]
[1081, 130]
[1082, 121]
[1083, 220]
[1084, 131]
[1085, 120]
[1086, 219]
[1087, 129]
[1088, 120]
[1089, 221]
[1090, 130]
[1091, 121]
[1092, 221]
[1093, 129]
[1094, 120]
[1095, 219]
[1096, 130]
[1097, 122]
[1098, 220]
[1099, 130]
[1100, 126]
[1101, 220]
[1102, 130]
[1103, 121]
[1104, 221]
[1105, 129]
[1106, 120]
[1107, 219]
[1108, 129]
[1109, 122]
[1110, 220]
[1111, 130]
[1112, 121]
[1113, 220]
[1114, 129]
[1115, 120]
[1116, 220]
[1117, 131]
[1118, 121]
[1119, 220]
[1120, 134]
[1121, 121]
[1122, 220]
[1123, 130]
[1124, 123]
[1125, 219]
[1126, 129]
[1127, 120]
[1128, 219]
[1129, 131]
[1130, 121]
[1131, 220]
[1132, 130]
[1133, 121]
[1134, 219]
[1135, 129]
[1136, 121]
[1137, 221]
[1138, 130]
[1139, 121]
[1140, 224]
[1141, 130]
[1142, 121]
[1143, 220]
[1144, 132]
[1145, 120]
[1146, 219]
[1147, 129]
[1148, 120]
[1149, 221]
[1150, 130]
[1151, 121]
[1152, 220]
[1153, 130]
[1154, 120]
[1155, 219]
[1156, 130]
[1157, 122]
[1158, 220]
[1159, 130]
[1160, 125]
[1161, 220]
[1162, 130]
[1163, 121]
[1164, 222]
[1165, 129]
[1166, 120]
[1167, 219]
[1168, 129]
[1169, 122]
[1170, 220]
[1171, 130]
[1172, 121]
[1173, 220]
[1174, 129]
[1175, 120]
[1176, 220]
[1177, 131]
[1178, 121]
[1179, 220]
[1180, 134]
[1181, 121]
[1182, 220]
[1183, 130]
[1184, 123]
[1185, 219]
[1186, 129]
[1187, 120]
[1188, 219]
[1189, 131]
[1190, 121]
[1191, 220]
[1192, 130]
[1193, 121]
[1194, 219]
[1195, 129]
[1196, 121]
[1197, 221]
[1198, 130]
[1199, 121]
[1200, 224]
[1201, 130]
[1202, 121]
[1203, 220]
[1204, 132]
[1205, 120]
[1206, 219]
[1207, 129]
[1208, 120]
[1209, 221]
[1210, 130]
[1211, 121]
[1212, 220]
[1213, 130]
[1214, 120]
[1215, 219]
[1216, 130]
[1217, 122]
[1218, 220]
[1219, 130]
[1220, 125]
[1221, 220]
[1222, 130]
[1223, 121]
[1224, 222]
[1225, 129]
[1226, 120]
[1227, 219]
[1228, 129]
[1229, 122]
[1230, 220]
[1231, 130]
[1232, 121]
[1233, 220]
[1234, 129]
[1235, 120]
[1236, 220]
[1237, 131]
[1238, 121]
[1239, 220]
[1240, 134]
[1241, 121]
[1242, 220]
[1243, 130]
[1244, 123]
[1245, 219]
[1246, 129]
[1247, 120]
[1248, 219]
[1249, 131]
[1250, 121]
[1251, 220]
[1252, 130]
[1253, 121]
[1254, 219]
[1255, 129]
[1256, 121]
[1257, 221]
[1258, 130]
[1259, 121]
[1260, 224]
[1261, 130]
[1262, 121]
[1263, 220]
[1264, 132]
[1265, 120]
[1266, 219]
[1267, 129]
[1268, 120]
[1269, 221]
[1270, 129]
[1271, 121]
[1272, 219]
[1273, 131]
[1274, 121]
[1275, 219]
[1276, 130]
[1277, 122]
[1278, 220]
[1279, 130]
[1280, 125]
[1281, 220]
[1282, 130]
[1283, 121]
[1284, 222]
[1285, 129]
[1286, 120]
[1287, 219]
[1288, 129]
[1289, 122]
[1290, 219]
[1291, 130]
[1292, 120]
[1293, 220]
[1294, 130]
[1295, 121]
[1296, 220]
[1297, 131]
[1298, 121]
[1299, 220]
[1300, 134]
[1301, 121]
[1302, 220]
[1303, 130]
[1304, 123]
[1305, 219]
[1306, 129]
[1307, 120]
[1308, 219]
[1309, 131]
[1310, 120]
[1311, 220]
[1312, 129]
[1313, 121]
[1314, 220]
[1315, 130]
[1316, 121]
[1317, 221]
[1318, 130]
[1319, 121]
[1320, 224]
[1321, 130]
[1322, 121]
[1323, 220]
[1324, 132]
[1325, 120]
[1326, 219]
[1327, 129]
[1328, 120]
[1329, 221]
[1330, 129]
[1331, 120]
[1332, 219]
[1333, 131]
[1334, 121]
[1335, 220]
[1336, 130]
[1337, 122]
[1338, 220]
[1339, 130]
[1340, 125]
[1341, 220]
[1342, 130]
[1343, 121]
[1344, 221]
[1345, 129]
[1346, 120]
[1347, 219]
[1348, 129]
[1349, 122]
[1350, 220]
[1351, 129]
[1352, 120]
[1353, 221]
[1354, 130]
[1355, 121]
[1356, 220]
[1357, 131]
[1358, 121]
[1359, 220]
[1360, 134]
[1361, 121]
[1362, 220]
[1363, 130]
[1364, 122]
[1365, 219]
[1366, 129]
[1367, 120]
[1368, 219]
[1369, 131]
[1370, 121]
[1371, 219]
[1372, 129]
[1373, 122]
[1374, 220]
[1375, 130]
[1376, 121]
[1377, 221]
[1378, 130]
[1379, 121]
[1380, 224]
[1381, 130]
[1382, 120]
[1383, 220]
[1384, 132]
[1385, 120]
[1386, 219]
[1387, 129]
[1388, 120]
[1389, 221]
[1390, 130]
[1391, 120]
[1392, 219]
[1393, 131]
[1394, 121]
[1395, 220]
[1396, 130]
[1397, 122]
[1398, 219]
[1399, 130]
[1400, 125]
[1401, 220]
[1402, 129]
[1403, 121]
[1404, 222]
[1405, 129]
[1406, 120]
[1407, 219]
[1408, 130]
[1409, 121]
[1410, 220]
[1411, 129]
[1412, 120]
[1413, 221]
[1414, 130]
[1415, 121]
[1416, 221]
[1417, 131]
[1418, 120]
[1419, 220]
[1420, 134]
[1421, 121]
[1422, 219]
[1423, 130]
[1424, 123]
[1425, 219]
[1426, 129]
[1427, 120]
[1428, 220]
[1429, 130]
[1430, 121]
[1431, 219]
[1432, 129]
[1433, 122]
[1434, 220]
[1435, 130]
[1436, 122]
[1437, 221]
[1438, 129]
[1439, 121]
