SimulationV05.py[0, 250]
[1, 120]
[2, 120]
[3, 228]
[4, 120]
[5, 120]
[6, 228]
[7, 120]
[8, 120]
[9, 228]
[10, 120]
[11, 120]
[12, 228]
[13, 120]
[14, 120]
[15, 228]
[16, 120]
[17, 120]
[18, 228]
[19, 120]
[20, 141]
[21, 228]
[22, 120]
[23, 120]
[24, 228]
[25, 120]
[26, 120]
[27, 228]
[28, 120]
[29, 120]
[30, 228]
[31, 120]
[32, 120]
[33, 228]
[34, 120]
[35, 120]
[36, 229]
[37, 120]
[38, 120]
[39, 228]
[40, 141]
[41, 120]
[42, 228]
[43, 120]
[44, 120]
[45, 228]
[46, 120]
[47, 120]
[48, 228]
[49, 120]
[50, 120]
[51, 228]
[52, 120]
[53, 120]
[54, 228]
[55, 120]
[56, 121]
[57, 228]
[58, 120]
[59, 120]
[60, 249]
[61, 120]
[62, 120]
[63, 228]
[64, 120]
[65, 120]
[66, 228]
[67, 120]
[68, 120]
[69, 228]
[70, 120]
[71, 120]
[72, 228]
[73, 120]
[74, 120]
[75, 228]
[76, 121]
[77, 120]
[78, 228]
[79, 120]
[80, 141]
[81, 228]
[82, 120]
[83, 120]
[84, 228]
[85, 120]
[86, 120]
[87, 228]
[88, 120]
[89, 120]
[90, 228]
[91, 120]
[92, 120]
[93, 228]
[94, 120]
[95, 120]
[96, 229]
[97, 120]
[98, 120]
[99, 228]
[100, 141]
[101, 120]
[102, 228]
[103, 120]
[104, 120]
[105, 228]
[106, 120]
[107, 120]
[108, 228]
[109, 120]
[110, 120]
[111, 228]
[112, 120]
[113, 120]
[114, 228]
[115, 120]
[116, 120]
[117, 228]
[118, 120]
[119, 120]
[120, 249]
[121, 120]
[122, 120]
[123, 228]
[124, 120]
[125, 120]
[126, 228]
[127, 120]
[128, 120]
[129, 228]
[130, 120]
[131, 120]
[132, 228]
[133, 120]
[134, 120]
[135, 228]
[136, 120]
[137, 120]
[138, 228]
[139, 120]
[140, 141]
[141, 228]
[142, 121]
[143, 120]
[144, 228]
[145, 120]
[146, 120]
[147, 228]
[148, 120]
[149, 120]
[150, 228]
[151, 120]
[152, 120]
[153, 228]
[154, 120]
[155, 120]
[156, 228]
[157, 120]
[158, 120]
[159, 228]
[160, 137]
[161, 121]
[162, 229]
[163, 120]
[164, 120]
[165, 229]
[166, 121]
[167, 120]
[168, 228]
[169, 121]
[170, 120]
[171, 228]
[172, 120]
[173, 120]
[174, 228]
[175, 120]
[176, 120]
[177, 228]
[178, 120]
[179, 120]
[180, 245]
[181, 121]
[182, 121]
[183, 228]
[184, 120]
[185, 121]
[186, 229]
[187, 120]
[188, 120]
[189, 229]
[190, 120]
[191, 120]
[192, 228]
[193, 120]
[194, 120]
[195, 228]
[196, 120]
[197, 120]
[198, 228]
[199, 120]
[200, 137]
[201, 229]
[202, 121]
[203, 120]
[204, 228]
[205, 121]
[206, 121]
[207, 228]
[208, 120]
[209, 121]
[210, 228]
[211, 120]
[212, 120]
[213, 228]
[214, 120]
[215, 120]
[216, 228]
[217, 120]
[218, 120]
[219, 228]
[220, 137]
[221, 121]
[222, 229]
[223, 120]
[224, 120]
[225, 229]
[226, 121]
[227, 120]
[228, 228]
[229, 121]
[230, 120]
[231, 228]
[232, 120]
[233, 120]
[234, 228]
[235, 120]
[236, 120]
[237, 228]
[238, 120]
[239, 120]
[240, 243]
[241, 121]
[242, 121]
[243, 228]
[244, 121]
[245, 121]
[246, 229]
[247, 120]
[248, 120]
[249, 229]
[250, 120]
[251, 121]
[252, 228]
[253, 120]
[254, 120]
[255, 228]
[256, 120]
[257, 120]
[258, 228]
[259, 120]
[260, 135]
[261, 229]
[262, 121]
[263, 120]
[264, 229]
[265, 121]
[266, 121]
[267, 228]
[268, 120]
[269, 121]
[270, 228]
[271, 121]
[272, 120]
[273, 228]
[274, 120]
[275, 120]
[276, 228]
[277, 120]
[278, 120]
[279, 228]
[280, 135]
[281, 121]
[282, 229]
[283, 120]
[284, 121]
[285, 229]
[286, 121]
[287, 120]
[288, 228]
[289, 121]
[290, 120]
[291, 229]
[292, 120]
[293, 120]
[294, 228]
[295, 120]
[296, 120]
[297, 228]
[298, 120]
[299, 120]
[300, 243]
[301, 121]
[302, 121]
[303, 228]
[304, 121]
[305, 121]
[306, 229]
[307, 120]
[308, 120]
[309, 229]
[310, 120]
[311, 121]
[312, 228]
[313, 120]
[314, 120]
[315, 228]
[316, 120]
[317, 120]
[318, 228]
[319, 120]
[320, 134]
[321, 229]
[322, 121]
[323, 120]
[324, 229]
[325, 121]
[326, 121]
[327, 228]
[328, 121]
[329, 121]
[330, 228]
[331, 121]
[332, 120]
[333, 228]
[334, 120]
[335, 120]
[336, 228]
[337, 120]
[338, 120]
[339, 228]
[340, 134]
[341, 121]
[342, 229]
[343, 120]
[344, 121]
[345, 229]
[346, 121]
[347, 120]
[348, 229]
[349, 121]
[350, 120]
[351, 229]
[352, 120]
[353, 120]
[354, 228]
[355, 120]
[356, 120]
[357, 228]
[358, 120]
[359, 120]
[360, 241]
[361, 121]
[362, 121]
[363, 228]
[364, 121]
[365, 121]
[366, 229]
[367, 120]
[368, 121]
[369, 229]
[370, 120]
[371, 121]
[372, 228]
[373, 120]
[374, 120]
[375, 228]
[376, 120]
[377, 120]
[378, 228]
[379, 120]
[380, 132]
[381, 229]
[382, 121]
[383, 120]
[384, 229]
[385, 120]
[386, 121]
[387, 228]
[388, 121]
[389, 120]
[390, 229]
[391, 121]
[392, 120]
[393, 228]
[394, 121]
[395, 120]
[396, 228]
[397, 120]
[398, 121]
[399, 228]
[400, 132]
[401, 121]
[402, 229]
[403, 120]
[404, 122]
[405, 228]
[406, 121]
[407, 120]
[408, 229]
[409, 120]
[410, 121]
[411, 229]
[412, 120]
[413, 120]
[414, 228]
[415, 120]
[416, 120]
[417, 228]
[418, 120]
[419, 120]
[420, 240]
[421, 121]
[422, 121]
[423, 229]
[424, 122]
[425, 120]
[426, 228]
[427, 120]
[428, 121]
[429, 228]
[430, 121]
[431, 121]
[432, 228]
[433, 120]
[434, 120]
[435, 228]
[436, 120]
[437, 120]
[438, 228]
[439, 120]
[440, 130]
[441, 231]
[442, 121]
[443, 122]
[444, 230]
[445, 120]
[446, 120]
[447, 228]
[448, 121]
[449, 120]
[450, 229]
[451, 121]
[452, 120]
[453, 228]
[454, 120]
[455, 120]
[456, 228]
[457, 120]
[458, 120]
[459, 228]
[460, 130]
[461, 122]
[462, 229]
[463, 122]
[464, 122]
[465, 229]
[466, 121]
[467, 120]
[468, 229]
[469, 120]
[470, 121]
[471, 229]
[472, 120]
[473, 120]
[474, 228]
[475, 120]
[476, 120]
[477, 228]
[478, 120]
[479, 120]
[480, 238]
[481, 122]
[482, 121]
[483, 230]
[484, 121]
[485, 121]
[486, 228]
[487, 120]
[488, 121]
[489, 228]
[490, 121]
[491, 121]
[492, 229]
[493, 121]
[494, 120]
[495, 228]
[496, 120]
[497, 120]
[498, 228]
[499, 120]
[500, 130]
[501, 230]
[502, 121]
[503, 122]
[504, 229]
[505, 121]
[506, 120]
[507, 228]
[508, 121]
[509, 120]
[510, 229]
[511, 121]
[512, 121]
[513, 229]
[514, 120]
[515, 120]
[516, 228]
[517, 120]
[518, 120]
[519, 228]
[520, 130]
[521, 122]
[522, 229]
[523, 122]
[524, 121]
[525, 229]
[526, 120]
[527, 120]
[528, 229]
[529, 120]
[530, 121]
[531, 229]
[532, 121]
[533, 121]
[534, 228]
[535, 120]
[536, 120]
[537, 228]
[538, 120]
[539, 120]
[540, 238]
[541, 122]
[542, 121]
[543, 230]
[544, 121]
[545, 121]
[546, 228]
[547, 120]
[548, 121]
[549, 228]
[550, 121]
[551, 121]
[552, 229]
[553, 121]
[554, 120]
[555, 228]
[556, 120]
[557, 120]
[558, 228]
[559, 120]
[560, 130]
[561, 230]
[562, 121]
[563, 122]
[564, 229]
[565, 121]
[566, 120]
[567, 228]
[568, 121]
[569, 120]
[570, 229]
[571, 121]
[572, 121]
[573, 229]
[574, 120]
[575, 120]
[576, 228]
[577, 120]
[578, 120]
[579, 228]
[580, 129]
[581, 122]
[582, 229]
[583, 122]
[584, 121]
[585, 229]
[586, 120]
[587, 120]
[588, 229]
[589, 120]
[590, 121]
[591, 230]
[592, 121]
[593, 121]
[594, 228]
[595, 120]
[596, 120]
[597, 228]
[598, 120]
[599, 120]
[600, 236]
[601, 122]
[602, 121]
[603, 230]
[604, 121]
[605, 121]
[606, 228]
[607, 120]
[608, 121]
[609, 229]
[610, 121]
[611, 122]
[612, 229]
[613, 121]
[614, 120]
[615, 228]
[616, 120]
[617, 120]
[618, 228]
[619, 120]
[620, 128]
[621, 230]
[622, 121]
[623, 122]
[624, 229]
[625, 121]
[626, 120]
[627, 228]
[628, 121]
[629, 121]
[630, 229]
[631, 122]
[632, 121]
[633, 229]
[634, 120]
[635, 120]
[636, 228]
[637, 120]
[638, 120]
[639, 228]
[640, 128]
[641, 121]
[642, 228]
[643, 122]
[644, 121]
[645, 229]
[646, 120]
[647, 120]
[648, 229]
[649, 121]
[650, 122]
[651, 230]
[652, 121]
[653, 122]
[654, 228]
[655, 120]
[656, 120]
[657, 228]
[658, 120]
[659, 120]
[660, 236]
[661, 121]
[662, 120]
[663, 230]
[664, 121]
[665, 121]
[666, 228]
[667, 120]
[668, 121]
[669, 229]
[670, 122]
[671, 121]
[672, 229]
[673, 123]
[674, 120]
[675, 228]
[676, 120]
[677, 120]
[678, 228]
[679, 120]
[680, 128]
[681, 228]
[682, 120]
[683, 122]
[684, 230]
[685, 121]
[686, 120]
[687, 228]
[688, 121]
[689, 121]
[690, 230]
[691, 121]
[692, 121]
[693, 231]
[694, 120]
[695, 120]
[696, 228]
[697, 120]
[698, 120]
[699, 228]
[700, 128]
[701, 120]
[702, 228]
[703, 121]
[704, 122]
[705, 229]
[706, 120]
[707, 120]
[708, 229]
[709, 121]
[710, 121]
[711, 229]
[712, 121]
[713, 123]
[714, 229]
[715, 120]
[716, 121]
[717, 228]
[718, 120]
[719, 120]
[720, 236]
[721, 120]
[722, 120]
[723, 229]
[724, 122]
[725, 121]
[726, 228]
[727, 120]
[728, 121]
[729, 229]
[730, 121]
[731, 121]
[732, 229]
[733, 123]
[734, 121]
[735, 228]
[736, 121]
[737, 120]
[738, 228]
[739, 120]
[740, 128]
[741, 228]
[742, 120]
[743, 121]
[744, 230]
[745, 121]
[746, 120]
[747, 228]
[748, 121]
[749, 121]
[750, 229]
[751, 121]
[752, 121]
[753, 231]
[754, 121]
[755, 120]
[756, 229]
[757, 120]
[758, 120]
[759, 228]
[760, 128]
[761, 120]
[762, 228]
[763, 121]
[764, 122]
[765, 229]
[766, 120]
[767, 120]
[768, 229]
[769, 121]
[770, 121]
[771, 229]
[772, 121]
[773, 123]
[774, 229]
[775, 120]
[776, 121]
[777, 228]
[778, 120]
[779, 120]
[780, 236]
[781, 120]
[782, 120]
[783, 229]
[784, 122]
[785, 121]
[786, 228]
[787, 120]
[788, 121]
[789, 229]
[790, 121]
[791, 121]
[792, 229]
[793, 123]
[794, 121]
[795, 228]
[796, 121]
[797, 120]
[798, 228]
[799, 120]
[800, 128]
[801, 228]
[802, 120]
[803, 121]
[804, 230]
[805, 121]
[806, 120]
[807, 228]
[808, 121]
[809, 121]
[810, 229]
[811, 121]
[812, 121]
[813, 231]
[814, 121]
[815, 120]
[816, 229]
[817, 120]
[818, 120]
[819, 228]
[820, 128]
[821, 120]
[822, 228]
[823, 121]
[824, 122]
[825, 229]
[826, 120]
[827, 120]
[828, 229]
[829, 121]
[830, 121]
[831, 229]
[832, 121]
[833, 123]
[834, 229]
[835, 120]
[836, 121]
[837, 228]
[838, 120]
[839, 120]
[840, 234]
[841, 121]
[842, 120]
[843, 229]
[844, 122]
[845, 121]
[846, 228]
[847, 120]
[848, 121]
[849, 229]
[850, 122]
[851, 121]
[852, 229]
[853, 123]
[854, 121]
[855, 228]
[856, 121]
[857, 120]
[858, 228]
[859, 120]
[860, 126]
[861, 229]
[862, 120]
[863, 121]
[864, 230]
[865, 121]
[866, 120]
[867, 228]
[868, 121]
[869, 121]
[870, 230]
[871, 121]
[872, 121]
[873, 231]
[874, 121]
[875, 120]
[876, 229]
[877, 120]
[878, 120]
[879, 228]
[880, 126]
[881, 121]
[882, 228]
[883, 121]
[884, 122]
[885, 229]
[886, 120]
[887, 120]
[888, 229]
[889, 121]
[890, 122]
[891, 229]
[892, 121]
[893, 123]
[894, 229]
[895, 120]
[896, 121]
[897, 228]
[898, 120]
[899, 120]
[900, 234]
[901, 121]
[902, 120]
[903, 229]
[904, 122]
[905, 121]
[906, 228]
[907, 120]
[908, 121]
[909, 229]
[910, 121]
[911, 121]
[912, 229]
[913, 123]
[914, 121]
[915, 228]
[916, 121]
[917, 121]
[918, 228]
[919, 120]
[920, 125]
[921, 229]
[922, 120]
[923, 121]
[924, 230]
[925, 121]
[926, 120]
[927, 228]
[928, 121]
[929, 121]
[930, 229]
[931, 121]
[932, 121]
[933, 231]
[934, 121]
[935, 120]
[936, 229]
[937, 120]
[938, 120]
[939, 228]
[940, 125]
[941, 122]
[942, 228]
[943, 121]
[944, 122]
[945, 229]
[946, 120]
[947, 120]
[948, 229]
[949, 121]
[950, 121]
[951, 229]
[952, 122]
[953, 123]
[954, 229]
[955, 120]
[956, 121]
[957, 228]
[958, 120]
[959, 120]
[960, 233]
[961, 122]
[962, 120]
[963, 229]
[964, 122]
[965, 121]
[966, 228]
[967, 120]
[968, 121]
[969, 229]
[970, 121]
[971, 121]
[972, 230]
[973, 122]
[974, 121]
[975, 228]
[976, 121]
[977, 120]
[978, 228]
[979, 120]
[980, 124]
[981, 230]
[982, 121]
[983, 121]
[984, 230]
[985, 121]
[986, 120]
[987, 228]
[988, 121]
[989, 121]
[990, 229]
[991, 121]
[992, 122]
[993, 230]
[994, 121]
[995, 120]
[996, 230]
[997, 120]
[998, 120]
[999, 228]
[1000, 124]
[1001, 122]
[1002, 229]
[1003, 121]
[1004, 122]
[1005, 229]
[1006, 120]
[1007, 120]
[1008, 229]
[1009, 121]
[1010, 121]
[1011, 229]
[1012, 122]
[1013, 122]
[1014, 229]
[1015, 120]
[1016, 122]
[1017, 228]
[1018, 120]
[1019, 120]
[1020, 232]
[1021, 121]
[1022, 121]
[1023, 229]
[1024, 122]
[1025, 121]
[1026, 228]
[1027, 120]
[1028, 121]
[1029, 229]
[1030, 121]
[1031, 121]
[1032, 230]
[1033, 122]
[1034, 121]
[1035, 229]
[1036, 122]
[1037, 120]
[1038, 228]
[1039, 120]
[1040, 123]
[1041, 229]
[1042, 121]
[1043, 121]
[1044, 230]
[1045, 121]
[1046, 120]
[1047, 228]
[1048, 121]
[1049, 121]
[1050, 229]
[1051, 121]
[1052, 122]
[1053, 230]
[1054, 121]
[1055, 121]
[1056, 230]
[1057, 120]
[1058, 120]
[1059, 229]
[1060, 123]
[1061, 121]
[1062, 229]
[1063, 120]
[1064, 122]
[1065, 229]
[1066, 120]
[1067, 120]
[1068, 229]
[1069, 121]
[1070, 121]
[1071, 229]
[1072, 123]
[1073, 122]
[1074, 229]
[1075, 121]
[1076, 122]
[1077, 228]
[1078, 120]
[1079, 121]
[1080, 231]
[1081, 121]
[1082, 121]
[1083, 228]
[1084, 122]
[1085, 121]
[1086, 228]
[1087, 120]
[1088, 121]
[1089, 229]
[1090, 121]
[1091, 121]
[1092, 231]
[1093, 122]
[1094, 121]
[1095, 229]
[1096, 122]
[1097, 120]
[1098, 228]
[1099, 121]
[1100, 123]
[1101, 229]
[1102, 121]
[1103, 120]
[1104, 230]
[1105, 121]
[1106, 120]
[1107, 228]
[1108, 121]
[1109, 121]
[1110, 229]
[1111, 121]
[1112, 123]
[1113, 230]
[1114, 121]
[1115, 121]
[1116, 230]
[1117, 120]
[1118, 120]
[1119, 229]
[1120, 123]
[1121, 121]
[1122, 229]
[1123, 120]
[1124, 122]
[1125, 229]
[1126, 120]
[1127, 120]
[1128, 229]
[1129, 120]
[1130, 122]
[1131, 229]
[1132, 122]
[1133, 122]
[1134, 229]
[1135, 121]
[1136, 122]
[1137, 228]
[1138, 120]
[1139, 121]
[1140, 231]
[1141, 121]
[1142, 121]
[1143, 228]
[1144, 122]
[1145, 121]
[1146, 228]
[1147, 120]
[1148, 121]
[1149, 229]
[1150, 121]
[1151, 122]
[1152, 230]
[1153, 122]
[1154, 121]
[1155, 229]
[1156, 122]
[1157, 120]
[1158, 228]
[1159, 121]
[1160, 122]
[1161, 229]
[1162, 121]
[1163, 120]
[1164, 230]
[1165, 121]
[1166, 120]
[1167, 229]
[1168, 121]
[1169, 121]
[1170, 229]
[1171, 122]
[1172, 122]
[1173, 230]
[1174, 120]
[1175, 121]
[1176, 230]
[1177, 120]
[1178, 120]
[1179, 229]
[1180, 122]
[1181, 121]
[1182, 230]
[1183, 120]
[1184, 122]
[1185, 229]
[1186, 120]
[1187, 121]
[1188, 229]
[1189, 121]
[1190, 121]
[1191, 230]
[1192, 122]
[1193, 122]
[1194, 228]
[1195, 121]
[1196, 122]
[1197, 228]
[1198, 120]
[1199, 121]
[1200, 229]
[1201, 122]
[1202, 122]
[1203, 228]
[1204, 121]
[1205, 121]
[1206, 228]
[1207, 121]
[1208, 121]
[1209, 229]
[1210, 121]
[1211, 122]
[1212, 230]
[1213, 123]
[1214, 120]
[1215, 229]
[1216, 122]
[1217, 120]
[1218, 228]
[1219, 121]
[1220, 121]
[1221, 230]
[1222, 122]
[1223, 120]
[1224, 229]
[1225, 121]
[1226, 120]
[1227, 229]
[1228, 121]
[1229, 121]
[1230, 229]
[1231, 122]
[1232, 122]
[1233, 231]
[1234, 120]
[1235, 121]
[1236, 230]
[1237, 120]
[1238, 120]
[1239, 229]
[1240, 121]
[1241, 122]
[1242, 230]
[1243, 120]
[1244, 121]
[1245, 229]
[1246, 120]
[1247, 121]
[1248, 229]
[1249, 121]
[1250, 121]
[1251, 230]
[1252, 122]
[1253, 123]
[1254, 228]
[1255, 121]
[1256, 122]
[1257, 228]
[1258, 120]
[1259, 121]
[1260, 229]
[1261, 122]
[1262, 122]
[1263, 228]
[1264, 121]
[1265, 121]
[1266, 228]
[1267, 121]
[1268, 121]
[1269, 229]
[1270, 121]
[1271, 122]
[1272, 230]
[1273, 123]
[1274, 120]
[1275, 229]
[1276, 122]
[1277, 120]
[1278, 228]
[1279, 121]
[1280, 121]
[1281, 230]
[1282, 122]
[1283, 120]
[1284, 229]
[1285, 121]
[1286, 120]
[1287, 228]
[1288, 121]
[1289, 121]
[1290, 229]
[1291, 122]
[1292, 122]
[1293, 231]
[1294, 120]
[1295, 121]
[1296, 230]
[1297, 120]
[1298, 120]
[1299, 229]
[1300, 121]
[1301, 122]
[1302, 230]
[1303, 120]
[1304, 121]
[1305, 230]
[1306, 120]
[1307, 120]
[1308, 229]
[1309, 120]
[1310, 121]
[1311, 230]
[1312, 121]
[1313, 123]
[1314, 229]
[1315, 121]
[1316, 123]
[1317, 228]
[1318, 120]
[1319, 121]
[1320, 229]
[1321, 122]
[1322, 122]
[1323, 228]
[1324, 121]
[1325, 122]
[1326, 228]
[1327, 120]
[1328, 121]
[1329, 228]
[1330, 121]
[1331, 122]
[1332, 229]
[1333, 123]
[1334, 121]
[1335, 229]
[1336, 123]
[1337, 120]
[1338, 228]
[1339, 121]
[1340, 120]
[1341, 230]
[1342, 122]
[1343, 120]
[1344, 229]
[1345, 122]
[1346, 120]
[1347, 228]
[1348, 121]
[1349, 120]
[1350, 229]
[1351, 121]
[1352, 121]
[1353, 231]
[1354, 120]
[1355, 121]
[1356, 231]
[1357, 120]
[1358, 121]
[1359, 229]
[1360, 120]
[1361, 122]
[1362, 230]
[1363, 120]
[1364, 121]
[1365, 230]
[1366, 120]
[1367, 120]
[1368, 229]
[1369, 120]
[1370, 121]
[1371, 229]
[1372, 121]
[1373, 123]
[1374, 228]
[1375, 121]
[1376, 123]
[1377, 228]
[1378, 121]
[1379, 121]
[1380, 229]
[1381, 122]
[1382, 122]
[1383, 228]
[1384, 121]
[1385, 122]
[1386, 228]
[1387, 121]
[1388, 121]
[1389, 228]
[1390, 121]
[1391, 121]
[1392, 229]
[1393, 123]
[1394, 120]
[1395, 229]
[1396, 123]
[1397, 120]
[1398, 229]
[1399, 121]
[1400, 121]
[1401, 230]
[1402, 122]
[1403, 120]
[1404, 229]
[1405, 122]
[1406, 120]
[1407, 229]
[1408, 121]
[1409, 120]
[1410, 229]
[1411, 121]
[1412, 121]
[1413, 231]
[1414, 120]
[1415, 121]
[1416, 231]
[1417, 120]
[1418, 121]
[1419, 229]
[1420, 121]
[1421, 122]
[1422, 230]
[1423, 120]
[1424, 121]
[1425, 230]
[1426, 120]
[1427, 121]
[1428, 229]
[1429, 120]
[1430, 121]
[1431, 229]
[1432, 121]
[1433, 123]
[1434, 228]
[1435, 121]
[1436, 123]
[1437, 228]
[1438, 121]
[1439, 120]
