SimulationV07.py[0, 287]
[1, 135]
[2, 135]
[3, 261]
[4, 135]
[5, 135]
[6, 261]
[7, 135]
[8, 135]
[9, 261]
[10, 135]
[11, 135]
[12, 261]
[13, 135]
[14, 135]
[15, 261]
[16, 135]
[17, 135]
[18, 261]
[19, 135]
[20, 161]
[21, 261]
[22, 135]
[23, 135]
[24, 261]
[25, 135]
[26, 135]
[27, 261]
[28, 135]
[29, 135]
[30, 261]
[31, 135]
[32, 135]
[33, 261]
[34, 135]
[35, 135]
[36, 261]
[37, 135]
[38, 135]
[39, 261]
[40, 161]
[41, 135]
[42, 261]
[43, 135]
[44, 135]
[45, 261]
[46, 135]
[47, 135]
[48, 261]
[49, 135]
[50, 135]
[51, 261]
[52, 135]
[53, 135]
[54, 261]
[55, 135]
[56, 135]
[57, 261]
[58, 135]
[59, 135]
[60, 287]
[61, 135]
[62, 135]
[63, 261]
[64, 135]
[65, 135]
[66, 261]
[67, 135]
[68, 135]
[69, 261]
[70, 135]
[71, 135]
[72, 261]
[73, 135]
[74, 135]
[75, 261]
[76, 135]
[77, 135]
[78, 261]
[79, 135]
[80, 161]
[81, 261]
[82, 135]
[83, 135]
[84, 261]
[85, 135]
[86, 135]
[87, 261]
[88, 135]
[89, 135]
[90, 261]
[91, 135]
[92, 135]
[93, 261]
[94, 135]
[95, 135]
[96, 261]
[97, 135]
[98, 135]
[99, 261]
[100, 161]
[101, 135]
[102, 261]
[103, 135]
[104, 135]
[105, 261]
[106, 135]
[107, 135]
[108, 261]
[109, 135]
[110, 135]
[111, 261]
[112, 135]
[113, 135]
[114, 261]
[115, 135]
[116, 135]
[117, 261]
[118, 135]
[119, 135]
[120, 287]
[121, 135]
[122, 135]
[123, 261]
[124, 135]
[125, 135]
[126, 261]
[127, 135]
[128, 135]
[129, 261]
[130, 135]
[131, 135]
[132, 261]
[133, 135]
[134, 135]
[135, 261]
[136, 135]
[137, 135]
[138, 261]
[139, 135]
[140, 159]
[141, 261]
[142, 135]
[143, 135]
[144, 261]
[145, 135]
[146, 135]
[147, 261]
[148, 135]
[149, 135]
[150, 261]
[151, 136]
[152, 135]
[153, 262]
[154, 135]
[155, 135]
[156, 261]
[157, 135]
[158, 135]
[159, 261]
[160, 158]
[161, 135]
[162, 261]
[163, 136]
[164, 135]
[165, 261]
[166, 135]
[167, 135]
[168, 261]
[169, 135]
[170, 135]
[171, 262]
[172, 135]
[173, 136]
[174, 261]
[175, 135]
[176, 135]
[177, 261]
[178, 135]
[179, 135]
[180, 284]
[181, 135]
[182, 135]
[183, 261]
[184, 135]
[185, 135]
[186, 261]
[187, 135]
[188, 135]
[189, 261]
[190, 136]
[191, 136]
[192, 261]
[193, 136]
[194, 135]
[195, 261]
[196, 135]
[197, 135]
[198, 261]
[199, 135]
[200, 158]
[201, 261]
[202, 135]
[203, 135]
[204, 261]
[205, 135]
[206, 135]
[207, 261]
[208, 135]
[209, 135]
[210, 262]
[211, 136]
[212, 135]
[213, 262]
[214, 135]
[215, 135]
[216, 261]
[217, 135]
[218, 135]
[219, 261]
[220, 158]
[221, 135]
[222, 261]
[223, 135]
[224, 135]
[225, 261]
[226, 135]
[227, 135]
[228, 261]
[229, 135]
[230, 136]
[231, 262]
[232, 135]
[233, 136]
[234, 261]
[235, 135]
[236, 135]
[237, 261]
[238, 135]
[239, 135]
[240, 284]
[241, 135]
[242, 135]
[243, 261]
[244, 135]
[245, 135]
[246, 261]
[247, 135]
[248, 135]
[249, 261]
[250, 136]
[251, 136]
[252, 261]
[253, 136]
[254, 135]
[255, 261]
[256, 135]
[257, 135]
[258, 261]
[259, 135]
[260, 158]
[261, 261]
[262, 135]
[263, 135]
[264, 261]
[265, 135]
[266, 135]
[267, 261]
[268, 135]
[269, 135]
[270, 262]
[271, 135]
[272, 135]
[273, 262]
[274, 135]
[275, 135]
[276, 261]
[277, 135]
[278, 135]
[279, 261]
[280, 158]
[281, 135]
[282, 261]
[283, 135]
[284, 135]
[285, 261]
[286, 135]
[287, 135]
[288, 262]
[289, 135]
[290, 136]
[291, 261]
[292, 135]
[293, 136]
[294, 261]
[295, 135]
[296, 135]
[297, 261]
[298, 135]
[299, 135]
[300, 283]
[301, 135]
[302, 135]
[303, 261]
[304, 136]
[305, 135]
[306, 261]
[307, 135]
[308, 136]
[309, 261]
[310, 136]
[311, 135]
[312, 261]
[313, 136]
[314, 135]
[315, 261]
[316, 135]
[317, 135]
[318, 261]
[319, 135]
[320, 156]
[321, 261]
[322, 135]
[323, 135]
[324, 262]
[325, 135]
[326, 135]
[327, 261]
[328, 136]
[329, 135]
[330, 262]
[331, 135]
[332, 135]
[333, 262]
[334, 135]
[335, 135]
[336, 261]
[337, 135]
[338, 135]
[339, 261]
[340, 155]
[341, 135]
[342, 261]
[343, 136]
[344, 136]
[345, 261]
[346, 135]
[347, 135]
[348, 262]
[349, 135]
[350, 136]
[351, 261]
[352, 135]
[353, 136]
[354, 261]
[355, 136]
[356, 135]
[357, 261]
[358, 135]
[359, 135]
[360, 279]
[361, 135]
[362, 135]
[363, 262]
[364, 136]
[365, 135]
[366, 261]
[367, 136]
[368, 136]
[369, 261]
[370, 137]
[371, 135]
[372, 261]
[373, 136]
[374, 135]
[375, 262]
[376, 135]
[377, 135]
[378, 261]
[379, 135]
[380, 151]
[381, 261]
[382, 135]
[383, 136]
[384, 262]
[385, 136]
[386, 135]
[387, 262]
[388, 136]
[389, 135]
[390, 263]
[391, 135]
[392, 136]
[393, 262]
[394, 135]
[395, 136]
[396, 261]
[397, 135]
[398, 135]
[399, 261]
[400, 150]
[401, 135]
[402, 261]
[403, 136]
[404, 136]
[405, 262]
[406, 135]
[407, 136]
[408, 262]
[409, 136]
[410, 137]
[411, 261]
[412, 136]
[413, 136]
[414, 261]
[415, 136]
[416, 135]
[417, 261]
[418, 135]
[419, 135]
[420, 276]
[421, 135]
[422, 135]
[423, 262]
[424, 136]
[425, 136]
[426, 261]
[427, 136]
[428, 136]
[429, 262]
[430, 137]
[431, 135]
[432, 262]
[433, 136]
[434, 135]
[435, 262]
[436, 135]
[437, 135]
[438, 261]
[439, 135]
[440, 150]
[441, 261]
[442, 135]
[443, 136]
[444, 262]
[445, 136]
[446, 135]
[447, 262]
[448, 136]
[449, 136]
[450, 263]
[451, 135]
[452, 136]
[453, 262]
[454, 135]
[455, 136]
[456, 261]
[457, 135]
[458, 135]
[459, 261]
[460, 150]
[461, 135]
[462, 261]
[463, 136]
[464, 136]
[465, 262]
[466, 135]
[467, 136]
[468, 262]
[469, 136]
[470, 137]
[471, 261]
[472, 136]
[473, 136]
[474, 261]
[475, 136]
[476, 135]
[477, 261]
[478, 135]
[479, 135]
