SimulationV02.py[0, 287]
[1, 135]
[2, 135]
[3, 261]
[4, 135]
[5, 135]
[6, 261]
[7, 135]
[8, 135]
[9, 261]
[10, 135]
[11, 135]
[12, 261]
[13, 135]
[14, 135]
[15, 261]
[16, 135]
[17, 135]
[18, 261]
[19, 135]
[20, 161]
[21, 261]
[22, 135]
[23, 135]
[24, 261]
[25, 135]
[26, 135]
[27, 261]
[28, 135]
[29, 135]
[30, 261]
[31, 135]
[32, 135]
[33, 261]
[34, 135]
[35, 135]
[36, 261]
[37, 135]
[38, 135]
[39, 261]
[40, 160]
[41, 135]
[42, 261]
[43, 135]
[44, 135]
[45, 262]
[46, 135]
[47, 135]
[48, 261]
[49, 135]
[50, 135]
[51, 261]
[52, 135]
[53, 135]
[54, 261]
[55, 135]
[56, 135]
[57, 261]
[58, 135]
[59, 135]
[60, 286]
[61, 135]
[62, 135]
[63, 261]
[64, 135]
[65, 136]
[66, 261]
[67, 135]
[68, 135]
[69, 261]
[70, 135]
[71, 135]
[72, 261]
[73, 135]
[74, 135]
[75, 261]
[76, 135]
[77, 135]
[78, 261]
[79, 135]
[80, 159]
[81, 261]
[82, 135]
[83, 135]
[84, 261]
[85, 136]
[86, 135]
[87, 261]
[88, 136]
[89, 135]
[90, 261]
[91, 135]
[92, 135]
[93, 261]
[94, 135]
[95, 135]
[96, 261]
[97, 135]
[98, 135]
[99, 261]
[100, 158]
[101, 135]
[102, 261]
[103, 135]
[104, 135]
[105, 262]
[106, 135]
[107, 135]
[108, 262]
[109, 135]
[110, 135]
[111, 261]
[112, 135]
[113, 135]
[114, 261]
[115, 135]
[116, 135]
[117, 261]
[118, 135]
[119, 136]
[120, 283]
[121, 135]
[122, 135]
[123, 261]
[124, 136]
[125, 136]
[126, 261]
[127, 135]
[128, 136]
[129, 261]
[130, 135]
[131, 135]
[132, 261]
[133, 135]
[134, 135]
[135, 261]
[136, 135]
[137, 135]
[138, 261]
[139, 136]
[140, 157]
[141, 261]
[142, 135]
[143, 135]
[144, 262]
[145, 136]
[146, 135]
[147, 261]
[148, 136]
[149, 135]
[150, 261]
[151, 135]
[152, 135]
[153, 261]
[154, 135]
[155, 135]
[156, 261]
[157, 135]
[158, 135]
[159, 261]
[160, 156]
[161, 135]
[162, 261]
[163, 136]
[164, 136]
[165, 262]
[166, 135]
[167, 135]
[168, 262]
[169, 135]
[170, 135]
[171, 261]
[172, 135]
[173, 135]
[174, 261]
[175, 135]
[176, 135]
[177, 261]
[178, 135]
[179, 135]
[180, 282]
[181, 135]
[182, 135]
[183, 262]
[184, 136]
[185, 136]
[186, 261]
[187, 135]
[188, 136]
[189, 261]
[190, 135]
[191, 135]
[192, 261]
[193, 135]
[194, 135]
[195, 261]
[196, 135]
[197, 135]
[198, 261]
[199, 135]
[200, 155]
[201, 261]
[202, 136]
[203, 136]
[204, 262]
[205, 137]
[206, 135]
[207, 261]
[208, 136]
[209, 135]
[210, 261]
[211, 135]
[212, 135]
[213, 261]
[214, 135]
[215, 135]
[216, 261]
[217, 135]
[218, 135]
[219, 261]
[220, 153]
[221, 135]
[222, 262]
[223, 136]
[224, 136]
[225, 264]
[226, 135]
[227, 135]
[228, 262]
[229, 135]
[230, 135]
[231, 261]
[232, 135]
[233, 136]
[234, 261]
[235, 135]
[236, 135]
[237, 261]
[238, 135]
[239, 135]
[240, 279]
[241, 135]
[242, 136]
[243, 262]
[244, 136]
[245, 138]
[246, 261]
[247, 135]
[248, 136]
[249, 261]
[250, 135]
[251, 135]
[252, 261]
[253, 136]
[254, 135]
[255, 261]
[256, 135]
[257, 135]
[258, 261]
[259, 135]
[260, 153]
[261, 261]
[262, 136]
[263, 136]
[264, 262]
[265, 138]
[266, 135]
[267, 261]
[268, 135]
[269, 135]
[270, 261]
[271, 136]
[272, 135]
[273, 262]
[274, 135]
[275, 135]
[276, 261]
[277, 135]
[278, 135]
[279, 261]
[280, 153]
[281, 135]
[282, 262]
[283, 136]
[284, 136]
[285, 264]
[286, 135]
[287, 135]
[288, 261]
[289, 135]
[290, 135]
[291, 262]
[292, 135]
[293, 136]
[294, 261]
[295, 135]
[296, 135]
[297, 261]
[298, 135]
[299, 135]
[300, 278]
[301, 135]
[302, 137]
[303, 262]
[304, 136]
[305, 138]
[306, 261]
[307, 135]
[308, 135]
[309, 261]
[310, 135]
[311, 135]
[312, 261]
[313, 136]
[314, 135]
[315, 261]
[316, 135]
[317, 135]
[318, 261]
[319, 135]
[320, 152]
[321, 261]
[322, 137]
[323, 136]
[324, 262]
[325, 138]
[326, 136]
[327, 261]
[328, 135]
[329, 135]
[330, 261]
[331, 135]
[332, 135]
[333, 262]
[334, 135]
[335, 135]
[336, 261]
[337, 135]
[338, 135]
[339, 261]
[340, 150]
[341, 135]
[342, 263]
[343, 136]
[344, 136]
[345, 264]
[346, 136]
[347, 135]
[348, 261]
[349, 136]
[350, 135]
[351, 261]
[352, 135]
[353, 136]
[354, 261]
[355, 135]
[356, 135]
[357, 261]
[358, 136]
[359, 135]
[360, 276]
[361, 135]
[362, 137]
[363, 262]
[364, 136]
[365, 138]
[366, 262]
[367, 135]
[368, 135]
[369, 262]
[370, 135]
[371, 135]
[372, 261]
[373, 136]
[374, 135]
[375, 261]
[376, 135]
[377, 135]
[378, 262]
[379, 135]
[380, 150]
[381, 261]
[382, 137]
[383, 136]
[384, 262]
[385, 138]
[386, 135]
[387, 261]
[388, 135]
[389, 136]
[390, 261]
[391, 135]
[392, 135]
[393, 262]
[394, 136]
[395, 135]
[396, 261]
[397, 135]
[398, 136]
[399, 261]
[400, 150]
[401, 135]
[402, 263]
[403, 136]
[404, 136]
[405, 264]
[406, 135]
[407, 135]
[408, 261]
[409, 136]
[410, 135]
[411, 261]
[412, 135]
[413, 136]
[414, 262]
[415, 135]
[416, 135]
[417, 261]
[418, 136]
[419, 135]
[420, 275]
[421, 136]
[422, 137]
[423, 262]
[424, 136]
[425, 138]
[426, 261]
[427, 135]
[428, 135]
[429, 262]
[430, 135]
[431, 135]
[432, 261]
[433, 136]
[434, 135]
[435, 262]
[436, 135]
[437, 135]
[438, 262]
[439, 135]
[440, 149]
[441, 262]
[442, 137]
[443, 136]
[444, 262]
[445, 138]
[446, 135]
[447, 261]
[448, 135]
[449, 136]
[450, 261]
[451, 135]
[452, 135]
[453, 262]
[454, 135]
[455, 136]
[456, 261]
[457, 135]
[458, 136]
[459, 261]
[460, 147]
[461, 135]
[462, 263]
[463, 136]
[464, 131]
[465, 259]
[466, 130]
[467, 130]
[468, 257]
[469, 131]
[470, 135]
[471, 261]
[472, 135]
[473, 137]
[474, 261]
[475, 136]
[476, 135]
[477, 261]
[478, 136]
[479, 135]
