SimulationV09.py[0, 250]
[1, 120]
[2, 120]
[3, 228]
[4, 120]
[5, 120]
[6, 228]
[7, 120]
[8, 120]
[9, 228]
[10, 120]
[11, 120]
[12, 228]
[13, 120]
[14, 120]
[15, 228]
[16, 120]
[17, 120]
[18, 228]
[19, 120]
[20, 142]
[21, 228]
[22, 120]
[23, 120]
[24, 228]
[25, 120]
[26, 120]
[27, 228]
[28, 120]
[29, 120]
[30, 228]
[31, 120]
[32, 120]
[33, 228]
[34, 120]
[35, 120]
[36, 228]
[37, 120]
[38, 120]
[39, 228]
[40, 142]
[41, 120]
[42, 228]
[43, 120]
[44, 120]
[45, 228]
[46, 120]
[47, 120]
[48, 228]
[49, 120]
[50, 120]
[51, 228]
[52, 120]
[53, 120]
[54, 228]
[55, 120]
[56, 120]
[57, 228]
[58, 120]
[59, 120]
[60, 250]
[61, 120]
[62, 120]
[63, 228]
[64, 120]
[65, 120]
[66, 228]
[67, 120]
[68, 120]
[69, 228]
[70, 120]
[71, 120]
[72, 228]
[73, 120]
[74, 120]
[75, 228]
[76, 120]
[77, 120]
[78, 228]
[79, 120]
[80, 141]
[81, 228]
[82, 120]
[83, 120]
[84, 228]
[85, 120]
[86, 120]
[87, 228]
[88, 120]
[89, 120]
[90, 228]
[91, 120]
[92, 120]
[93, 228]
[94, 120]
[95, 120]
[96, 228]
[97, 120]
[98, 120]
[99, 228]
[100, 141]
[101, 120]
[102, 228]
[103, 120]
[104, 120]
[105, 228]
[106, 120]
[107, 120]
[108, 228]
[109, 120]
[110, 120]
[111, 228]
[112, 120]
[113, 120]
[114, 228]
[115, 120]
[116, 120]
[117, 228]
[118, 120]
[119, 120]
[120, 249]
[121, 121]
[122, 120]
[123, 228]
[124, 120]
[125, 120]
[126, 228]
[127, 120]
[128, 120]
[129, 228]
[130, 120]
[131, 120]
[132, 228]
[133, 120]
[134, 120]
[135, 228]
[136, 120]
[137, 120]
[138, 228]
[139, 120]
[140, 140]
[141, 229]
[142, 120]
[143, 120]
[144, 228]
[145, 120]
[146, 120]
[147, 228]
[148, 120]
[149, 120]
[150, 228]
[151, 120]
[152, 120]
[153, 228]
[154, 120]
[155, 120]
[156, 228]
[157, 120]
[158, 120]
[159, 228]
[160, 138]
[161, 122]
[162, 228]
[163, 120]
[164, 120]
[165, 228]
[166, 120]
[167, 120]
[168, 228]
[169, 120]
[170, 120]
[171, 228]
[172, 120]
[173, 120]
[174, 229]
[175, 120]
[176, 120]
[177, 228]
[178, 120]
[179, 120]
[180, 246]
[181, 122]
[182, 120]
[183, 228]
[184, 120]
[185, 120]
[186, 228]
[187, 120]
[188, 120]
[189, 228]
[190, 121]
[191, 120]
[192, 228]
[193, 120]
[194, 121]
[195, 228]
[196, 120]
[197, 120]
[198, 228]
[199, 120]
[200, 138]
[201, 230]
[202, 120]
[203, 120]
[204, 228]
[205, 120]
[206, 120]
[207, 228]
[208, 120]
[209, 120]
[210, 229]
[211, 120]
[212, 120]
[213, 228]
[214, 121]
[215, 120]
[216, 228]
[217, 120]
[218, 120]
[219, 228]
[220, 136]
[221, 122]
[222, 228]
[223, 120]
[224, 120]
[225, 229]
[226, 120]
[227, 120]
[228, 229]
[229, 120]
[230, 121]
[231, 228]
[232, 120]
[233, 120]
[234, 229]
[235, 120]
[236, 120]
[237, 228]
[238, 120]
[239, 120]
[240, 244]
[241, 122]
[242, 120]
[243, 228]
[244, 120]
[245, 121]
[246, 228]
[247, 120]
[248, 121]
[249, 228]
[250, 121]
[251, 120]
[252, 228]
[253, 120]
[254, 121]
[255, 228]
[256, 120]
[257, 120]
[258, 228]
[259, 120]
[260, 136]
[261, 230]
[262, 120]
[263, 120]
[264, 228]
[265, 121]
[266, 120]
[267, 228]
[268, 121]
[269, 120]
[270, 229]
[271, 120]
[272, 120]
[273, 228]
[274, 121]
[275, 120]
[276, 228]
[277, 120]
[278, 120]
[279, 228]
[280, 133]
[281, 123]
[282, 228]
[283, 120]
[284, 120]
[285, 230]
[286, 120]
[287, 120]
[288, 229]
[289, 120]
[290, 121]
[291, 228]
[292, 120]
[293, 121]
[294, 229]
[295, 120]
[296, 120]
[297, 228]
[298, 120]
[299, 120]
[300, 241]
[301, 123]
[302, 120]
[303, 228]
[304, 120]
[305, 122]
[306, 228]
[307, 120]
[308, 121]
[309, 228]
[310, 121]
[311, 120]
[312, 228]
[313, 121]
[314, 121]
[315, 228]
[316, 120]
[317, 120]
[318, 228]
[319, 120]
[320, 132]
[321, 232]
[322, 120]
[323, 120]
[324, 228]
[325, 122]
[326, 120]
[327, 228]
[328, 121]
[329, 120]
[330, 229]
[331, 120]
[332, 120]
[333, 229]
[334, 121]
[335, 120]
[336, 228]
[337, 120]
[338, 120]
[339, 228]
[340, 132]
[341, 124]
[342, 228]
[343, 120]
[344, 120]
[345, 230]
[346, 120]
[347, 120]
[348, 229]
[349, 120]
[350, 121]
[351, 228]
[352, 120]
[353, 121]
[354, 228]
[355, 120]
[356, 120]
[357, 229]
[358, 120]
[359, 120]
[360, 240]
[361, 123]
[362, 120]
[363, 228]
[364, 120]
[365, 121]
[366, 228]
[367, 120]
[368, 121]
[369, 228]
[370, 121]
[371, 120]
[372, 228]
[373, 121]
[374, 121]
[375, 228]
[376, 120]
[377, 122]
[378, 228]
[379, 120]
[380, 132]
[381, 231]
[382, 120]
[383, 120]
[384, 228]
[385, 121]
[386, 120]
[387, 228]
[388, 121]
[389, 120]
[390, 229]
[391, 120]
[392, 120]
[393, 229]
[394, 121]
[395, 120]
[396, 228]
[397, 122]
[398, 120]
[399, 228]
[400, 132]
[401, 123]
[402, 228]
[403, 120]
[404, 120]
[405, 229]
[406, 120]
[407, 120]
[408, 229]
[409, 120]
[410, 121]
[411, 228]
[412, 120]
[413, 121]
[414, 229]
[415, 120]
[416, 120]
[417, 230]
[418, 120]
[419, 120]
[420, 239]
[421, 123]
[422, 120]
[423, 228]
[424, 120]
[425, 121]
[426, 228]
[427, 120]
[428, 121]
[429, 228]
[430, 121]
[431, 120]
[432, 228]
[433, 121]
[434, 121]
[435, 228]
[436, 120]
[437, 122]
[438, 228]
[439, 120]
[440, 130]
[441, 231]
[442, 121]
[443, 120]
[444, 228]
[445, 121]
[446, 120]
[447, 228]
[448, 121]
[449, 120]
[450, 229]
[451, 120]
[452, 120]
[453, 229]
[454, 121]
[455, 120]
[456, 228]
[457, 122]
[458, 120]
[459, 229]
[460, 130]
[461, 123]
[462, 229]
[463, 120]
[464, 120]
[465, 229]
[466, 120]
[467, 120]
[468, 229]
[469, 120]
[470, 120]
[471, 228]
[472, 120]
[473, 121]
[474, 229]
[475, 120]
[476, 121]
[477, 229]
[478, 120]
[479, 121]
[480, 238]
[481, 123]
[482, 121]
[483, 228]
[484, 120]
[485, 121]
[486, 229]
[487, 120]
[488, 121]
[489, 228]
[490, 120]
[491, 120]
[492, 228]
[493, 121]
[494, 121]
[495, 228]
[496, 120]
[497, 121]
[498, 228]
[499, 121]
[500, 128]
[501, 231]
[502, 121]
[503, 120]
[504, 228]
[505, 121]
[506, 121]
[507, 229]
[508, 121]
[509, 120]
[510, 229]
[511, 120]
[512, 120]
[513, 229]
[514, 121]
[515, 120]
[516, 228]
[517, 122]
[518, 120]
[519, 229]
[520, 127]
[521, 123]
[522, 229]
[523, 120]
[524, 121]
[525, 228]
[526, 121]
[527, 121]
[528, 229]
[529, 120]
[530, 121]
[531, 228]
[532, 120]
[533, 121]
[534, 229]
[535, 120]
[536, 121]
[537, 230]
[538, 120]
[539, 121]
[540, 235]
[541, 122]
[542, 121]
[543, 228]
[544, 121]
[545, 120]
[546, 229]
[547, 121]
[548, 121]
[549, 228]
[550, 121]
[551, 120]
[552, 228]
[553, 122]
[554, 120]
[555, 228]
[556, 121]
[557, 122]
[558, 228]
[559, 121]
[560, 127]
[561, 230]
[562, 121]
[563, 121]
[564, 229]
[565, 120]
[566, 121]
[567, 229]
[568, 121]
[569, 120]
[570, 229]
[571, 120]
[572, 120]
[573, 230]
[574, 120]
[575, 120]
[576, 229]
[577, 122]
[578, 120]
[579, 229]
[580, 127]
[581, 122]
[582, 229]
[583, 121]
[584, 121]
[585, 228]
[586, 121]
[587, 121]
[588, 228]
[589, 120]
[590, 121]
[591, 228]
[592, 120]
[593, 123]
[594, 228]
[595, 120]
[596, 120]
[597, 230]
[598, 120]
[599, 121]
[600, 235]
[601, 122]
[602, 121]
[603, 229]
[604, 121]
[605, 120]
[606, 229]
[607, 121]
[608, 120]
[609, 228]
[610, 121]
[611, 121]
[612, 228]
[613, 123]
[614, 120]
[615, 228]
[616, 120]
[617, 122]
[618, 228]
[619, 121]
[620, 127]
[621, 230]
[622, 121]
[623, 121]
[624, 229]
[625, 120]
[626, 121]
[627, 229]
[628, 120]
[629, 120]
[630, 229]
[631, 121]
[632, 120]
[633, 231]
[634, 120]
[635, 120]
[636, 228]
[637, 122]
[638, 120]
[639, 228]
[640, 128]
[641, 122]
[642, 229]
[643, 121]
[644, 121]
[645, 228]
[646, 121]
[647, 121]
[648, 228]
[649, 120]
[650, 121]
[651, 229]
[652, 120]
[653, 123]
[654, 228]
[655, 120]
[656, 120]
[657, 230]
[658, 120]
[659, 120]
[660, 236]
[661, 122]
[662, 121]
[663, 229]
[664, 121]
[665, 120]
[666, 229]
[667, 121]
[668, 120]
[669, 228]
[670, 121]
[671, 121]
[672, 228]
[673, 123]
[674, 120]
[675, 228]
[676, 120]
[677, 122]
[678, 228]
[679, 120]
[680, 128]
[681, 230]
[682, 121]
[683, 121]
[684, 228]
[685, 120]
[686, 121]
[687, 229]
[688, 120]
[689, 120]
[690, 229]
[691, 121]
[692, 120]
[693, 231]
[694, 120]
[695, 120]
[696, 228]
[697, 123]
[698, 120]
[699, 228]
[700, 128]
[701, 122]
[702, 229]
[703, 121]
[704, 120]
[705, 228]
[706, 121]
[707, 121]
[708, 228]
[709, 120]
[710, 121]
[711, 229]
[712, 120]
[713, 123]
[714, 228]
[715, 120]
[716, 120]
[717, 231]
[718, 120]
[719, 120]
[720, 236]
[721, 122]
[722, 121]
[723, 229]
[724, 120]
[725, 120]
[726, 229]
[727, 121]
[728, 120]
[729, 228]
[730, 121]
[731, 121]
[732, 228]
[733, 123]
[734, 120]
[735, 228]
[736, 120]
[737, 122]
[738, 229]
[739, 120]
[740, 128]
[741, 230]
[742, 121]
[743, 121]
[744, 228]
[745, 120]
[746, 121]
[747, 229]
[748, 120]
[749, 120]
[750, 229]
[751, 121]
[752, 120]
[753, 231]
[754, 120]
[755, 120]
[756, 228]
[757, 122]
[758, 121]
[759, 228]
[760, 128]
[761, 122]
[762, 229]
[763, 121]
[764, 120]
[765, 228]
[766, 121]
[767, 121]
[768, 228]
[769, 120]
[770, 121]
[771, 229]
[772, 120]
[773, 123]
[774, 228]
[775, 120]
[776, 120]
[777, 229]
[778, 121]
[779, 120]
[780, 235]
[781, 122]
[782, 121]
[783, 229]
[784, 121]
[785, 120]
[786, 229]
[787, 121]
[788, 120]
[789, 228]
[790, 121]
[791, 121]
[792, 228]
[793, 123]
[794, 120]
[795, 229]
[796, 120]
[797, 121]
[798, 229]
[799, 120]
[800, 127]
[801, 230]
[802, 121]
[803, 120]
[804, 229]
[805, 120]
[806, 121]
[807, 229]
[808, 120]
[809, 120]
[810, 229]
[811, 122]
[812, 120]
[813, 231]
[814, 120]
[815, 121]
[816, 228]
[817, 121]
[818, 121]
[819, 228]
[820, 127]
[821, 121]
[822, 229]
[823, 120]
[824, 121]
[825, 228]
[826, 122]
[827, 121]
[828, 228]
[829, 120]
[830, 121]
[831, 230]
[832, 120]
[833, 123]
[834, 228]
[835, 121]
[836, 120]
[837, 229]
[838, 121]
[839, 120]
[840, 234]
[841, 121]
[842, 121]
[843, 228]
[844, 122]
[845, 120]
[846, 229]
[847, 122]
[848, 120]
[849, 228]
[850, 121]
[851, 122]
[852, 228]
[853, 123]
[854, 120]
[855, 229]
[856, 120]
[857, 121]
[858, 229]
[859, 120]
[860, 126]
[861, 229]
[862, 120]
[863, 120]
[864, 230]
[865, 120]
[866, 121]
[867, 230]
[868, 120]
[869, 120]
[870, 229]
[871, 122]
[872, 120]
[873, 231]
[874, 120]
[875, 121]
[876, 228]
[877, 121]
[878, 122]
[879, 228]
[880, 126]
[881, 121]
[882, 228]
[883, 120]
[884, 122]
[885, 228]
[886, 121]
[887, 122]
[888, 228]
[889, 120]
[890, 121]
[891, 230]
[892, 120]
[893, 123]
[894, 228]
[895, 121]
[896, 120]
[897, 229]
[898, 122]
[899, 120]
[900, 234]
[901, 121]
[902, 120]
[903, 228]
[904, 122]
[905, 120]
[906, 229]
[907, 122]
[908, 120]
[909, 228]
[910, 121]
[911, 122]
[912, 228]
[913, 123]
[914, 120]
[915, 229]
[916, 120]
[917, 121]
[918, 230]
[919, 120]
[920, 126]
[921, 229]
[922, 120]
[923, 120]
[924, 230]
[925, 120]
[926, 121]
[927, 229]
[928, 120]
[929, 120]
[930, 229]
[931, 122]
[932, 120]
[933, 231]
[934, 120]
[935, 121]
[936, 228]
[937, 121]
[938, 122]
[939, 228]
[940, 124]
[941, 121]
[942, 228]
[943, 120]
[944, 122]
[945, 229]
[946, 121]
[947, 121]
[948, 228]
[949, 122]
[950, 121]
[951, 230]
[952, 120]
[953, 123]
[954, 228]
[955, 121]
[956, 120]
[957, 229]
[958, 121]
[959, 120]
