SimulationV03.py[0, 250]
[1, 120]
[2, 120]
[3, 228]
[4, 120]
[5, 120]
[6, 228]
[7, 120]
[8, 120]
[9, 228]
[10, 120]
[11, 120]
[12, 228]
[13, 120]
[14, 120]
[15, 228]
[16, 120]
[17, 120]
[18, 228]
[19, 120]
[20, 142]
[21, 228]
[22, 120]
[23, 120]
[24, 228]
[25, 120]
[26, 120]
[27, 228]
[28, 120]
[29, 120]
[30, 228]
[31, 120]
[32, 120]
[33, 228]
[34, 120]
[35, 120]
[36, 228]
[37, 120]
[38, 120]
[39, 228]
[40, 141]
[41, 120]
[42, 228]
[43, 120]
[44, 121]
[45, 228]
[46, 120]
[47, 120]
[48, 228]
[49, 120]
[50, 120]
[51, 228]
[52, 120]
[53, 120]
[54, 228]
[55, 120]
[56, 120]
[57, 228]
[58, 120]
[59, 120]
[60, 249]
[61, 120]
[62, 120]
[63, 228]
[64, 121]
[65, 120]
[66, 228]
[67, 120]
[68, 120]
[69, 228]
[70, 120]
[71, 120]
[72, 228]
[73, 120]
[74, 120]
[75, 228]
[76, 120]
[77, 120]
[78, 228]
[79, 120]
[80, 139]
[81, 229]
[82, 120]
[83, 120]
[84, 230]
[85, 120]
[86, 120]
[87, 228]
[88, 120]
[89, 120]
[90, 228]
[91, 120]
[92, 120]
[93, 228]
[94, 120]
[95, 120]
[96, 228]
[97, 120]
[98, 120]
[99, 228]
[100, 137]
[101, 122]
[102, 229]
[103, 120]
[104, 121]
[105, 228]
[106, 120]
[107, 120]
[108, 229]
[109, 120]
[110, 120]
[111, 228]
[112, 120]
[113, 120]
[114, 228]
[115, 120]
[116, 120]
[117, 228]
[118, 120]
[119, 120]
[120, 244]
[121, 122]
[122, 121]
[123, 228]
[124, 121]
[125, 120]
[126, 228]
[127, 120]
[128, 121]
[129, 228]
[130, 120]
[131, 121]
[132, 228]
[133, 120]
[134, 120]
[135, 228]
[136, 120]
[137, 120]
[138, 228]
[139, 120]
[140, 134]
[141, 230]
[142, 121]
[143, 120]
[144, 229]
[145, 121]
[146, 120]
[147, 228]
[148, 120]
[149, 120]
[150, 228]
[151, 121]
[152, 120]
[153, 228]
[154, 120]
[155, 120]
[156, 228]
[157, 120]
[158, 121]
[159, 228]
[160, 133]
[161, 122]
[162, 229]
[163, 120]
[164, 121]
[165, 230]
[166, 120]
[167, 120]
[168, 228]
[169, 120]
[170, 120]
[171, 229]
[172, 120]
[173, 120]
[174, 228]
[175, 121]
[176, 120]
[177, 228]
[178, 120]
[179, 120]
[180, 240]
[181, 122]
[182, 121]
[183, 228]
[184, 121]
[185, 123]
[186, 228]
[187, 121]
[188, 120]
[189, 228]
[190, 120]
[191, 121]
[192, 228]
[193, 120]
[194, 120]
[195, 229]
[196, 120]
[197, 120]
[198, 228]
[199, 120]
[200, 131]
[201, 230]
[202, 122]
[203, 120]
[204, 229]
[205, 123]
[206, 120]
[207, 229]
[208, 120]
[209, 120]
[210, 228]
[211, 121]
[212, 120]
[213, 228]
[214, 120]
[215, 121]
[216, 228]
[217, 120]
[218, 120]
[219, 228]
[220, 131]
[221, 122]
[222, 230]
[223, 120]
[224, 121]
[225, 231]
[226, 120]
[227, 121]
[228, 228]
[229, 120]
[230, 120]
[231, 229]
[232, 120]
[233, 120]
[234, 228]
[235, 121]
[236, 120]
[237, 228]
[238, 120]
[239, 120]
[240, 239]
[241, 122]
[242, 121]
[243, 228]
[244, 121]
[245, 123]
[246, 228]
[247, 121]
[248, 120]
[249, 228]
[250, 120]
[251, 121]
[252, 228]
[253, 120]
[254, 120]
[255, 230]
[256, 120]
[257, 120]
[258, 228]
[259, 120]
[260, 131]
[261, 230]
[262, 120]
[263, 120]
[264, 229]
[265, 122]
[266, 120]
[267, 229]
[268, 120]
[269, 121]
[270, 228]
[271, 121]
[272, 121]
[273, 228]
[274, 120]
[275, 122]
[276, 228]
[277, 120]
[278, 120]
[279, 228]
[280, 131]
[281, 122]
[282, 228]
[283, 120]
[284, 121]
[285, 230]
[286, 120]
[287, 121]
[288, 228]
[289, 121]
[290, 120]
[291, 229]
[292, 121]
[293, 120]
[294, 228]
[295, 122]
[296, 120]
[297, 228]
[298, 120]
[299, 120]
[300, 239]
[301, 122]
[302, 120]
[303, 228]
[304, 121]
[305, 122]
[306, 228]
[307, 121]
[308, 120]
[309, 229]
[310, 120]
[311, 121]
[312, 229]
[313, 120]
[314, 120]
[315, 230]
[316, 120]
[317, 120]
[318, 228]
[319, 120]
[320, 130]
[321, 230]
[322, 120]
[323, 120]
[324, 229]
[325, 122]
[326, 120]
[327, 229]
[328, 121]
[329, 121]
[330, 228]
[331, 121]
[332, 121]
[333, 228]
[334, 120]
[335, 122]
[336, 228]
[337, 120]
[338, 120]
[339, 228]
[340, 129]
[341, 122]
[342, 228]
[343, 120]
[344, 122]
[345, 230]
[346, 120]
[347, 121]
[348, 229]
[349, 121]
[350, 120]
[351, 229]
[352, 121]
[353, 120]
[354, 228]
[355, 122]
[356, 120]
[357, 228]
[358, 120]
[359, 120]
[360, 237]
[361, 121]
[362, 120]
[363, 228]
[364, 122]
[365, 122]
[366, 228]
[367, 122]
[368, 121]
[369, 229]
[370, 120]
[371, 121]
[372, 229]
[373, 120]
[374, 120]
[375, 230]
[376, 120]
[377, 120]
[378, 228]
[379, 120]
[380, 129]
[381, 229]
[382, 120]
[383, 120]
[384, 230]
[385, 122]
[386, 120]
[387, 230]
[388, 121]
[389, 121]
[390, 228]
[391, 121]
[392, 121]
[393, 228]
[394, 120]
[395, 122]
[396, 228]
[397, 120]
[398, 120]
[399, 228]
[400, 128]
[401, 121]
[402, 228]
[403, 121]
[404, 122]
[405, 229]
[406, 120]
[407, 122]
[408, 229]
[409, 121]
[410, 120]
[411, 229]
[412, 121]
[413, 121]
[414, 228]
[415, 121]
[416, 120]
[417, 228]
[418, 120]
[419, 120]
[420, 236]
[421, 121]
[422, 120]
[423, 229]
[424, 122]
[425, 121]
[426, 228]
[427, 122]
[428, 121]
[429, 229]
[430, 120]
[431, 121]
[432, 229]
[433, 121]
[434, 120]
[435, 229]
[436, 120]
[437, 120]
[438, 228]
[439, 120]
[440, 128]
[441, 229]
[442, 120]
[443, 121]
[444, 230]
[445, 122]
[446, 120]
[447, 230]
[448, 121]
[449, 121]
[450, 228]
[451, 121]
[452, 120]
[453, 229]
[454, 120]
[455, 121]
[456, 229]
[457, 120]
[458, 120]
[459, 228]
[460, 128]
[461, 121]
[462, 228]
[463, 121]
[464, 122]
[465, 230]
[466, 120]
[467, 122]
[468, 229]
[469, 121]
[470, 120]
[471, 228]
[472, 120]
[473, 121]
[474, 228]
[475, 121]
[476, 121]
[477, 228]
[478, 120]
[479, 120]
[480, 236]
[481, 121]
[482, 120]
[483, 230]
[484, 122]
[485, 122]
[486, 228]
[487, 122]
[488, 121]
[489, 229]
[490, 120]
[491, 120]
[492, 228]
[493, 121]
[494, 120]
[495, 229]
[496, 121]
[497, 120]
[498, 228]
[499, 120]
[500, 127]
[501, 229]
[502, 120]
[503, 122]
[504, 230]
[505, 122]
[506, 120]
[507, 229]
[508, 121]
[509, 120]
[510, 228]
[511, 120]
[512, 120]
[513, 229]
[514, 120]
[515, 122]
[516, 229]
[517, 121]
[518, 120]
[519, 228]
[520, 126]
[521, 121]
[522, 228]
[523, 122]
[524, 123]
[525, 231]
[526, 120]
[527, 121]
[528, 229]
[529, 120]
[530, 120]
[531, 228]
[532, 120]
[533, 121]
[534, 228]
[535, 122]
[536, 121]
[537, 229]
[538, 120]
[539, 120]
[540, 234]
[541, 121]
[542, 120]
[543, 230]
[544, 122]
[545, 123]
[546, 228]
[547, 122]
[548, 121]
[549, 228]
[550, 120]
[551, 120]
[552, 228]
[553, 121]
[554, 120]
[555, 230]
[556, 121]
[557, 121]
[558, 228]
[559, 120]
[560, 126]
[561, 229]
[562, 120]
[563, 122]
[564, 230]
[565, 123]
[566, 120]
[567, 230]
[568, 121]
[569, 120]
[570, 228]
[571, 120]
[572, 120]
[573, 229]
[574, 120]
[575, 122]
[576, 229]
[577, 121]
[578, 120]
[579, 228]
[580, 126]
[581, 121]
[582, 228]
[583, 121]
[584, 122]
[585, 230]
[586, 120]
[587, 122]
[588, 229]
[589, 120]
[590, 120]
[591, 228]
[592, 120]
[593, 122]
[594, 229]
[595, 122]
[596, 121]
[597, 229]
[598, 120]
[599, 120]
[600, 234]
[601, 121]
[602, 120]
[603, 229]
[604, 122]
[605, 122]
[606, 228]
[607, 122]
[608, 121]
[609, 228]
[610, 120]
[611, 120]
[612, 228]
[613, 122]
[614, 121]
[615, 230]
[616, 121]
[617, 121]
[618, 228]
[619, 120]
[620, 126]
[621, 229]
[622, 120]
[623, 121]
[624, 230]
[625, 122]
[626, 120]
[627, 230]
[628, 121]
[629, 120]
[630, 228]
[631, 120]
[632, 120]
[633, 230]
[634, 121]
[635, 122]
[636, 229]
[637, 121]
[638, 120]
[639, 228]
[640, 126]
[641, 121]
[642, 228]
[643, 121]
[644, 122]
[645, 230]
[646, 120]
[647, 122]
[648, 229]
[649, 120]
[650, 120]
[651, 228]
[652, 120]
[653, 122]
[654, 229]
[655, 122]
[656, 121]
[657, 229]
[658, 120]
[659, 120]
[660, 233]
[661, 121]
[662, 120]
[663, 229]
[664, 122]
[665, 121]
[666, 228]
[667, 122]
[668, 121]
[669, 228]
[670, 121]
[671, 120]
[672, 228]
[673, 122]
[674, 121]
[675, 230]
[676, 121]
[677, 121]
[678, 228]
[679, 120]
[680, 125]
[681, 229]
[682, 120]
[683, 121]
[684, 231]
[685, 121]
[686, 120]
[687, 230]
[688, 121]
[689, 120]
[690, 229]
[691, 120]
[692, 120]
[693, 230]
[694, 121]
[695, 122]
[696, 229]
[697, 121]
[698, 120]
[699, 228]
[700, 124]
[701, 121]
[702, 228]
[703, 121]
[704, 123]
[705, 230]
[706, 120]
[707, 122]
[708, 229]
[709, 120]
[710, 121]
[711, 228]
[712, 120]
[713, 122]
[714, 229]
[715, 122]
[716, 121]
[717, 229]
[718, 120]
[719, 120]
[720, 232]
[721, 121]
[722, 120]
[723, 229]
[724, 123]
[725, 122]
[726, 228]
[727, 122]
[728, 121]
[729, 228]
[730, 121]
[731, 120]
[732, 228]
[733, 122]
[734, 121]
[735, 230]
[736, 121]
[737, 121]
[738, 228]
[739, 120]
[740, 124]
[741, 229]
[742, 120]
[743, 121]
[744, 231]
[745, 122]
[746, 120]
[747, 229]
[748, 121]
[749, 120]
[750, 229]
[751, 120]
[752, 120]
[753, 230]
[754, 121]
[755, 122]
[756, 229]
[757, 121]
[758, 120]
[759, 228]
[760, 124]
[761, 121]
[762, 228]
[763, 121]
[764, 123]
[765, 230]
[766, 120]
[767, 121]
[768, 229]
[769, 120]
[770, 121]
[771, 229]
[772, 120]
[773, 122]
[774, 229]
[775, 122]
[776, 121]
[777, 229]
[778, 120]
[779, 120]
[780, 232]
[781, 121]
[782, 120]
[783, 229]
[784, 123]
[785, 122]
[786, 228]
[787, 121]
[788, 121]
[789, 228]
[790, 121]
[791, 121]
[792, 228]
[793, 122]
[794, 121]
[795, 230]
[796, 121]
[797, 121]
[798, 228]
[799, 120]
[800, 124]
[801, 229]
[802, 120]
[803, 121]
[804, 231]
[805, 122]
[806, 120]
[807, 229]
[808, 121]
[809, 120]
[810, 229]
[811, 121]
[812, 120]
[813, 230]
[814, 121]
[815, 122]
[816, 229]
[817, 121]
[818, 120]
[819, 228]
[820, 124]
[821, 121]
[822, 228]
[823, 121]
[824, 123]
[825, 230]
[826, 120]
[827, 121]
[828, 229]
[829, 120]
[830, 121]
[831, 229]
[832, 120]
[833, 122]
[834, 229]
[835, 122]
[836, 121]
[837, 229]
[838, 120]
[839, 120]
[840, 232]
[841, 121]
[842, 120]
[843, 229]
[844, 123]
[845, 122]
[846, 228]
[847, 121]
[848, 121]
[849, 228]
[850, 121]
[851, 121]
[852, 228]
[853, 122]
[854, 121]
[855, 230]
[856, 121]
[857, 121]
[858, 228]
[859, 120]
[860, 124]
[861, 229]
[862, 120]
[863, 121]
[864, 231]
[865, 122]
[866, 120]
[867, 229]
[868, 121]
[869, 120]
[870, 229]
[871, 121]
[872, 120]
[873, 230]
[874, 121]
[875, 122]
[876, 229]
[877, 121]
[878, 120]
[879, 228]
[880, 124]
[881, 121]
[882, 228]
[883, 121]
[884, 123]
[885, 230]
[886, 120]
[887, 121]
[888, 229]
[889, 120]
[890, 121]
[891, 229]
[892, 120]
[893, 122]
[894, 229]
[895, 122]
[896, 121]
[897, 229]
[898, 120]
[899, 120]
[900, 232]
[901, 121]
[902, 120]
[903, 229]
[904, 123]
[905, 122]
[906, 228]
[907, 121]
[908, 121]
[909, 228]
[910, 121]
[911, 121]
[912, 228]
[913, 122]
[914, 121]
[915, 230]
[916, 121]
[917, 121]
[918, 228]
[919, 120]
[920, 123]
[921, 229]
[922, 120]
[923, 121]
[924, 232]
[925, 122]
[926, 120]
[927, 229]
[928, 121]
[929, 120]
[930, 229]
[931, 121]
[932, 120]
[933, 230]
[934, 121]
[935, 121]
[936, 229]
[937, 121]
[938, 120]
[939, 228]
[940, 123]
[941, 121]
[942, 228]
[943, 121]
[944, 124]
[945, 229]
[946, 120]
[947, 121]
[948, 229]
[949, 120]
[950, 121]
[951, 230]
[952, 120]
[953, 122]
[954, 230]
[955, 121]
[956, 121]
[957, 229]
[958, 120]
[959, 120]
