SimulationV010.py[0, 250]
[1, 120]
[2, 120]
[3, 228]
[4, 120]
[5, 120]
[6, 228]
[7, 120]
[8, 120]
[9, 228]
[10, 120]
[11, 120]
[12, 228]
[13, 120]
[14, 120]
[15, 228]
[16, 120]
[17, 120]
[18, 228]
[19, 120]
[20, 140]
[21, 229]
[22, 121]
[23, 120]
[24, 228]
[25, 120]
[26, 120]
[27, 228]
[28, 120]
[29, 120]
[30, 228]
[31, 120]
[32, 120]
[33, 228]
[34, 120]
[35, 120]
[36, 228]
[37, 120]
[38, 120]
[39, 228]
[40, 140]
[41, 121]
[42, 229]
[43, 120]
[44, 120]
[45, 228]
[46, 120]
[47, 120]
[48, 228]
[49, 120]
[50, 120]
[51, 228]
[52, 120]
[53, 120]
[54, 228]
[55, 120]
[56, 120]
[57, 228]
[58, 120]
[59, 120]
[60, 248]
[61, 121]
[62, 121]
[63, 228]
[64, 120]
[65, 120]
[66, 228]
[67, 120]
[68, 120]
[69, 228]
[70, 120]
[71, 120]
[72, 228]
[73, 120]
[74, 120]
[75, 228]
[76, 120]
[77, 120]
[78, 228]
[79, 120]
[80, 138]
[81, 231]
[82, 121]
[83, 120]
[84, 228]
[85, 120]
[86, 120]
[87, 228]
[88, 120]
[89, 120]
[90, 228]
[91, 120]
[92, 120]
[93, 228]
[94, 120]
[95, 120]
[96, 228]
[97, 120]
[98, 120]
[99, 228]
[100, 136]
[101, 123]
[102, 230]
[103, 120]
[104, 120]
[105, 228]
[106, 120]
[107, 120]
[108, 228]
[109, 121]
[110, 120]
[111, 228]
[112, 120]
[113, 120]
[114, 228]
[115, 120]
[116, 120]
[117, 228]
[118, 120]
[119, 120]
[120, 244]
[121, 123]
[122, 122]
[123, 228]
[124, 120]
[125, 120]
[126, 228]
[127, 120]
[128, 120]
[129, 229]
[130, 120]
[131, 120]
[132, 228]
[133, 120]
[134, 120]
[135, 228]
[136, 120]
[137, 120]
[138, 228]
[139, 120]
[140, 136]
[141, 231]
[142, 122]
[143, 120]
[144, 228]
[145, 115]
[146, 120]
[147, 228]
[148, 120]
[149, 121]
[150, 228]
[151, 120]
[152, 120]
[153, 228]
[154, 120]
[155, 120]
[156, 228]
[157, 120]
[158, 120]
[159, 228]
[160, 136]
[161, 123]
[162, 230]
[163, 120]
[164, 120]
[165, 228]
[166, 120]
[167, 120]
[168, 228]
[169, 121]
[170, 120]
[171, 228]
[172, 120]
[173, 120]
[174, 228]
[175, 120]
[176, 120]
[177, 228]
[178, 120]
[179, 120]
[180, 244]
[181, 123]
[182, 122]
[183, 228]
[184, 120]
[185, 120]
[186, 228]
[187, 120]
[188, 120]
[189, 229]
[190, 120]
[191, 120]
[192, 228]
[193, 120]
[194, 120]
[195, 228]
[196, 120]
[197, 120]
[198, 228]
[199, 120]
[200, 136]
[201, 231]
[202, 122]
[203, 120]
[204, 228]
[205, 120]
[206, 120]
[207, 228]
[208, 120]
[209, 121]
[210, 228]
[211, 120]
[212, 120]
[213, 228]
[214, 120]
[215, 120]
[216, 228]
[217, 120]
[218, 120]
[219, 228]
[220, 136]
[221, 123]
[222, 230]
[223, 120]
[224, 120]
[225, 228]
[226, 120]
[227, 120]
[228, 228]
[229, 121]
[230, 120]
[231, 228]
[232, 120]
[233, 120]
[234, 228]
[235, 120]
[236, 120]
[237, 228]
[238, 120]
[239, 120]
[240, 244]
[241, 123]
[242, 122]
[243, 228]
[244, 120]
[245, 120]
[246, 228]
[247, 120]
[248, 120]
[249, 229]
[250, 120]
[251, 120]
[252, 228]
[253, 120]
[254, 120]
[255, 228]
[256, 120]
[257, 120]
[258, 228]
[259, 120]
[260, 135]
[261, 231]
[262, 122]
[263, 120]
[264, 229]
[265, 120]
[266, 120]
[267, 228]
[268, 120]
[269, 121]
[270, 228]
[271, 120]
[272, 120]
[273, 228]
[274, 120]
[275, 120]
[276, 228]
[277, 120]
[278, 120]
[279, 228]
[280, 135]
[281, 123]
[282, 230]
[283, 120]
[284, 121]
[285, 228]
[286, 120]
[287, 120]
[288, 228]
[289, 121]
[290, 120]
[291, 228]
[292, 120]
[293, 120]
[294, 228]
[295, 120]
[296, 120]
[297, 228]
[298, 120]
[299, 120]
[300, 242]
[301, 123]
[302, 122]
[303, 228]
[304, 121]
[305, 120]
[306, 228]
[307, 121]
[308, 120]
[309, 229]
[310, 120]
[311, 120]
[312, 228]
[313, 120]
[314, 120]
[315, 228]
[316, 120]
[317, 120]
[318, 228]
[319, 120]
[320, 134]
[321, 230]
[322, 123]
[323, 120]
[324, 229]
[325, 120]
[326, 120]
[327, 229]
[328, 120]
[329, 121]
[330, 228]
[331, 120]
[332, 120]
[333, 228]
[334, 120]
[335, 120]
[336, 228]
[337, 120]
[338, 120]
[339, 228]
[340, 134]
[341, 122]
[342, 231]
[343, 120]
[344, 121]
[345, 228]
[346, 120]
[347, 121]
[348, 228]
[349, 121]
[350, 120]
[351, 228]
[352, 120]
[353, 120]
[354, 228]
[355, 120]
[356, 120]
[357, 228]
[358, 120]
[359, 120]
[360, 242]
[361, 122]
[362, 123]
[363, 228]
[364, 121]
[365, 120]
[366, 228]
[367, 121]
[368, 120]
[369, 229]
[370, 120]
[371, 120]
[372, 228]
[373, 120]
[374, 120]
[375, 228]
[376, 120]
[377, 120]
[378, 228]
[379, 120]
[380, 134]
[381, 230]
[382, 123]
[383, 120]
[384, 229]
[385, 120]
[386, 120]
[387, 229]
[388, 120]
[389, 121]
[390, 228]
[391, 120]
[392, 120]
[393, 228]
[394, 120]
[395, 120]
[396, 228]
[397, 120]
[398, 120]
[399, 228]
[400, 133]
[401, 122]
[402, 231]
[403, 120]
[404, 121]
[405, 228]
[406, 121]
[407, 121]
[408, 228]
[409, 121]
[410, 120]
[411, 228]
[412, 120]
[413, 120]
[414, 228]
[415, 120]
[416, 120]
[417, 228]
[418, 120]
[419, 120]
[420, 241]
[421, 122]
[422, 123]
[423, 228]
[424, 121]
[425, 120]
[426, 229]
[427, 121]
[428, 120]
[429, 229]
[430, 120]
[431, 120]
[432, 228]
[433, 120]
[434, 120]
[435, 228]
[436, 120]
[437, 120]
[438, 228]
[439, 120]
[440, 133]
[441, 230]
[442, 123]
[443, 120]
[444, 229]
[445, 120]
[446, 121]
[447, 229]
[448, 120]
[449, 120]
[450, 228]
[451, 120]
[452, 120]
[453, 228]
[454, 120]
[455, 121]
[456, 228]
[457, 120]
[458, 120]
[459, 228]
[460, 133]
[461, 122]
[462, 231]
[463, 120]
[464, 121]
[465, 228]
[466, 121]
[467, 121]
[468, 228]
[469, 120]
[470, 120]
[471, 228]
[472, 120]
[473, 120]
[474, 228]
[475, 121]
[476, 120]
[477, 228]
[478, 120]
[479, 120]
[480, 241]
[481, 122]
[482, 123]
[483, 228]
[484, 121]
[485, 120]
[486, 229]
[487, 121]
[488, 120]
[489, 228]
[490, 120]
[491, 120]
[492, 228]
[493, 120]
[494, 120]
[495, 229]
[496, 120]
[497, 120]
[498, 228]
[499, 120]
[500, 132]
[501, 230]
[502, 123]
[503, 120]
[504, 229]
[505, 120]
[506, 121]
[507, 228]
[508, 120]
[509, 120]
[510, 228]
[511, 120]
[512, 120]
[513, 228]
[514, 120]
[515, 121]
[516, 228]
[517, 120]
[518, 120]
[519, 228]
[520, 131]
[521, 122]
[522, 231]
[523, 120]
[524, 121]
[525, 228]
[526, 121]
[527, 121]
[528, 228]
[529, 120]
[530, 120]
[531, 228]
[532, 120]
[533, 120]
[534, 229]
[535, 121]
[536, 120]
[537, 228]
[538, 120]
[539, 120]
[540, 238]
[541, 122]
[542, 123]
[543, 228]
[544, 121]
[545, 120]
[546, 229]
[547, 121]
[548, 120]
[549, 229]
[550, 120]
[551, 120]
[552, 228]
[553, 120]
[554, 121]
[555, 229]
[556, 120]
[557, 120]
[558, 228]
[559, 120]
[560, 130]
[561, 230]
[562, 123]
[563, 120]
[564, 229]
[565, 120]
[566, 121]
[567, 229]
[568, 120]
[569, 121]
[570, 228]
[571, 120]
[572, 121]
[573, 228]
[574, 121]
[575, 121]
[576, 228]
[577, 120]
[578, 120]
[579, 228]
[580, 130]
[581, 122]
[582, 231]
[583, 120]
[584, 121]
[585, 228]
[586, 121]
[587, 121]
[588, 228]
[589, 121]
[590, 120]
[591, 228]
[592, 121]
[593, 120]
[594, 229]
[595, 121]
[596, 120]
[597, 228]
[598, 120]
[599, 120]
[600, 238]
[601, 122]
[602, 122]
[603, 228]
[604, 121]
[605, 120]
[606, 229]
[607, 121]
[608, 120]
[609, 229]
[610, 120]
[611, 120]
[612, 229]
[613, 120]
[614, 120]
[615, 229]
[616, 120]
[617, 120]
[618, 228]
[619, 121]
[620, 129]
[621, 230]
[622, 122]
[623, 120]
[624, 229]
[625, 120]
[626, 121]
[627, 228]
[628, 122]
[629, 121]
[630, 228]
[631, 120]
[632, 121]
[633, 228]
[634, 120]
[635, 121]
[636, 228]
[637, 120]
[638, 120]
[639, 229]
[640, 129]
[641, 122]
[642, 230]
[643, 120]
[644, 121]
[645, 228]
[646, 121]
[647, 120]
[648, 230]
[649, 121]
[650, 120]
[651, 228]
[652, 121]
[653, 121]
[654, 228]
[655, 121]
[656, 120]
[657, 228]
[658, 120]
[659, 121]
[660, 236]
[661, 122]
[662, 121]
[663, 228]
[664, 121]
[665, 121]
[666, 230]
[667, 120]
[668, 122]
[669, 229]
[670, 120]
[671, 120]
[672, 229]
[673, 121]
[674, 120]
[675, 229]
[676, 120]
[677, 120]
[678, 228]
[679, 121]
[680, 127]
[681, 231]
[682, 121]
[683, 120]
[684, 229]
[685, 121]
[686, 122]
[687, 228]
[688, 122]
[689, 121]
[690, 228]
[691, 120]
[692, 121]
[693, 229]
[694, 120]
[695, 121]
[696, 228]
[697, 120]
[698, 120]
[699, 229]
[700, 126]
[701, 123]
[702, 229]
[703, 120]
[704, 121]
[705, 229]
[706, 122]
[707, 120]
[708, 231]
[709, 121]
[710, 120]
[711, 228]
[712, 121]
[713, 121]
[714, 228]
[715, 121]
[716, 120]
[717, 228]
[718, 120]
[719, 121]
[720, 234]
[721, 123]
[722, 121]
[723, 228]
[724, 121]
[725, 121]
[726, 230]
[727, 120]
[728, 123]
[729, 229]
[730, 120]
[731, 120]
[732, 229]
[733, 121]
[734, 120]
[735, 229]
[736, 120]
[737, 120]
[738, 228]
[739, 121]
[740, 126]
[741, 231]
[742, 121]
[743, 120]
[744, 229]
[745, 121]
[746, 122]
[747, 228]
[748, 123]
[749, 121]
[750, 228]
[751, 120]
[752, 121]
[753, 229]
[754, 120]
[755, 121]
[756, 228]
[757, 120]
[758, 120]
[759, 229]
[760, 126]
[761, 123]
[762, 229]
[763, 120]
[764, 121]
[765, 229]
[766, 122]
[767, 120]
[768, 231]
[769, 121]
[770, 120]
[771, 228]
[772, 121]
[773, 121]
[774, 228]
[775, 121]
[776, 120]
[777, 228]
[778, 120]
[779, 121]
[780, 234]
[781, 123]
[782, 121]
[783, 228]
[784, 121]
[785, 121]
[786, 230]
[787, 120]
[788, 123]
[789, 229]
[790, 120]
[791, 120]
[792, 229]
[793, 121]
[794, 120]
[795, 229]
[796, 120]
[797, 120]
[798, 228]
[799, 121]
[800, 126]
[801, 231]
[802, 121]
[803, 120]
[804, 229]
[805, 121]
[806, 122]
[807, 228]
[808, 123]
[809, 121]
[810, 228]
[811, 120]
[812, 121]
[813, 229]
[814, 120]
[815, 121]
[816, 228]
[817, 120]
[818, 120]
[819, 229]
[820, 126]
[821, 123]
[822, 229]
[823, 120]
[824, 121]
[825, 229]
[826, 122]
[827, 120]
[828, 231]
[829, 120]
[830, 120]
[831, 228]
[832, 121]
[833, 121]
[834, 228]
[835, 121]
[836, 120]
[837, 228]
[838, 120]
[839, 121]
[840, 234]
[841, 123]
[842, 121]
[843, 228]
[844, 122]
[845, 121]
[846, 230]
[847, 120]
[848, 123]
[849, 228]
[850, 120]
[851, 120]
[852, 229]
[853, 121]
[854, 120]
[855, 229]
[856, 120]
[857, 120]
[858, 228]
[859, 121]
[860, 126]
[861, 231]
[862, 121]
[863, 120]
[864, 230]
[865, 121]
[866, 122]
[867, 228]
[868, 123]
[869, 120]
[870, 228]
[871, 120]
[872, 121]
[873, 229]
[874, 120]
[875, 121]
[876, 228]
[877, 120]
[878, 120]
[879, 229]
[880, 126]
[881, 123]
[882, 229]
[883, 120]
[884, 122]
[885, 229]
[886, 122]
[887, 120]
[888, 231]
[889, 120]
[890, 120]
[891, 228]
[892, 121]
[893, 121]
[894, 228]
[895, 121]
[896, 120]
[897, 228]
[898, 120]
[899, 121]
[900, 234]
[901, 123]
[902, 121]
[903, 228]
[904, 122]
[905, 121]
[906, 230]
[907, 120]
[908, 123]
[909, 228]
[910, 120]
[911, 120]
[912, 229]
[913, 121]
[914, 120]
[915, 229]
[916, 120]
[917, 120]
[918, 228]
[919, 121]
[920, 125]
[921, 231]
[922, 121]
[923, 120]
[924, 229]
[925, 121]
[926, 123]
[927, 228]
[928, 123]
[929, 120]
[930, 228]
[931, 120]
[932, 121]
[933, 229]
[934, 120]
[935, 121]
[936, 228]
[937, 120]
[938, 120]
[939, 229]
[940, 125]
[941, 123]
[942, 229]
[943, 120]
[944, 121]
[945, 229]
[946, 123]
[947, 120]
[948, 232]
[949, 120]
[950, 120]
[951, 228]
[952, 121]
[953, 111]
[954, 218]
[955, 111]
[956, 110]
[957, 218]
[958, 110]
[959, 111]
