SimulationV05.py[0, [0, 16, 16, 0, 0, 0]]
[1, [0, 32, 32, 0, 0, 0]]
[2, [48, 48, 48, 0, 0, 0]]
[3, [48, 64, 64, 0, 0, 0]]
[4, [48, 80, 80, 0, 0, 0]]
[5, [96, 96, 96, 0, 0, 0]]
[6, [96, 112, 112, 0, 0, 0]]
[7, [96, 128, 128, 0, 0, 0]]
[8, [144, 144, 144, 0, 0, 0]]
[9, [144, 160, 160, 0, 0, 0]]
[10, [144, 176, 176, 0, 0, 0]]
[11, [192, 192, 192, 0, 0, 0]]
[12, [192, 208, 208, 0, 0, 0]]
[13, [192, 224, 224, 0, 0, 0]]
[14, [240, 240, 240, 0, 0, 0]]
[15, [240, 256, 256, 0, 0, 0]]
[16, [240, 272, 272, 0, 0, 0]]
[17, [288, 288, 288, 0, 0, 0]]
[18, [288, 304, 304, 0, 0, 0]]
[19, [288, 320, 320, 330, 0, 0]]
[20, [336, 336, 336, 186, 144, 0]]
[21, [312, 328, 328, 42, 264, 0]]
[22, [288, 320, 320, 42, 240, 0]]
[23, [312, 312, 312, 42, 216, 0]]
[24, [288, 304, 304, 42, 192, 0]]
[25, [264, 296, 296, 42, 168, 0]]
[26, [288, 288, 288, 42, 144, 0]]
[27, [264, 280, 280, 42, 120, 0]]
[28, [240, 272, 272, 42, 96, 0]]
[29, [264, 264, 264, 42, 72, 0]]
[30, [240, 256, 256, 42, 48, 0]]
[31, [216, 248, 248, 42, 24, 0]]
[32, [240, 240, 240, 42, 0, 0]]
[33, [240, 256, 256, 42, 0, 0]]
[34, [240, 272, 272, 42, 0, 0]]
[35, [288, 288, 288, 42, 0, 0]]
[36, [288, 304, 304, 42, 0, 0]]
[37, [288, 320, 320, 42, 0, 0]]
[38, [336, 336, 336, 42, 0, 0]]
[39, [336, 352, 352, 372, 0, 0]]
[40, [336, 368, 368, 228, 144, 0]]
[41, [360, 360, 360, 84, 264, 0]]
[42, [336, 352, 352, 84, 240, 0]]
[43, [312, 344, 344, 84, 216, 0]]
[44, [336, 336, 336, 84, 192, 0]]
[45, [312, 328, 328, 84, 168, 0]]
[46, [288, 320, 320, 84, 144, 0]]
[47, [312, 312, 312, 84, 120, 0]]
[48, [288, 304, 304, 84, 96, 0]]
[49, [264, 296, 296, 84, 72, 0]]
[50, [288, 288, 288, 84, 48, 0]]
[51, [264, 280, 280, 84, 24, 0]]
[52, [240, 272, 272, 84, 0, 0]]
[53, [288, 288, 288, 84, 0, 0]]
[54, [288, 304, 304, 84, 0, 0]]
[55, [288, 320, 320, 84, 0, 0]]
[56, [336, 336, 336, 84, 0, 0]]
[57, [336, 352, 352, 84, 0, 0]]
[58, [336, 368, 368, 84, 0, 0]]
[59, [384, 384, 384, 414, 0, 0]]
[60, [384, 398, 400, 270, 144, 0]]
[61, [360, 388, 392, 126, 264, 0]]
[62, [384, 378, 384, 126, 240, 0]]
[63, [360, 368, 376, 126, 216, 0]]
[64, [336, 358, 368, 126, 192, 0]]
[65, [360, 348, 360, 126, 168, 0]]
[66, [336, 338, 352, 126, 144, 0]]
[67, [312, 328, 344, 126, 120, 0]]
[68, [336, 318, 336, 126, 96, 0]]
[69, [312, 308, 328, 126, 72, 0]]
[70, [288, 298, 320, 126, 48, 0]]
[71, [312, 290, 312, 126, 24, 0]]
[72, [288, 282, 304, 126, 0, 0]]
[73, [288, 298, 320, 126, 0, 0]]
[74, [336, 314, 336, 126, 0, 0]]
[75, [336, 330, 352, 126, 0, 0]]
[76, [336, 346, 368, 126, 0, 0]]
[77, [384, 362, 384, 126, 0, 0]]
[78, [384, 378, 400, 126, 0, 0]]
[79, [384, 394, 416, 456, 0, 0]]
[80, [432, 410, 432, 312, 144, 0]]
[81, [408, 402, 424, 168, 264, 0]]
[82, [384, 394, 416, 24, 384, 0]]
[83, [408, 386, 408, 24, 360, 0]]
[84, [384, 378, 400, 24, 336, 0]]
[85, [360, 370, 392, 24, 312, 0]]
[86, [384, 362, 384, 24, 288, 0]]
[87, [360, 354, 376, 24, 264, 0]]
[88, [336, 346, 368, 24, 240, 0]]
[89, [360, 338, 360, 24, 216, 0]]
[90, [336, 330, 352, 24, 192, 0]]
[91, [312, 322, 344, 24, 168, 0]]
[92, [336, 314, 336, 24, 144, 0]]
[93, [312, 306, 328, 24, 120, 0]]
[94, [288, 298, 320, 24, 96, 0]]
[95, [312, 290, 312, 24, 72, 0]]
[96, [288, 282, 304, 24, 48, 0]]
[97, [264, 274, 296, 24, 24, 0]]
[98, [288, 266, 288, 24, 0, 0]]
[99, [288, 282, 304, 354, 0, 0]]
[100, [288, 298, 320, 210, 144, 0]]
[101, [312, 290, 312, 66, 264, 0]]
[102, [288, 282, 304, 66, 240, 0]]
[103, [264, 274, 296, 66, 216, 0]]
[104, [288, 266, 288, 66, 192, 0]]
[105, [264, 258, 280, 66, 168, 0]]
[106, [240, 250, 272, 66, 144, 0]]
[107, [264, 242, 264, 66, 120, 0]]
[108, [240, 234, 256, 66, 96, 0]]
[109, [216, 226, 248, 66, 72, 0]]
[110, [240, 218, 240, 66, 48, 0]]
[111, [216, 210, 232, 66, 24, 0]]
[112, [192, 202, 224, 66, 0, 0]]
[113, [240, 218, 240, 66, 0, 0]]
[114, [240, 234, 256, 66, 0, 0]]
[115, [240, 250, 272, 66, 0, 0]]
[116, [288, 266, 288, 66, 0, 0]]
[117, [288, 282, 304, 66, 0, 0]]
[118, [288, 298, 320, 66, 0, 0]]
[119, [336, 314, 336, 396, 0, 0]]
[120, [336, 330, 352, 252, 144, 0]]
[121, [312, 322, 344, 108, 264, 0]]
[122, [336, 314, 336, 108, 240, 0]]
[123, [312, 306, 328, 108, 216, 0]]
[124, [306, 316, 338, 108, 192, 18]]
[125, [354, 332, 354, 108, 168, 42]]
[126, [354, 348, 370, 108, 144, 66]]
[127, [354, 364, 386, 108, 120, 90]]
[128, [390, 368, 390, 108, 96, 102]]
[129, [378, 372, 394, 108, 72, 114]]
[130, [370, 380, 402, 108, 48, 130]]
[131, [416, 394, 416, 108, 24, 152]]
[132, [412, 406, 428, 108, 0, 172]]
[133, [412, 422, 444, 108, 0, 172]]
[134, [460, 438, 460, 108, 0, 172]]
[135, [458, 452, 474, 108, 0, 170]]
[136, [454, 464, 486, 108, 0, 166]]
[137, [496, 474, 496, 108, 0, 160]]
[138, [492, 486, 508, 108, 0, 156]]
[139, [486, 496, 518, 438, 0, 150]]
[140, [532, 510, 532, 294, 144, 148]]
[141, [520, 514, 536, 150, 264, 160]]
[142, [514, 524, 546, 6, 384, 178]]
[143, [554, 532, 554, 6, 360, 194]]
[144, [540, 534, 556, 6, 336, 204]]
[145, [534, 544, 566, 6, 312, 222]]
[146, [564, 542, 564, 6, 288, 228]]
[147, [546, 540, 562, 6, 264, 234]]
[148, [516, 526, 548, 6, 240, 228]]
[149, [544, 522, 544, 6, 216, 232]]
[150, [524, 518, 540, 6, 192, 236]]
[151, [506, 516, 538, 6, 168, 242]]
[152, [546, 524, 546, 6, 144, 258]]
[153, [528, 522, 544, 6, 120, 264]]
[154, [510, 520, 542, 6, 96, 270]]
[155, [528, 506, 528, 6, 72, 264]]
[156, [508, 502, 524, 6, 48, 268]]
[157, [476, 486, 508, 6, 24, 260]]
[158, [494, 472, 494, 6, 0, 254]]
[159, [468, 462, 484, 336, 0, 228]]
[160, [444, 454, 476, 192, 144, 204]]
[161, [474, 452, 474, 48, 264, 210]]
[162, [444, 438, 460, 48, 240, 204]]
[163, [424, 434, 456, 48, 216, 208]]
[164, [430, 408, 430, 48, 192, 190]]
[165, [392, 386, 408, 48, 168, 176]]
[166, [364, 374, 396, 48, 144, 172]]
[167, [388, 366, 388, 48, 120, 172]]
[168, [370, 364, 386, 48, 96, 178]]
[169, [340, 350, 372, 48, 72, 172]]
[170, [368, 346, 368, 48, 48, 176]]
[171, [326, 320, 342, 48, 24, 158]]
[172, [284, 294, 316, 48, 0, 140]]
[173, [300, 278, 300, 48, 0, 108]]
[174, [276, 270, 292, 48, 0, 84]]
[175, [258, 268, 290, 48, 0, 66]]
[176, [276, 254, 276, 48, 0, 36]]
[177, [256, 250, 272, 48, 0, 16]]
[178, [240, 250, 272, 48, 0, 0]]
[179, [288, 266, 288, 378, 0, 0]]
[180, [288, 282, 304, 234, 144, 0]]
[181, [264, 274, 296, 90, 264, 0]]
[182, [288, 266, 288, 90, 240, 0]]
[183, [264, 258, 280, 90, 216, 0]]
[184, [240, 250, 272, 90, 192, 0]]
[185, [264, 242, 264, 90, 168, 0]]
[186, [240, 234, 256, 90, 144, 0]]
[187, [216, 226, 248, 90, 120, 0]]
[188, [240, 218, 240, 90, 96, 0]]
[189, [216, 210, 232, 90, 72, 0]]
[190, [192, 202, 224, 90, 48, 0]]
[191, [216, 194, 216, 90, 24, 0]]
[192, [192, 186, 208, 90, 0, 0]]
[193, [192, 202, 224, 90, 0, 0]]
[194, [240, 218, 240, 90, 0, 0]]
[195, [240, 234, 256, 90, 0, 0]]
[196, [240, 250, 272, 90, 0, 0]]
[197, [288, 266, 288, 90, 0, 0]]
[198, [288, 282, 304, 90, 0, 0]]
[199, [288, 298, 320, 420, 0, 0]]
[200, [336, 314, 336, 276, 144, 0]]
[201, [312, 306, 328, 132, 264, 0]]
[202, [288, 298, 320, 132, 240, 0]]
[203, [312, 290, 312, 132, 216, 0]]
[204, [288, 282, 304, 132, 192, 0]]
[205, [264, 274, 296, 132, 168, 0]]
[206, [288, 266, 288, 132, 144, 0]]
[207, [264, 258, 280, 132, 120, 0]]
[208, [240, 250, 272, 132, 96, 0]]
[209, [264, 242, 264, 132, 72, 0]]
[210, [240, 234, 256, 132, 48, 0]]
[211, [216, 226, 248, 132, 24, 0]]
[212, [240, 218, 240, 132, 0, 0]]
[213, [240, 234, 256, 132, 0, 0]]
[214, [240, 250, 272, 132, 0, 0]]
[215, [288, 266, 288, 132, 0, 0]]
[216, [288, 282, 304, 132, 0, 0]]
[217, [288, 298, 320, 132, 0, 0]]
[218, [336, 314, 336, 132, 0, 0]]
[219, [336, 330, 352, 462, 0, 0]]
[220, [336, 346, 368, 318, 144, 0]]
[221, [360, 338, 360, 174, 264, 0]]
[222, [336, 330, 352, 30, 384, 0]]
[223, [312, 322, 344, 30, 360, 0]]
[224, [336, 314, 336, 30, 336, 0]]
[225, [312, 306, 328, 30, 312, 0]]
[226, [288, 298, 320, 30, 288, 0]]
[227, [312, 290, 312, 30, 264, 0]]
[228, [288, 282, 304, 30, 240, 0]]
[229, [264, 274, 296, 30, 216, 0]]
[230, [288, 266, 288, 30, 192, 0]]
[231, [264, 258, 280, 30, 168, 0]]
[232, [240, 250, 272, 30, 144, 0]]
[233, [264, 242, 264, 30, 120, 0]]
[234, [240, 234, 256, 30, 96, 0]]
[235, [216, 226, 248, 30, 72, 0]]
[236, [240, 218, 240, 30, 48, 0]]
[237, [216, 210, 232, 30, 24, 0]]
[238, [192, 202, 224, 30, 0, 0]]
[239, [240, 218, 240, 360, 0, 0]]
[240, [240, 234, 256, 216, 144, 0]]
[241, [216, 226, 248, 72, 264, 0]]
[242, [240, 218, 240, 72, 240, 0]]
[243, [216, 210, 232, 72, 216, 0]]
[244, [192, 202, 224, 72, 192, 0]]
[245, [216, 194, 216, 72, 168, 0]]
[246, [192, 186, 208, 72, 144, 0]]
[247, [168, 178, 200, 72, 120, 0]]
[248, [192, 170, 192, 72, 96, 0]]
[249, [168, 162, 184, 72, 72, 0]]
[250, [144, 154, 176, 72, 48, 0]]
[251, [168, 146, 168, 72, 24, 0]]
[252, [144, 138, 160, 72, 0, 0]]
[253, [144, 154, 176, 72, 0, 0]]
[254, [192, 170, 192, 72, 0, 0]]
[255, [192, 186, 208, 72, 0, 0]]
[256, [192, 202, 224, 72, 0, 0]]
[257, [240, 218, 240, 72, 0, 0]]
[258, [240, 234, 256, 72, 0, 0]]
[259, [240, 250, 272, 402, 0, 0]]
[260, [288, 266, 288, 258, 144, 0]]
[261, [264, 258, 280, 114, 264, 0]]
[262, [240, 250, 272, 114, 240, 0]]
[263, [264, 242, 264, 114, 216, 0]]
[264, [240, 234, 256, 114, 192, 0]]
[265, [216, 226, 248, 114, 168, 0]]
[266, [240, 218, 240, 114, 144, 0]]
[267, [236, 230, 252, 114, 120, 20]]
[268, [218, 228, 250, 114, 96, 26]]
[269, [250, 228, 250, 114, 72, 34]]
[270, [232, 226, 248, 114, 48, 40]]
[271, [214, 224, 246, 114, 24, 46]]
[272, [240, 218, 240, 114, 0, 48]]
[273, [226, 220, 242, 114, 0, 34]]
[274, [222, 232, 254, 114, 0, 30]]
[275, [254, 232, 254, 114, 0, 14]]
[276, [246, 240, 262, 114, 0, 6]]
[277, [240, 250, 272, 114, 0, 0]]
[278, [288, 266, 288, 114, 0, 0]]
[279, [288, 282, 304, 444, 0, 0]]
[280, [288, 298, 320, 300, 144, 0]]
[281, [312, 290, 312, 156, 264, 0]]
[282, [288, 282, 304, 12, 384, 0]]
[283, [276, 286, 308, 12, 360, 12]]
[284, [316, 294, 316, 12, 336, 28]]
[285, [312, 306, 328, 12, 312, 48]]
[286, [306, 316, 338, 12, 288, 66]]
[287, [348, 326, 348, 12, 264, 84]]
[288, [326, 320, 342, 12, 240, 86]]
[289, [310, 320, 342, 12, 216, 94]]
[290, [348, 326, 348, 12, 192, 108]]
[291, [340, 334, 356, 12, 168, 124]]
[292, [332, 342, 364, 12, 144, 140]]
[293, [372, 350, 372, 12, 120, 156]]
[294, [364, 358, 380, 12, 96, 172]]
[295, [342, 352, 374, 12, 72, 174]]
[296, [378, 356, 378, 12, 48, 186]]
[297, [366, 360, 382, 12, 24, 198]]
[298, [352, 362, 384, 12, 0, 208]]
[299, [384, 362, 384, 342, 0, 192]]
[300, [368, 362, 384, 198, 144, 176]]
[301, [358, 368, 390, 54, 264, 190]]
[302, [374, 352, 374, 54, 240, 182]]
[303, [364, 358, 380, 54, 216, 196]]
[304, [352, 362, 384, 54, 192, 208]]
[305, [378, 356, 378, 54, 168, 210]]
[306, [356, 350, 372, 54, 144, 212]]
[307, [332, 342, 364, 54, 120, 212]]
[308, [362, 340, 362, 54, 96, 218]]
[309, [324, 318, 340, 54, 72, 204]]
[310, [312, 322, 344, 54, 48, 216]]
[311, [338, 316, 338, 54, 24, 218]]
[312, [314, 308, 330, 54, 0, 218]]
[313, [290, 300, 322, 54, 0, 194]]
[314, [314, 292, 314, 54, 0, 170]]
[315, [296, 290, 312, 54, 0, 152]]
[316, [258, 268, 290, 54, 0, 114]]
[317, [284, 262, 284, 54, 0, 92]]
[318, [250, 244, 266, 54, 0, 58]]
[319, [222, 232, 254, 384, 0, 30]]
[320, [244, 222, 244, 240, 144, 4]]
[321, [220, 214, 236, 96, 264, 4]]
[322, [202, 212, 234, 96, 240, 10]]
[323, [216, 194, 216, 96, 216, 0]]
[324, [192, 186, 208, 96, 192, 0]]
[325, [168, 178, 200, 96, 168, 0]]
[326, [192, 170, 192, 96, 144, 0]]
[327, [168, 162, 184, 96, 120, 0]]
[328, [144, 154, 176, 96, 96, 0]]
[329, [168, 146, 168, 96, 72, 0]]
[330, [144, 138, 160, 96, 48, 0]]
[331, [120, 130, 152, 96, 24, 0]]
[332, [144, 122, 144, 96, 0, 0]]
[333, [144, 138, 160, 96, 0, 0]]
[334, [144, 154, 176, 96, 0, 0]]
[335, [192, 170, 192, 96, 0, 0]]
[336, [192, 186, 208, 96, 0, 0]]
[337, [192, 202, 224, 96, 0, 0]]
[338, [240, 218, 240, 96, 0, 0]]
[339, [240, 234, 256, 426, 0, 0]]
[340, [240, 250, 272, 282, 144, 0]]
[341, [264, 242, 264, 138, 264, 0]]
[342, [240, 234, 256, 138, 240, 0]]
[343, [216, 226, 248, 138, 216, 0]]
[344, [240, 218, 240, 138, 192, 0]]
[345, [216, 210, 232, 138, 168, 0]]
[346, [192, 202, 224, 138, 144, 0]]
[347, [216, 194, 216, 138, 120, 0]]
[348, [192, 186, 208, 138, 96, 0]]
[349, [168, 178, 200, 138, 72, 0]]
[350, [192, 170, 192, 138, 48, 0]]
[351, [168, 162, 184, 138, 24, 0]]
[352, [144, 154, 176, 138, 0, 0]]
[353, [192, 170, 192, 138, 0, 0]]
[354, [192, 186, 208, 138, 0, 0]]
[355, [192, 202, 224, 138, 0, 0]]
[356, [240, 218, 240, 138, 0, 0]]
[357, [240, 234, 256, 138, 0, 0]]
[358, [240, 250, 272, 138, 0, 0]]
[359, [288, 266, 288, 468, 0, 0]]
[360, [288, 282, 304, 324, 144, 0]]
[361, [264, 274, 296, 180, 264, 0]]
[362, [288, 266, 288, 36, 384, 0]]
[363, [264, 258, 280, 36, 360, 0]]
[364, [240, 250, 272, 36, 336, 0]]
[365, [264, 242, 264, 36, 312, 0]]
[366, [240, 234, 256, 36, 288, 0]]
[367, [216, 226, 248, 36, 264, 0]]
[368, [240, 218, 240, 36, 240, 0]]
[369, [216, 210, 232, 36, 216, 0]]
[370, [192, 202, 224, 36, 192, 0]]
[371, [216, 194, 216, 36, 168, 0]]
[372, [192, 186, 208, 36, 144, 0]]
[373, [168, 178, 200, 36, 120, 0]]
[374, [192, 170, 192, 36, 96, 0]]
[375, [168, 162, 184, 36, 72, 0]]
[376, [144, 154, 176, 36, 48, 0]]
[377, [168, 146, 168, 36, 24, 0]]
[378, [144, 138, 160, 36, 0, 0]]
[379, [144, 154, 176, 366, 0, 0]]
[380, [192, 170, 192, 222, 144, 0]]
[381, [168, 162, 184, 78, 264, 0]]
[382, [144, 154, 176, 78, 240, 0]]
[383, [168, 146, 168, 78, 216, 0]]
[384, [144, 138, 160, 78, 192, 0]]
[385, [120, 130, 152, 78, 168, 0]]
[386, [144, 122, 144, 78, 144, 0]]
[387, [120, 114, 136, 78, 120, 0]]
[388, [96, 106, 128, 78, 96, 0]]
[389, [120, 98, 120, 78, 72, 0]]
[390, [96, 90, 112, 78, 48, 0]]
[391, [72, 82, 104, 78, 24, 0]]
[392, [96, 74, 96, 78, 0, 0]]
[393, [96, 90, 112, 78, 0, 0]]
[394, [96, 106, 128, 78, 0, 0]]
[395, [144, 122, 144, 78, 0, 0]]
[396, [144, 138, 160, 78, 0, 0]]
[397, [144, 154, 176, 78, 0, 0]]
[398, [192, 170, 192, 78, 0, 0]]
[399, [192, 186, 208, 408, 0, 0]]
[400, [192, 202, 224, 264, 144, 0]]
[401, [216, 194, 216, 120, 264, 0]]
[402, [192, 186, 208, 120, 240, 0]]
[403, [168, 178, 200, 120, 216, 0]]
[404, [192, 170, 192, 120, 192, 0]]
[405, [168, 162, 184, 120, 168, 0]]
[406, [144, 154, 176, 120, 144, 0]]
[407, [168, 146, 168, 120, 120, 0]]
[408, [144, 138, 160, 120, 96, 0]]
[409, [120, 130, 152, 120, 72, 0]]
[410, [148, 126, 148, 120, 48, 4]]
[411, [126, 120, 142, 120, 24, 6]]
[412, [106, 116, 138, 120, 0, 10]]
[413, [144, 122, 144, 120, 0, 0]]
[414, [144, 138, 160, 120, 0, 0]]
[415, [144, 154, 176, 120, 0, 0]]
[416, [192, 170, 192, 120, 0, 0]]
[417, [192, 186, 208, 120, 0, 0]]
[418, [192, 202, 224, 120, 0, 0]]
[419, [240, 218, 240, 450, 0, 0]]
[420, [240, 234, 256, 306, 144, 0]]
[421, [216, 226, 248, 162, 264, 0]]
[422, [240, 218, 240, 18, 384, 0]]
[423, [216, 210, 232, 18, 360, 0]]
[424, [196, 206, 228, 18, 336, 4]]
[425, [240, 218, 240, 18, 312, 24]]
[426, [240, 234, 256, 18, 288, 48]]
[427, [232, 242, 264, 18, 264, 64]]
[428, [258, 236, 258, 18, 240, 66]]
[429, [236, 230, 252, 18, 216, 68]]
[430, [216, 226, 248, 18, 192, 72]]
[431, [246, 224, 246, 18, 168, 78]]
[432, [242, 236, 258, 18, 144, 98]]
[433, [242, 252, 274, 18, 120, 122]]
[434, [282, 260, 282, 18, 96, 138]]
[435, [266, 260, 282, 18, 72, 146]]
[436, [248, 258, 280, 18, 48, 152]]
[437, [278, 256, 278, 18, 24, 158]]
[438, [258, 252, 274, 18, 0, 162]]
[439, [250, 260, 282, 348, 0, 154]]
[440, [294, 272, 294, 204, 144, 150]]
[441, [282, 276, 298, 60, 264, 162]]
[442, [270, 280, 302, 60, 240, 174]]
[443, [298, 276, 298, 60, 216, 178]]
[444, [282, 276, 298, 60, 192, 186]]
[445, [252, 262, 284, 60, 168, 180]]
[446, [284, 262, 284, 60, 144, 188]]
[447, [272, 266, 288, 60, 120, 200]]
[448, [252, 262, 284, 60, 96, 204]]
[449, [284, 262, 284, 60, 72, 212]]
[450, [264, 258, 280, 60, 48, 216]]
[451, [246, 256, 278, 60, 24, 222]]
[452, [260, 238, 260, 60, 0, 212]]
[453, [244, 238, 260, 60, 0, 196]]
[454, [232, 242, 264, 60, 0, 184]]
[455, [260, 238, 260, 60, 0, 164]]
[456, [248, 242, 264, 60, 0, 152]]
[457, [226, 236, 258, 60, 0, 130]]
[458, [254, 232, 254, 60, 0, 110]]
[459, [212, 206, 228, 390, 0, 68]]
[460, [188, 198, 220, 246, 144, 44]]
[461, [224, 202, 224, 102, 264, 56]]
[462, [204, 198, 220, 102, 240, 60]]
[463, [192, 202, 224, 102, 216, 72]]
[464, [212, 190, 212, 102, 192, 68]]
[465, [188, 182, 204, 102, 168, 68]]
[466, [142, 152, 174, 102, 144, 46]]
[467, [162, 140, 162, 102, 120, 42]]
[468, [150, 144, 166, 102, 96, 54]]
[469, [130, 140, 162, 102, 72, 58]]
[470, [166, 144, 166, 102, 48, 70]]
[471, [134, 128, 150, 102, 24, 62]]
[472, [108, 118, 140, 102, 0, 60]]
[473, [102, 80, 102, 102, 0, 6]]
[474, [96, 90, 112, 102, 0, 0]]
[475, [96, 106, 128, 102, 0, 0]]
[476, [144, 122, 144, 102, 0, 0]]
[477, [144, 138, 160, 102, 0, 0]]
[478, [144, 154, 176, 102, 0, 0]]
[479, [192, 170, 192, 432, 0, 0]]
[480, [192, 186, 208, 288, 144, 0]]
[481, [168, 178, 200, 144, 264, 0]]
[482, [192, 170, 192, 0, 384, 0]]
[483, [168, 162, 184, 0, 360, 0]]
[484, [144, 154, 176, 0, 336, 0]]
[485, [168, 146, 168, 0, 312, 0]]
[486, [144, 138, 160, 0, 288, 0]]
[487, [120, 130, 152, 0, 264, 0]]
[488, [144, 122, 144, 0, 240, 0]]
[489, [120, 114, 136, 0, 216, 0]]
[490, [96, 106, 128, 0, 192, 0]]
[491, [120, 98, 120, 0, 168, 0]]
[492, [96, 90, 112, 0, 144, 0]]
[493, [72, 82, 104, 0, 120, 0]]
[494, [96, 74, 96, 0, 96, 0]]
[495, [72, 66, 88, 0, 72, 0]]
[496, [48, 58, 80, 0, 48, 0]]
[497, [72, 50, 72, 0, 24, 0]]
[498, [48, 42, 64, 0, 0, 0]]
[499, [48, 58, 80, 330, 0, 0]]
[500, [96, 74, 96, 186, 144, 0]]
[501, [72, 66, 88, 42, 264, 0]]
[502, [48, 58, 80, 42, 240, 0]]
[503, [72, 50, 72, 42, 216, 0]]
[504, [48, 42, 64, 42, 192, 0]]
[505, [24, 34, 56, 42, 168, 0]]
[506, [48, 26, 48, 42, 144, 0]]
[507, [24, 18, 40, 42, 120, 0]]
[508, [0, 10, 32, 42, 96, 0]]
[509, [24, 2, 24, 42, 72, 0]]
[510, [6, 0, 22, 42, 48, 6]]
[511, [0, 10, 32, 42, 24, 24]]
[512, [22, 0, 22, 42, 0, 22]]
[513, [6, 0, 22, 42, 0, 6]]
[514, [0, 10, 32, 42, 0, 0]]
[515, [48, 26, 48, 42, 0, 0]]
[516, [48, 42, 64, 42, 0, 0]]
[517, [48, 58, 80, 42, 0, 0]]
[518, [96, 74, 96, 42, 0, 0]]
[519, [96, 90, 112, 372, 0, 0]]
[520, [96, 106, 128, 228, 144, 0]]
[521, [120, 98, 120, 84, 264, 0]]
[522, [96, 90, 112, 84, 240, 0]]
[523, [72, 82, 104, 84, 216, 0]]
[524, [96, 74, 96, 84, 192, 0]]
[525, [72, 66, 88, 84, 168, 0]]
[526, [48, 58, 80, 84, 144, 0]]
[527, [72, 50, 72, 84, 120, 0]]
[528, [48, 42, 64, 84, 96, 0]]
[529, [24, 34, 56, 84, 72, 0]]
[530, [48, 26, 48, 84, 48, 0]]
[531, [24, 18, 40, 84, 24, 0]]
[532, [0, 10, 32, 84, 0, 0]]
[533, [48, 26, 48, 84, 0, 0]]
[534, [48, 42, 64, 84, 0, 0]]
[535, [48, 58, 80, 84, 0, 0]]
[536, [96, 74, 96, 84, 0, 0]]
[537, [96, 90, 112, 84, 0, 0]]
[538, [96, 106, 128, 84, 0, 0]]
[539, [144, 122, 144, 414, 0, 0]]
[540, [144, 138, 160, 270, 144, 0]]
[541, [120, 130, 152, 126, 264, 0]]
[542, [144, 122, 144, 126, 240, 0]]
[543, [120, 114, 136, 126, 216, 0]]
[544, [96, 106, 128, 126, 192, 0]]
[545, [120, 98, 120, 126, 168, 0]]
[546, [96, 90, 112, 126, 144, 0]]
[547, [72, 82, 104, 126, 120, 0]]
[548, [96, 74, 96, 126, 96, 0]]
[549, [72, 66, 88, 126, 72, 0]]
[550, [48, 58, 80, 126, 48, 0]]
[551, [72, 50, 72, 126, 24, 0]]
[552, [48, 42, 64, 126, 0, 0]]
[553, [48, 58, 80, 126, 0, 0]]
[554, [96, 74, 96, 126, 0, 0]]
[555, [96, 90, 112, 126, 0, 0]]
[556, [96, 106, 128, 126, 0, 0]]
[557, [144, 122, 144, 126, 0, 0]]
[558, [144, 138, 160, 126, 0, 0]]
[559, [144, 154, 176, 456, 0, 0]]
[560, [192, 170, 192, 312, 144, 0]]
[561, [168, 162, 184, 168, 264, 0]]
[562, [144, 154, 176, 24, 384, 0]]
[563, [168, 146, 168, 24, 360, 0]]
[564, [144, 138, 160, 24, 336, 0]]
[565, [120, 130, 152, 24, 312, 0]]
[566, [148, 126, 148, 24, 288, 4]]
[567, [148, 142, 164, 24, 264, 28]]
[568, [130, 140, 162, 24, 240, 34]]
[569, [156, 134, 156, 24, 216, 36]]
[570, [138, 132, 154, 24, 192, 42]]
[571, [118, 128, 150, 24, 168, 46]]
[572, [150, 128, 150, 24, 144, 54]]
[573, [134, 128, 150, 24, 120, 62]]
[574, [134, 144, 166, 24, 96, 86]]
[575, [166, 144, 166, 24, 72, 94]]
[576, [148, 142, 164, 24, 48, 100]]
[577, [134, 144, 166, 24, 24, 110]]
[578, [166, 144, 166, 24, 0, 118]]
[579, [152, 146, 168, 354, 0, 104]]
[580, [138, 148, 170, 210, 144, 90]]
[581, [182, 160, 182, 66, 264, 110]]
[582, [170, 164, 186, 66, 240, 122]]
[583, [154, 164, 186, 66, 216, 130]]
[584, [184, 162, 184, 66, 192, 136]]
[585, [174, 168, 190, 66, 168, 150]]
[586, [154, 164, 186, 66, 144, 154]]
[587, [184, 162, 184, 66, 120, 160]]
[588, [172, 166, 188, 66, 96, 172]]
[589, [160, 170, 192, 66, 72, 184]]
[590, [194, 172, 194, 66, 48, 194]]
[591, [174, 168, 190, 66, 24, 198]]
[592, [166, 176, 198, 66, 0, 214]]
[593, [194, 172, 194, 66, 0, 194]]
[594, [178, 172, 194, 66, 0, 178]]
[595, [166, 176, 198, 66, 0, 166]]
[596, [204, 182, 204, 66, 0, 156]]
[597, [184, 178, 200, 66, 0, 136]]
[598, [162, 172, 194, 66, 0, 114]]
[599, [198, 176, 198, 396, 0, 102]]
[600, [178, 172, 194, 252, 144, 82]]
[601, [158, 168, 190, 108, 264, 86]]
[602, [190, 168, 190, 108, 240, 94]]
[603, [182, 176, 198, 108, 216, 110]]
[604, [162, 172, 194, 108, 192, 114]]
[605, [186, 164, 186, 108, 168, 114]]
[606, [166, 160, 182, 108, 144, 118]]
[607, [140, 150, 172, 108, 120, 116]]
[608, [162, 140, 162, 108, 96, 114]]
[609, [142, 136, 158, 108, 72, 118]]
[610, [134, 144, 166, 108, 48, 134]]
[611, [156, 134, 156, 108, 24, 132]]
[612, [126, 120, 142, 108, 0, 126]]
[613, [104, 114, 136, 108, 0, 104]]
[614, [118, 96, 118, 108, 0, 70]]
[615, [90, 84, 106, 108, 0, 42]]
[616, [66, 76, 98, 108, 0, 18]]
[617, [108, 86, 108, 108, 0, 12]]
[618, [96, 90, 112, 108, 0, 0]]
[619, [96, 106, 128, 438, 0, 0]]
[620, [144, 122, 144, 294, 144, 0]]
[621, [120, 114, 136, 150, 264, 0]]
[622, [96, 106, 128, 6, 384, 0]]
[623, [120, 98, 120, 6, 360, 0]]
[624, [96, 90, 112, 6, 336, 0]]
[625, [72, 82, 104, 6, 312, 0]]
[626, [96, 74, 96, 6, 288, 0]]
[627, [72, 66, 88, 6, 264, 0]]
[628, [48, 58, 80, 6, 240, 0]]
[629, [72, 50, 72, 6, 216, 0]]
[630, [48, 42, 64, 6, 192, 0]]
[631, [24, 34, 56, 6, 168, 0]]
[632, [48, 26, 48, 6, 144, 0]]
[633, [24, 18, 40, 6, 120, 0]]
[634, [0, 10, 32, 6, 96, 0]]
[635, [24, 2, 24, 6, 72, 0]]
[636, [6, 0, 22, 6, 48, 6]]
[637, [0, 10, 32, 6, 24, 24]]
[638, [22, 0, 22, 6, 0, 22]]
[639, [6, 0, 22, 336, 0, 6]]
[640, [0, 10, 32, 192, 144, 0]]
[641, [24, 2, 24, 48, 264, 0]]
[642, [6, 0, 22, 48, 240, 6]]
[643, [0, 10, 32, 48, 216, 24]]
[644, [22, 0, 22, 48, 192, 22]]
[645, [6, 0, 22, 48, 168, 30]]
[646, [0, 10, 32, 48, 144, 48]]
[647, [22, 0, 22, 48, 120, 46]]
[648, [6, 0, 22, 48, 96, 54]]
[649, [0, 10, 32, 48, 72, 72]]
[650, [22, 0, 22, 48, 48, 70]]
[651, [6, 0, 22, 48, 24, 78]]
[652, [0, 10, 32, 48, 0, 96]]
[653, [22, 0, 22, 48, 0, 70]]
[654, [6, 0, 22, 48, 0, 54]]
[655, [0, 10, 32, 48, 0, 48]]
[656, [22, 0, 22, 48, 0, 22]]
[657, [6, 0, 22, 48, 0, 6]]
[658, [0, 10, 32, 48, 0, 0]]
[659, [48, 26, 48, 378, 0, 0]]
[660, [48, 42, 64, 234, 144, 0]]
[661, [24, 34, 56, 90, 264, 0]]
[662, [48, 26, 48, 90, 240, 0]]
[663, [24, 18, 40, 90, 216, 0]]
[664, [0, 10, 32, 90, 192, 0]]
[665, [24, 2, 24, 90, 168, 0]]
[666, [6, 0, 22, 90, 144, 6]]
[667, [0, 10, 32, 90, 120, 24]]
[668, [22, 0, 22, 90, 96, 22]]
[669, [6, 0, 22, 90, 72, 30]]
[670, [0, 10, 32, 90, 48, 48]]
[671, [22, 0, 22, 90, 24, 46]]
[672, [6, 0, 22, 90, 0, 54]]
[673, [0, 10, 32, 90, 0, 48]]
[674, [22, 0, 22, 90, 0, 22]]
[675, [6, 0, 22, 90, 0, 6]]
[676, [0, 10, 32, 90, 0, 0]]
[677, [48, 26, 48, 90, 0, 0]]
[678, [48, 42, 64, 90, 0, 0]]
[679, [48, 58, 80, 420, 0, 0]]
[680, [96, 74, 96, 276, 144, 0]]
[681, [72, 66, 88, 132, 264, 0]]
[682, [48, 58, 80, 132, 240, 0]]
[683, [72, 50, 72, 132, 216, 0]]
[684, [48, 42, 64, 132, 192, 0]]
[685, [24, 34, 56, 132, 168, 0]]
[686, [48, 26, 48, 132, 144, 0]]
[687, [24, 18, 40, 132, 120, 0]]
[688, [0, 10, 32, 132, 96, 0]]
[689, [24, 2, 24, 132, 72, 0]]
[690, [6, 0, 22, 132, 48, 6]]
[691, [0, 10, 32, 132, 24, 24]]
[692, [22, 0, 22, 132, 0, 22]]
[693, [6, 0, 22, 132, 0, 6]]
[694, [0, 10, 32, 132, 0, 0]]
[695, [48, 26, 48, 132, 0, 0]]
[696, [48, 42, 64, 132, 0, 0]]
[697, [48, 58, 80, 132, 0, 0]]
[698, [96, 74, 96, 132, 0, 0]]
[699, [96, 90, 112, 462, 0, 0]]
[700, [96, 106, 128, 318, 144, 0]]
[701, [120, 98, 120, 174, 264, 0]]
[702, [96, 90, 112, 30, 384, 0]]
[703, [72, 82, 104, 30, 360, 0]]
[704, [96, 74, 96, 30, 336, 0]]
[705, [72, 66, 88, 30, 312, 0]]
[706, [48, 58, 80, 30, 288, 0]]
[707, [72, 50, 72, 30, 264, 0]]
[708, [48, 42, 64, 30, 240, 0]]
[709, [28, 38, 60, 30, 216, 4]]
[710, [60, 38, 60, 30, 192, 12]]
[711, [38, 32, 54, 30, 168, 14]]
[712, [16, 26, 48, 30, 144, 16]]
[713, [48, 26, 48, 30, 120, 24]]
[714, [28, 22, 44, 30, 96, 28]]
[715, [6, 16, 38, 30, 72, 30]]
[716, [40, 18, 40, 30, 48, 40]]
[717, [22, 16, 38, 30, 24, 46]]
[718, [2, 12, 34, 30, 0, 50]]
[719, [30, 8, 30, 360, 0, 30]]
[720, [16, 10, 32, 216, 144, 16]]
[721, [0, 10, 32, 72, 264, 24]]
[722, [30, 8, 30, 72, 240, 30]]
[723, [20, 14, 36, 72, 216, 44]]
[724, [4, 14, 36, 72, 192, 52]]
[725, [32, 10, 32, 72, 168, 56]]
[726, [18, 12, 34, 72, 144, 66]]
[727, [2, 12, 34, 72, 120, 74]]
[728, [34, 12, 34, 72, 96, 82]]
[729, [12, 6, 28, 72, 72, 84]]
[730, [2, 12, 34, 72, 48, 98]]
[731, [34, 12, 34, 72, 24, 106]]
[732, [20, 14, 36, 72, 0, 116]]
[733, [12, 22, 44, 72, 0, 108]]
[734, [44, 22, 44, 72, 0, 92]]
[735, [34, 28, 50, 72, 0, 82]]
[736, [14, 24, 46, 72, 0, 62]]
[737, [48, 26, 48, 72, 0, 48]]
[738, [28, 22, 44, 72, 0, 28]]
[739, [12, 22, 44, 402, 0, 12]]
[740, [52, 30, 52, 258, 144, 4]]
[741, [44, 38, 60, 114, 264, 20]]
[742, [30, 40, 62, 114, 240, 30]]
[743, [58, 36, 58, 114, 216, 34]]
[744, [44, 38, 60, 114, 192, 44]]
[745, [18, 28, 50, 114, 168, 42]]
[746, [52, 30, 52, 114, 144, 52]]
[747, [42, 36, 58, 114, 120, 66]]
[748, [34, 44, 66, 114, 96, 82]]
[749, [66, 44, 66, 114, 72, 90]]
[750, [42, 36, 58, 114, 48, 90]]
[751, [22, 32, 54, 114, 24, 94]]
[752, [40, 18, 40, 114, 0, 88]]
[753, [20, 14, 36, 114, 0, 68]]
[754, [12, 22, 44, 114, 0, 60]]
[755, [46, 24, 46, 114, 0, 46]]
[756, [28, 22, 44, 114, 0, 28]]
[757, [8, 18, 40, 114, 0, 8]]
[758, [48, 26, 48, 114, 0, 0]]
[759, [48, 42, 64, 444, 0, 0]]
[760, [48, 58, 80, 300, 144, 0]]
[761, [72, 50, 72, 156, 264, 0]]
[762, [48, 42, 64, 12, 384, 0]]
[763, [24, 34, 56, 12, 360, 0]]
[764, [48, 26, 48, 12, 336, 0]]
[765, [24, 18, 40, 12, 312, 0]]
[766, [0, 10, 32, 12, 288, 0]]
[767, [32, 10, 32, 12, 264, 8]]
[768, [6, 0, 22, 12, 240, 6]]
[769, [0, 10, 32, 12, 216, 24]]
[770, [22, 0, 22, 12, 192, 22]]
[771, [6, 0, 22, 12, 168, 30]]
[772, [0, 10, 32, 12, 144, 48]]
[773, [22, 0, 22, 12, 120, 46]]
[774, [6, 0, 22, 12, 96, 54]]
[775, [0, 10, 32, 12, 72, 72]]
[776, [22, 0, 22, 12, 48, 70]]
[777, [6, 0, 22, 12, 24, 78]]
[778, [0, 10, 32, 12, 0, 96]]
[779, [22, 0, 22, 342, 0, 70]]
[780, [6, 0, 22, 198, 144, 54]]
[781, [0, 10, 32, 54, 264, 72]]
[782, [22, 0, 22, 54, 240, 70]]
[783, [6, 0, 22, 54, 216, 78]]
[784, [0, 10, 32, 54, 192, 96]]
[785, [22, 0, 22, 54, 168, 94]]
[786, [6, 0, 22, 54, 144, 102]]
[787, [0, 10, 32, 54, 120, 120]]
[788, [22, 0, 22, 54, 96, 118]]
[789, [6, 0, 22, 54, 72, 126]]
[790, [0, 10, 32, 54, 48, 144]]
[791, [22, 0, 22, 54, 24, 142]]
[792, [6, 0, 22, 54, 0, 150]]
[793, [0, 10, 32, 54, 0, 144]]
[794, [22, 0, 22, 54, 0, 118]]
[795, [6, 0, 22, 54, 0, 102]]
[796, [0, 10, 32, 54, 0, 96]]
[797, [22, 0, 22, 54, 0, 70]]
[798, [6, 0, 22, 54, 0, 54]]
[799, [0, 10, 32, 384, 0, 48]]
[800, [22, 0, 22, 240, 144, 22]]
[801, [6, 0, 22, 96, 264, 30]]
[802, [0, 10, 32, 96, 240, 48]]
[803, [22, 0, 22, 96, 216, 46]]
[804, [6, 0, 22, 96, 192, 54]]
[805, [0, 10, 32, 96, 168, 72]]
[806, [22, 0, 22, 96, 144, 70]]
[807, [6, 0, 22, 96, 120, 78]]
[808, [0, 10, 32, 96, 96, 96]]
[809, [22, 0, 22, 96, 72, 94]]
[810, [6, 0, 22, 96, 48, 102]]
[811, [0, 10, 32, 96, 24, 120]]
[812, [22, 0, 22, 96, 0, 118]]
[813, [6, 0, 22, 96, 0, 102]]
[814, [0, 10, 32, 96, 0, 96]]
[815, [22, 0, 22, 96, 0, 70]]
[816, [6, 0, 22, 96, 0, 54]]
[817, [0, 10, 32, 96, 0, 48]]
[818, [22, 0, 22, 96, 0, 22]]
[819, [6, 0, 22, 426, 0, 6]]
[820, [0, 10, 32, 282, 144, 0]]
[821, [24, 2, 24, 138, 264, 0]]
[822, [6, 0, 22, 138, 240, 6]]
[823, [0, 10, 32, 138, 216, 24]]
[824, [22, 0, 22, 138, 192, 22]]
[825, [6, 0, 22, 138, 168, 30]]
[826, [0, 10, 32, 138, 144, 48]]
[827, [22, 0, 22, 138, 120, 46]]
[828, [6, 0, 22, 138, 96, 54]]
[829, [0, 10, 32, 138, 72, 72]]
[830, [22, 0, 22, 138, 48, 70]]
[831, [6, 0, 22, 138, 24, 78]]
[832, [0, 10, 32, 138, 0, 96]]
[833, [22, 0, 22, 138, 0, 70]]
[834, [6, 0, 22, 138, 0, 54]]
[835, [0, 10, 32, 138, 0, 48]]
[836, [22, 0, 22, 138, 0, 22]]
[837, [6, 0, 22, 138, 0, 6]]
[838, [0, 10, 32, 138, 0, 0]]
[839, [48, 26, 48, 468, 0, 0]]
[840, [48, 42, 64, 324, 144, 0]]
[841, [24, 34, 56, 180, 264, 0]]
[842, [48, 26, 48, 36, 384, 0]]
[843, [24, 18, 40, 36, 360, 0]]
[844, [0, 10, 32, 36, 336, 0]]
[845, [24, 2, 24, 36, 312, 0]]
[846, [6, 0, 22, 36, 288, 6]]
[847, [0, 10, 32, 36, 264, 24]]
[848, [22, 0, 22, 36, 240, 22]]
[849, [6, 0, 22, 36, 216, 30]]
[850, [0, 10, 32, 36, 192, 48]]
[851, [22, 0, 22, 36, 168, 46]]
[852, [6, 0, 22, 36, 144, 54]]
[853, [0, 10, 32, 36, 120, 72]]
[854, [22, 0, 22, 36, 96, 70]]
[855, [6, 0, 22, 36, 72, 78]]
[856, [0, 10, 32, 36, 48, 96]]
[857, [22, 0, 22, 36, 24, 94]]
[858, [6, 0, 22, 36, 0, 102]]
[859, [0, 10, 32, 366, 0, 96]]
[860, [22, 0, 22, 222, 144, 70]]
[861, [6, 0, 22, 78, 264, 78]]
[862, [0, 10, 32, 78, 240, 96]]
[863, [22, 0, 22, 78, 216, 94]]
[864, [6, 0, 22, 78, 192, 102]]
[865, [0, 10, 32, 78, 168, 120]]
[866, [22, 0, 22, 78, 144, 118]]
[867, [6, 0, 22, 78, 120, 126]]
[868, [0, 10, 32, 78, 96, 144]]
[869, [22, 0, 22, 78, 72, 142]]
[870, [6, 0, 22, 78, 48, 150]]
[871, [0, 10, 32, 78, 24, 168]]
[872, [22, 0, 22, 78, 0, 166]]
[873, [6, 0, 22, 78, 0, 150]]
[874, [0, 10, 32, 78, 0, 144]]
[875, [22, 0, 22, 78, 0, 118]]
[876, [6, 0, 22, 78, 0, 102]]
[877, [0, 10, 32, 78, 0, 96]]
[878, [22, 0, 22, 78, 0, 70]]
[879, [6, 0, 22, 408, 0, 54]]
[880, [0, 10, 32, 264, 144, 48]]
[881, [22, 0, 22, 120, 264, 46]]
[882, [6, 0, 22, 120, 240, 54]]
[883, [0, 10, 32, 120, 216, 72]]
[884, [22, 0, 22, 120, 192, 70]]
[885, [6, 0, 22, 120, 168, 78]]
[886, [0, 10, 32, 120, 144, 96]]
[887, [24, 2, 24, 120, 120, 96]]
[888, [6, 0, 22, 120, 96, 102]]
[889, [0, 10, 32, 120, 72, 120]]
[890, [32, 10, 32, 120, 48, 128]]
[891, [6, 0, 22, 120, 24, 126]]
[892, [0, 10, 32, 120, 0, 144]]
[893, [26, 4, 26, 120, 0, 122]]
[894, [8, 2, 24, 120, 0, 104]]
[895, [0, 10, 32, 120, 0, 96]]
[896, [34, 12, 34, 120, 0, 82]]
[897, [18, 12, 34, 120, 0, 66]]
[898, [0, 10, 32, 120, 0, 48]]
[899, [30, 8, 30, 450, 0, 30]]
[900, [6, 0, 22, 306, 144, 6]]
[901, [0, 10, 32, 162, 264, 24]]
[902, [22, 0, 22, 18, 384, 22]]
[903, [6, 0, 22, 18, 360, 30]]
[904, [0, 10, 32, 18, 336, 48]]
[905, [22, 0, 22, 18, 312, 46]]
[906, [6, 0, 22, 18, 288, 54]]
[907, [0, 10, 32, 18, 264, 72]]
[908, [22, 0, 22, 18, 240, 70]]
[909, [6, 0, 22, 18, 216, 78]]
[910, [0, 10, 32, 18, 192, 96]]
[911, [22, 0, 22, 18, 168, 94]]
[912, [6, 0, 22, 18, 144, 102]]
[913, [0, 10, 32, 18, 120, 120]]
[914, [22, 0, 22, 18, 96, 118]]
[915, [6, 0, 22, 18, 72, 126]]
[916, [0, 10, 32, 18, 48, 144]]
[917, [22, 0, 22, 18, 24, 142]]
[918, [6, 0, 22, 18, 0, 150]]
[919, [0, 10, 32, 348, 0, 144]]
[920, [22, 0, 22, 204, 144, 118]]
[921, [6, 0, 22, 60, 264, 126]]
[922, [0, 10, 32, 60, 240, 144]]
[923, [22, 0, 22, 60, 216, 142]]
[924, [6, 0, 22, 60, 192, 150]]
[925, [0, 10, 32, 60, 168, 168]]
[926, [22, 0, 22, 60, 144, 166]]
[927, [6, 0, 22, 60, 120, 174]]
[928, [0, 10, 32, 60, 96, 192]]
[929, [22, 0, 22, 60, 72, 190]]
[930, [6, 0, 22, 60, 48, 198]]
[931, [0, 10, 32, 60, 24, 216]]
[932, [22, 0, 22, 60, 0, 214]]
[933, [6, 0, 22, 60, 0, 198]]
[934, [0, 10, 32, 60, 0, 192]]
[935, [22, 0, 22, 60, 0, 166]]
[936, [6, 0, 22, 60, 0, 150]]
[937, [0, 10, 32, 60, 0, 144]]
[938, [22, 0, 22, 60, 0, 118]]
[939, [6, 0, 22, 390, 0, 102]]
[940, [0, 10, 32, 246, 144, 96]]
[941, [22, 0, 22, 102, 264, 94]]
[942, [6, 0, 22, 102, 240, 102]]
[943, [0, 10, 32, 102, 216, 120]]
[944, [22, 0, 22, 102, 192, 118]]
[945, [6, 0, 22, 102, 168, 126]]
[946, [0, 10, 32, 102, 144, 144]]
[947, [22, 0, 22, 102, 120, 142]]
[948, [6, 0, 22, 102, 96, 150]]
[949, [0, 10, 32, 102, 72, 168]]
[950, [22, 0, 22, 102, 48, 166]]
[951, [6, 0, 22, 102, 24, 174]]
[952, [0, 10, 32, 102, 0, 192]]
[953, [22, 0, 22, 102, 0, 166]]
[954, [6, 0, 22, 102, 0, 150]]
[955, [0, 10, 32, 102, 0, 144]]
[956, [22, 0, 22, 102, 0, 118]]
[957, [6, 0, 22, 102, 0, 102]]
[958, [0, 10, 32, 102, 0, 96]]
[959, [22, 0, 22, 432, 0, 70]]
[960, [6, 0, 22, 288, 144, 54]]
[961, [0, 10, 32, 144, 264, 72]]
[962, [22, 0, 22, 0, 384, 70]]
[963, [6, 0, 22, 0, 360, 78]]
[964, [0, 10, 32, 0, 336, 96]]
[965, [22, 0, 22, 0, 312, 94]]
[966, [6, 0, 22, 0, 288, 102]]
[967, [0, 10, 32, 0, 264, 120]]
[968, [22, 0, 22, 0, 240, 118]]
[969, [6, 0, 22, 0, 216, 126]]
[970, [0, 10, 32, 0, 192, 144]]
[971, [22, 0, 22, 0, 168, 142]]
[972, [6, 0, 22, 0, 144, 150]]
[973, [0, 10, 32, 0, 120, 168]]
[974, [22, 0, 22, 0, 96, 166]]
[975, [6, 0, 22, 0, 72, 174]]
[976, [0, 10, 32, 0, 48, 192]]
[977, [22, 0, 22, 0, 24, 190]]
[978, [6, 0, 22, 0, 0, 198]]
[979, [0, 10, 32, 330, 0, 192]]
[980, [22, 0, 22, 186, 144, 166]]
[981, [6, 0, 22, 42, 264, 174]]
[982, [0, 10, 32, 42, 240, 192]]
[983, [22, 0, 22, 42, 216, 190]]
[984, [6, 0, 22, 42, 192, 198]]
[985, [0, 10, 32, 42, 168, 216]]
[986, [22, 0, 22, 42, 144, 214]]
[987, [6, 0, 22, 42, 120, 222]]
[988, [0, 10, 32, 42, 96, 240]]
[989, [22, 0, 22, 42, 72, 238]]
[990, [6, 0, 22, 42, 48, 246]]
[991, [0, 10, 32, 42, 24, 264]]
[992, [22, 0, 22, 42, 0, 262]]
[993, [6, 0, 22, 42, 0, 246]]
[994, [0, 10, 32, 42, 0, 240]]
[995, [22, 0, 22, 42, 0, 214]]
[996, [6, 0, 22, 42, 0, 198]]
[997, [0, 10, 32, 42, 0, 192]]
[998, [22, 0, 22, 42, 0, 166]]
[999, [6, 0, 22, 372, 0, 150]]
[1000, [0, 10, 32, 228, 144, 144]]
[1001, [22, 0, 22, 84, 264, 142]]
[1002, [6, 0, 22, 84, 240, 150]]
[1003, [0, 10, 32, 84, 216, 168]]
[1004, [22, 0, 22, 84, 192, 166]]
[1005, [6, 0, 22, 84, 168, 174]]
[1006, [0, 10, 32, 84, 144, 192]]
[1007, [22, 0, 22, 84, 120, 190]]
[1008, [6, 0, 22, 84, 96, 198]]
[1009, [0, 10, 32, 84, 72, 216]]
[1010, [22, 0, 22, 84, 48, 214]]
[1011, [6, 0, 22, 84, 24, 222]]
[1012, [0, 10, 32, 84, 0, 240]]
[1013, [22, 0, 22, 84, 0, 214]]
[1014, [6, 0, 22, 84, 0, 198]]
[1015, [0, 10, 32, 84, 0, 192]]
[1016, [22, 0, 22, 84, 0, 166]]
[1017, [6, 0, 22, 84, 0, 150]]
[1018, [0, 10, 32, 84, 0, 144]]
[1019, [22, 0, 22, 414, 0, 118]]
[1020, [6, 0, 22, 270, 144, 102]]
[1021, [0, 10, 32, 126, 264, 120]]
[1022, [22, 0, 22, 126, 240, 118]]
[1023, [6, 0, 22, 126, 216, 126]]
[1024, [0, 10, 32, 126, 192, 144]]
[1025, [22, 0, 22, 126, 168, 142]]
[1026, [6, 0, 22, 126, 144, 150]]
[1027, [0, 10, 32, 126, 120, 168]]
[1028, [22, 0, 22, 126, 96, 166]]
[1029, [6, 0, 22, 126, 72, 174]]
[1030, [0, 10, 32, 126, 48, 192]]
[1031, [22, 0, 22, 126, 24, 190]]
[1032, [6, 0, 22, 126, 0, 198]]
[1033, [0, 10, 32, 126, 0, 192]]
[1034, [22, 0, 22, 126, 0, 166]]
[1035, [6, 0, 22, 126, 0, 150]]
[1036, [0, 10, 32, 126, 0, 144]]
[1037, [22, 0, 22, 126, 0, 118]]
[1038, [6, 0, 22, 126, 0, 102]]
[1039, [0, 10, 32, 456, 0, 96]]
[1040, [22, 0, 22, 312, 144, 70]]
[1041, [6, 0, 22, 168, 264, 78]]
[1042, [0, 10, 32, 24, 384, 96]]
[1043, [22, 0, 22, 24, 360, 94]]
[1044, [6, 0, 22, 24, 336, 102]]
[1045, [0, 10, 32, 24, 312, 120]]
[1046, [22, 0, 22, 24, 288, 118]]
[1047, [6, 0, 22, 24, 264, 126]]
[1048, [0, 10, 32, 24, 240, 144]]
[1049, [22, 0, 22, 24, 216, 142]]
[1050, [6, 0, 22, 24, 192, 150]]
[1051, [0, 10, 32, 24, 168, 168]]
[1052, [22, 0, 22, 24, 144, 166]]
[1053, [6, 0, 22, 24, 120, 174]]
[1054, [0, 10, 32, 24, 96, 192]]
[1055, [22, 0, 22, 24, 72, 190]]
[1056, [6, 0, 22, 24, 48, 198]]
[1057, [0, 10, 32, 24, 24, 216]]
[1058, [22, 0, 22, 24, 0, 214]]
[1059, [6, 0, 22, 354, 0, 198]]
[1060, [0, 10, 32, 210, 144, 192]]
[1061, [22, 0, 22, 66, 264, 190]]
[1062, [6, 0, 22, 66, 240, 198]]
[1063, [0, 10, 32, 66, 216, 216]]
[1064, [22, 0, 22, 66, 192, 214]]
[1065, [6, 0, 22, 66, 168, 222]]
[1066, [0, 10, 32, 66, 144, 240]]
[1067, [22, 0, 22, 66, 120, 238]]
[1068, [6, 0, 22, 66, 96, 246]]
[1069, [0, 10, 32, 66, 72, 264]]
[1070, [22, 0, 22, 66, 48, 262]]
[1071, [6, 0, 22, 66, 24, 270]]
[1072, [0, 10, 32, 66, 0, 288]]
[1073, [22, 0, 22, 66, 0, 262]]
[1074, [6, 0, 22, 66, 0, 246]]
[1075, [0, 10, 32, 66, 0, 240]]
[1076, [22, 0, 22, 66, 0, 214]]
[1077, [6, 0, 22, 66, 0, 198]]
[1078, [0, 10, 32, 66, 0, 192]]
[1079, [22, 0, 22, 396, 0, 166]]
[1080, [6, 0, 22, 252, 144, 150]]
[1081, [0, 10, 32, 108, 264, 168]]
[1082, [22, 0, 22, 108, 240, 166]]
[1083, [6, 0, 22, 108, 216, 174]]
[1084, [0, 10, 32, 108, 192, 192]]
[1085, [22, 0, 22, 108, 168, 190]]
[1086, [6, 0, 22, 108, 144, 198]]
[1087, [0, 10, 32, 108, 120, 216]]
[1088, [22, 0, 22, 108, 96, 214]]
[1089, [6, 0, 22, 108, 72, 222]]
[1090, [0, 10, 32, 108, 48, 240]]
[1091, [22, 0, 22, 108, 24, 238]]
[1092, [6, 0, 22, 108, 0, 246]]
[1093, [0, 10, 32, 108, 0, 240]]
[1094, [22, 0, 22, 108, 0, 214]]
[1095, [6, 0, 22, 108, 0, 198]]
[1096, [0, 10, 32, 108, 0, 192]]
[1097, [22, 0, 22, 108, 0, 166]]
[1098, [6, 0, 22, 108, 0, 150]]
[1099, [0, 10, 32, 438, 0, 144]]
[1100, [22, 0, 22, 294, 144, 118]]
[1101, [6, 0, 22, 150, 264, 126]]
[1102, [0, 10, 32, 6, 384, 144]]
[1103, [22, 0, 22, 6, 360, 142]]
[1104, [6, 0, 22, 6, 336, 150]]
[1105, [0, 10, 32, 6, 312, 168]]
[1106, [22, 0, 22, 6, 288, 166]]
[1107, [6, 0, 22, 6, 264, 174]]
[1108, [0, 10, 32, 6, 240, 192]]
[1109, [22, 0, 22, 6, 216, 190]]
[1110, [6, 0, 22, 6, 192, 198]]
[1111, [0, 10, 32, 6, 168, 216]]
[1112, [22, 0, 22, 6, 144, 214]]
[1113, [6, 0, 22, 6, 120, 222]]
[1114, [0, 10, 32, 6, 96, 240]]
[1115, [22, 0, 22, 6, 72, 238]]
[1116, [6, 0, 22, 6, 48, 246]]
[1117, [0, 10, 32, 6, 24, 264]]
[1118, [22, 0, 22, 6, 0, 262]]
[1119, [6, 0, 22, 336, 0, 246]]
[1120, [0, 10, 32, 192, 144, 240]]
[1121, [22, 0, 22, 48, 264, 238]]
[1122, [6, 0, 22, 48, 240, 246]]
[1123, [0, 10, 32, 48, 216, 264]]
[1124, [22, 0, 22, 48, 192, 262]]
[1125, [6, 0, 22, 48, 168, 270]]
[1126, [0, 10, 32, 48, 144, 288]]
[1127, [22, 0, 22, 48, 120, 286]]
[1128, [6, 0, 22, 48, 96, 294]]
[1129, [0, 10, 32, 48, 72, 312]]
[1130, [22, 0, 22, 48, 48, 310]]
[1131, [6, 0, 22, 48, 24, 318]]
[1132, [0, 10, 32, 48, 0, 336]]
[1133, [22, 0, 22, 48, 0, 310]]
[1134, [6, 0, 22, 48, 0, 294]]
[1135, [0, 10, 32, 48, 0, 288]]
[1136, [22, 0, 22, 48, 0, 262]]
[1137, [6, 0, 22, 48, 0, 246]]
[1138, [0, 10, 32, 48, 0, 240]]
[1139, [22, 0, 22, 378, 0, 214]]
[1140, [6, 0, 22, 234, 144, 198]]
[1141, [0, 10, 32, 90, 264, 216]]
[1142, [22, 0, 22, 90, 240, 214]]
[1143, [6, 0, 22, 90, 216, 222]]
[1144, [0, 10, 32, 90, 192, 240]]
[1145, [22, 0, 22, 90, 168, 238]]
[1146, [6, 0, 22, 90, 144, 246]]
[1147, [0, 10, 32, 90, 120, 264]]
[1148, [22, 0, 22, 90, 96, 262]]
[1149, [6, 0, 22, 90, 72, 270]]
[1150, [0, 10, 32, 90, 48, 288]]
[1151, [22, 0, 22, 90, 24, 286]]
[1152, [6, 0, 22, 90, 0, 294]]
[1153, [0, 10, 32, 90, 0, 288]]
[1154, [22, 0, 22, 90, 0, 262]]
[1155, [6, 0, 22, 90, 0, 246]]
[1156, [0, 10, 32, 90, 0, 240]]
[1157, [22, 0, 22, 90, 0, 214]]
[1158, [6, 0, 22, 90, 0, 198]]
[1159, [0, 10, 32, 420, 0, 192]]
[1160, [22, 0, 22, 276, 144, 166]]
[1161, [6, 0, 22, 132, 264, 174]]
[1162, [0, 10, 32, 132, 240, 192]]
[1163, [22, 0, 22, 132, 216, 190]]
[1164, [6, 0, 22, 132, 192, 198]]
[1165, [0, 10, 32, 132, 168, 216]]
[1166, [22, 0, 22, 132, 144, 214]]
[1167, [6, 0, 22, 132, 120, 222]]
[1168, [0, 10, 32, 132, 96, 240]]
[1169, [22, 0, 22, 132, 72, 238]]
[1170, [6, 0, 22, 132, 48, 246]]
[1171, [0, 10, 32, 132, 24, 264]]
[1172, [22, 0, 22, 132, 0, 262]]
[1173, [6, 0, 22, 132, 0, 246]]
[1174, [0, 10, 32, 132, 0, 240]]
[1175, [22, 0, 22, 132, 0, 214]]
[1176, [6, 0, 22, 132, 0, 198]]
[1177, [0, 10, 32, 132, 0, 192]]
[1178, [22, 0, 22, 132, 0, 166]]
[1179, [6, 0, 22, 462, 0, 150]]
[1180, [0, 10, 32, 318, 144, 144]]
[1181, [22, 0, 22, 174, 264, 142]]
[1182, [6, 0, 22, 30, 384, 150]]
[1183, [0, 10, 32, 30, 360, 168]]
[1184, [22, 0, 22, 30, 336, 166]]
[1185, [6, 0, 22, 30, 312, 174]]
[1186, [0, 10, 32, 30, 288, 192]]
[1187, [22, 0, 22, 30, 264, 190]]
[1188, [6, 0, 22, 30, 240, 198]]
[1189, [0, 10, 32, 30, 216, 216]]
[1190, [22, 0, 22, 30, 192, 214]]
[1191, [6, 0, 22, 30, 168, 222]]
[1192, [0, 10, 32, 30, 144, 240]]
[1193, [22, 0, 22, 30, 120, 238]]
[1194, [6, 0, 22, 30, 96, 246]]
[1195, [0, 10, 32, 30, 72, 264]]
[1196, [22, 0, 22, 30, 48, 262]]
[1197, [6, 0, 22, 30, 24, 270]]
[1198, [0, 10, 32, 30, 0, 288]]
[1199, [22, 0, 22, 360, 0, 262]]
[1200, [6, 0, 22, 216, 144, 246]]
[1201, [0, 10, 32, 72, 264, 264]]
[1202, [22, 0, 22, 72, 240, 262]]
[1203, [6, 0, 22, 72, 216, 270]]
[1204, [0, 10, 32, 72, 192, 288]]
[1205, [22, 0, 22, 72, 168, 286]]
[1206, [6, 0, 22, 72, 144, 294]]
[1207, [0, 10, 32, 72, 120, 312]]
[1208, [22, 0, 22, 72, 96, 310]]
[1209, [6, 0, 22, 72, 72, 318]]
[1210, [0, 10, 32, 72, 48, 336]]
[1211, [22, 0, 22, 72, 24, 334]]
[1212, [6, 0, 22, 72, 0, 342]]
[1213, [0, 10, 32, 72, 0, 336]]
[1214, [22, 0, 22, 72, 0, 310]]
[1215, [6, 0, 22, 72, 0, 294]]
[1216, [0, 10, 32, 72, 0, 288]]
[1217, [22, 0, 22, 72, 0, 262]]
[1218, [6, 0, 22, 72, 0, 246]]
[1219, [0, 10, 32, 402, 0, 240]]
[1220, [22, 0, 22, 258, 144, 214]]
[1221, [6, 0, 22, 114, 264, 222]]
[1222, [0, 10, 32, 114, 240, 240]]
[1223, [22, 0, 22, 114, 216, 238]]
[1224, [6, 0, 22, 114, 192, 246]]
[1225, [0, 10, 32, 114, 168, 264]]
[1226, [22, 0, 22, 114, 144, 262]]
[1227, [6, 0, 22, 114, 120, 270]]
[1228, [0, 10, 32, 114, 96, 288]]
[1229, [22, 0, 22, 114, 72, 286]]
[1230, [6, 0, 22, 114, 48, 294]]
[1231, [0, 10, 32, 114, 24, 312]]
[1232, [22, 0, 22, 114, 0, 310]]
[1233, [6, 0, 22, 114, 0, 294]]
[1234, [0, 10, 32, 114, 0, 288]]
[1235, [22, 0, 22, 114, 0, 262]]
[1236, [6, 0, 22, 114, 0, 246]]
[1237, [0, 10, 32, 114, 0, 240]]
[1238, [22, 0, 22, 114, 0, 214]]
[1239, [6, 0, 22, 444, 0, 198]]
[1240, [0, 10, 32, 300, 144, 192]]
[1241, [22, 0, 22, 156, 264, 190]]
[1242, [6, 0, 22, 12, 384, 198]]
[1243, [0, 10, 32, 12, 360, 216]]
[1244, [22, 0, 22, 12, 336, 214]]
[1245, [6, 0, 22, 12, 312, 222]]
[1246, [0, 10, 32, 12, 288, 240]]
[1247, [22, 0, 22, 12, 264, 238]]
[1248, [6, 0, 22, 12, 240, 246]]
[1249, [0, 10, 32, 12, 216, 264]]
[1250, [22, 0, 22, 12, 192, 262]]
[1251, [6, 0, 22, 12, 168, 270]]
[1252, [0, 10, 32, 12, 144, 288]]
[1253, [22, 0, 22, 12, 120, 286]]
[1254, [6, 0, 22, 12, 96, 294]]
[1255, [0, 10, 32, 12, 72, 312]]
[1256, [22, 0, 22, 12, 48, 310]]
[1257, [6, 0, 22, 12, 24, 318]]
[1258, [0, 10, 32, 12, 0, 336]]
[1259, [22, 0, 22, 342, 0, 310]]
[1260, [6, 0, 22, 198, 144, 294]]
[1261, [0, 10, 32, 54, 264, 312]]
[1262, [22, 0, 22, 54, 240, 310]]
[1263, [6, 0, 22, 54, 216, 318]]
[1264, [0, 10, 32, 54, 192, 336]]
[1265, [22, 0, 22, 54, 168, 334]]
[1266, [6, 0, 22, 54, 144, 342]]
[1267, [0, 10, 32, 54, 120, 360]]
[1268, [22, 0, 22, 54, 96, 358]]
[1269, [6, 0, 22, 54, 72, 366]]
[1270, [0, 10, 32, 54, 48, 384]]
[1271, [22, 0, 22, 54, 24, 382]]
[1272, [6, 0, 22, 54, 0, 390]]
[1273, [0, 10, 32, 54, 0, 384]]
[1274, [22, 0, 22, 54, 0, 358]]
[1275, [6, 0, 22, 54, 0, 342]]
[1276, [0, 10, 32, 54, 0, 336]]
[1277, [22, 0, 22, 54, 0, 310]]
[1278, [6, 0, 22, 54, 0, 294]]
[1279, [0, 10, 32, 369, 0, 288]]
[1280, [22, 0, 22, 225, 144, 262]]
[1281, [6, 0, 22, 81, 264, 270]]
[1282, [0, 10, 32, 81, 240, 288]]
[1283, [22, 0, 22, 81, 216, 286]]
[1284, [6, 0, 22, 81, 192, 294]]
[1285, [0, 10, 32, 81, 168, 312]]
[1286, [22, 0, 22, 81, 144, 310]]
[1287, [6, 0, 22, 81, 120, 318]]
[1288, [0, 10, 32, 81, 96, 336]]
[1289, [22, 0, 22, 81, 72, 334]]
[1290, [6, 0, 22, 81, 48, 342]]
[1291, [0, 10, 32, 81, 24, 360]]
[1292, [22, 0, 22, 81, 0, 358]]
[1293, [6, 0, 22, 81, 0, 342]]
[1294, [0, 10, 32, 81, 0, 336]]
[1295, [22, 0, 22, 81, 0, 310]]
[1296, [6, 0, 22, 81, 0, 294]]
[1297, [0, 10, 32, 81, 0, 288]]
[1298, [22, 0, 22, 81, 0, 262]]
[1299, [6, 0, 22, 411, 0, 246]]
[1300, [0, 10, 32, 267, 144, 240]]
[1301, [22, 0, 22, 123, 264, 238]]
[1302, [6, 0, 22, 123, 240, 246]]
[1303, [0, 10, 32, 123, 216, 264]]
[1304, [22, 0, 22, 123, 192, 262]]
[1305, [6, 0, 22, 123, 168, 270]]
[1306, [0, 10, 32, 123, 144, 288]]
[1307, [22, 0, 22, 123, 120, 286]]
[1308, [6, 0, 22, 123, 96, 294]]
[1309, [0, 10, 32, 123, 72, 312]]
[1310, [22, 0, 22, 123, 48, 310]]
[1311, [6, 0, 22, 123, 24, 318]]
[1312, [0, 10, 32, 123, 0, 336]]
[1313, [22, 0, 22, 123, 0, 310]]
[1314, [6, 0, 22, 123, 0, 294]]
[1315, [0, 10, 32, 123, 0, 288]]
[1316, [22, 0, 22, 123, 0, 262]]
[1317, [6, 0, 22, 123, 0, 246]]
[1318, [0, 10, 32, 123, 0, 240]]
[1319, [22, 0, 22, 453, 0, 214]]
[1320, [6, 0, 22, 309, 144, 198]]
[1321, [0, 10, 32, 165, 264, 216]]
[1322, [22, 0, 22, 21, 384, 214]]
[1323, [6, 0, 22, 21, 360, 222]]
[1324, [0, 10, 32, 21, 336, 240]]
[1325, [22, 0, 22, 21, 312, 238]]
[1326, [6, 0, 22, 21, 288, 246]]
[1327, [0, 10, 32, 21, 264, 264]]
[1328, [22, 0, 22, 21, 240, 262]]
[1329, [6, 0, 22, 21, 216, 270]]
[1330, [0, 10, 32, 21, 192, 288]]
[1331, [22, 0, 22, 21, 168, 286]]
[1332, [6, 0, 22, 21, 144, 294]]
[1333, [0, 10, 32, 21, 120, 312]]
[1334, [22, 0, 22, 21, 96, 310]]
[1335, [6, 0, 22, 21, 72, 318]]
[1336, [0, 10, 32, 21, 48, 336]]
[1337, [22, 0, 22, 21, 24, 334]]
[1338, [6, 0, 22, 21, 0, 342]]
[1339, [0, 10, 32, 351, 0, 336]]
[1340, [22, 0, 22, 207, 144, 310]]
[1341, [6, 0, 22, 63, 264, 318]]
[1342, [0, 10, 32, 63, 240, 336]]
[1343, [22, 0, 22, 63, 216, 334]]
[1344, [6, 0, 22, 63, 192, 342]]
[1345, [0, 10, 32, 63, 168, 360]]
[1346, [22, 0, 22, 63, 144, 358]]
[1347, [6, 0, 22, 63, 120, 366]]
[1348, [0, 10, 32, 63, 96, 384]]
[1349, [22, 0, 22, 63, 72, 382]]
[1350, [6, 0, 22, 63, 48, 390]]
[1351, [0, 10, 32, 63, 24, 408]]
[1352, [22, 0, 22, 63, 0, 406]]
[1353, [6, 0, 22, 63, 0, 390]]
[1354, [0, 10, 32, 63, 0, 384]]
[1355, [22, 0, 22, 63, 0, 358]]
[1356, [6, 0, 22, 63, 0, 342]]
[1357, [0, 10, 32, 63, 0, 336]]
[1358, [22, 0, 22, 63, 0, 310]]
[1359, [6, 0, 22, 393, 0, 294]]
[1360, [0, 10, 32, 249, 144, 288]]
[1361, [22, 0, 22, 105, 264, 286]]
[1362, [6, 0, 22, 105, 240, 294]]
[1363, [0, 10, 32, 105, 216, 312]]
[1364, [22, 0, 22, 105, 192, 310]]
[1365, [6, 0, 22, 105, 168, 318]]
[1366, [0, 10, 32, 105, 144, 336]]
[1367, [22, 0, 22, 105, 120, 334]]
[1368, [6, 0, 22, 105, 96, 342]]
[1369, [0, 10, 32, 105, 72, 360]]
[1370, [22, 0, 22, 105, 48, 358]]
[1371, [6, 0, 22, 105, 24, 366]]
[1372, [0, 10, 32, 105, 0, 384]]
[1373, [22, 0, 22, 105, 0, 358]]
[1374, [6, 0, 22, 105, 0, 342]]
[1375, [0, 10, 32, 105, 0, 336]]
[1376, [22, 0, 22, 105, 0, 310]]
[1377, [6, 0, 22, 105, 0, 294]]
[1378, [0, 10, 32, 105, 0, 288]]
[1379, [22, 0, 22, 435, 0, 262]]
[1380, [6, 0, 22, 291, 144, 246]]
[1381, [0, 10, 32, 147, 264, 264]]
[1382, [22, 0, 22, 3, 384, 262]]
[1383, [6, 0, 22, 3, 360, 270]]
[1384, [0, 10, 32, 3, 336, 288]]
[1385, [22, 0, 22, 3, 312, 286]]
[1386, [6, 0, 22, 3, 288, 294]]
[1387, [0, 10, 32, 3, 264, 312]]
[1388, [22, 0, 22, 3, 240, 310]]
[1389, [6, 0, 22, 3, 216, 318]]
[1390, [0, 10, 32, 3, 192, 336]]
[1391, [22, 0, 22, 3, 168, 334]]
[1392, [6, 0, 22, 3, 144, 342]]
[1393, [0, 10, 32, 3, 120, 360]]
[1394, [22, 0, 22, 3, 96, 358]]
[1395, [6, 0, 22, 3, 72, 366]]
[1396, [0, 10, 32, 3, 48, 384]]
[1397, [22, 0, 22, 3, 24, 382]]
[1398, [6, 0, 22, 3, 0, 390]]
[1399, [0, 10, 32, 333, 0, 384]]
[1400, [22, 0, 22, 189, 144, 358]]
[1401, [6, 0, 22, 45, 264, 366]]
[1402, [0, 10, 32, 45, 240, 384]]
[1403, [22, 0, 22, 45, 216, 382]]
[1404, [6, 0, 22, 45, 192, 390]]
[1405, [0, 10, 32, 45, 168, 408]]
[1406, [22, 0, 22, 45, 144, 406]]
[1407, [6, 0, 22, 45, 120, 414]]
[1408, [0, 10, 32, 45, 96, 432]]
[1409, [22, 0, 22, 45, 72, 430]]
[1410, [6, 0, 22, 45, 48, 438]]
[1411, [0, 10, 32, 45, 24, 456]]
[1412, [22, 0, 22, 45, 0, 454]]
[1413, [6, 0, 22, 45, 0, 438]]
[1414, [0, 10, 32, 45, 0, 432]]
[1415, [22, 0, 22, 45, 0, 406]]
[1416, [6, 0, 22, 45, 0, 390]]
[1417, [0, 10, 32, 45, 0, 384]]
[1418, [22, 0, 22, 45, 0, 358]]
[1419, [6, 0, 22, 375, 0, 342]]
[1420, [0, 10, 32, 231, 144, 336]]
[1421, [22, 0, 22, 87, 264, 334]]
[1422, [6, 0, 22, 87, 240, 342]]
[1423, [0, 10, 32, 87, 216, 360]]
[1424, [22, 0, 22, 87, 192, 358]]
[1425, [6, 0, 22, 87, 168, 366]]
[1426, [0, 10, 32, 87, 144, 384]]
[1427, [22, 0, 22, 87, 120, 382]]
[1428, [6, 0, 22, 87, 96, 390]]
[1429, [0, 10, 32, 87, 72, 408]]
[1430, [22, 0, 22, 87, 48, 406]]
[1431, [6, 0, 22, 87, 24, 414]]
[1432, [0, 10, 32, 87, 0, 432]]
[1433, [22, 0, 22, 87, 0, 406]]
[1434, [6, 0, 22, 87, 0, 390]]
[1435, [0, 10, 32, 87, 0, 384]]
[1436, [22, 0, 22, 87, 0, 358]]
[1437, [6, 0, 22, 87, 0, 342]]
[1438, [0, 10, 32, 87, 0, 336]]
[1439, [22, 0, 22, 417, 0, 310]]
