SimulationV03.py[0, [0, 16, 16, 0, 0, 0]]
[1, [0, 32, 32, 0, 0, 0]]
[2, [48, 48, 48, 0, 0, 0]]
[3, [48, 64, 64, 0, 0, 0]]
[4, [48, 80, 80, 0, 0, 0]]
[5, [96, 96, 96, 0, 0, 0]]
[6, [96, 112, 112, 0, 0, 0]]
[7, [96, 128, 128, 0, 0, 0]]
[8, [144, 144, 144, 0, 0, 0]]
[9, [144, 160, 160, 0, 0, 0]]
[10, [144, 176, 176, 0, 0, 0]]
[11, [192, 192, 192, 0, 0, 0]]
[12, [192, 208, 208, 0, 0, 0]]
[13, [192, 224, 224, 0, 0, 0]]
[14, [240, 240, 240, 0, 0, 0]]
[15, [240, 256, 256, 0, 0, 0]]
[16, [240, 272, 272, 0, 0, 0]]
[17, [288, 288, 288, 0, 0, 0]]
[18, [288, 304, 304, 0, 0, 0]]
[19, [288, 320, 320, 330, 0, 0]]
[20, [336, 336, 336, 186, 144, 0]]
[21, [306, 322, 322, 42, 258, 0]]
[22, [276, 308, 308, 42, 228, 0]]
[23, [294, 294, 294, 42, 198, 0]]
[24, [264, 280, 280, 42, 168, 0]]
[25, [234, 266, 266, 42, 138, 0]]
[26, [252, 252, 252, 42, 108, 0]]
[27, [222, 238, 238, 42, 78, 0]]
[28, [192, 224, 224, 42, 48, 0]]
[29, [210, 210, 210, 42, 18, 0]]
[30, [192, 208, 208, 42, 0, 0]]
[31, [192, 224, 224, 42, 0, 0]]
[32, [240, 240, 240, 42, 0, 0]]
[33, [240, 256, 256, 42, 0, 0]]
[34, [240, 272, 272, 42, 0, 0]]
[35, [288, 288, 288, 42, 0, 0]]
[36, [288, 304, 304, 42, 0, 0]]
[37, [288, 320, 320, 42, 0, 0]]
[38, [336, 336, 336, 42, 0, 0]]
[39, [336, 352, 352, 372, 0, 0]]
[40, [336, 368, 368, 228, 144, 0]]
[41, [354, 354, 354, 84, 258, 0]]
[42, [324, 340, 340, 84, 228, 0]]
[43, [294, 326, 326, 84, 198, 0]]
[44, [312, 312, 312, 84, 168, 0]]
[45, [282, 298, 298, 84, 138, 0]]
[46, [252, 284, 284, 84, 108, 0]]
[47, [270, 270, 270, 84, 78, 0]]
[48, [240, 256, 256, 84, 48, 0]]
[49, [210, 242, 242, 84, 18, 0]]
[50, [240, 240, 240, 84, 0, 0]]
[51, [240, 256, 256, 84, 0, 0]]
[52, [240, 272, 272, 84, 0, 0]]
[53, [288, 288, 288, 84, 0, 0]]
[54, [288, 304, 304, 84, 0, 0]]
[55, [288, 320, 320, 84, 0, 0]]
[56, [336, 336, 336, 84, 0, 0]]
[57, [336, 352, 352, 84, 0, 0]]
[58, [336, 368, 368, 84, 0, 0]]
[59, [384, 384, 384, 414, 0, 0]]
[60, [384, 400, 400, 270, 144, 0]]
[61, [354, 386, 386, 126, 258, 0]]
[62, [372, 372, 372, 126, 228, 0]]
[63, [342, 358, 358, 126, 198, 0]]
[64, [312, 344, 344, 126, 168, 0]]
[65, [330, 330, 330, 126, 138, 0]]
[66, [300, 316, 316, 126, 108, 0]]
[67, [270, 302, 302, 126, 78, 0]]
[68, [288, 288, 288, 126, 48, 0]]
[69, [258, 274, 274, 126, 18, 0]]
[70, [240, 272, 272, 126, 0, 0]]
[71, [288, 288, 288, 126, 0, 0]]
[72, [288, 304, 304, 126, 0, 0]]
[73, [288, 320, 320, 126, 0, 0]]
[74, [336, 336, 336, 126, 0, 0]]
[75, [336, 352, 352, 126, 0, 0]]
[76, [336, 368, 368, 126, 0, 0]]
[77, [384, 384, 384, 126, 0, 0]]
[78, [384, 400, 400, 126, 0, 0]]
[79, [384, 416, 416, 456, 0, 0]]
[80, [432, 432, 432, 312, 144, 0]]
[81, [402, 418, 418, 168, 258, 0]]
[82, [372, 404, 404, 24, 372, 0]]
[83, [390, 390, 390, 24, 342, 0]]
[84, [360, 376, 376, 24, 312, 0]]
[85, [330, 362, 362, 24, 282, 0]]
[86, [348, 348, 348, 24, 252, 0]]
[87, [318, 334, 334, 24, 222, 0]]
[88, [288, 320, 320, 24, 192, 0]]
[89, [306, 306, 306, 24, 162, 0]]
[90, [276, 292, 292, 24, 132, 0]]
[91, [246, 278, 278, 24, 102, 0]]
[92, [264, 264, 264, 24, 72, 0]]
[93, [234, 250, 250, 24, 42, 0]]
[94, [204, 236, 236, 24, 12, 0]]
[95, [240, 240, 240, 24, 0, 0]]
[96, [240, 256, 256, 24, 0, 0]]
[97, [240, 272, 272, 24, 0, 0]]
[98, [288, 288, 288, 24, 0, 0]]
[99, [288, 304, 304, 354, 0, 0]]
[100, [288, 320, 320, 210, 144, 0]]
[101, [306, 306, 306, 66, 258, 0]]
[102, [276, 292, 292, 66, 228, 0]]
[103, [246, 278, 278, 66, 198, 0]]
[104, [264, 264, 264, 66, 168, 0]]
[105, [234, 250, 250, 66, 138, 0]]
[106, [204, 236, 236, 66, 108, 0]]
[107, [222, 222, 222, 66, 78, 0]]
[108, [192, 208, 208, 66, 48, 0]]
[109, [162, 194, 194, 66, 18, 0]]
[110, [192, 192, 192, 66, 0, 0]]
[111, [192, 208, 208, 66, 0, 0]]
[112, [192, 224, 224, 66, 0, 0]]
[113, [240, 240, 240, 66, 0, 0]]
[114, [240, 256, 256, 66, 0, 0]]
[115, [240, 272, 272, 66, 0, 0]]
[116, [288, 288, 288, 66, 0, 0]]
[117, [288, 304, 304, 66, 0, 0]]
[118, [288, 320, 320, 66, 0, 0]]
[119, [336, 336, 336, 396, 0, 0]]
[120, [336, 352, 352, 252, 144, 0]]
[121, [306, 338, 338, 108, 258, 0]]
[122, [324, 324, 324, 108, 228, 0]]
[123, [306, 322, 322, 108, 198, 12]]
[124, [306, 338, 338, 108, 168, 42]]
[125, [354, 354, 354, 108, 138, 72]]
[126, [354, 370, 370, 108, 108, 102]]
[127, [354, 386, 386, 108, 78, 132]]
[128, [390, 390, 390, 108, 48, 150]]
[129, [376, 392, 392, 108, 18, 166]]
[130, [364, 396, 396, 108, 0, 172]]
[131, [412, 412, 412, 108, 0, 172]]
[132, [412, 428, 428, 108, 0, 172]]
[133, [412, 444, 444, 108, 0, 172]]
[134, [456, 456, 456, 108, 0, 168]]
[135, [446, 462, 462, 108, 0, 158]]
[136, [442, 474, 474, 108, 0, 154]]
[137, [482, 482, 482, 108, 0, 146]]
[138, [482, 498, 498, 108, 0, 146]]
[139, [474, 506, 506, 423, 0, 138]]
[140, [516, 516, 516, 294, 144, 132]]
[141, [504, 520, 520, 150, 258, 150]]
[142, [498, 530, 530, 6, 372, 174]]
[143, [542, 542, 542, 6, 342, 200]]
[144, [526, 542, 542, 6, 312, 214]]
[145, [506, 538, 538, 6, 282, 224]]
[146, [532, 532, 532, 6, 252, 232]]
[147, [510, 526, 526, 6, 222, 240]]
[148, [486, 518, 518, 6, 192, 246]]
[149, [510, 510, 510, 6, 162, 252]]
[150, [496, 512, 512, 6, 132, 268]]
[151, [468, 500, 500, 6, 102, 270]]
[152, [494, 494, 494, 6, 72, 278]]
[153, [472, 488, 488, 6, 42, 286]]
[154, [450, 482, 482, 6, 12, 294]]
[155, [474, 474, 474, 6, 0, 282]]
[156, [450, 466, 466, 6, 0, 258]]
[157, [416, 448, 448, 6, 0, 224]]
[158, [420, 420, 420, 6, 0, 180]]
[159, [390, 406, 406, 321, 0, 150]]
[160, [368, 400, 400, 192, 144, 128]]
[161, [394, 394, 394, 48, 258, 136]]
[162, [370, 386, 386, 48, 228, 142]]
[163, [346, 378, 378, 48, 198, 148]]
[164, [356, 356, 356, 48, 168, 140]]
[165, [302, 318, 318, 48, 138, 116]]
[166, [264, 296, 296, 48, 108, 108]]
[167, [290, 290, 290, 48, 78, 116]]
[168, [268, 284, 284, 48, 48, 124]]
[169, [244, 276, 276, 48, 18, 130]]
[170, [268, 268, 268, 48, 0, 124]]
[171, [224, 240, 240, 48, 0, 80]]
[172, [166, 198, 198, 48, 0, 22]]
[173, [192, 192, 192, 48, 0, 0]]
[174, [192, 208, 208, 48, 0, 0]]
[175, [192, 224, 224, 48, 0, 0]]
[176, [240, 240, 240, 48, 0, 0]]
[177, [240, 256, 256, 48, 0, 0]]
[178, [240, 272, 272, 48, 0, 0]]
[179, [288, 288, 288, 363, 0, 0]]
[180, [288, 304, 304, 234, 144, 0]]
[181, [258, 290, 290, 90, 258, 0]]
[182, [276, 276, 276, 90, 228, 0]]
[183, [246, 262, 262, 90, 198, 0]]
[184, [216, 248, 248, 90, 168, 0]]
[185, [234, 234, 234, 90, 138, 0]]
[186, [204, 220, 220, 90, 108, 0]]
[187, [174, 206, 206, 90, 78, 0]]
[188, [192, 192, 192, 90, 48, 0]]
[189, [162, 178, 178, 90, 18, 0]]
[190, [144, 176, 176, 90, 0, 0]]
[191, [192, 192, 192, 90, 0, 0]]
[192, [192, 208, 208, 90, 0, 0]]
[193, [192, 224, 224, 90, 0, 0]]
[194, [240, 240, 240, 90, 0, 0]]
[195, [240, 256, 256, 90, 0, 0]]
[196, [240, 272, 272, 90, 0, 0]]
[197, [288, 288, 288, 90, 0, 0]]
[198, [288, 304, 304, 90, 0, 0]]
[199, [288, 320, 320, 405, 0, 0]]
[200, [336, 336, 336, 276, 144, 0]]
[201, [306, 322, 322, 132, 258, 0]]
[202, [276, 308, 308, 132, 228, 0]]
[203, [294, 294, 294, 132, 198, 0]]
[204, [264, 280, 280, 132, 168, 0]]
[205, [234, 266, 266, 132, 138, 0]]
[206, [252, 252, 252, 132, 108, 0]]
[207, [222, 238, 238, 132, 78, 0]]
[208, [192, 224, 224, 132, 48, 0]]
[209, [210, 210, 210, 132, 18, 0]]
[210, [192, 208, 208, 132, 0, 0]]
[211, [192, 224, 224, 132, 0, 0]]
[212, [240, 240, 240, 132, 0, 0]]
[213, [240, 256, 256, 132, 0, 0]]
[214, [240, 272, 272, 132, 0, 0]]
[215, [288, 288, 288, 132, 0, 0]]
[216, [288, 304, 304, 132, 0, 0]]
[217, [288, 320, 320, 132, 0, 0]]
[218, [336, 336, 336, 132, 0, 0]]
[219, [336, 352, 352, 447, 0, 0]]
[220, [336, 368, 368, 318, 144, 0]]
[221, [354, 354, 354, 174, 258, 0]]
[222, [324, 340, 340, 30, 372, 0]]
[223, [294, 326, 326, 30, 342, 0]]
[224, [312, 312, 312, 30, 312, 0]]
[225, [282, 298, 298, 30, 282, 0]]
[226, [252, 284, 284, 30, 252, 0]]
[227, [270, 270, 270, 30, 222, 0]]
[228, [240, 256, 256, 30, 192, 0]]
[229, [210, 242, 242, 30, 162, 0]]
[230, [228, 228, 228, 30, 132, 0]]
[231, [198, 214, 214, 30, 102, 0]]
[232, [168, 200, 200, 30, 72, 0]]
[233, [186, 186, 186, 30, 42, 0]]
[234, [156, 172, 172, 30, 12, 0]]
[235, [144, 176, 176, 30, 0, 0]]
[236, [192, 192, 192, 30, 0, 0]]
[237, [192, 208, 208, 30, 0, 0]]
[238, [192, 224, 224, 30, 0, 0]]
[239, [240, 240, 240, 345, 0, 0]]
[240, [240, 256, 256, 216, 144, 0]]
[241, [210, 242, 242, 72, 258, 0]]
[242, [228, 228, 228, 72, 228, 0]]
[243, [198, 214, 214, 72, 198, 0]]
[244, [168, 200, 200, 72, 168, 0]]
[245, [186, 186, 186, 72, 138, 0]]
[246, [156, 172, 172, 72, 108, 0]]
[247, [126, 158, 158, 72, 78, 0]]
[248, [144, 144, 144, 72, 48, 0]]
[249, [114, 130, 130, 72, 18, 0]]
[250, [96, 128, 128, 72, 0, 0]]
[251, [144, 144, 144, 72, 0, 0]]
[252, [144, 160, 160, 72, 0, 0]]
[253, [144, 176, 176, 72, 0, 0]]
[254, [192, 192, 192, 72, 0, 0]]
[255, [192, 208, 208, 72, 0, 0]]
[256, [192, 224, 224, 72, 0, 0]]
[257, [240, 240, 240, 72, 0, 0]]
[258, [240, 256, 256, 72, 0, 0]]
[259, [240, 272, 272, 387, 0, 0]]
[260, [288, 288, 288, 258, 144, 0]]
[261, [258, 274, 274, 114, 258, 0]]
[262, [228, 260, 260, 114, 228, 0]]
[263, [246, 246, 246, 114, 198, 0]]
[264, [216, 232, 232, 114, 168, 0]]
[265, [186, 218, 218, 114, 138, 0]]
[266, [226, 226, 226, 114, 108, 22]]
[267, [224, 240, 240, 114, 78, 50]]
[268, [208, 240, 240, 114, 48, 64]]
[269, [234, 234, 234, 114, 18, 72]]
[270, [216, 232, 232, 114, 0, 72]]
[271, [196, 228, 228, 114, 0, 52]]
[272, [220, 220, 220, 114, 0, 28]]
[273, [214, 230, 230, 114, 0, 22]]
[274, [212, 244, 244, 114, 0, 20]]
[275, [246, 246, 246, 114, 0, 6]]
[276, [240, 256, 256, 114, 0, 0]]
[277, [240, 272, 272, 114, 0, 0]]
[278, [288, 288, 288, 114, 0, 0]]
[279, [288, 304, 304, 429, 0, 0]]
[280, [288, 320, 320, 300, 144, 0]]
[281, [306, 306, 306, 156, 258, 0]]
[282, [288, 304, 304, 12, 372, 12]]
[283, [284, 316, 316, 12, 342, 38]]
[284, [328, 328, 328, 12, 312, 64]]
[285, [318, 334, 334, 12, 282, 84]]
[286, [314, 346, 346, 12, 252, 110]]
[287, [354, 354, 354, 12, 222, 132]]
[288, [326, 342, 342, 12, 192, 134]]
[289, [310, 342, 342, 12, 162, 148]]
[290, [344, 344, 344, 12, 132, 164]]
[291, [336, 352, 352, 12, 102, 186]]
[292, [322, 354, 354, 12, 72, 202]]
[293, [364, 364, 364, 12, 42, 226]]
[294, [352, 368, 368, 12, 12, 244]]
[295, [336, 368, 368, 12, 0, 240]]
[296, [370, 370, 370, 12, 0, 226]]
[297, [344, 360, 360, 12, 0, 200]]
[298, [326, 358, 358, 12, 0, 182]]
[299, [348, 348, 348, 327, 0, 156]]
[300, [332, 348, 348, 198, 144, 140]]
[301, [314, 346, 346, 54, 258, 152]]
[302, [346, 346, 346, 54, 228, 166]]
[303, [334, 350, 350, 54, 198, 184]]
[304, [306, 338, 338, 54, 168, 186]]
[305, [326, 326, 326, 54, 138, 188]]
[306, [290, 306, 306, 54, 108, 182]]
[307, [258, 290, 290, 54, 78, 180]]
[308, [274, 274, 274, 54, 48, 178]]
[309, [252, 268, 268, 54, 18, 186]]
[310, [240, 272, 272, 54, 0, 192]]
[311, [254, 254, 254, 54, 0, 158]]
[312, [222, 238, 238, 54, 0, 126]]
[313, [186, 218, 218, 54, 0, 90]]
[314, [202, 202, 202, 54, 0, 58]]
[315, [170, 186, 186, 54, 0, 26]]
[316, [148, 180, 180, 54, 0, 4]]
[317, [192, 192, 192, 54, 0, 0]]
[318, [192, 208, 208, 54, 0, 0]]
[319, [192, 224, 224, 369, 0, 0]]
[320, [240, 240, 240, 240, 144, 0]]
[321, [210, 226, 226, 96, 258, 0]]
[322, [180, 212, 212, 96, 228, 0]]
[323, [198, 198, 198, 96, 198, 0]]
[324, [168, 184, 184, 96, 168, 0]]
[325, [138, 170, 170, 96, 138, 0]]
[326, [156, 156, 156, 96, 108, 0]]
[327, [126, 142, 142, 96, 78, 0]]
[328, [96, 128, 128, 96, 48, 0]]
[329, [114, 114, 114, 96, 18, 0]]
[330, [96, 112, 112, 96, 0, 0]]
[331, [96, 128, 128, 96, 0, 0]]
[332, [144, 144, 144, 96, 0, 0]]
[333, [144, 160, 160, 96, 0, 0]]
[334, [144, 176, 176, 96, 0, 0]]
[335, [192, 192, 192, 96, 0, 0]]
[336, [192, 208, 208, 96, 0, 0]]
[337, [192, 224, 224, 96, 0, 0]]
[338, [240, 240, 240, 96, 0, 0]]
[339, [240, 256, 256, 396, 0, 0]]
[340, [240, 272, 272, 267, 144, 0]]
[341, [258, 258, 258, 123, 258, 0]]
[342, [228, 244, 244, 138, 228, 0]]
[343, [198, 230, 230, 138, 198, 0]]
[344, [216, 216, 216, 138, 168, 0]]
[345, [186, 202, 202, 138, 138, 0]]
[346, [156, 188, 188, 138, 108, 0]]
[347, [174, 174, 174, 138, 78, 0]]
[348, [144, 160, 160, 138, 48, 0]]
[349, [114, 146, 146, 138, 18, 0]]
[350, [144, 144, 144, 138, 0, 0]]
[351, [144, 160, 160, 138, 0, 0]]
[352, [144, 176, 176, 138, 0, 0]]
[353, [192, 192, 192, 138, 0, 0]]
[354, [192, 208, 208, 138, 0, 0]]
[355, [192, 224, 224, 138, 0, 0]]
[356, [240, 240, 240, 138, 0, 0]]
[357, [240, 256, 256, 138, 0, 0]]
[358, [240, 272, 272, 138, 0, 0]]
[359, [288, 288, 288, 438, 0, 0]]
[360, [288, 304, 304, 309, 144, 0]]
[361, [258, 290, 290, 165, 258, 0]]
[362, [276, 276, 276, 36, 372, 0]]
[363, [246, 262, 262, 36, 342, 0]]
[364, [216, 248, 248, 36, 312, 0]]
[365, [234, 234, 234, 36, 282, 0]]
[366, [204, 220, 220, 36, 252, 0]]
[367, [174, 206, 206, 36, 222, 0]]
[368, [192, 192, 192, 36, 192, 0]]
[369, [162, 178, 178, 36, 162, 0]]
[370, [132, 164, 164, 36, 132, 0]]
[371, [150, 150, 150, 36, 102, 0]]
[372, [120, 136, 136, 36, 72, 0]]
[373, [90, 122, 122, 36, 42, 0]]
[374, [108, 108, 108, 36, 12, 0]]
[375, [96, 112, 112, 36, 0, 0]]
[376, [96, 128, 128, 36, 0, 0]]
[377, [144, 144, 144, 36, 0, 0]]
[378, [144, 160, 160, 36, 0, 0]]
[379, [144, 176, 176, 336, 0, 0]]
[380, [192, 192, 192, 207, 144, 0]]
[381, [162, 178, 178, 63, 258, 0]]
[382, [132, 164, 164, 78, 228, 0]]
[383, [150, 150, 150, 78, 198, 0]]
[384, [120, 136, 136, 78, 168, 0]]
[385, [90, 122, 122, 78, 138, 0]]
[386, [108, 108, 108, 78, 108, 0]]
[387, [78, 94, 94, 78, 78, 0]]
[388, [48, 80, 80, 78, 48, 0]]
[389, [66, 66, 66, 78, 18, 0]]
[390, [48, 64, 64, 78, 0, 0]]
[391, [48, 80, 80, 78, 0, 0]]
[392, [96, 96, 96, 78, 0, 0]]
[393, [96, 112, 112, 78, 0, 0]]
[394, [96, 128, 128, 78, 0, 0]]
[395, [144, 144, 144, 78, 0, 0]]
[396, [144, 160, 160, 78, 0, 0]]
[397, [144, 176, 176, 78, 0, 0]]
[398, [192, 192, 192, 78, 0, 0]]
[399, [192, 208, 208, 378, 0, 0]]
[400, [192, 224, 224, 249, 144, 0]]
[401, [210, 210, 210, 105, 258, 0]]
[402, [180, 196, 196, 120, 228, 0]]
[403, [150, 182, 182, 120, 198, 0]]
[404, [168, 168, 168, 120, 168, 0]]
[405, [138, 154, 154, 120, 138, 0]]
[406, [108, 140, 140, 120, 108, 0]]
[407, [138, 138, 138, 120, 78, 12]]
[408, [112, 128, 128, 120, 48, 16]]
[409, [90, 122, 122, 120, 18, 24]]
[410, [116, 116, 116, 120, 0, 20]]
[411, [96, 112, 112, 120, 0, 0]]
[412, [96, 128, 128, 120, 0, 0]]
[413, [144, 144, 144, 120, 0, 0]]
[414, [144, 160, 160, 120, 0, 0]]
[415, [144, 176, 176, 120, 0, 0]]
[416, [192, 192, 192, 120, 0, 0]]
[417, [192, 208, 208, 120, 0, 0]]
[418, [192, 224, 224, 120, 0, 0]]
[419, [240, 240, 240, 420, 0, 0]]
[420, [240, 256, 256, 291, 144, 0]]
[421, [210, 242, 242, 147, 258, 0]]
[422, [228, 228, 228, 18, 372, 0]]
[423, [198, 214, 214, 18, 342, 0]]
[424, [170, 202, 202, 18, 312, 2]]
[425, [216, 216, 216, 18, 282, 30]]
[426, [214, 230, 230, 18, 252, 58]]
[427, [214, 246, 246, 18, 222, 88]]
[428, [242, 242, 242, 18, 192, 98]]
[429, [226, 242, 242, 18, 162, 112]]
[430, [202, 234, 234, 18, 132, 118]]
[431, [222, 222, 222, 18, 102, 120]]
[432, [220, 236, 236, 18, 72, 148]]
[433, [216, 248, 248, 18, 42, 174]]
[434, [264, 264, 264, 18, 12, 204]]
[435, [252, 268, 268, 18, 0, 204]]
[436, [242, 274, 274, 18, 0, 194]]
[437, [272, 272, 272, 18, 0, 176]]
[438, [238, 254, 254, 18, 0, 142]]
[439, [228, 260, 260, 318, 0, 132]]
[440, [270, 270, 270, 189, 144, 126]]
[441, [266, 282, 282, 45, 258, 152]]
[442, [260, 292, 292, 60, 228, 176]]
[443, [290, 290, 290, 60, 198, 188]]
[444, [270, 286, 286, 60, 168, 198]]
[445, [232, 264, 264, 60, 138, 190]]
[446, [256, 256, 256, 60, 108, 196]]
[447, [240, 256, 256, 60, 78, 210]]
[448, [232, 264, 264, 60, 48, 232]]
[449, [270, 270, 270, 60, 18, 252]]
[450, [246, 262, 262, 60, 0, 246]]
[451, [226, 258, 258, 60, 0, 226]]
[452, [240, 240, 240, 60, 0, 192]]
[453, [216, 232, 232, 60, 0, 168]]
[454, [200, 232, 232, 60, 0, 152]]
[455, [240, 240, 240, 60, 0, 144]]
[456, [232, 248, 248, 60, 0, 136]]
[457, [200, 232, 232, 60, 0, 104]]
[458, [214, 214, 214, 60, 0, 70]]
[459, [170, 186, 186, 360, 0, 26]]
[460, [144, 176, 176, 231, 144, 0]]
[461, [170, 170, 170, 87, 258, 8]]
[462, [162, 178, 178, 102, 228, 30]]
[463, [154, 186, 186, 102, 198, 52]]
[464, [162, 162, 162, 102, 168, 42]]
[465, [120, 136, 136, 102, 138, 30]]
[466, [66, 98, 98, 102, 108, 6]]
[467, [86, 86, 86, 102, 78, 8]]
[468, [64, 80, 80, 102, 48, 16]]
[469, [56, 88, 88, 102, 18, 38]]
[470, [96, 96, 96, 102, 0, 48]]
[471, [50, 66, 66, 102, 0, 2]]
[472, [48, 80, 80, 102, 0, 0]]
[473, [96, 96, 96, 102, 0, 0]]
[474, [96, 112, 112, 102, 0, 0]]
[475, [96, 128, 128, 102, 0, 0]]
[476, [144, 144, 144, 102, 0, 0]]
[477, [144, 160, 160, 102, 0, 0]]
[478, [144, 176, 176, 102, 0, 0]]
[479, [192, 192, 192, 402, 0, 0]]
[480, [192, 208, 208, 273, 144, 0]]
[481, [162, 194, 194, 129, 258, 0]]
[482, [180, 180, 180, 144, 228, 0]]
[483, [150, 166, 166, 0, 342, 0]]
[484, [120, 152, 152, 0, 312, 0]]
[485, [138, 138, 138, 0, 282, 0]]
[486, [108, 124, 124, 0, 252, 0]]
[487, [78, 110, 110, 0, 222, 0]]
[488, [96, 96, 96, 0, 192, 0]]
[489, [66, 82, 82, 0, 162, 0]]
[490, [36, 68, 68, 0, 132, 0]]
[491, [54, 54, 54, 0, 102, 0]]
[492, [24, 40, 40, 0, 72, 0]]
[493, [0, 32, 32, 0, 42, 6]]
[494, [12, 12, 12, 0, 12, 0]]
[495, [0, 16, 16, 0, 0, 0]]
[496, [0, 32, 32, 0, 0, 0]]
[497, [48, 48, 48, 0, 0, 0]]
[498, [48, 64, 64, 0, 0, 0]]
[499, [48, 80, 80, 300, 0, 0]]
[500, [96, 96, 96, 171, 144, 0]]
[501, [66, 82, 82, 27, 258, 0]]
[502, [36, 68, 68, 42, 228, 0]]
[503, [54, 54, 54, 42, 198, 0]]
[504, [24, 40, 40, 42, 168, 0]]
[505, [0, 32, 32, 42, 138, 6]]
[506, [12, 12, 12, 42, 108, 0]]
[507, [0, 16, 16, 42, 78, 18]]
[508, [0, 32, 32, 42, 48, 48]]
[509, [0, 0, 0, 42, 18, 30]]
[510, [0, 16, 16, 42, 0, 48]]
[511, [0, 32, 32, 42, 0, 48]]
[512, [0, 0, 0, 42, 0, 0]]
[513, [0, 16, 16, 42, 0, 0]]
[514, [0, 32, 32, 42, 0, 0]]
[515, [48, 48, 48, 42, 0, 0]]
[516, [48, 64, 64, 42, 0, 0]]
[517, [48, 80, 80, 42, 0, 0]]
[518, [96, 96, 96, 42, 0, 0]]
[519, [96, 112, 112, 342, 0, 0]]
[520, [96, 128, 128, 213, 144, 0]]
[521, [110, 114, 114, 69, 258, 0]]
[522, [80, 100, 100, 84, 228, 0]]
[523, [50, 86, 86, 84, 198, 0]]
[524, [64, 72, 72, 84, 168, 0]]
[525, [34, 58, 58, 84, 138, 0]]
[526, [4, 44, 44, 84, 108, 0]]
[527, [18, 30, 30, 84, 78, 0]]
[528, [0, 28, 28, 84, 48, 12]]
[529, [0, 44, 44, 84, 18, 42]]
[530, [0, 16, 16, 84, 0, 16]]
[531, [0, 32, 32, 84, 0, 16]]
[532, [0, 48, 48, 84, 0, 16]]
[533, [28, 48, 48, 84, 0, 0]]
[534, [28, 64, 64, 84, 0, 0]]
[535, [28, 80, 80, 84, 0, 0]]
[536, [72, 96, 96, 84, 0, 0]]
[537, [72, 112, 112, 84, 0, 0]]
[538, [72, 128, 128, 84, 0, 0]]
[539, [116, 144, 144, 384, 0, 0]]
[540, [116, 160, 160, 255, 144, 0]]
[541, [86, 146, 146, 111, 258, 0]]
[542, [100, 132, 132, 126, 228, 0]]
[543, [70, 118, 118, 126, 198, 0]]
[544, [40, 104, 104, 126, 168, 0]]
[545, [54, 90, 90, 126, 138, 0]]
[546, [24, 76, 76, 126, 108, 0]]
[547, [0, 68, 68, 126, 78, 6]]
[548, [12, 48, 48, 126, 48, 0]]
[549, [0, 52, 52, 126, 18, 18]]
[550, [0, 68, 68, 126, 0, 36]]
[551, [12, 48, 48, 126, 0, 0]]
[552, [12, 64, 64, 126, 0, 0]]
[553, [12, 80, 80, 126, 0, 0]]
[554, [60, 96, 96, 126, 0, 0]]
[555, [60, 112, 112, 126, 0, 0]]
[556, [60, 128, 128, 126, 0, 0]]
[557, [108, 144, 144, 126, 0, 0]]
[558, [108, 160, 160, 126, 0, 0]]
[559, [108, 176, 176, 426, 0, 0]]
[560, [156, 192, 192, 297, 144, 0]]
[561, [126, 178, 178, 153, 258, 0]]
[562, [96, 164, 164, 24, 372, 0]]
[563, [114, 150, 150, 24, 342, 0]]
[564, [84, 136, 136, 24, 312, 0]]
[565, [54, 122, 122, 24, 282, 0]]
[566, [88, 124, 124, 24, 252, 16]]
[567, [88, 140, 140, 24, 222, 46]]
[568, [68, 136, 136, 24, 192, 56]]
[569, [98, 134, 134, 24, 162, 68]]
[570, [72, 124, 124, 24, 132, 72]]
[571, [48, 116, 116, 24, 102, 78]]
[572, [68, 104, 104, 24, 72, 80]]
[573, [52, 104, 104, 24, 42, 94]]
[574, [52, 120, 120, 24, 12, 124]]
[575, [86, 122, 122, 24, 0, 122]]
[576, [68, 120, 120, 24, 0, 104]]
[577, [52, 120, 120, 24, 0, 88]]
[578, [84, 120, 120, 24, 0, 72]]
[579, [64, 116, 116, 324, 0, 52]]
[580, [50, 118, 118, 195, 144, 38]]
[581, [96, 132, 132, 51, 258, 66]]
[582, [82, 134, 134, 66, 228, 82]]
[583, [66, 134, 134, 66, 198, 96]]
[584, [96, 132, 132, 66, 168, 108]]
[585, [76, 128, 128, 66, 138, 118]]
[586, [56, 124, 124, 66, 108, 128]]
[587, [82, 118, 118, 66, 78, 136]]
[588, [74, 126, 126, 66, 48, 158]]
[589, [60, 128, 128, 66, 18, 174]]
[590, [96, 132, 132, 66, 0, 180]]
[591, [80, 132, 132, 66, 0, 164]]
[592, [64, 132, 132, 66, 0, 148]]
[593, [96, 132, 132, 66, 0, 132]]
[594, [72, 124, 124, 66, 0, 108]]
[595, [64, 132, 132, 66, 0, 100]]
[596, [102, 138, 138, 66, 0, 90]]
[597, [82, 134, 134, 66, 0, 70]]
[598, [54, 122, 122, 66, 0, 42]]
[599, [80, 116, 116, 366, 0, 20]]
[600, [64, 116, 116, 237, 144, 4]]
[601, [36, 104, 104, 93, 258, 6]]
[602, [76, 112, 112, 108, 228, 28]]
[603, [66, 118, 118, 108, 198, 48]]
[604, [40, 108, 108, 108, 168, 52]]
[605, [60, 96, 96, 108, 138, 54]]
[606, [26, 78, 78, 108, 108, 50]]
[607, [2, 70, 70, 108, 78, 56]]
[608, [12, 48, 48, 108, 48, 48]]
[609, [2, 54, 54, 108, 18, 68]]
[610, [0, 68, 68, 108, 0, 84]]
[611, [12, 48, 48, 108, 0, 48]]
[612, [0, 52, 52, 108, 0, 36]]
[613, [0, 68, 68, 108, 0, 36]]
[614, [12, 48, 48, 108, 0, 0]]
[615, [12, 64, 64, 108, 0, 0]]
[616, [12, 80, 80, 108, 0, 0]]
[617, [60, 96, 96, 108, 0, 0]]
[618, [60, 112, 112, 108, 0, 0]]
[619, [60, 128, 128, 408, 0, 0]]
[620, [108, 144, 144, 279, 144, 0]]
[621, [78, 130, 130, 135, 258, 0]]
[622, [48, 116, 116, 150, 228, 0]]
[623, [66, 102, 102, 6, 342, 0]]
[624, [36, 88, 88, 6, 312, 0]]
[625, [6, 74, 74, 6, 282, 0]]
[626, [24, 60, 60, 6, 252, 0]]
[627, [0, 52, 52, 6, 222, 6]]
[628, [0, 68, 68, 6, 192, 36]]
[629, [0, 36, 36, 6, 162, 18]]
[630, [0, 52, 52, 6, 132, 48]]
[631, [0, 68, 68, 6, 102, 78]]
[632, [0, 36, 36, 6, 72, 60]]
[633, [0, 52, 52, 6, 42, 90]]
[634, [0, 68, 68, 6, 12, 120]]
[635, [0, 36, 36, 6, 0, 84]]
[636, [0, 52, 52, 6, 0, 84]]
[637, [0, 68, 68, 6, 0, 84]]
[638, [0, 36, 36, 6, 0, 36]]
[639, [0, 52, 52, 306, 0, 36]]
[640, [0, 68, 68, 177, 144, 36]]
[641, [0, 36, 36, 33, 258, 18]]
[642, [0, 52, 52, 48, 228, 48]]
[643, [0, 68, 68, 48, 198, 78]]
[644, [0, 36, 36, 48, 168, 60]]
[645, [0, 52, 52, 48, 138, 90]]
[646, [0, 68, 68, 48, 108, 120]]
[647, [0, 36, 36, 48, 78, 102]]
[648, [0, 52, 52, 48, 48, 132]]
[649, [0, 68, 68, 48, 18, 162]]
[650, [0, 36, 36, 48, 0, 132]]
[651, [0, 52, 52, 48, 0, 132]]
[652, [0, 68, 68, 48, 0, 132]]
[653, [0, 36, 36, 48, 0, 84]]
[654, [0, 52, 52, 48, 0, 84]]
[655, [0, 68, 68, 48, 0, 84]]
[656, [0, 36, 36, 48, 0, 36]]
[657, [0, 52, 52, 48, 0, 36]]
[658, [0, 68, 68, 48, 0, 36]]
[659, [12, 48, 48, 348, 0, 0]]
[660, [12, 64, 64, 219, 144, 0]]
[661, [0, 68, 68, 75, 258, 18]]
[662, [0, 36, 36, 90, 228, 0]]
[663, [0, 52, 52, 90, 198, 30]]
[664, [0, 68, 68, 90, 168, 60]]
[665, [0, 36, 36, 90, 138, 42]]
[666, [0, 52, 52, 90, 108, 72]]
[667, [0, 68, 68, 90, 78, 102]]
[668, [0, 36, 36, 90, 48, 84]]
[669, [0, 52, 52, 90, 18, 114]]
[670, [0, 68, 68, 90, 0, 132]]
[671, [0, 36, 36, 90, 0, 84]]
[672, [0, 52, 52, 90, 0, 84]]
[673, [0, 68, 68, 90, 0, 84]]
[674, [0, 36, 36, 90, 0, 36]]
[675, [0, 52, 52, 90, 0, 36]]
[676, [0, 68, 68, 90, 0, 36]]
[677, [12, 48, 48, 90, 0, 0]]
[678, [12, 64, 64, 90, 0, 0]]
[679, [12, 80, 80, 390, 0, 0]]
[680, [60, 96, 96, 261, 144, 0]]
[681, [30, 82, 82, 117, 258, 0]]
[682, [0, 68, 68, 132, 228, 0]]
[683, [18, 54, 54, 132, 198, 0]]
[684, [0, 52, 52, 132, 168, 12]]
[685, [0, 68, 68, 132, 138, 42]]
[686, [0, 36, 36, 132, 108, 24]]
[687, [0, 52, 52, 132, 78, 54]]
[688, [0, 68, 68, 132, 48, 84]]
[689, [0, 36, 36, 132, 18, 66]]
[690, [0, 52, 52, 132, 0, 84]]
[691, [0, 68, 68, 132, 0, 84]]
[692, [0, 36, 36, 132, 0, 36]]
[693, [0, 52, 52, 132, 0, 36]]
[694, [0, 68, 68, 132, 0, 36]]
[695, [12, 48, 48, 132, 0, 0]]
[696, [12, 64, 64, 132, 0, 0]]
[697, [12, 80, 80, 132, 0, 0]]
[698, [60, 96, 96, 132, 0, 0]]
[699, [60, 112, 112, 432, 0, 0]]
[700, [60, 128, 128, 303, 144, 0]]
[701, [78, 114, 114, 159, 258, 0]]
[702, [48, 100, 100, 30, 372, 0]]
[703, [18, 86, 86, 30, 342, 0]]
[704, [36, 72, 72, 30, 312, 0]]
[705, [6, 58, 58, 30, 282, 0]]
[706, [0, 68, 68, 30, 252, 24]]
[707, [0, 36, 36, 30, 222, 6]]
[708, [0, 52, 52, 30, 192, 36]]
[709, [0, 68, 68, 30, 162, 66]]
[710, [0, 36, 36, 30, 132, 48]]
[711, [0, 52, 52, 30, 102, 78]]
[712, [0, 68, 68, 30, 72, 108]]
[713, [0, 36, 36, 30, 42, 90]]
[714, [0, 52, 52, 30, 12, 120]]
[715, [0, 68, 68, 30, 0, 132]]
[716, [0, 36, 36, 30, 0, 84]]
[717, [0, 52, 52, 30, 0, 84]]
[718, [0, 68, 68, 30, 0, 84]]
[719, [0, 36, 36, 330, 0, 36]]
[720, [0, 52, 52, 201, 144, 36]]
[721, [0, 68, 68, 57, 258, 66]]
[722, [0, 36, 36, 72, 228, 48]]
[723, [0, 52, 52, 72, 198, 78]]
[724, [0, 68, 68, 72, 168, 108]]
[725, [0, 36, 36, 72, 138, 90]]
[726, [0, 52, 52, 72, 108, 120]]
[727, [0, 68, 68, 72, 78, 150]]
[728, [0, 36, 36, 72, 48, 132]]
[729, [0, 52, 52, 72, 18, 162]]
[730, [0, 68, 68, 72, 0, 180]]
[731, [0, 36, 36, 72, 0, 132]]
[732, [0, 52, 52, 72, 0, 132]]
[733, [0, 68, 68, 72, 0, 132]]
[734, [0, 36, 36, 72, 0, 84]]
[735, [0, 52, 52, 72, 0, 84]]
[736, [0, 68, 68, 72, 0, 84]]
[737, [0, 36, 36, 72, 0, 36]]
[738, [0, 52, 52, 72, 0, 36]]
[739, [0, 68, 68, 372, 0, 36]]
[740, [12, 48, 48, 243, 144, 0]]
[741, [0, 52, 52, 99, 258, 18]]
[742, [0, 68, 68, 114, 228, 48]]
[743, [0, 36, 36, 114, 198, 30]]
[744, [0, 52, 52, 114, 168, 60]]
[745, [0, 68, 68, 114, 138, 90]]
[746, [0, 36, 36, 114, 108, 72]]
[747, [0, 52, 52, 114, 78, 102]]
[748, [0, 68, 68, 114, 48, 132]]
[749, [0, 36, 36, 114, 18, 114]]
[750, [0, 52, 52, 114, 0, 132]]
[751, [0, 68, 68, 114, 0, 132]]
[752, [0, 36, 36, 114, 0, 84]]
[753, [0, 52, 52, 114, 0, 84]]
[754, [0, 68, 68, 114, 0, 84]]
[755, [0, 36, 36, 114, 0, 36]]
[756, [0, 52, 52, 114, 0, 36]]
[757, [0, 68, 68, 114, 0, 36]]
[758, [12, 48, 48, 114, 0, 0]]
[759, [12, 64, 64, 414, 0, 0]]
[760, [12, 80, 80, 285, 144, 0]]
[761, [30, 66, 66, 141, 258, 0]]
[762, [0, 52, 52, 156, 228, 0]]
[763, [0, 68, 68, 12, 342, 30]]
[764, [0, 36, 36, 12, 312, 12]]
[765, [0, 52, 52, 12, 282, 42]]
[766, [0, 68, 68, 12, 252, 72]]
[767, [0, 36, 36, 12, 222, 54]]
[768, [0, 52, 52, 12, 192, 84]]
[769, [0, 68, 68, 12, 162, 114]]
[770, [0, 36, 36, 12, 132, 96]]
[771, [0, 52, 52, 12, 102, 126]]
[772, [0, 68, 68, 12, 72, 156]]
[773, [0, 36, 36, 12, 42, 138]]
[774, [0, 52, 52, 12, 12, 168]]
[775, [0, 68, 68, 12, 0, 180]]
[776, [0, 36, 36, 12, 0, 132]]
[777, [0, 52, 52, 12, 0, 132]]
[778, [0, 68, 68, 12, 0, 132]]
[779, [0, 36, 36, 312, 0, 84]]
[780, [0, 52, 52, 183, 144, 84]]
[781, [0, 68, 68, 39, 258, 114]]
[782, [0, 36, 36, 54, 228, 96]]
[783, [0, 52, 52, 54, 198, 126]]
[784, [0, 68, 68, 54, 168, 156]]
[785, [0, 36, 36, 54, 138, 138]]
[786, [0, 52, 52, 54, 108, 168]]
[787, [0, 68, 68, 54, 78, 198]]
[788, [0, 36, 36, 54, 48, 180]]
[789, [0, 52, 52, 54, 18, 210]]
[790, [0, 68, 68, 54, 0, 228]]
[791, [0, 36, 36, 54, 0, 180]]
[792, [0, 52, 52, 54, 0, 180]]
[793, [0, 68, 68, 54, 0, 180]]
[794, [0, 36, 36, 54, 0, 132]]
[795, [0, 52, 52, 54, 0, 132]]
[796, [0, 68, 68, 54, 0, 132]]
[797, [0, 36, 36, 54, 0, 84]]
[798, [0, 52, 52, 54, 0, 84]]
[799, [0, 68, 68, 354, 0, 84]]
[800, [0, 36, 36, 225, 144, 36]]
[801, [0, 52, 52, 81, 258, 66]]
[802, [0, 68, 68, 96, 228, 96]]
[803, [0, 36, 36, 96, 198, 78]]
[804, [0, 52, 52, 96, 168, 108]]
[805, [0, 68, 68, 96, 138, 138]]
[806, [0, 36, 36, 96, 108, 120]]
[807, [0, 52, 52, 96, 78, 150]]
[808, [0, 68, 68, 96, 48, 180]]
[809, [0, 36, 36, 96, 18, 162]]
[810, [0, 52, 52, 96, 0, 180]]
[811, [0, 68, 68, 96, 0, 180]]
[812, [0, 36, 36, 96, 0, 132]]
[813, [0, 52, 52, 96, 0, 132]]
[814, [0, 68, 68, 96, 0, 132]]
[815, [0, 36, 36, 96, 0, 84]]
[816, [0, 52, 52, 96, 0, 84]]
[817, [0, 68, 68, 96, 0, 84]]
[818, [0, 36, 36, 96, 0, 36]]
[819, [0, 52, 52, 396, 0, 36]]
[820, [0, 68, 68, 267, 144, 36]]
[821, [0, 36, 36, 123, 258, 18]]
[822, [0, 52, 52, 138, 228, 48]]
[823, [0, 68, 68, 138, 198, 78]]
[824, [0, 36, 36, 138, 168, 60]]
[825, [0, 52, 52, 138, 138, 90]]
[826, [0, 68, 68, 138, 108, 120]]
[827, [0, 36, 36, 138, 78, 102]]
[828, [0, 52, 52, 138, 48, 132]]
[829, [0, 68, 68, 138, 18, 162]]
[830, [0, 36, 36, 138, 0, 132]]
[831, [0, 52, 52, 138, 0, 132]]
[832, [0, 68, 68, 138, 0, 132]]
[833, [0, 36, 36, 138, 0, 84]]
[834, [0, 52, 52, 138, 0, 84]]
[835, [0, 68, 68, 138, 0, 84]]
[836, [0, 36, 36, 138, 0, 36]]
[837, [0, 52, 52, 138, 0, 36]]
[838, [0, 68, 68, 138, 0, 36]]
[839, [12, 48, 48, 438, 0, 0]]
[840, [12, 64, 64, 309, 144, 0]]
[841, [0, 68, 68, 165, 258, 18]]
[842, [0, 36, 36, 36, 372, 0]]
[843, [0, 52, 52, 36, 342, 30]]
[844, [0, 68, 68, 36, 312, 60]]
[845, [0, 36, 36, 36, 282, 42]]
[846, [0, 52, 52, 36, 252, 72]]
[847, [0, 68, 68, 36, 222, 102]]
[848, [0, 36, 36, 36, 192, 84]]
[849, [0, 52, 52, 36, 162, 114]]
[850, [0, 68, 68, 36, 132, 144]]
[851, [0, 36, 36, 36, 102, 126]]
[852, [0, 52, 52, 36, 72, 156]]
[853, [0, 68, 68, 36, 42, 186]]
[854, [0, 36, 36, 36, 12, 168]]
[855, [0, 52, 52, 36, 0, 180]]
[856, [0, 68, 68, 36, 0, 180]]
[857, [0, 36, 36, 36, 0, 132]]
[858, [0, 52, 52, 36, 0, 132]]
[859, [0, 68, 68, 336, 0, 132]]
[860, [0, 36, 36, 207, 144, 84]]
[861, [0, 52, 52, 63, 258, 114]]
[862, [0, 68, 68, 78, 228, 144]]
[863, [0, 36, 36, 78, 198, 126]]
[864, [0, 52, 52, 78, 168, 156]]
[865, [0, 68, 68, 78, 138, 186]]
[866, [0, 36, 36, 78, 108, 168]]
[867, [0, 52, 52, 78, 78, 198]]
[868, [0, 68, 68, 78, 48, 228]]
[869, [0, 36, 36, 78, 18, 210]]
[870, [0, 52, 52, 78, 0, 228]]
[871, [0, 68, 68, 78, 0, 228]]
[872, [0, 36, 36, 78, 0, 180]]
[873, [0, 52, 52, 78, 0, 180]]
[874, [0, 68, 68, 78, 0, 180]]
[875, [0, 36, 36, 78, 0, 132]]
[876, [0, 52, 52, 78, 0, 132]]
[877, [0, 68, 68, 78, 0, 132]]
[878, [0, 36, 36, 78, 0, 84]]
[879, [0, 52, 52, 378, 0, 84]]
[880, [0, 68, 68, 249, 144, 84]]
[881, [0, 36, 36, 105, 258, 66]]
[882, [0, 52, 52, 120, 228, 96]]
[883, [0, 68, 68, 120, 198, 126]]
[884, [0, 36, 36, 120, 168, 108]]
[885, [0, 52, 52, 120, 138, 138]]
[886, [0, 68, 68, 120, 108, 168]]
[887, [0, 36, 36, 120, 78, 150]]
[888, [0, 52, 52, 120, 48, 180]]
[889, [0, 68, 68, 120, 18, 210]]
[890, [0, 36, 36, 120, 0, 180]]
[891, [0, 52, 52, 120, 0, 180]]
[892, [0, 68, 68, 120, 0, 180]]
[893, [0, 36, 36, 120, 0, 132]]
[894, [0, 52, 52, 120, 0, 132]]
[895, [0, 68, 68, 120, 0, 132]]
[896, [0, 36, 36, 120, 0, 84]]
[897, [0, 52, 52, 120, 0, 84]]
[898, [0, 68, 68, 120, 0, 84]]
[899, [0, 36, 36, 420, 0, 36]]
[900, [0, 52, 52, 291, 144, 36]]
[901, [0, 68, 68, 147, 258, 66]]
[902, [0, 36, 36, 18, 372, 48]]
[903, [0, 52, 52, 18, 342, 78]]
[904, [0, 68, 68, 18, 312, 108]]
[905, [0, 36, 36, 18, 282, 90]]
[906, [0, 52, 52, 18, 252, 120]]
[907, [0, 68, 68, 18, 222, 150]]
[908, [0, 36, 36, 18, 192, 132]]
[909, [0, 52, 52, 18, 162, 162]]
[910, [0, 68, 68, 18, 132, 192]]
[911, [0, 36, 36, 18, 102, 174]]
[912, [0, 52, 52, 18, 72, 204]]
[913, [0, 68, 68, 18, 42, 234]]
[914, [0, 36, 36, 18, 12, 216]]
[915, [0, 52, 52, 18, 0, 228]]
[916, [0, 68, 68, 18, 0, 228]]
[917, [0, 36, 36, 18, 0, 180]]
[918, [0, 52, 52, 18, 0, 180]]
[919, [0, 68, 68, 318, 0, 180]]
[920, [0, 36, 36, 189, 144, 132]]
[921, [0, 52, 52, 45, 258, 162]]
[922, [0, 68, 68, 60, 228, 192]]
[923, [0, 36, 36, 60, 198, 174]]
[924, [0, 52, 52, 60, 168, 204]]
[925, [0, 68, 68, 60, 138, 234]]
[926, [0, 36, 36, 60, 108, 216]]
[927, [0, 52, 52, 60, 78, 246]]
[928, [0, 68, 68, 60, 48, 276]]
[929, [0, 36, 36, 60, 18, 258]]
[930, [0, 52, 52, 60, 0, 276]]
[931, [0, 68, 68, 60, 0, 276]]
[932, [0, 36, 36, 60, 0, 228]]
[933, [0, 52, 52, 60, 0, 228]]
[934, [0, 68, 68, 60, 0, 228]]
[935, [0, 36, 36, 60, 0, 180]]
[936, [0, 52, 52, 60, 0, 180]]
[937, [0, 68, 68, 60, 0, 180]]
[938, [0, 36, 36, 60, 0, 132]]
[939, [0, 52, 52, 360, 0, 132]]
[940, [0, 68, 68, 231, 144, 132]]
[941, [0, 36, 36, 87, 258, 114]]
[942, [0, 52, 52, 102, 228, 144]]
[943, [0, 68, 68, 102, 198, 174]]
[944, [0, 36, 36, 102, 168, 156]]
[945, [0, 52, 52, 102, 138, 186]]
[946, [0, 68, 68, 102, 108, 216]]
[947, [0, 36, 36, 102, 78, 198]]
[948, [0, 52, 52, 102, 48, 228]]
[949, [0, 68, 68, 102, 18, 258]]
[950, [0, 36, 36, 102, 0, 228]]
[951, [0, 52, 52, 102, 0, 228]]
[952, [0, 68, 68, 102, 0, 228]]
[953, [0, 36, 36, 102, 0, 180]]
[954, [0, 52, 52, 102, 0, 180]]
[955, [0, 68, 68, 102, 0, 180]]
[956, [0, 36, 36, 102, 0, 132]]
[957, [0, 52, 52, 102, 0, 132]]
[958, [0, 68, 68, 102, 0, 132]]
[959, [0, 36, 36, 402, 0, 84]]
