SimulationV04.py[0, [0, 16, 16, 0, 0, 0]]
[1, [0, 32, 32, 0, 0, 0]]
[2, [48, 48, 48, 0, 0, 0]]
[3, [48, 64, 64, 0, 0, 0]]
[4, [48, 80, 80, 0, 0, 0]]
[5, [96, 96, 96, 0, 0, 0]]
[6, [96, 112, 112, 0, 0, 0]]
[7, [96, 128, 128, 0, 0, 0]]
[8, [144, 144, 144, 0, 0, 0]]
[9, [144, 160, 160, 0, 0, 0]]
[10, [144, 176, 176, 0, 0, 0]]
[11, [192, 192, 192, 0, 0, 0]]
[12, [192, 208, 208, 0, 0, 0]]
[13, [192, 224, 224, 0, 0, 0]]
[14, [240, 240, 240, 0, 0, 0]]
[15, [240, 256, 256, 0, 0, 0]]
[16, [240, 272, 272, 0, 0, 0]]
[17, [288, 288, 288, 0, 0, 0]]
[18, [288, 304, 304, 0, 0, 0]]
[19, [288, 320, 320, 330, 0, 0]]
[20, [336, 336, 336, 186, 144, 0]]
[21, [306, 322, 322, 42, 252, 6]]
[22, [266, 298, 298, 42, 216, 2]]
[23, [284, 284, 284, 42, 180, 8]]
[24, [244, 260, 260, 42, 144, 4]]
[25, [204, 236, 236, 42, 108, 0]]
[26, [222, 222, 222, 42, 72, 6]]
[27, [182, 198, 198, 42, 36, 2]]
[28, [152, 184, 184, 42, 0, 8]]
[29, [200, 200, 200, 42, 0, 8]]
[30, [200, 216, 216, 42, 0, 8]]
[31, [200, 232, 232, 42, 0, 8]]
[32, [248, 248, 248, 42, 0, 8]]
[33, [248, 264, 264, 42, 0, 8]]
[34, [248, 280, 280, 42, 0, 8]]
[35, [296, 296, 296, 42, 0, 8]]
[36, [296, 312, 312, 42, 0, 8]]
[37, [296, 328, 328, 42, 0, 8]]
[38, [344, 344, 344, 42, 0, 8]]
[39, [344, 360, 360, 372, 0, 8]]
[40, [344, 376, 376, 228, 144, 8]]
[41, [352, 352, 352, 84, 252, 4]]
[42, [312, 328, 328, 84, 216, 0]]
[43, [282, 314, 314, 84, 180, 6]]
[44, [290, 290, 290, 84, 144, 2]]
[45, [260, 276, 276, 84, 108, 8]]
[46, [220, 252, 252, 84, 72, 4]]
[47, [228, 228, 228, 84, 36, 0]]
[48, [198, 214, 214, 84, 0, 6]]
[49, [198, 230, 230, 84, 0, 6]]
[50, [246, 246, 246, 84, 0, 6]]
[51, [246, 262, 262, 84, 0, 6]]
[52, [246, 278, 278, 84, 0, 6]]
[53, [294, 294, 294, 84, 0, 6]]
[54, [294, 310, 310, 84, 0, 6]]
[55, [294, 326, 326, 84, 0, 6]]
[56, [342, 342, 342, 84, 0, 6]]
[57, [342, 358, 358, 84, 0, 6]]
[58, [342, 374, 374, 84, 0, 6]]
[59, [390, 390, 390, 414, 0, 6]]
[60, [390, 406, 406, 270, 144, 6]]
[61, [350, 382, 382, 126, 252, 2]]
[62, [368, 368, 368, 126, 216, 8]]
[63, [328, 344, 344, 126, 180, 4]]
[64, [288, 320, 320, 126, 144, 0]]
[65, [306, 306, 306, 126, 108, 6]]
[66, [266, 282, 282, 126, 72, 2]]
[67, [236, 268, 268, 126, 36, 8]]
[68, [244, 244, 244, 126, 0, 4]]
[69, [244, 260, 260, 126, 0, 4]]
[70, [244, 276, 276, 126, 0, 4]]
[71, [292, 292, 292, 126, 0, 4]]
[72, [292, 308, 308, 126, 0, 4]]
[73, [292, 324, 324, 126, 0, 4]]
[74, [340, 340, 340, 126, 0, 4]]
[75, [340, 356, 356, 126, 0, 4]]
[76, [340, 372, 372, 126, 0, 4]]
[77, [388, 388, 388, 126, 0, 4]]
[78, [388, 404, 404, 126, 0, 4]]
[79, [388, 420, 420, 456, 0, 4]]
[80, [436, 436, 436, 312, 144, 4]]
[81, [396, 412, 412, 168, 252, 0]]
[82, [366, 398, 398, 24, 360, 6]]
[83, [374, 374, 374, 24, 324, 2]]
[84, [344, 360, 360, 24, 288, 8]]
[85, [304, 336, 336, 24, 252, 4]]
[86, [312, 312, 312, 24, 216, 0]]
[87, [282, 298, 298, 24, 180, 6]]
[88, [242, 274, 274, 24, 144, 2]]
[89, [260, 260, 260, 24, 108, 8]]
[90, [220, 236, 236, 24, 72, 4]]
[91, [180, 212, 212, 24, 36, 0]]
[92, [198, 198, 198, 24, 0, 6]]
[93, [198, 214, 214, 24, 0, 6]]
[94, [198, 230, 230, 24, 0, 6]]
[95, [246, 246, 246, 24, 0, 6]]
[96, [246, 262, 262, 24, 0, 6]]
[97, [246, 278, 278, 24, 0, 6]]
[98, [294, 294, 294, 24, 0, 6]]
[99, [294, 310, 310, 354, 0, 6]]
[100, [294, 326, 326, 210, 144, 6]]
[101, [302, 302, 302, 66, 252, 2]]
[102, [272, 288, 288, 66, 216, 8]]
[103, [232, 264, 264, 66, 180, 4]]
[104, [240, 240, 240, 66, 144, 0]]
[105, [210, 226, 226, 66, 108, 6]]
[106, [170, 202, 202, 66, 72, 2]]
[107, [188, 188, 188, 66, 36, 8]]
[108, [148, 164, 164, 66, 0, 4]]
[109, [148, 180, 180, 66, 0, 4]]
[110, [196, 196, 196, 66, 0, 4]]
[111, [196, 212, 212, 66, 0, 4]]
[112, [196, 228, 228, 66, 0, 4]]
[113, [244, 244, 244, 66, 0, 4]]
[114, [244, 260, 260, 66, 0, 4]]
[115, [244, 276, 276, 66, 0, 4]]
[116, [292, 292, 292, 66, 0, 4]]
[117, [292, 308, 308, 66, 0, 4]]
[118, [292, 324, 324, 66, 0, 4]]
[119, [340, 340, 340, 396, 0, 4]]
[120, [340, 356, 356, 252, 144, 4]]
[121, [300, 332, 332, 108, 252, 0]]
[122, [318, 318, 318, 108, 216, 6]]
[123, [278, 294, 294, 108, 180, 2]]
[124, [248, 280, 280, 108, 144, 8]]
[125, [256, 256, 256, 108, 108, 4]]
[126, [216, 232, 232, 108, 72, 0]]
[127, [206, 238, 238, 108, 36, 26]]
[128, [254, 254, 254, 108, 0, 62]]
[129, [254, 270, 270, 108, 0, 62]]
[130, [254, 286, 286, 108, 0, 62]]
[131, [302, 302, 302, 108, 0, 62]]
[132, [302, 318, 318, 108, 0, 62]]
[133, [302, 334, 334, 108, 0, 62]]
[134, [350, 350, 350, 108, 0, 62]]
[135, [340, 356, 356, 108, 0, 52]]
[136, [330, 362, 362, 108, 0, 42]]
[137, [368, 368, 368, 108, 0, 32]]
[138, [358, 374, 374, 108, 0, 22]]
[139, [338, 370, 370, 438, 0, 2]]
[140, [386, 386, 386, 294, 144, 2]]
[141, [356, 372, 372, 150, 252, 8]]
[142, [326, 358, 358, 6, 360, 14]]
[143, [324, 324, 324, 6, 324, 0]]
[144, [294, 310, 310, 6, 288, 6]]
[145, [274, 306, 306, 6, 252, 22]]
[146, [302, 302, 302, 6, 216, 38]]
[147, [302, 318, 318, 6, 180, 74]]
[148, [282, 314, 314, 6, 144, 90]]
[149, [280, 280, 280, 6, 108, 76]]
[150, [260, 276, 276, 6, 72, 92]]
[151, [210, 242, 242, 6, 36, 78]]
[152, [218, 218, 218, 6, 0, 74]]
[153, [168, 184, 184, 6, 0, 24]]
[154, [148, 180, 180, 6, 0, 4]]
[155, [196, 196, 196, 6, 0, 4]]
[156, [196, 212, 212, 6, 0, 4]]
[157, [196, 228, 228, 6, 0, 4]]
[158, [244, 244, 244, 6, 0, 4]]
[159, [244, 260, 260, 336, 0, 4]]
[160, [244, 276, 276, 192, 144, 4]]
[161, [252, 252, 252, 48, 252, 0]]
[162, [222, 238, 238, 48, 216, 6]]
[163, [182, 214, 214, 48, 180, 2]]
[164, [200, 200, 200, 48, 144, 8]]
[165, [160, 176, 176, 48, 108, 4]]
[166, [120, 152, 152, 48, 72, 0]]
[167, [138, 138, 138, 48, 36, 6]]
[168, [98, 114, 114, 48, 0, 2]]
[169, [98, 130, 130, 48, 0, 2]]
[170, [146, 146, 146, 48, 0, 2]]
[171, [146, 162, 162, 48, 0, 2]]
[172, [146, 178, 178, 48, 0, 2]]
[173, [194, 194, 194, 48, 0, 2]]
[174, [194, 210, 210, 48, 0, 2]]
[175, [194, 226, 226, 48, 0, 2]]
[176, [242, 242, 242, 48, 0, 2]]
[177, [242, 258, 258, 48, 0, 2]]
[178, [242, 274, 274, 48, 0, 2]]
[179, [290, 290, 290, 378, 0, 2]]
[180, [290, 306, 306, 234, 144, 2]]
[181, [260, 292, 292, 90, 252, 8]]
[182, [268, 268, 268, 90, 216, 4]]
[183, [228, 244, 244, 90, 180, 0]]
[184, [198, 230, 230, 90, 144, 6]]
[185, [206, 206, 206, 90, 108, 2]]
[186, [176, 192, 192, 90, 72, 8]]
[187, [136, 168, 168, 90, 36, 4]]
[188, [144, 144, 144, 90, 0, 0]]
[189, [144, 160, 160, 90, 0, 0]]
[190, [144, 176, 176, 90, 0, 0]]
[191, [192, 192, 192, 90, 0, 0]]
[192, [192, 208, 208, 90, 0, 0]]
[193, [192, 224, 224, 90, 0, 0]]
[194, [240, 240, 240, 90, 0, 0]]
[195, [240, 256, 256, 90, 0, 0]]
[196, [240, 272, 272, 90, 0, 0]]
[197, [288, 288, 288, 90, 0, 0]]
[198, [288, 304, 304, 90, 0, 0]]
[199, [288, 320, 320, 420, 0, 0]]
[200, [336, 336, 336, 276, 144, 0]]
[201, [306, 322, 322, 132, 252, 6]]
[202, [266, 298, 298, 132, 216, 2]]
[203, [284, 284, 284, 132, 180, 8]]
[204, [244, 260, 260, 132, 144, 4]]
[205, [204, 236, 236, 132, 108, 0]]
[206, [222, 222, 222, 132, 72, 6]]
[207, [182, 198, 198, 132, 36, 2]]
[208, [152, 184, 184, 132, 0, 8]]
[209, [200, 200, 200, 132, 0, 8]]
[210, [200, 216, 216, 132, 0, 8]]
[211, [200, 232, 232, 132, 0, 8]]
[212, [248, 248, 248, 132, 0, 8]]
[213, [248, 264, 264, 132, 0, 8]]
[214, [248, 280, 280, 132, 0, 8]]
[215, [296, 296, 296, 132, 0, 8]]
[216, [296, 312, 312, 132, 0, 8]]
[217, [296, 328, 328, 132, 0, 8]]
[218, [344, 344, 344, 132, 0, 8]]
[219, [344, 360, 360, 462, 0, 8]]
[220, [344, 376, 376, 318, 144, 8]]
[221, [352, 352, 352, 174, 252, 4]]
[222, [312, 328, 328, 30, 360, 0]]
[223, [282, 314, 314, 30, 324, 6]]
[224, [290, 290, 290, 30, 288, 2]]
[225, [260, 276, 276, 30, 252, 8]]
[226, [220, 252, 252, 30, 216, 4]]
[227, [228, 228, 228, 30, 180, 0]]
[228, [198, 214, 214, 30, 144, 6]]
[229, [158, 190, 190, 30, 108, 2]]
[230, [176, 176, 176, 30, 72, 8]]
[231, [136, 152, 152, 30, 36, 4]]
[232, [96, 128, 128, 30, 0, 0]]
[233, [144, 144, 144, 30, 0, 0]]
[234, [144, 160, 160, 30, 0, 0]]
[235, [144, 176, 176, 30, 0, 0]]
[236, [192, 192, 192, 30, 0, 0]]
[237, [192, 208, 208, 30, 0, 0]]
[238, [192, 224, 224, 30, 0, 0]]
[239, [240, 240, 240, 360, 0, 0]]
[240, [240, 256, 256, 216, 144, 0]]
[241, [210, 242, 242, 72, 252, 6]]
[242, [218, 218, 218, 72, 216, 2]]
[243, [188, 204, 204, 72, 180, 8]]
[244, [148, 180, 180, 72, 144, 4]]
[245, [156, 156, 156, 72, 108, 0]]
[246, [126, 142, 142, 72, 72, 6]]
[247, [86, 118, 118, 72, 36, 2]]
[248, [104, 104, 104, 72, 0, 8]]
[249, [104, 120, 120, 72, 0, 8]]
[250, [104, 136, 136, 72, 0, 8]]
[251, [152, 152, 152, 72, 0, 8]]
[252, [152, 168, 168, 72, 0, 8]]
[253, [152, 184, 184, 72, 0, 8]]
[254, [200, 200, 200, 72, 0, 8]]
[255, [200, 216, 216, 72, 0, 8]]
[256, [200, 232, 232, 72, 0, 8]]
[257, [248, 248, 248, 72, 0, 8]]
[258, [248, 264, 264, 72, 0, 8]]
[259, [248, 280, 280, 402, 0, 8]]
[260, [296, 296, 296, 258, 144, 8]]
[261, [256, 272, 272, 114, 252, 4]]
[262, [216, 248, 248, 114, 216, 0]]
[263, [234, 234, 234, 114, 180, 6]]
[264, [194, 210, 210, 114, 144, 2]]
[265, [164, 196, 196, 114, 108, 8]]
[266, [172, 172, 172, 114, 72, 4]]
[267, [132, 148, 148, 114, 36, 0]]
[268, [102, 134, 134, 114, 0, 6]]
[269, [150, 150, 150, 114, 0, 6]]
[270, [150, 166, 166, 114, 0, 6]]
[271, [150, 182, 182, 114, 0, 6]]
[272, [198, 198, 198, 114, 0, 6]]
[273, [198, 214, 214, 114, 0, 6]]
[274, [198, 230, 230, 114, 0, 6]]
[275, [246, 246, 246, 114, 0, 6]]
[276, [246, 262, 262, 114, 0, 6]]
[277, [246, 278, 278, 114, 0, 6]]
[278, [294, 294, 294, 114, 0, 6]]
[279, [294, 310, 310, 444, 0, 6]]
[280, [294, 326, 326, 300, 144, 6]]
[281, [302, 302, 302, 156, 252, 2]]
[282, [272, 288, 288, 12, 360, 8]]
[283, [232, 264, 264, 12, 324, 4]]
[284, [240, 240, 240, 12, 288, 0]]
[285, [230, 246, 246, 12, 252, 26]]
[286, [190, 222, 222, 12, 216, 22]]
[287, [238, 238, 238, 12, 180, 58]]
[288, [228, 244, 244, 12, 144, 84]]
[289, [218, 250, 250, 12, 108, 110]]
[290, [236, 236, 236, 12, 72, 116]]
[291, [216, 232, 232, 12, 36, 132]]
[292, [166, 198, 198, 12, 0, 118]]
[293, [194, 194, 194, 12, 0, 98]]
[294, [174, 190, 190, 12, 0, 78]]
[295, [144, 176, 176, 12, 0, 48]]
[296, [172, 172, 172, 12, 0, 28]]
[297, [162, 178, 178, 12, 0, 18]]
[298, [152, 184, 184, 12, 0, 8]]
[299, [200, 200, 200, 342, 0, 8]]
[300, [200, 216, 216, 198, 144, 8]]
[301, [160, 192, 192, 54, 252, 4]]
[302, [168, 168, 168, 54, 216, 0]]
[303, [138, 154, 154, 54, 180, 6]]
[304, [98, 130, 130, 54, 144, 2]]
[305, [116, 116, 116, 54, 108, 8]]
[306, [106, 122, 122, 54, 72, 34]]
[307, [86, 118, 118, 54, 36, 50]]
[308, [74, 74, 74, 54, 0, 26]]
[309, [54, 70, 70, 54, 0, 6]]
[310, [54, 86, 86, 54, 0, 6]]
[311, [102, 102, 102, 54, 0, 6]]
[312, [102, 118, 118, 54, 0, 6]]
[313, [102, 134, 134, 54, 0, 6]]
[314, [150, 150, 150, 54, 0, 6]]
[315, [150, 166, 166, 54, 0, 6]]
[316, [150, 182, 182, 54, 0, 6]]
[317, [198, 198, 198, 54, 0, 6]]
[318, [198, 214, 214, 54, 0, 6]]
[319, [198, 230, 230, 384, 0, 6]]
[320, [246, 246, 246, 240, 144, 6]]
[321, [206, 222, 222, 96, 252, 2]]
[322, [176, 208, 208, 96, 216, 8]]
[323, [184, 184, 184, 96, 180, 4]]
[324, [144, 160, 160, 96, 144, 0]]
[325, [114, 146, 146, 96, 108, 6]]
[326, [122, 122, 122, 96, 72, 2]]
[327, [92, 108, 108, 96, 36, 8]]
[328, [52, 84, 84, 96, 0, 4]]
[329, [100, 100, 100, 96, 0, 4]]
[330, [100, 116, 116, 96, 0, 4]]
[331, [100, 132, 132, 96, 0, 4]]
[332, [148, 148, 148, 96, 0, 4]]
[333, [148, 164, 164, 96, 0, 4]]
[334, [148, 180, 180, 96, 0, 4]]
[335, [196, 196, 196, 96, 0, 4]]
[336, [196, 212, 212, 96, 0, 4]]
[337, [196, 228, 228, 96, 0, 4]]
[338, [244, 244, 244, 96, 0, 4]]
[339, [244, 260, 260, 426, 0, 4]]
[340, [244, 276, 276, 282, 144, 4]]
[341, [252, 252, 252, 138, 252, 0]]
[342, [222, 238, 238, 138, 216, 6]]
[343, [182, 214, 214, 138, 180, 2]]
[344, [200, 200, 200, 138, 144, 8]]
[345, [160, 176, 176, 138, 108, 4]]
[346, [120, 152, 152, 138, 72, 0]]
[347, [138, 138, 138, 138, 36, 6]]
[348, [98, 114, 114, 138, 0, 2]]
[349, [98, 130, 130, 138, 0, 2]]
[350, [146, 146, 146, 138, 0, 2]]
[351, [146, 162, 162, 138, 0, 2]]
[352, [146, 178, 178, 138, 0, 2]]
[353, [194, 194, 194, 138, 0, 2]]
[354, [194, 210, 210, 138, 0, 2]]
[355, [194, 226, 226, 138, 0, 2]]
[356, [242, 242, 242, 138, 0, 2]]
[357, [242, 258, 258, 138, 0, 2]]
[358, [242, 274, 274, 138, 0, 2]]
[359, [290, 290, 290, 468, 0, 2]]
[360, [290, 306, 306, 324, 144, 2]]
[361, [260, 292, 292, 180, 252, 8]]
[362, [268, 268, 268, 36, 360, 4]]
[363, [228, 244, 244, 36, 324, 0]]
[364, [198, 230, 230, 36, 288, 6]]
[365, [206, 206, 206, 36, 252, 2]]
[366, [176, 192, 192, 36, 216, 8]]
[367, [136, 168, 168, 36, 180, 4]]
[368, [144, 144, 144, 36, 144, 0]]
[369, [114, 130, 130, 36, 108, 6]]
[370, [74, 106, 106, 36, 72, 2]]
[371, [92, 92, 92, 36, 36, 8]]
[372, [52, 68, 68, 36, 0, 4]]
[373, [52, 84, 84, 36, 0, 4]]
[374, [100, 100, 100, 36, 0, 4]]
[375, [100, 116, 116, 36, 0, 4]]
[376, [100, 132, 132, 36, 0, 4]]
[377, [148, 148, 148, 36, 0, 4]]
[378, [148, 164, 164, 36, 0, 4]]
[379, [148, 180, 180, 366, 0, 4]]
[380, [196, 196, 196, 222, 144, 4]]
[381, [156, 172, 172, 78, 252, 0]]
[382, [126, 158, 158, 78, 216, 6]]
[383, [134, 134, 134, 78, 180, 2]]
[384, [104, 120, 120, 78, 144, 8]]
[385, [64, 96, 96, 78, 108, 4]]
[386, [72, 72, 72, 78, 72, 0]]
[387, [42, 58, 58, 78, 36, 6]]
[388, [2, 34, 34, 78, 0, 2]]
[389, [50, 50, 50, 78, 0, 2]]
[390, [50, 66, 66, 78, 0, 2]]
[391, [50, 82, 82, 78, 0, 2]]
[392, [98, 98, 98, 78, 0, 2]]
[393, [98, 114, 114, 78, 0, 2]]
[394, [98, 130, 130, 78, 0, 2]]
[395, [146, 146, 146, 78, 0, 2]]
[396, [146, 162, 162, 78, 0, 2]]
[397, [146, 178, 178, 78, 0, 2]]
[398, [194, 194, 194, 78, 0, 2]]
[399, [194, 210, 210, 408, 0, 2]]
[400, [194, 226, 226, 264, 144, 2]]
[401, [212, 212, 212, 120, 252, 8]]
[402, [172, 188, 188, 120, 216, 4]]
[403, [132, 164, 164, 120, 180, 0]]
[404, [150, 150, 150, 120, 144, 6]]
[405, [110, 126, 126, 120, 108, 2]]
[406, [80, 112, 112, 120, 72, 8]]
[407, [88, 88, 88, 120, 36, 4]]
[408, [48, 64, 64, 120, 0, 0]]
[409, [48, 80, 80, 120, 0, 0]]
[410, [96, 96, 96, 120, 0, 0]]
[411, [96, 112, 112, 120, 0, 0]]
[412, [96, 128, 128, 120, 0, 0]]
[413, [144, 144, 144, 120, 0, 0]]
[414, [144, 160, 160, 120, 0, 0]]
[415, [144, 176, 176, 120, 0, 0]]
[416, [192, 192, 192, 120, 0, 0]]
[417, [192, 208, 208, 120, 0, 0]]
[418, [192, 224, 224, 120, 0, 0]]
[419, [240, 240, 240, 450, 0, 0]]
[420, [240, 256, 256, 306, 144, 0]]
[421, [210, 242, 242, 162, 252, 6]]
[422, [218, 218, 218, 18, 360, 2]]
[423, [188, 204, 204, 18, 324, 8]]
[424, [148, 180, 180, 18, 288, 4]]
[425, [156, 156, 156, 18, 252, 0]]
[426, [126, 142, 142, 18, 216, 6]]
[427, [86, 118, 118, 18, 180, 2]]
[428, [104, 104, 104, 18, 144, 8]]
[429, [74, 90, 90, 18, 108, 14]]
[430, [74, 106, 106, 18, 72, 50]]
[431, [112, 112, 112, 18, 36, 76]]
[432, [112, 128, 128, 18, 0, 112]]
[433, [92, 124, 124, 18, 0, 92]]
[434, [130, 130, 130, 18, 0, 82]]
[435, [110, 126, 126, 18, 0, 62]]
[436, [80, 112, 112, 18, 0, 32]]
[437, [118, 118, 118, 18, 0, 22]]
[438, [118, 134, 134, 18, 0, 22]]
[439, [98, 130, 130, 348, 0, 2]]
[440, [146, 146, 146, 204, 144, 2]]
[441, [116, 132, 132, 60, 252, 8]]
[442, [76, 108, 108, 60, 216, 4]]
[443, [104, 104, 104, 60, 180, 20]]
[444, [94, 110, 110, 60, 144, 46]]
[445, [54, 86, 86, 60, 108, 42]]
[446, [62, 62, 62, 60, 72, 38]]
[447, [52, 68, 68, 60, 36, 64]]
[448, [42, 74, 74, 60, 0, 90]]
[449, [50, 50, 50, 60, 0, 50]]
[450, [20, 36, 36, 60, 0, 20]]
[451, [0, 32, 32, 60, 0, 0]]
[452, [48, 48, 48, 60, 0, 0]]
[453, [48, 64, 64, 60, 0, 0]]
[454, [48, 80, 80, 60, 0, 0]]
[455, [96, 96, 96, 60, 0, 0]]
[456, [96, 112, 112, 60, 0, 0]]
[457, [96, 128, 128, 60, 0, 0]]
[458, [144, 144, 144, 60, 0, 0]]
[459, [144, 160, 160, 390, 0, 0]]
[460, [144, 176, 176, 246, 144, 0]]
[461, [162, 162, 162, 102, 252, 6]]
[462, [122, 138, 138, 102, 216, 2]]
[463, [92, 124, 124, 102, 180, 8]]
[464, [100, 100, 100, 102, 144, 4]]
[465, [60, 76, 76, 102, 108, 0]]
[466, [30, 62, 62, 102, 72, 6]]
[467, [38, 38, 38, 102, 36, 2]]
[468, [8, 24, 24, 102, 0, 8]]
[469, [8, 40, 40, 102, 0, 8]]
[470, [56, 56, 56, 102, 0, 8]]
[471, [56, 72, 72, 102, 0, 8]]
[472, [56, 88, 88, 102, 0, 8]]
[473, [104, 104, 104, 102, 0, 8]]
[474, [104, 120, 120, 102, 0, 8]]
[475, [104, 136, 136, 102, 0, 8]]
[476, [152, 152, 152, 102, 0, 8]]
[477, [152, 168, 168, 102, 0, 8]]
[478, [152, 184, 184, 102, 0, 8]]
[479, [200, 200, 200, 432, 0, 8]]
[480, [200, 216, 216, 288, 144, 8]]
[481, [160, 192, 192, 144, 252, 4]]
[482, [168, 168, 168, 0, 360, 0]]
[483, [138, 154, 154, 0, 324, 6]]
[484, [98, 130, 130, 0, 288, 2]]
[485, [116, 116, 116, 0, 252, 8]]
[486, [76, 92, 92, 0, 216, 4]]
[487, [36, 68, 68, 0, 180, 0]]
[488, [54, 54, 54, 0, 144, 6]]
[489, [14, 30, 30, 0, 108, 2]]
[490, [4, 36, 36, 0, 72, 28]]
[491, [2, 2, 2, 0, 36, 14]]
[492, [2, 18, 18, 0, 0, 50]]
[493, [2, 34, 34, 0, 0, 50]]
[494, [0, 0, 0, 0, 0, 0]]
[495, [0, 16, 16, 0, 0, 0]]
[496, [0, 32, 32, 0, 0, 0]]
[497, [48, 48, 48, 0, 0, 0]]
[498, [48, 64, 64, 0, 0, 0]]
[499, [48, 80, 80, 330, 0, 0]]
[500, [96, 96, 96, 186, 144, 0]]
[501, [66, 82, 82, 42, 252, 6]]
[502, [26, 58, 58, 42, 216, 2]]
[503, [44, 44, 44, 42, 180, 8]]
[504, [4, 20, 20, 42, 144, 4]]
[505, [4, 36, 36, 42, 108, 40]]
[506, [2, 2, 2, 42, 72, 26]]
[507, [2, 18, 18, 42, 36, 62]]
[508, [2, 34, 34, 42, 0, 98]]
[509, [0, 0, 0, 42, 0, 48]]
[510, [0, 16, 16, 42, 0, 48]]
[511, [0, 32, 32, 42, 0, 48]]
[512, [8, 8, 8, 42, 0, 8]]
[513, [8, 24, 24, 42, 0, 8]]
[514, [8, 40, 40, 42, 0, 8]]
[515, [56, 56, 56, 42, 0, 8]]
[516, [56, 72, 72, 42, 0, 8]]
[517, [56, 88, 88, 42, 0, 8]]
[518, [104, 104, 104, 42, 0, 8]]
[519, [104, 120, 120, 372, 0, 8]]
[520, [104, 136, 136, 228, 144, 8]]
[521, [112, 112, 112, 84, 252, 4]]
[522, [72, 88, 88, 84, 216, 0]]
[523, [42, 74, 74, 84, 180, 6]]
[524, [50, 50, 50, 84, 144, 2]]
[525, [20, 36, 36, 84, 108, 8]]
[526, [0, 32, 32, 84, 72, 24]]
[527, [8, 8, 8, 84, 36, 20]]
[528, [8, 24, 24, 84, 0, 56]]
[529, [8, 40, 40, 84, 0, 56]]
[530, [6, 6, 6, 84, 0, 6]]
[531, [6, 22, 22, 84, 0, 6]]
[532, [6, 38, 38, 84, 0, 6]]
[533, [54, 54, 54, 84, 0, 6]]
[534, [54, 70, 70, 84, 0, 6]]
[535, [54, 86, 86, 84, 0, 6]]
[536, [102, 102, 102, 84, 0, 6]]
[537, [102, 118, 118, 84, 0, 6]]
[538, [102, 134, 134, 84, 0, 6]]
[539, [150, 150, 150, 414, 0, 6]]
[540, [150, 166, 166, 270, 144, 6]]
[541, [110, 142, 142, 126, 252, 2]]
[542, [128, 128, 128, 126, 216, 8]]
[543, [88, 104, 104, 126, 180, 4]]
[544, [48, 80, 80, 126, 144, 0]]
[545, [66, 66, 66, 126, 108, 6]]
[546, [26, 42, 42, 126, 72, 2]]
[547, [6, 38, 38, 126, 36, 18]]
[548, [4, 4, 4, 126, 0, 4]]
[549, [4, 20, 20, 126, 0, 4]]
[550, [4, 36, 36, 126, 0, 4]]
[551, [52, 52, 52, 126, 0, 4]]
[552, [52, 68, 68, 126, 0, 4]]
[553, [52, 84, 84, 126, 0, 4]]
[554, [100, 100, 100, 126, 0, 4]]
[555, [100, 116, 116, 126, 0, 4]]
[556, [100, 132, 132, 126, 0, 4]]
[557, [148, 148, 148, 126, 0, 4]]
[558, [148, 164, 164, 126, 0, 4]]
[559, [148, 180, 180, 456, 0, 4]]
[560, [196, 196, 196, 312, 144, 4]]
[561, [156, 172, 172, 168, 252, 0]]
[562, [126, 158, 158, 24, 360, 6]]
[563, [134, 134, 134, 24, 324, 2]]
[564, [104, 120, 120, 24, 288, 8]]
[565, [64, 96, 96, 24, 252, 4]]
[566, [72, 72, 72, 24, 216, 0]]
[567, [42, 58, 58, 24, 180, 6]]
[568, [2, 34, 34, 24, 144, 2]]
[569, [20, 20, 20, 24, 108, 8]]
[570, [0, 16, 16, 24, 72, 24]]
[571, [0, 32, 32, 24, 36, 60]]
[572, [8, 8, 8, 24, 0, 56]]
[573, [8, 24, 24, 24, 0, 56]]
[574, [8, 40, 40, 24, 0, 56]]
[575, [6, 6, 6, 24, 0, 6]]
[576, [6, 22, 22, 24, 0, 6]]
[577, [6, 38, 38, 24, 0, 6]]
[578, [54, 54, 54, 24, 0, 6]]
[579, [54, 70, 70, 354, 0, 6]]
[580, [54, 86, 86, 210, 144, 6]]
[581, [62, 62, 62, 66, 252, 2]]
[582, [32, 48, 48, 66, 216, 8]]
[583, [2, 34, 34, 66, 180, 14]]
[584, [0, 0, 0, 66, 144, 0]]
[585, [0, 16, 16, 66, 108, 36]]
[586, [0, 32, 32, 66, 72, 72]]
[587, [8, 8, 8, 66, 36, 68]]
[588, [8, 24, 24, 66, 0, 104]]
[589, [8, 40, 40, 66, 0, 104]]
[590, [6, 6, 6, 66, 0, 54]]
[591, [6, 22, 22, 66, 0, 54]]
[592, [6, 38, 38, 66, 0, 54]]
[593, [4, 4, 4, 66, 0, 4]]
[594, [4, 20, 20, 66, 0, 4]]
[595, [4, 36, 36, 66, 0, 4]]
[596, [52, 52, 52, 66, 0, 4]]
[597, [52, 68, 68, 66, 0, 4]]
[598, [52, 84, 84, 66, 0, 4]]
[599, [100, 100, 100, 396, 0, 4]]
[600, [100, 116, 116, 252, 144, 4]]
[601, [60, 92, 92, 108, 252, 0]]
[602, [78, 78, 78, 108, 216, 6]]
[603, [38, 54, 54, 108, 180, 2]]
[604, [8, 40, 40, 108, 144, 8]]
[605, [16, 16, 16, 108, 108, 4]]
[606, [6, 22, 22, 108, 72, 30]]
[607, [6, 38, 38, 108, 36, 66]]
[608, [4, 4, 4, 108, 0, 52]]
[609, [4, 20, 20, 108, 0, 52]]
[610, [4, 36, 36, 108, 0, 52]]
[611, [2, 2, 2, 108, 0, 2]]
[612, [2, 18, 18, 108, 0, 2]]
[613, [2, 34, 34, 108, 0, 2]]
[614, [50, 50, 50, 108, 0, 2]]
[615, [50, 66, 66, 108, 0, 2]]
[616, [50, 82, 82, 108, 0, 2]]
[617, [98, 98, 98, 108, 0, 2]]
[618, [98, 114, 114, 108, 0, 2]]
[619, [98, 130, 130, 438, 0, 2]]
[620, [146, 146, 146, 294, 144, 2]]
[621, [116, 132, 132, 150, 252, 8]]
[622, [76, 108, 108, 6, 360, 4]]
[623, [84, 84, 84, 6, 324, 0]]
[624, [54, 70, 70, 6, 288, 6]]
[625, [14, 46, 46, 6, 252, 2]]
[626, [32, 32, 32, 6, 216, 8]]
[627, [2, 18, 18, 6, 180, 14]]
[628, [2, 34, 34, 6, 144, 50]]
[629, [0, 0, 0, 6, 108, 36]]
[630, [0, 16, 16, 6, 72, 72]]
[631, [0, 32, 32, 6, 36, 108]]
[632, [8, 8, 8, 6, 0, 104]]
[633, [8, 24, 24, 6, 0, 104]]
[634, [8, 40, 40, 6, 0, 104]]
[635, [6, 6, 6, 6, 0, 54]]
[636, [6, 22, 22, 6, 0, 54]]
[637, [6, 38, 38, 6, 0, 54]]
[638, [4, 4, 4, 6, 0, 4]]
[639, [4, 20, 20, 336, 0, 4]]
[640, [4, 36, 36, 192, 144, 4]]
[641, [12, 12, 12, 48, 252, 0]]
[642, [2, 18, 18, 48, 216, 26]]
[643, [2, 34, 34, 48, 180, 62]]
[644, [0, 0, 0, 48, 144, 48]]
[645, [0, 16, 16, 48, 108, 84]]
[646, [0, 32, 32, 48, 72, 120]]
[647, [8, 8, 8, 48, 36, 116]]
[648, [8, 24, 24, 48, 0, 152]]
[649, [8, 40, 40, 48, 0, 152]]
[650, [6, 6, 6, 48, 0, 102]]
[651, [6, 22, 22, 48, 0, 102]]
[652, [6, 38, 38, 48, 0, 102]]
[653, [4, 4, 4, 48, 0, 52]]
[654, [4, 20, 20, 48, 0, 52]]
[655, [4, 36, 36, 48, 0, 52]]
[656, [2, 2, 2, 48, 0, 2]]
[657, [2, 18, 18, 48, 0, 2]]
[658, [2, 34, 34, 48, 0, 2]]
[659, [50, 50, 50, 378, 0, 2]]
[660, [50, 66, 66, 234, 144, 2]]
[661, [20, 52, 52, 90, 252, 8]]
[662, [28, 28, 28, 90, 216, 4]]
[663, [8, 24, 24, 90, 180, 20]]
[664, [8, 40, 40, 90, 144, 56]]
[665, [6, 6, 6, 90, 108, 42]]
[666, [6, 22, 22, 90, 72, 78]]
[667, [6, 38, 38, 90, 36, 114]]
[668, [4, 4, 4, 90, 0, 100]]
[669, [4, 20, 20, 90, 0, 100]]
[670, [4, 36, 36, 90, 0, 100]]
[671, [2, 2, 2, 90, 0, 50]]
[672, [2, 18, 18, 90, 0, 50]]
[673, [2, 34, 34, 90, 0, 50]]
[674, [0, 0, 0, 90, 0, 0]]
[675, [0, 16, 16, 90, 0, 0]]
[676, [0, 32, 32, 90, 0, 0]]
[677, [48, 48, 48, 90, 0, 0]]
[678, [48, 64, 64, 90, 0, 0]]
[679, [48, 80, 80, 420, 0, 0]]
[680, [96, 96, 96, 276, 144, 0]]
[681, [66, 82, 82, 132, 252, 6]]
[682, [26, 58, 58, 132, 216, 2]]
[683, [44, 44, 44, 132, 180, 8]]
[684, [4, 20, 20, 132, 144, 4]]
[685, [4, 36, 36, 132, 108, 40]]
[686, [2, 2, 2, 132, 72, 26]]
[687, [2, 18, 18, 132, 36, 62]]
[688, [2, 34, 34, 132, 0, 98]]
[689, [0, 0, 0, 132, 0, 48]]
[690, [0, 16, 16, 132, 0, 48]]
[691, [0, 32, 32, 132, 0, 48]]
[692, [8, 8, 8, 132, 0, 8]]
[693, [8, 24, 24, 132, 0, 8]]
[694, [8, 40, 40, 132, 0, 8]]
[695, [56, 56, 56, 132, 0, 8]]
[696, [56, 72, 72, 132, 0, 8]]
[697, [56, 88, 88, 132, 0, 8]]
[698, [104, 104, 104, 132, 0, 8]]
[699, [104, 120, 120, 462, 0, 8]]
[700, [104, 136, 136, 318, 144, 8]]
[701, [112, 112, 112, 174, 252, 4]]
[702, [72, 88, 88, 30, 360, 0]]
[703, [42, 74, 74, 30, 324, 6]]
[704, [50, 50, 50, 30, 288, 2]]
[705, [20, 36, 36, 30, 252, 8]]
[706, [0, 32, 32, 30, 216, 24]]
[707, [8, 8, 8, 30, 180, 20]]
[708, [8, 24, 24, 30, 144, 56]]
[709, [8, 40, 40, 30, 108, 92]]
[710, [6, 6, 6, 30, 72, 78]]
[711, [6, 22, 22, 30, 36, 114]]
[712, [6, 38, 38, 30, 0, 150]]
[713, [4, 4, 4, 30, 0, 100]]
[714, [4, 20, 20, 30, 0, 100]]
[715, [4, 36, 36, 30, 0, 100]]
[716, [2, 2, 2, 30, 0, 50]]
[717, [2, 18, 18, 30, 0, 50]]
[718, [2, 34, 34, 30, 0, 50]]
[719, [0, 0, 0, 360, 0, 0]]
[720, [0, 16, 16, 216, 144, 0]]
[721, [0, 32, 32, 72, 252, 36]]
[722, [8, 8, 8, 72, 216, 32]]
[723, [8, 24, 24, 72, 180, 68]]
[724, [8, 40, 40, 72, 144, 104]]
[725, [6, 6, 6, 72, 108, 90]]
[726, [6, 22, 22, 72, 72, 126]]
[727, [6, 38, 38, 72, 36, 162]]
[728, [4, 4, 4, 72, 0, 148]]
[729, [4, 20, 20, 72, 0, 148]]
[730, [4, 36, 36, 72, 0, 148]]
[731, [2, 2, 2, 72, 0, 98]]
[732, [2, 18, 18, 72, 0, 98]]
[733, [2, 34, 34, 72, 0, 98]]
[734, [0, 0, 0, 72, 0, 48]]
[735, [0, 16, 16, 72, 0, 48]]
[736, [0, 32, 32, 72, 0, 48]]
[737, [8, 8, 8, 72, 0, 8]]
[738, [8, 24, 24, 72, 0, 8]]
[739, [8, 40, 40, 402, 0, 8]]
[740, [56, 56, 56, 258, 144, 8]]
[741, [16, 32, 32, 114, 252, 4]]
[742, [6, 38, 38, 114, 216, 30]]
[743, [4, 4, 4, 114, 180, 16]]
[744, [4, 20, 20, 114, 144, 52]]
[745, [4, 36, 36, 114, 108, 88]]
[746, [2, 2, 2, 114, 72, 74]]
[747, [2, 18, 18, 114, 36, 110]]
[748, [2, 34, 34, 114, 0, 146]]
[749, [0, 0, 0, 114, 0, 96]]
[750, [0, 16, 16, 114, 0, 96]]
[751, [0, 32, 32, 114, 0, 96]]
[752, [8, 8, 8, 114, 0, 56]]
[753, [8, 24, 24, 114, 0, 56]]
[754, [8, 40, 40, 114, 0, 56]]
[755, [6, 6, 6, 114, 0, 6]]
[756, [6, 22, 22, 114, 0, 6]]
[757, [6, 38, 38, 114, 0, 6]]
[758, [54, 54, 54, 114, 0, 6]]
[759, [54, 70, 70, 444, 0, 6]]
[760, [54, 86, 86, 300, 144, 6]]
[761, [62, 62, 62, 156, 252, 2]]
[762, [32, 48, 48, 12, 360, 8]]
[763, [2, 34, 34, 12, 324, 14]]
[764, [0, 0, 0, 12, 288, 0]]
[765, [0, 16, 16, 12, 252, 36]]
[766, [0, 32, 32, 12, 216, 72]]
[767, [8, 8, 8, 12, 180, 68]]
[768, [8, 24, 24, 12, 144, 104]]
[769, [8, 40, 40, 12, 108, 140]]
[770, [6, 6, 6, 12, 72, 126]]
[771, [6, 22, 22, 12, 36, 162]]
[772, [6, 38, 38, 12, 0, 198]]
[773, [4, 4, 4, 12, 0, 148]]
[774, [4, 20, 20, 12, 0, 148]]
[775, [4, 36, 36, 12, 0, 148]]
[776, [2, 2, 2, 12, 0, 98]]
[777, [2, 18, 18, 12, 0, 98]]
[778, [2, 34, 34, 12, 0, 98]]
[779, [0, 0, 0, 342, 0, 48]]
[780, [0, 16, 16, 198, 144, 48]]
[781, [0, 32, 32, 54, 252, 84]]
[782, [8, 8, 8, 54, 216, 80]]
[783, [8, 24, 24, 54, 180, 116]]
[784, [8, 40, 40, 54, 144, 152]]
[785, [6, 6, 6, 54, 108, 138]]
[786, [6, 22, 22, 54, 72, 174]]
[787, [6, 38, 38, 54, 36, 210]]
[788, [4, 4, 4, 54, 0, 196]]
[789, [4, 20, 20, 54, 0, 196]]
[790, [4, 36, 36, 54, 0, 196]]
[791, [2, 2, 2, 54, 0, 146]]
[792, [2, 18, 18, 54, 0, 146]]
[793, [2, 34, 34, 54, 0, 146]]
[794, [0, 0, 0, 54, 0, 96]]
[795, [0, 16, 16, 54, 0, 96]]
[796, [0, 32, 32, 54, 0, 96]]
[797, [8, 8, 8, 54, 0, 56]]
[798, [8, 24, 24, 54, 0, 56]]
[799, [8, 40, 40, 384, 0, 56]]
[800, [6, 6, 6, 240, 144, 6]]
[801, [6, 22, 22, 96, 252, 42]]
[802, [6, 38, 38, 96, 216, 78]]
[803, [4, 4, 4, 96, 180, 64]]
[804, [4, 20, 20, 96, 144, 100]]
[805, [4, 36, 36, 96, 108, 136]]
[806, [2, 2, 2, 96, 72, 122]]
[807, [2, 18, 18, 96, 36, 158]]
[808, [2, 34, 34, 96, 0, 194]]
[809, [0, 0, 0, 96, 0, 144]]
[810, [0, 16, 16, 96, 0, 144]]
[811, [0, 32, 32, 96, 0, 144]]
[812, [8, 8, 8, 96, 0, 104]]
[813, [8, 24, 24, 96, 0, 104]]
[814, [8, 40, 40, 96, 0, 104]]
[815, [6, 6, 6, 96, 0, 54]]
[816, [6, 22, 22, 96, 0, 54]]
[817, [6, 38, 38, 96, 0, 54]]
[818, [4, 4, 4, 96, 0, 4]]
[819, [4, 20, 20, 426, 0, 4]]
[820, [4, 36, 36, 282, 144, 4]]
[821, [12, 12, 12, 138, 252, 0]]
[822, [2, 18, 18, 138, 216, 26]]
[823, [2, 34, 34, 138, 180, 62]]
[824, [0, 0, 0, 138, 144, 48]]
[825, [0, 16, 16, 138, 108, 84]]
[826, [0, 32, 32, 138, 72, 120]]
[827, [8, 8, 8, 138, 36, 116]]
[828, [8, 24, 24, 138, 0, 152]]
[829, [8, 40, 40, 138, 0, 152]]
[830, [6, 6, 6, 138, 0, 102]]
[831, [6, 22, 22, 138, 0, 102]]
[832, [6, 38, 38, 138, 0, 102]]
[833, [4, 4, 4, 138, 0, 52]]
[834, [4, 20, 20, 138, 0, 52]]
[835, [4, 36, 36, 138, 0, 52]]
[836, [2, 2, 2, 138, 0, 2]]
[837, [2, 18, 18, 138, 0, 2]]
[838, [2, 34, 34, 138, 0, 2]]
[839, [50, 50, 50, 468, 0, 2]]
[840, [50, 66, 66, 324, 144, 2]]
[841, [20, 52, 52, 180, 252, 8]]
[842, [28, 28, 28, 36, 360, 4]]
[843, [8, 24, 24, 36, 324, 20]]
[844, [8, 40, 40, 36, 288, 56]]
[845, [6, 6, 6, 36, 252, 42]]
[846, [6, 22, 22, 36, 216, 78]]
[847, [6, 38, 38, 36, 180, 114]]
[848, [4, 4, 4, 36, 144, 100]]
[849, [4, 20, 20, 36, 108, 136]]
[850, [4, 36, 36, 36, 72, 172]]
[851, [2, 2, 2, 36, 36, 158]]
[852, [2, 18, 18, 36, 0, 194]]
[853, [2, 34, 34, 36, 0, 194]]
[854, [0, 0, 0, 36, 0, 144]]
[855, [0, 16, 16, 36, 0, 144]]
[856, [0, 32, 32, 36, 0, 144]]
[857, [8, 8, 8, 36, 0, 104]]
[858, [8, 24, 24, 36, 0, 104]]
[859, [8, 40, 40, 366, 0, 104]]
[860, [6, 6, 6, 222, 144, 54]]
[861, [6, 22, 22, 78, 252, 90]]
[862, [6, 38, 38, 78, 216, 126]]
[863, [4, 4, 4, 78, 180, 112]]
[864, [4, 20, 20, 78, 144, 148]]
[865, [4, 36, 36, 78, 108, 184]]
[866, [2, 2, 2, 78, 72, 170]]
[867, [2, 18, 18, 78, 36, 206]]
[868, [2, 34, 34, 78, 0, 242]]
[869, [0, 0, 0, 78, 0, 192]]
[870, [0, 16, 16, 78, 0, 192]]
[871, [0, 32, 32, 78, 0, 192]]
[872, [8, 8, 8, 78, 0, 152]]
[873, [8, 24, 24, 78, 0, 152]]
[874, [8, 40, 40, 78, 0, 152]]
[875, [6, 6, 6, 78, 0, 102]]
[876, [6, 22, 22, 78, 0, 102]]
[877, [6, 38, 38, 78, 0, 102]]
[878, [4, 4, 4, 78, 0, 52]]
[879, [4, 20, 20, 408, 0, 52]]
[880, [4, 36, 36, 264, 144, 52]]
[881, [2, 2, 2, 120, 252, 38]]
[882, [2, 18, 18, 120, 216, 74]]
[883, [2, 34, 34, 120, 180, 110]]
[884, [0, 0, 0, 120, 144, 96]]
[885, [0, 16, 16, 120, 108, 132]]
[886, [0, 32, 32, 120, 72, 168]]
[887, [8, 8, 8, 120, 36, 164]]
[888, [8, 24, 24, 120, 0, 200]]
[889, [8, 40, 40, 120, 0, 200]]
[890, [6, 6, 6, 120, 0, 150]]
[891, [6, 22, 22, 120, 0, 150]]
[892, [6, 38, 38, 120, 0, 150]]
[893, [4, 4, 4, 120, 0, 100]]
[894, [4, 20, 20, 120, 0, 100]]
[895, [4, 36, 36, 120, 0, 100]]
[896, [2, 2, 2, 120, 0, 50]]
[897, [2, 18, 18, 120, 0, 50]]
[898, [2, 34, 34, 120, 0, 50]]
[899, [0, 0, 0, 450, 0, 0]]
[900, [0, 16, 16, 306, 144, 0]]
[901, [0, 32, 32, 162, 252, 36]]
[902, [8, 8, 8, 18, 360, 32]]
[903, [8, 24, 24, 18, 324, 68]]
[904, [8, 40, 40, 18, 288, 104]]
[905, [6, 6, 6, 18, 252, 90]]
[906, [6, 22, 22, 18, 216, 126]]
[907, [6, 38, 38, 18, 180, 162]]
[908, [4, 4, 4, 18, 144, 148]]
[909, [4, 20, 20, 18, 108, 184]]
[910, [4, 36, 36, 18, 72, 220]]
[911, [2, 2, 2, 18, 36, 206]]
[912, [2, 18, 18, 18, 0, 242]]
[913, [2, 34, 34, 18, 0, 242]]
[914, [0, 0, 0, 18, 0, 192]]
[915, [0, 16, 16, 18, 0, 192]]
[916, [0, 32, 32, 18, 0, 192]]
[917, [8, 8, 8, 18, 0, 152]]
[918, [8, 24, 24, 18, 0, 152]]
[919, [8, 40, 40, 348, 0, 152]]
[920, [6, 6, 6, 204, 144, 102]]
[921, [6, 22, 22, 60, 252, 138]]
[922, [6, 38, 38, 60, 216, 174]]
[923, [4, 4, 4, 60, 180, 160]]
[924, [4, 20, 20, 60, 144, 196]]
[925, [4, 36, 36, 60, 108, 232]]
[926, [2, 2, 2, 60, 72, 218]]
[927, [2, 18, 18, 60, 36, 254]]
[928, [2, 34, 34, 60, 0, 290]]
[929, [0, 0, 0, 60, 0, 240]]
[930, [0, 16, 16, 60, 0, 240]]
[931, [0, 32, 32, 60, 0, 240]]
[932, [8, 8, 8, 60, 0, 200]]
[933, [8, 24, 24, 60, 0, 200]]
[934, [8, 40, 40, 60, 0, 200]]
[935, [6, 6, 6, 60, 0, 150]]
[936, [6, 22, 22, 60, 0, 150]]
[937, [6, 38, 38, 60, 0, 150]]
[938, [4, 4, 4, 60, 0, 100]]
[939, [4, 20, 20, 390, 0, 100]]
[940, [4, 36, 36, 246, 144, 100]]
[941, [2, 2, 2, 102, 252, 86]]
[942, [2, 18, 18, 102, 216, 122]]
[943, [2, 34, 34, 102, 180, 158]]
[944, [0, 0, 0, 102, 144, 144]]
[945, [0, 16, 16, 102, 108, 180]]
[946, [0, 32, 32, 102, 72, 216]]
[947, [8, 8, 8, 102, 36, 212]]
[948, [8, 24, 24, 102, 0, 248]]
[949, [8, 40, 40, 102, 0, 248]]
[950, [6, 6, 6, 102, 0, 198]]
[951, [6, 22, 22, 102, 0, 198]]
[952, [6, 38, 38, 102, 0, 198]]
[953, [4, 4, 4, 102, 0, 148]]
[954, [4, 20, 20, 102, 0, 148]]
[955, [4, 36, 36, 102, 0, 148]]
[956, [2, 2, 2, 102, 0, 98]]
[957, [2, 18, 18, 102, 0, 98]]
[958, [2, 34, 34, 102, 0, 98]]
[959, [0, 0, 0, 432, 0, 48]]
