SimulationV06.py[0, [0, 16, 16, 0, 0, 0]]
[1, [0, 32, 32, 0, 0, 0]]
[2, [48, 48, 48, 0, 0, 0]]
[3, [48, 64, 64, 0, 0, 0]]
[4, [48, 80, 80, 0, 0, 0]]
[5, [96, 96, 96, 0, 0, 0]]
[6, [96, 112, 112, 0, 0, 0]]
[7, [96, 128, 128, 0, 0, 0]]
[8, [144, 144, 144, 0, 0, 0]]
[9, [144, 160, 160, 0, 0, 0]]
[10, [144, 176, 176, 0, 0, 0]]
[11, [192, 192, 192, 0, 0, 0]]
[12, [192, 208, 208, 0, 0, 0]]
[13, [192, 224, 224, 0, 0, 0]]
[14, [240, 240, 240, 0, 0, 0]]
[15, [240, 256, 256, 0, 0, 0]]
[16, [240, 272, 272, 0, 0, 0]]
[17, [288, 288, 288, 0, 0, 0]]
[18, [288, 304, 304, 0, 0, 0]]
[19, [288, 320, 320, 330, 0, 0]]
[20, [336, 336, 336, 186, 144, 0]]
[21, [306, 322, 322, 42, 252, 6]]
[22, [266, 298, 298, 42, 216, 2]]
[23, [284, 284, 284, 42, 180, 8]]
[24, [244, 260, 260, 42, 144, 4]]
[25, [204, 236, 236, 42, 108, 0]]
[26, [222, 222, 222, 42, 72, 6]]
[27, [182, 198, 198, 42, 36, 2]]
[28, [152, 184, 184, 42, 0, 8]]
[29, [200, 200, 200, 42, 0, 8]]
[30, [200, 216, 216, 42, 0, 8]]
[31, [200, 232, 232, 42, 0, 8]]
[32, [248, 248, 248, 42, 0, 8]]
[33, [248, 264, 264, 42, 0, 8]]
[34, [248, 280, 280, 42, 0, 8]]
[35, [296, 296, 296, 42, 0, 8]]
[36, [296, 312, 312, 42, 0, 8]]
[37, [296, 328, 328, 42, 0, 8]]
[38, [344, 344, 344, 42, 0, 8]]
[39, [344, 360, 360, 372, 0, 8]]
[40, [344, 376, 376, 228, 144, 8]]
[41, [352, 352, 352, 84, 252, 4]]
[42, [312, 328, 328, 84, 216, 0]]
[43, [282, 314, 314, 84, 180, 6]]
[44, [290, 290, 290, 84, 144, 2]]
[45, [260, 276, 276, 84, 108, 8]]
[46, [220, 252, 252, 84, 72, 4]]
[47, [228, 228, 228, 84, 36, 0]]
[48, [198, 214, 214, 84, 0, 6]]
[49, [198, 230, 230, 84, 0, 6]]
[50, [246, 246, 246, 84, 0, 6]]
[51, [246, 262, 262, 84, 0, 6]]
[52, [246, 278, 278, 84, 0, 6]]
[53, [294, 294, 294, 84, 0, 6]]
[54, [294, 310, 310, 84, 0, 6]]
[55, [294, 326, 326, 84, 0, 6]]
[56, [342, 342, 342, 84, 0, 6]]
[57, [342, 358, 358, 84, 0, 6]]
[58, [342, 374, 374, 84, 0, 6]]
[59, [390, 390, 390, 414, 0, 6]]
[60, [390, 406, 406, 270, 144, 6]]
[61, [350, 382, 382, 126, 252, 2]]
[62, [368, 368, 368, 126, 216, 8]]
[63, [328, 344, 344, 126, 180, 4]]
[64, [288, 320, 320, 126, 144, 0]]
[65, [306, 306, 306, 126, 108, 6]]
[66, [266, 282, 282, 126, 72, 2]]
[67, [236, 268, 268, 126, 36, 8]]
[68, [244, 244, 244, 126, 0, 4]]
[69, [244, 260, 260, 126, 0, 4]]
[70, [244, 276, 276, 126, 0, 4]]
[71, [292, 292, 292, 126, 0, 4]]
[72, [292, 308, 308, 126, 0, 4]]
[73, [292, 324, 324, 126, 0, 4]]
[74, [340, 340, 340, 126, 0, 4]]
[75, [340, 356, 356, 126, 0, 4]]
[76, [340, 372, 372, 126, 0, 4]]
[77, [388, 388, 388, 126, 0, 4]]
[78, [388, 404, 404, 126, 0, 4]]
[79, [388, 420, 420, 456, 0, 4]]
[80, [436, 436, 436, 312, 144, 4]]
[81, [396, 412, 412, 168, 252, 0]]
[82, [366, 398, 398, 24, 360, 6]]
[83, [374, 374, 374, 24, 324, 2]]
[84, [344, 360, 360, 24, 288, 8]]
[85, [304, 336, 336, 24, 252, 4]]
[86, [312, 312, 312, 24, 216, 0]]
[87, [282, 298, 298, 24, 180, 6]]
[88, [242, 274, 274, 24, 144, 2]]
[89, [260, 260, 260, 24, 108, 8]]
[90, [220, 236, 236, 24, 72, 4]]
[91, [180, 212, 212, 24, 36, 0]]
[92, [198, 198, 198, 24, 0, 6]]
[93, [198, 214, 214, 24, 0, 6]]
[94, [198, 230, 230, 24, 0, 6]]
[95, [246, 246, 246, 24, 0, 6]]
[96, [246, 262, 262, 24, 0, 6]]
[97, [246, 278, 278, 24, 0, 6]]
[98, [294, 294, 294, 24, 0, 6]]
[99, [294, 310, 310, 354, 0, 6]]
[100, [294, 326, 326, 210, 144, 6]]
[101, [302, 302, 302, 66, 252, 2]]
[102, [272, 288, 288, 66, 216, 8]]
[103, [232, 264, 264, 66, 180, 4]]
[104, [240, 240, 240, 66, 144, 0]]
[105, [210, 226, 226, 66, 108, 6]]
[106, [170, 202, 202, 66, 72, 2]]
[107, [188, 188, 188, 66, 36, 8]]
[108, [148, 164, 164, 66, 0, 4]]
[109, [148, 180, 180, 66, 0, 4]]
[110, [196, 196, 196, 66, 0, 4]]
[111, [196, 212, 212, 66, 0, 4]]
[112, [196, 228, 228, 66, 0, 4]]
[113, [244, 244, 244, 66, 0, 4]]
[114, [244, 260, 260, 66, 0, 4]]
[115, [244, 276, 276, 66, 0, 4]]
[116, [292, 292, 292, 66, 0, 4]]
[117, [292, 308, 308, 66, 0, 4]]
[118, [292, 324, 324, 66, 0, 4]]
[119, [340, 340, 340, 396, 0, 4]]
[120, [340, 356, 356, 252, 144, 4]]
[121, [300, 332, 332, 108, 252, 0]]
[122, [318, 318, 318, 108, 216, 6]]
[123, [278, 294, 294, 108, 180, 2]]
[124, [248, 280, 280, 108, 144, 8]]
[125, [256, 256, 256, 108, 108, 4]]
[126, [216, 232, 232, 108, 72, 0]]
[127, [186, 218, 218, 108, 36, 6]]
[128, [234, 234, 234, 108, 0, 42]]
[129, [234, 250, 250, 108, 0, 42]]
[130, [234, 266, 266, 108, 0, 42]]
[131, [282, 282, 282, 108, 0, 42]]
[132, [282, 298, 298, 108, 0, 42]]
[133, [262, 294, 294, 108, 0, 22]]
[134, [300, 300, 300, 108, 0, 12]]
[135, [290, 306, 306, 108, 0, 2]]
[136, [290, 322, 322, 108, 0, 2]]
[137, [338, 338, 338, 108, 0, 2]]
[138, [338, 354, 354, 108, 0, 2]]
[139, [338, 370, 370, 438, 0, 2]]
[140, [386, 386, 386, 294, 144, 2]]
[141, [356, 372, 372, 150, 252, 8]]
[142, [316, 348, 348, 6, 360, 4]]
[143, [344, 344, 344, 6, 324, 20]]
[144, [334, 350, 350, 6, 288, 46]]
[145, [324, 356, 356, 6, 252, 72]]
[146, [362, 362, 362, 6, 216, 98]]
[147, [342, 358, 358, 6, 180, 114]]
[148, [272, 304, 304, 6, 144, 80]]
[149, [290, 290, 290, 6, 108, 86]]
[150, [260, 276, 276, 6, 72, 92]]
[151, [190, 222, 222, 6, 36, 58]]
[152, [188, 188, 188, 6, 0, 44]]
[153, [148, 164, 164, 6, 0, 4]]
[154, [148, 180, 180, 6, 0, 4]]
[155, [196, 196, 196, 6, 0, 4]]
[156, [196, 212, 212, 6, 0, 4]]
[157, [196, 228, 228, 6, 0, 4]]
[158, [244, 244, 244, 6, 0, 4]]
[159, [244, 260, 260, 336, 0, 4]]
[160, [244, 276, 276, 192, 144, 4]]
[161, [252, 252, 252, 48, 252, 0]]
[162, [222, 238, 238, 48, 216, 6]]
[163, [182, 214, 214, 48, 180, 2]]
[164, [200, 200, 200, 48, 144, 8]]
[165, [160, 176, 176, 48, 108, 4]]
[166, [120, 152, 152, 48, 72, 0]]
[167, [138, 138, 138, 48, 36, 6]]
[168, [98, 114, 114, 48, 0, 2]]
[169, [98, 130, 130, 48, 0, 2]]
[170, [146, 146, 146, 48, 0, 2]]
[171, [146, 162, 162, 48, 0, 2]]
[172, [146, 178, 178, 48, 0, 2]]
[173, [194, 194, 194, 48, 0, 2]]
[174, [194, 210, 210, 48, 0, 2]]
[175, [194, 226, 226, 48, 0, 2]]
[176, [242, 242, 242, 48, 0, 2]]
[177, [242, 258, 258, 48, 0, 2]]
[178, [242, 274, 274, 48, 0, 2]]
[179, [290, 290, 290, 378, 0, 2]]
[180, [290, 306, 306, 234, 144, 2]]
[181, [260, 292, 292, 90, 252, 8]]
[182, [268, 268, 268, 90, 216, 4]]
[183, [228, 244, 244, 90, 180, 0]]
[184, [198, 230, 230, 90, 144, 6]]
[185, [206, 206, 206, 90, 108, 2]]
[186, [176, 192, 192, 90, 72, 8]]
[187, [136, 168, 168, 90, 36, 4]]
[188, [144, 144, 144, 90, 0, 0]]
[189, [144, 160, 160, 90, 0, 0]]
[190, [144, 176, 176, 90, 0, 0]]
[191, [192, 192, 192, 90, 0, 0]]
[192, [192, 208, 208, 90, 0, 0]]
[193, [192, 224, 224, 90, 0, 0]]
[194, [240, 240, 240, 90, 0, 0]]
[195, [240, 256, 256, 90, 0, 0]]
[196, [240, 272, 272, 90, 0, 0]]
[197, [288, 288, 288, 90, 0, 0]]
[198, [288, 304, 304, 90, 0, 0]]
[199, [288, 320, 320, 420, 0, 0]]
[200, [336, 336, 336, 276, 144, 0]]
[201, [306, 322, 322, 132, 252, 6]]
[202, [266, 298, 298, 132, 216, 2]]
[203, [284, 284, 284, 132, 180, 8]]
[204, [244, 260, 260, 132, 144, 4]]
[205, [204, 236, 236, 132, 108, 0]]
[206, [222, 222, 222, 132, 72, 6]]
[207, [182, 198, 198, 132, 36, 2]]
[208, [152, 184, 184, 132, 0, 8]]
[209, [200, 200, 200, 132, 0, 8]]
[210, [200, 216, 216, 132, 0, 8]]
[211, [200, 232, 232, 132, 0, 8]]
[212, [248, 248, 248, 132, 0, 8]]
[213, [248, 264, 264, 132, 0, 8]]
[214, [248, 280, 280, 132, 0, 8]]
[215, [296, 296, 296, 132, 0, 8]]
[216, [296, 312, 312, 132, 0, 8]]
[217, [296, 328, 328, 132, 0, 8]]
[218, [344, 344, 344, 132, 0, 8]]
[219, [344, 360, 360, 462, 0, 8]]
[220, [344, 376, 376, 318, 144, 8]]
[221, [352, 352, 352, 174, 252, 4]]
[222, [312, 328, 328, 30, 360, 0]]
[223, [282, 314, 314, 30, 324, 6]]
[224, [290, 290, 290, 30, 288, 2]]
[225, [260, 276, 276, 30, 252, 8]]
[226, [220, 252, 252, 30, 216, 4]]
[227, [228, 228, 228, 30, 180, 0]]
[228, [198, 214, 214, 30, 144, 6]]
[229, [158, 190, 190, 30, 108, 2]]
[230, [176, 176, 176, 30, 72, 8]]
[231, [136, 152, 152, 30, 36, 4]]
[232, [96, 128, 128, 30, 0, 0]]
[233, [144, 144, 144, 30, 0, 0]]
[234, [144, 160, 160, 30, 0, 0]]
[235, [144, 176, 176, 30, 0, 0]]
[236, [192, 192, 192, 30, 0, 0]]
[237, [192, 208, 208, 30, 0, 0]]
[238, [192, 224, 224, 30, 0, 0]]
[239, [240, 240, 240, 360, 0, 0]]
[240, [240, 256, 256, 216, 144, 0]]
[241, [210, 242, 242, 72, 252, 6]]
[242, [218, 218, 218, 72, 216, 2]]
[243, [188, 204, 204, 72, 180, 8]]
[244, [148, 180, 180, 72, 144, 4]]
[245, [156, 156, 156, 72, 108, 0]]
[246, [126, 142, 142, 72, 72, 6]]
[247, [86, 118, 118, 72, 36, 2]]
[248, [104, 104, 104, 72, 0, 8]]
[249, [104, 120, 120, 72, 0, 8]]
[250, [104, 136, 136, 72, 0, 8]]
[251, [152, 152, 152, 72, 0, 8]]
[252, [152, 168, 168, 72, 0, 8]]
[253, [152, 184, 184, 72, 0, 8]]
[254, [200, 200, 200, 72, 0, 8]]
[255, [200, 216, 216, 72, 0, 8]]
[256, [200, 232, 232, 72, 0, 8]]
[257, [248, 248, 248, 72, 0, 8]]
[258, [248, 264, 264, 72, 0, 8]]
[259, [248, 280, 280, 402, 0, 8]]
[260, [296, 296, 296, 258, 144, 8]]
[261, [256, 272, 272, 114, 252, 4]]
[262, [216, 248, 248, 114, 216, 0]]
[263, [234, 234, 234, 114, 180, 6]]
[264, [194, 210, 210, 114, 144, 2]]
[265, [164, 196, 196, 114, 108, 8]]
[266, [172, 172, 172, 114, 72, 4]]
[267, [132, 148, 148, 114, 36, 0]]
[268, [102, 134, 134, 114, 0, 6]]
[269, [150, 150, 150, 114, 0, 6]]
[270, [150, 166, 166, 114, 0, 6]]
[271, [150, 182, 182, 114, 0, 6]]
[272, [198, 198, 198, 114, 0, 6]]
[273, [198, 214, 214, 114, 0, 6]]
[274, [198, 230, 230, 114, 0, 6]]
[275, [246, 246, 246, 114, 0, 6]]
[276, [246, 262, 262, 114, 0, 6]]
[277, [246, 278, 278, 114, 0, 6]]
[278, [294, 294, 294, 114, 0, 6]]
[279, [294, 310, 310, 444, 0, 6]]
[280, [294, 326, 326, 300, 144, 6]]
[281, [302, 302, 302, 156, 252, 2]]
[282, [272, 288, 288, 12, 360, 8]]
[283, [232, 264, 264, 12, 324, 4]]
[284, [240, 240, 240, 12, 288, 0]]
[285, [240, 256, 256, 12, 252, 36]]
[286, [210, 242, 242, 12, 216, 42]]
[287, [248, 248, 248, 12, 180, 68]]
[288, [248, 264, 264, 12, 144, 104]]
[289, [218, 250, 250, 12, 108, 110]]
[290, [256, 256, 256, 12, 72, 136]]
[291, [226, 242, 242, 12, 36, 142]]
[292, [206, 238, 238, 12, 0, 158]]
[293, [224, 224, 224, 12, 0, 128]]
[294, [214, 230, 230, 12, 0, 118]]
[295, [194, 226, 226, 12, 0, 98]]
[296, [212, 212, 212, 12, 0, 68]]
[297, [212, 228, 228, 12, 0, 68]]
[298, [192, 224, 224, 12, 0, 48]]
[299, [200, 200, 200, 342, 0, 8]]
[300, [200, 216, 216, 198, 144, 8]]
[301, [170, 202, 202, 54, 252, 14]]
[302, [178, 178, 178, 54, 216, 10]]
[303, [178, 194, 194, 54, 180, 46]]
[304, [148, 180, 180, 54, 144, 52]]
[305, [146, 146, 146, 54, 108, 38]]
[306, [136, 152, 152, 54, 72, 64]]
[307, [106, 138, 138, 54, 36, 70]]
[308, [124, 124, 124, 54, 0, 76]]
[309, [54, 70, 70, 54, 0, 6]]
[310, [54, 86, 86, 54, 0, 6]]
[311, [102, 102, 102, 54, 0, 6]]
[312, [102, 118, 118, 54, 0, 6]]
[313, [102, 134, 134, 54, 0, 6]]
[314, [150, 150, 150, 54, 0, 6]]
[315, [150, 166, 166, 54, 0, 6]]
[316, [150, 182, 182, 54, 0, 6]]
[317, [198, 198, 198, 54, 0, 6]]
[318, [198, 214, 214, 54, 0, 6]]
[319, [198, 230, 230, 384, 0, 6]]
[320, [246, 246, 246, 240, 144, 6]]
[321, [206, 222, 222, 96, 252, 2]]
[322, [176, 208, 208, 96, 216, 8]]
[323, [184, 184, 184, 96, 180, 4]]
[324, [144, 160, 160, 96, 144, 0]]
[325, [114, 146, 146, 96, 108, 6]]
[326, [122, 122, 122, 96, 72, 2]]
[327, [92, 108, 108, 96, 36, 8]]
[328, [52, 84, 84, 96, 0, 4]]
[329, [100, 100, 100, 96, 0, 4]]
[330, [100, 116, 116, 96, 0, 4]]
[331, [100, 132, 132, 96, 0, 4]]
[332, [148, 148, 148, 96, 0, 4]]
[333, [148, 164, 164, 96, 0, 4]]
[334, [148, 180, 180, 96, 0, 4]]
[335, [196, 196, 196, 96, 0, 4]]
[336, [196, 212, 212, 96, 0, 4]]
[337, [196, 228, 228, 96, 0, 4]]
[338, [244, 244, 244, 96, 0, 4]]
[339, [244, 260, 260, 426, 0, 4]]
[340, [244, 276, 276, 282, 144, 4]]
[341, [252, 252, 252, 138, 252, 0]]
[342, [222, 238, 238, 138, 216, 6]]
[343, [182, 214, 214, 138, 180, 2]]
[344, [200, 200, 200, 138, 144, 8]]
[345, [160, 176, 176, 138, 108, 4]]
[346, [120, 152, 152, 138, 72, 0]]
[347, [138, 138, 138, 138, 36, 6]]
[348, [98, 114, 114, 138, 0, 2]]
[349, [98, 130, 130, 138, 0, 2]]
[350, [146, 146, 146, 138, 0, 2]]
[351, [146, 162, 162, 138, 0, 2]]
[352, [146, 178, 178, 138, 0, 2]]
[353, [194, 194, 194, 138, 0, 2]]
[354, [194, 210, 210, 138, 0, 2]]
[355, [194, 226, 226, 138, 0, 2]]
[356, [242, 242, 242, 138, 0, 2]]
[357, [242, 258, 258, 138, 0, 2]]
[358, [242, 274, 274, 138, 0, 2]]
[359, [290, 290, 290, 468, 0, 2]]
[360, [290, 306, 306, 324, 144, 2]]
[361, [260, 292, 292, 180, 252, 8]]
[362, [268, 268, 268, 36, 360, 4]]
[363, [228, 244, 244, 36, 324, 0]]
[364, [198, 230, 230, 36, 288, 6]]
[365, [206, 206, 206, 36, 252, 2]]
[366, [176, 192, 192, 36, 216, 8]]
[367, [136, 168, 168, 36, 180, 4]]
[368, [144, 144, 144, 36, 144, 0]]
[369, [114, 130, 130, 36, 108, 6]]
[370, [74, 106, 106, 36, 72, 2]]
[371, [92, 92, 92, 36, 36, 8]]
[372, [52, 68, 68, 36, 0, 4]]
[373, [52, 84, 84, 36, 0, 4]]
[374, [100, 100, 100, 36, 0, 4]]
[375, [100, 116, 116, 36, 0, 4]]
[376, [100, 132, 132, 36, 0, 4]]
[377, [148, 148, 148, 36, 0, 4]]
[378, [148, 164, 164, 36, 0, 4]]
[379, [148, 180, 180, 366, 0, 4]]
[380, [196, 196, 196, 222, 144, 4]]
[381, [156, 172, 172, 78, 252, 0]]
[382, [126, 158, 158, 78, 216, 6]]
[383, [134, 134, 134, 78, 180, 2]]
[384, [104, 120, 120, 78, 144, 8]]
[385, [64, 96, 96, 78, 108, 4]]
[386, [72, 72, 72, 78, 72, 0]]
[387, [42, 58, 58, 78, 36, 6]]
[388, [2, 34, 34, 78, 0, 2]]
[389, [50, 50, 50, 78, 0, 2]]
[390, [50, 66, 66, 78, 0, 2]]
[391, [50, 82, 82, 78, 0, 2]]
[392, [98, 98, 98, 78, 0, 2]]
[393, [98, 114, 114, 78, 0, 2]]
[394, [98, 130, 130, 78, 0, 2]]
[395, [146, 146, 146, 78, 0, 2]]
[396, [146, 162, 162, 78, 0, 2]]
[397, [146, 178, 178, 78, 0, 2]]
[398, [194, 194, 194, 78, 0, 2]]
[399, [194, 210, 210, 408, 0, 2]]
[400, [194, 226, 226, 264, 144, 2]]
[401, [212, 212, 212, 120, 252, 8]]
[402, [172, 188, 188, 120, 216, 4]]
[403, [132, 164, 164, 120, 180, 0]]
[404, [150, 150, 150, 120, 144, 6]]
[405, [110, 126, 126, 120, 108, 2]]
[406, [80, 112, 112, 120, 72, 8]]
[407, [88, 88, 88, 120, 36, 4]]
[408, [48, 64, 64, 120, 0, 0]]
[409, [48, 80, 80, 120, 0, 0]]
[410, [96, 96, 96, 120, 0, 0]]
[411, [96, 112, 112, 120, 0, 0]]
[412, [96, 128, 128, 120, 0, 0]]
[413, [144, 144, 144, 120, 0, 0]]
[414, [144, 160, 160, 120, 0, 0]]
[415, [144, 176, 176, 120, 0, 0]]
[416, [192, 192, 192, 120, 0, 0]]
[417, [192, 208, 208, 120, 0, 0]]
[418, [192, 224, 224, 120, 0, 0]]
[419, [240, 240, 240, 450, 0, 0]]
[420, [240, 256, 256, 306, 144, 0]]
[421, [210, 242, 242, 162, 252, 6]]
[422, [218, 218, 218, 18, 360, 2]]
[423, [188, 204, 204, 18, 324, 8]]
[424, [148, 180, 180, 18, 288, 4]]
[425, [156, 156, 156, 18, 252, 0]]
[426, [126, 142, 142, 18, 216, 6]]
[427, [86, 118, 118, 18, 180, 2]]
[428, [104, 104, 104, 18, 144, 8]]
[429, [84, 100, 100, 18, 108, 24]]
[430, [84, 116, 116, 18, 72, 60]]
[431, [132, 132, 132, 18, 36, 96]]
[432, [112, 128, 128, 18, 0, 112]]
[433, [102, 134, 134, 18, 0, 102]]
[434, [110, 110, 110, 18, 0, 62]]
[435, [100, 116, 116, 18, 0, 52]]
[436, [80, 112, 112, 18, 0, 32]]
[437, [128, 128, 128, 18, 0, 32]]
[438, [128, 144, 144, 18, 0, 32]]
[439, [118, 150, 150, 348, 0, 22]]
[440, [156, 156, 156, 204, 144, 12]]
[441, [126, 142, 142, 60, 252, 18]]
[442, [106, 138, 138, 60, 216, 34]]
[443, [124, 124, 124, 60, 180, 40]]
[444, [104, 120, 120, 60, 144, 56]]
[445, [104, 136, 136, 60, 108, 92]]
[446, [102, 102, 102, 60, 72, 78]]
[447, [72, 88, 88, 60, 36, 84]]
[448, [62, 94, 94, 60, 0, 110]]
[449, [90, 90, 90, 60, 0, 90]]
[450, [10, 26, 26, 60, 0, 10]]
[451, [0, 32, 32, 60, 0, 0]]
[452, [48, 48, 48, 60, 0, 0]]
[453, [48, 64, 64, 60, 0, 0]]
[454, [48, 80, 80, 60, 0, 0]]
[455, [96, 96, 96, 60, 0, 0]]
[456, [96, 112, 112, 60, 0, 0]]
[457, [96, 128, 128, 60, 0, 0]]
[458, [144, 144, 144, 60, 0, 0]]
[459, [144, 160, 160, 390, 0, 0]]
[460, [144, 176, 176, 246, 144, 0]]
[461, [162, 162, 162, 102, 252, 6]]
[462, [122, 138, 138, 102, 216, 2]]
[463, [92, 124, 124, 102, 180, 8]]
[464, [100, 100, 100, 102, 144, 4]]
[465, [60, 76, 76, 102, 108, 0]]
[466, [30, 62, 62, 102, 72, 6]]
[467, [38, 38, 38, 102, 36, 2]]
[468, [8, 24, 24, 102, 0, 8]]
[469, [8, 40, 40, 102, 0, 8]]
[470, [56, 56, 56, 102, 0, 8]]
[471, [56, 72, 72, 102, 0, 8]]
[472, [56, 88, 88, 102, 0, 8]]
[473, [104, 104, 104, 102, 0, 8]]
[474, [104, 120, 120, 102, 0, 8]]
[475, [104, 136, 136, 102, 0, 8]]
[476, [152, 152, 152, 102, 0, 8]]
[477, [152, 168, 168, 102, 0, 8]]
[478, [152, 184, 184, 102, 0, 8]]
[479, [200, 200, 200, 432, 0, 8]]
[480, [200, 216, 216, 288, 144, 8]]
[481, [160, 192, 192, 144, 252, 4]]
[482, [168, 168, 168, 0, 360, 0]]
[483, [138, 154, 154, 0, 324, 6]]
[484, [98, 130, 130, 0, 288, 2]]
[485, [116, 116, 116, 0, 252, 8]]
[486, [76, 92, 92, 0, 216, 4]]
[487, [36, 68, 68, 0, 180, 0]]
[488, [54, 54, 54, 0, 144, 6]]
[489, [14, 30, 30, 0, 108, 2]]
[490, [4, 36, 36, 0, 72, 28]]
[491, [2, 2, 2, 0, 36, 14]]
[492, [2, 18, 18, 0, 0, 50]]
[493, [2, 34, 34, 0, 0, 50]]
[494, [0, 0, 0, 0, 0, 0]]
[495, [0, 16, 16, 0, 0, 0]]
[496, [0, 32, 32, 0, 0, 0]]
[497, [48, 48, 48, 0, 0, 0]]
[498, [48, 64, 64, 0, 0, 0]]
[499, [48, 80, 80, 330, 0, 0]]
[500, [96, 96, 96, 186, 144, 0]]
[501, [66, 82, 82, 42, 252, 6]]
[502, [26, 58, 58, 42, 216, 2]]
[503, [44, 44, 44, 42, 180, 8]]
[504, [4, 20, 20, 42, 144, 4]]
[505, [4, 36, 36, 42, 108, 40]]
[506, [2, 2, 2, 42, 72, 26]]
[507, [2, 18, 18, 42, 36, 62]]
[508, [2, 34, 34, 42, 0, 98]]
[509, [0, 0, 0, 42, 0, 48]]
[510, [0, 16, 16, 42, 0, 48]]
[511, [0, 32, 32, 42, 0, 48]]
[512, [8, 8, 8, 42, 0, 8]]
[513, [8, 24, 24, 42, 0, 8]]
[514, [8, 40, 40, 42, 0, 8]]
[515, [56, 56, 56, 42, 0, 8]]
[516, [56, 72, 72, 42, 0, 8]]
[517, [56, 88, 88, 42, 0, 8]]
[518, [104, 104, 104, 42, 0, 8]]
[519, [104, 120, 120, 372, 0, 8]]
[520, [104, 136, 136, 228, 144, 8]]
[521, [112, 112, 112, 84, 252, 4]]
[522, [72, 88, 88, 84, 216, 0]]
[523, [42, 74, 74, 84, 180, 6]]
[524, [50, 50, 50, 84, 144, 2]]
[525, [20, 36, 36, 84, 108, 8]]
[526, [0, 32, 32, 84, 72, 24]]
[527, [8, 8, 8, 84, 36, 20]]
[528, [8, 24, 24, 84, 0, 56]]
[529, [8, 40, 40, 84, 0, 56]]
[530, [6, 6, 6, 84, 0, 6]]
[531, [6, 22, 22, 84, 0, 6]]
[532, [6, 38, 38, 84, 0, 6]]
[533, [54, 54, 54, 84, 0, 6]]
[534, [54, 70, 70, 84, 0, 6]]
[535, [54, 86, 86, 84, 0, 6]]
[536, [102, 102, 102, 84, 0, 6]]
[537, [102, 118, 118, 84, 0, 6]]
[538, [102, 134, 134, 84, 0, 6]]
[539, [150, 150, 150, 414, 0, 6]]
[540, [150, 166, 166, 270, 144, 6]]
[541, [110, 142, 142, 126, 252, 2]]
[542, [128, 128, 128, 126, 216, 8]]
[543, [88, 104, 104, 126, 180, 4]]
[544, [48, 80, 80, 126, 144, 0]]
[545, [66, 66, 66, 126, 108, 6]]
[546, [26, 42, 42, 126, 72, 2]]
[547, [6, 38, 38, 126, 36, 18]]
[548, [4, 4, 4, 126, 0, 4]]
[549, [4, 20, 20, 126, 0, 4]]
[550, [4, 36, 36, 126, 0, 4]]
[551, [52, 52, 52, 126, 0, 4]]
[552, [52, 68, 68, 126, 0, 4]]
[553, [52, 84, 84, 126, 0, 4]]
[554, [100, 100, 100, 126, 0, 4]]
[555, [100, 116, 116, 126, 0, 4]]
[556, [100, 132, 132, 126, 0, 4]]
[557, [148, 148, 148, 126, 0, 4]]
[558, [148, 164, 164, 126, 0, 4]]
[559, [148, 180, 180, 456, 0, 4]]
[560, [196, 196, 196, 312, 144, 4]]
[561, [156, 172, 172, 168, 252, 0]]
[562, [126, 158, 158, 24, 360, 6]]
[563, [134, 134, 134, 24, 324, 2]]
[564, [104, 120, 120, 24, 288, 8]]
[565, [64, 96, 96, 24, 252, 4]]
[566, [72, 72, 72, 24, 216, 0]]
[567, [42, 58, 58, 24, 180, 6]]
[568, [2, 34, 34, 24, 144, 2]]
[569, [20, 20, 20, 24, 108, 8]]
[570, [0, 16, 16, 24, 72, 24]]
[571, [0, 32, 32, 24, 36, 60]]
[572, [8, 8, 8, 24, 0, 56]]
[573, [8, 24, 24, 24, 0, 56]]
[574, [8, 40, 40, 24, 0, 56]]
[575, [6, 6, 6, 24, 0, 6]]
[576, [6, 22, 22, 24, 0, 6]]
[577, [6, 38, 38, 24, 0, 6]]
[578, [54, 54, 54, 24, 0, 6]]
[579, [54, 70, 70, 354, 0, 6]]
[580, [54, 86, 86, 210, 144, 6]]
[581, [62, 62, 62, 66, 252, 2]]
[582, [32, 48, 48, 66, 216, 8]]
[583, [2, 34, 34, 66, 180, 14]]
[584, [30, 30, 30, 66, 144, 30]]
[585, [20, 36, 36, 66, 108, 56]]
[586, [0, 32, 32, 66, 72, 72]]
[587, [38, 38, 38, 66, 36, 98]]
[588, [8, 24, 24, 66, 0, 104]]
[589, [8, 40, 40, 66, 0, 104]]
[590, [6, 6, 6, 66, 0, 54]]
[591, [6, 22, 22, 66, 0, 54]]
[592, [6, 38, 38, 66, 0, 54]]
[593, [4, 4, 4, 66, 0, 4]]
[594, [4, 20, 20, 66, 0, 4]]
[595, [4, 36, 36, 66, 0, 4]]
[596, [52, 52, 52, 66, 0, 4]]
[597, [52, 68, 68, 66, 0, 4]]
[598, [52, 84, 84, 66, 0, 4]]
[599, [100, 100, 100, 396, 0, 4]]
[600, [100, 116, 116, 252, 144, 4]]
[601, [60, 92, 92, 108, 252, 0]]
[602, [78, 78, 78, 108, 216, 6]]
[603, [38, 54, 54, 108, 180, 2]]
[604, [8, 40, 40, 108, 144, 8]]
[605, [16, 16, 16, 108, 108, 4]]
[606, [6, 22, 22, 108, 72, 30]]
[607, [6, 38, 38, 108, 36, 66]]
[608, [4, 4, 4, 108, 0, 52]]
[609, [4, 20, 20, 108, 0, 52]]
[610, [4, 36, 36, 108, 0, 52]]
[611, [2, 2, 2, 108, 0, 2]]
[612, [2, 18, 18, 108, 0, 2]]
[613, [2, 34, 34, 108, 0, 2]]
[614, [50, 50, 50, 108, 0, 2]]
[615, [50, 66, 66, 108, 0, 2]]
[616, [50, 82, 82, 108, 0, 2]]
[617, [98, 98, 98, 108, 0, 2]]
[618, [98, 114, 114, 108, 0, 2]]
[619, [98, 130, 130, 438, 0, 2]]
[620, [146, 146, 146, 294, 144, 2]]
[621, [116, 132, 132, 150, 252, 8]]
[622, [76, 108, 108, 6, 360, 4]]
[623, [84, 84, 84, 6, 324, 0]]
[624, [54, 70, 70, 6, 288, 6]]
[625, [14, 46, 46, 6, 252, 2]]
[626, [32, 32, 32, 6, 216, 8]]
[627, [2, 18, 18, 6, 180, 14]]
[628, [2, 34, 34, 6, 144, 50]]
[629, [0, 0, 0, 6, 108, 36]]
[630, [0, 16, 16, 6, 72, 72]]
[631, [0, 32, 32, 6, 36, 108]]
[632, [8, 8, 8, 6, 0, 104]]
[633, [8, 24, 24, 6, 0, 104]]
[634, [8, 40, 40, 6, 0, 104]]
[635, [6, 6, 6, 6, 0, 54]]
[636, [6, 22, 22, 6, 0, 54]]
[637, [6, 38, 38, 6, 0, 54]]
[638, [4, 4, 4, 6, 0, 4]]
[639, [4, 20, 20, 336, 0, 4]]
[640, [4, 36, 36, 192, 144, 4]]
[641, [12, 12, 12, 48, 252, 0]]
[642, [2, 18, 18, 48, 216, 26]]
[643, [2, 34, 34, 48, 180, 62]]
[644, [0, 0, 0, 48, 144, 48]]
[645, [0, 16, 16, 48, 108, 84]]
[646, [0, 32, 32, 48, 72, 120]]
[647, [8, 8, 8, 48, 36, 116]]
[648, [8, 24, 24, 48, 0, 152]]
[649, [8, 40, 40, 48, 0, 152]]
[650, [6, 6, 6, 48, 0, 102]]
[651, [6, 22, 22, 48, 0, 102]]
[652, [6, 38, 38, 48, 0, 102]]
[653, [4, 4, 4, 48, 0, 52]]
[654, [4, 20, 20, 48, 0, 52]]
[655, [4, 36, 36, 48, 0, 52]]
[656, [2, 2, 2, 48, 0, 2]]
[657, [2, 18, 18, 48, 0, 2]]
[658, [2, 34, 34, 48, 0, 2]]
[659, [50, 50, 50, 378, 0, 2]]
[660, [50, 66, 66, 234, 144, 2]]
[661, [20, 52, 52, 90, 252, 8]]
[662, [28, 28, 28, 90, 216, 4]]
[663, [8, 24, 24, 90, 180, 20]]
[664, [8, 40, 40, 90, 144, 56]]
[665, [6, 6, 6, 90, 108, 42]]
[666, [6, 22, 22, 90, 72, 78]]
[667, [6, 38, 38, 90, 36, 114]]
[668, [4, 4, 4, 90, 0, 100]]
[669, [4, 20, 20, 90, 0, 100]]
[670, [4, 36, 36, 90, 0, 100]]
[671, [2, 2, 2, 90, 0, 50]]
[672, [2, 18, 18, 90, 0, 50]]
[673, [2, 34, 34, 90, 0, 50]]
[674, [0, 0, 0, 90, 0, 0]]
[675, [0, 16, 16, 90, 0, 0]]
[676, [0, 32, 32, 90, 0, 0]]
[677, [48, 48, 48, 90, 0, 0]]
[678, [48, 64, 64, 90, 0, 0]]
[679, [48, 80, 80, 420, 0, 0]]
[680, [96, 96, 96, 276, 144, 0]]
[681, [66, 82, 82, 132, 252, 6]]
[682, [26, 58, 58, 132, 216, 2]]
[683, [44, 44, 44, 132, 180, 8]]
[684, [4, 20, 20, 132, 144, 4]]
[685, [4, 36, 36, 132, 108, 40]]
[686, [2, 2, 2, 132, 72, 26]]
[687, [2, 18, 18, 132, 36, 62]]
[688, [2, 34, 34, 132, 0, 98]]
[689, [0, 0, 0, 132, 0, 48]]
[690, [0, 16, 16, 132, 0, 48]]
[691, [0, 32, 32, 132, 0, 48]]
[692, [8, 8, 8, 132, 0, 8]]
[693, [8, 24, 24, 132, 0, 8]]
[694, [8, 40, 40, 132, 0, 8]]
[695, [56, 56, 56, 132, 0, 8]]
[696, [56, 72, 72, 132, 0, 8]]
[697, [56, 88, 88, 132, 0, 8]]
[698, [104, 104, 104, 132, 0, 8]]
[699, [104, 120, 120, 462, 0, 8]]
[700, [104, 136, 136, 318, 144, 8]]
[701, [112, 112, 112, 174, 252, 4]]
[702, [72, 88, 88, 30, 360, 0]]
[703, [42, 74, 74, 30, 324, 6]]
[704, [50, 50, 50, 30, 288, 2]]
[705, [20, 36, 36, 30, 252, 8]]
[706, [0, 32, 32, 30, 216, 24]]
[707, [8, 8, 8, 30, 180, 20]]
[708, [8, 24, 24, 30, 144, 56]]
[709, [8, 40, 40, 30, 108, 92]]
[710, [6, 6, 6, 30, 72, 78]]
[711, [6, 22, 22, 30, 36, 114]]
[712, [6, 38, 38, 30, 0, 150]]
[713, [4, 4, 4, 30, 0, 100]]
[714, [4, 20, 20, 30, 0, 100]]
[715, [4, 36, 36, 30, 0, 100]]
[716, [2, 2, 2, 30, 0, 50]]
[717, [2, 18, 18, 30, 0, 50]]
[718, [2, 34, 34, 30, 0, 50]]
[719, [0, 0, 0, 360, 0, 0]]
[720, [0, 16, 16, 216, 144, 0]]
[721, [0, 32, 32, 72, 252, 36]]
[722, [8, 8, 8, 72, 216, 32]]
[723, [8, 24, 24, 72, 180, 68]]
[724, [8, 40, 40, 72, 144, 104]]
[725, [6, 6, 6, 72, 108, 90]]
[726, [6, 22, 22, 72, 72, 126]]
[727, [6, 38, 38, 72, 36, 162]]
[728, [4, 4, 4, 72, 0, 148]]
[729, [4, 20, 20, 72, 0, 148]]
[730, [4, 36, 36, 72, 0, 148]]
[731, [2, 2, 2, 72, 0, 98]]
[732, [2, 18, 18, 72, 0, 98]]
[733, [2, 34, 34, 72, 0, 98]]
[734, [0, 0, 0, 72, 0, 48]]
[735, [0, 16, 16, 72, 0, 48]]
[736, [0, 32, 32, 72, 0, 48]]
[737, [8, 8, 8, 72, 0, 8]]
[738, [8, 24, 24, 72, 0, 8]]
[739, [8, 40, 40, 402, 0, 8]]
[740, [56, 56, 56, 258, 144, 8]]
[741, [16, 32, 32, 114, 252, 4]]
[742, [6, 38, 38, 114, 216, 30]]
[743, [4, 4, 4, 114, 180, 16]]
[744, [4, 20, 20, 114, 144, 52]]
[745, [4, 36, 36, 114, 108, 88]]
[746, [2, 2, 2, 114, 72, 74]]
[747, [2, 18, 18, 114, 36, 110]]
[748, [2, 34, 34, 114, 0, 146]]
[749, [0, 0, 0, 114, 0, 96]]
[750, [0, 16, 16, 114, 0, 96]]
[751, [0, 32, 32, 114, 0, 96]]
[752, [8, 8, 8, 114, 0, 56]]
[753, [8, 24, 24, 114, 0, 56]]
[754, [8, 40, 40, 114, 0, 56]]
[755, [6, 6, 6, 114, 0, 6]]
[756, [6, 22, 22, 114, 0, 6]]
[757, [6, 38, 38, 114, 0, 6]]
[758, [54, 54, 54, 114, 0, 6]]
[759, [54, 70, 70, 444, 0, 6]]
[760, [54, 86, 86, 300, 144, 6]]
[761, [62, 62, 62, 156, 252, 2]]
[762, [32, 48, 48, 12, 360, 8]]
[763, [2, 34, 34, 12, 324, 14]]
[764, [0, 0, 0, 12, 288, 0]]
[765, [0, 16, 16, 12, 252, 36]]
[766, [0, 32, 32, 12, 216, 72]]
[767, [8, 8, 8, 12, 180, 68]]
[768, [8, 24, 24, 12, 144, 104]]
[769, [8, 40, 40, 12, 108, 140]]
[770, [6, 6, 6, 12, 72, 126]]
[771, [6, 22, 22, 12, 36, 162]]
[772, [6, 38, 38, 12, 0, 198]]
[773, [4, 4, 4, 12, 0, 148]]
[774, [4, 20, 20, 12, 0, 148]]
[775, [4, 36, 36, 12, 0, 148]]
[776, [2, 2, 2, 12, 0, 98]]
[777, [2, 18, 18, 12, 0, 98]]
[778, [2, 34, 34, 12, 0, 98]]
[779, [0, 0, 0, 342, 0, 48]]
[780, [0, 16, 16, 198, 144, 48]]
[781, [0, 32, 32, 54, 252, 84]]
[782, [8, 8, 8, 54, 216, 80]]
[783, [8, 24, 24, 54, 180, 116]]
[784, [8, 40, 40, 54, 144, 152]]
[785, [6, 6, 6, 54, 108, 138]]
[786, [6, 22, 22, 54, 72, 174]]
[787, [6, 38, 38, 54, 36, 210]]
[788, [4, 4, 4, 54, 0, 196]]
[789, [4, 20, 20, 54, 0, 196]]
[790, [4, 36, 36, 54, 0, 196]]
[791, [2, 2, 2, 54, 0, 146]]
[792, [2, 18, 18, 54, 0, 146]]
[793, [2, 34, 34, 54, 0, 146]]
[794, [0, 0, 0, 54, 0, 96]]
[795, [0, 16, 16, 54, 0, 96]]
[796, [0, 32, 32, 54, 0, 96]]
[797, [8, 8, 8, 54, 0, 56]]
[798, [8, 24, 24, 54, 0, 56]]
[799, [8, 40, 40, 384, 0, 56]]
[800, [6, 6, 6, 240, 144, 6]]
[801, [6, 22, 22, 96, 252, 42]]
[802, [6, 38, 38, 96, 216, 78]]
[803, [4, 4, 4, 96, 180, 64]]
[804, [4, 20, 20, 96, 144, 100]]
[805, [4, 36, 36, 96, 108, 136]]
[806, [2, 2, 2, 96, 72, 122]]
[807, [2, 18, 18, 96, 36, 158]]
[808, [2, 34, 34, 96, 0, 194]]
[809, [0, 0, 0, 96, 0, 144]]
[810, [0, 16, 16, 96, 0, 144]]
[811, [0, 32, 32, 96, 0, 144]]
[812, [8, 8, 8, 96, 0, 104]]
[813, [8, 24, 24, 96, 0, 104]]
[814, [8, 40, 40, 96, 0, 104]]
[815, [6, 6, 6, 96, 0, 54]]
[816, [6, 22, 22, 96, 0, 54]]
[817, [6, 38, 38, 96, 0, 54]]
[818, [4, 4, 4, 96, 0, 4]]
[819, [4, 20, 20, 426, 0, 4]]
[820, [4, 36, 36, 282, 144, 4]]
[821, [12, 12, 12, 138, 252, 0]]
[822, [2, 18, 18, 138, 216, 26]]
[823, [2, 34, 34, 138, 180, 62]]
[824, [0, 0, 0, 138, 144, 48]]
[825, [0, 16, 16, 138, 108, 84]]
[826, [0, 32, 32, 138, 72, 120]]
[827, [8, 8, 8, 138, 36, 116]]
[828, [8, 24, 24, 138, 0, 152]]
[829, [8, 40, 40, 138, 0, 152]]
[830, [6, 6, 6, 138, 0, 102]]
[831, [6, 22, 22, 138, 0, 102]]
[832, [6, 38, 38, 138, 0, 102]]
[833, [4, 4, 4, 138, 0, 52]]
[834, [4, 20, 20, 138, 0, 52]]
[835, [4, 36, 36, 138, 0, 52]]
[836, [2, 2, 2, 138, 0, 2]]
[837, [2, 18, 18, 138, 0, 2]]
[838, [2, 34, 34, 138, 0, 2]]
[839, [50, 50, 50, 468, 0, 2]]
[840, [50, 66, 66, 324, 144, 2]]
[841, [20, 52, 52, 180, 252, 8]]
[842, [28, 28, 28, 36, 360, 4]]
[843, [8, 24, 24, 36, 324, 20]]
[844, [8, 40, 40, 36, 288, 56]]
[845, [6, 6, 6, 36, 252, 42]]
[846, [6, 22, 22, 36, 216, 78]]
[847, [6, 38, 38, 36, 180, 114]]
[848, [4, 4, 4, 36, 144, 100]]
[849, [4, 20, 20, 36, 108, 136]]
[850, [4, 36, 36, 36, 72, 172]]
[851, [2, 2, 2, 36, 36, 158]]
[852, [2, 18, 18, 36, 0, 194]]
[853, [2, 34, 34, 36, 0, 194]]
[854, [0, 0, 0, 36, 0, 144]]
[855, [0, 16, 16, 36, 0, 144]]
[856, [0, 32, 32, 36, 0, 144]]
[857, [8, 8, 8, 36, 0, 104]]
[858, [8, 24, 24, 36, 0, 104]]
[859, [8, 40, 40, 366, 0, 104]]
[860, [6, 6, 6, 222, 144, 54]]
[861, [6, 22, 22, 78, 252, 90]]
[862, [6, 38, 38, 78, 216, 126]]
[863, [4, 4, 4, 78, 180, 112]]
[864, [4, 20, 20, 78, 144, 148]]
[865, [4, 36, 36, 78, 108, 184]]
[866, [2, 2, 2, 78, 72, 170]]
[867, [2, 18, 18, 78, 36, 206]]
[868, [2, 34, 34, 78, 0, 242]]
[869, [0, 0, 0, 78, 0, 192]]
[870, [0, 16, 16, 78, 0, 192]]
[871, [0, 32, 32, 78, 0, 192]]
[872, [8, 8, 8, 78, 0, 152]]
[873, [8, 24, 24, 78, 0, 152]]
[874, [8, 40, 40, 78, 0, 152]]
[875, [6, 6, 6, 78, 0, 102]]
[876, [6, 22, 22, 78, 0, 102]]
[877, [6, 38, 38, 78, 0, 102]]
[878, [4, 4, 4, 78, 0, 52]]
[879, [4, 20, 20, 408, 0, 52]]
[880, [4, 36, 36, 264, 144, 52]]
[881, [2, 2, 2, 120, 252, 38]]
[882, [2, 18, 18, 120, 216, 74]]
[883, [2, 34, 34, 120, 180, 110]]
[884, [0, 0, 0, 120, 144, 96]]
[885, [0, 16, 16, 120, 108, 132]]
[886, [0, 32, 32, 120, 72, 168]]
[887, [8, 8, 8, 120, 36, 164]]
[888, [8, 24, 24, 120, 0, 200]]
[889, [8, 40, 40, 120, 0, 200]]
[890, [6, 6, 6, 120, 0, 150]]
[891, [6, 22, 22, 120, 0, 150]]
[892, [6, 38, 38, 120, 0, 150]]
[893, [4, 4, 4, 120, 0, 100]]
[894, [4, 20, 20, 120, 0, 100]]
[895, [4, 36, 36, 120, 0, 100]]
[896, [2, 2, 2, 120, 0, 50]]
[897, [2, 18, 18, 120, 0, 50]]
[898, [2, 34, 34, 120, 0, 50]]
[899, [0, 0, 0, 450, 0, 0]]
[900, [0, 16, 16, 306, 144, 0]]
[901, [0, 32, 32, 162, 252, 36]]
[902, [8, 8, 8, 18, 360, 32]]
[903, [8, 24, 24, 18, 324, 68]]
[904, [8, 40, 40, 18, 288, 104]]
[905, [6, 6, 6, 18, 252, 90]]
[906, [6, 22, 22, 18, 216, 126]]
[907, [6, 38, 38, 18, 180, 162]]
[908, [4, 4, 4, 18, 144, 148]]
[909, [4, 20, 20, 18, 108, 184]]
[910, [4, 36, 36, 18, 72, 220]]
[911, [2, 2, 2, 18, 36, 206]]
[912, [2, 18, 18, 18, 0, 242]]
[913, [2, 34, 34, 18, 0, 242]]
[914, [0, 0, 0, 18, 0, 192]]
[915, [0, 16, 16, 18, 0, 192]]
[916, [0, 32, 32, 18, 0, 192]]
[917, [8, 8, 8, 18, 0, 152]]
[918, [8, 24, 24, 18, 0, 152]]
[919, [8, 40, 40, 348, 0, 152]]
[920, [6, 6, 6, 204, 144, 102]]
[921, [6, 22, 22, 60, 252, 138]]
[922, [6, 38, 38, 60, 216, 174]]
[923, [4, 4, 4, 60, 180, 160]]
[924, [4, 20, 20, 60, 144, 196]]
[925, [4, 36, 36, 60, 108, 232]]
[926, [2, 2, 2, 60, 72, 218]]
[927, [2, 18, 18, 60, 36, 254]]
[928, [2, 34, 34, 60, 0, 290]]
[929, [0, 0, 0, 60, 0, 240]]
[930, [0, 16, 16, 60, 0, 240]]
[931, [0, 32, 32, 60, 0, 240]]
[932, [8, 8, 8, 60, 0, 200]]
[933, [8, 24, 24, 60, 0, 200]]
[934, [8, 40, 40, 60, 0, 200]]
[935, [6, 6, 6, 60, 0, 150]]
[936, [6, 22, 22, 60, 0, 150]]
[937, [6, 38, 38, 60, 0, 150]]
[938, [4, 4, 4, 60, 0, 100]]
[939, [4, 20, 20, 390, 0, 100]]
[940, [4, 36, 36, 246, 144, 100]]
[941, [2, 2, 2, 102, 252, 86]]
[942, [2, 18, 18, 102, 216, 122]]
[943, [2, 34, 34, 102, 180, 158]]
[944, [0, 0, 0, 102, 144, 144]]
[945, [0, 16, 16, 102, 108, 180]]
[946, [0, 32, 32, 102, 72, 216]]
[947, [8, 8, 8, 102, 36, 212]]
[948, [8, 24, 24, 102, 0, 248]]
[949, [8, 40, 40, 102, 0, 248]]
[950, [6, 6, 6, 102, 0, 198]]
[951, [6, 22, 22, 102, 0, 198]]
[952, [6, 38, 38, 102, 0, 198]]
[953, [4, 4, 4, 102, 0, 148]]
[954, [4, 20, 20, 102, 0, 148]]
[955, [4, 36, 36, 102, 0, 148]]
[956, [2, 2, 2, 102, 0, 98]]
[957, [2, 18, 18, 102, 0, 98]]
[958, [2, 34, 34, 102, 0, 98]]
[959, [0, 0, 0, 432, 0, 48]]
[960, [0, 16, 16, 288, 144, 48]]
[961, [0, 32, 32, 144, 252, 84]]
[962, [8, 8, 8, 0, 360, 80]]
[963, [8, 24, 24, 0, 324, 116]]
[964, [8, 40, 40, 0, 288, 152]]
[965, [6, 6, 6, 0, 252, 138]]
[966, [6, 22, 22, 0, 216, 174]]
[967, [6, 38, 38, 0, 180, 210]]
[968, [4, 4, 4, 0, 144, 196]]
[969, [4, 20, 20, 0, 108, 232]]
[970, [4, 36, 36, 0, 72, 268]]
[971, [2, 2, 2, 0, 36, 254]]
[972, [2, 18, 18, 0, 0, 290]]
[973, [2, 34, 34, 0, 0, 290]]
[974, [0, 0, 0, 0, 0, 240]]
[975, [0, 16, 16, 0, 0, 240]]
[976, [0, 32, 32, 0, 0, 240]]
[977, [8, 8, 8, 0, 0, 200]]
[978, [8, 24, 24, 0, 0, 200]]
[979, [8, 40, 40, 330, 0, 200]]
[980, [6, 6, 6, 186, 144, 150]]
[981, [6, 22, 22, 42, 252, 186]]
[982, [6, 38, 38, 42, 216, 222]]
[983, [4, 4, 4, 42, 180, 208]]
[984, [4, 20, 20, 42, 144, 244]]
[985, [4, 36, 36, 42, 108, 280]]
[986, [2, 2, 2, 42, 72, 266]]
[987, [2, 18, 18, 42, 36, 302]]
[988, [2, 34, 34, 42, 0, 338]]
[989, [0, 0, 0, 42, 0, 288]]
[990, [0, 16, 16, 42, 0, 288]]
[991, [0, 32, 32, 42, 0, 288]]
[992, [8, 8, 8, 42, 0, 248]]
[993, [8, 24, 24, 42, 0, 248]]
[994, [8, 40, 40, 42, 0, 248]]
[995, [6, 6, 6, 42, 0, 198]]
[996, [6, 22, 22, 42, 0, 198]]
[997, [6, 38, 38, 42, 0, 198]]
[998, [4, 4, 4, 42, 0, 148]]
[999, [4, 20, 20, 372, 0, 148]]
[1000, [4, 36, 36, 228, 144, 148]]
[1001, [2, 2, 2, 84, 252, 134]]
[1002, [2, 18, 18, 84, 216, 170]]
[1003, [2, 34, 34, 84, 180, 206]]
[1004, [0, 0, 0, 84, 144, 192]]
[1005, [0, 16, 16, 84, 108, 228]]
[1006, [0, 32, 32, 84, 72, 264]]
[1007, [8, 8, 8, 84, 36, 260]]
[1008, [8, 24, 24, 84, 0, 296]]
[1009, [8, 40, 40, 84, 0, 296]]
[1010, [6, 6, 6, 84, 0, 246]]
[1011, [6, 22, 22, 84, 0, 246]]
[1012, [6, 38, 38, 84, 0, 246]]
[1013, [0, 4, 4, 84, 0, 196]]
[1014, [0, 20, 20, 84, 0, 196]]
[1015, [0, 36, 36, 84, 0, 196]]
[1016, [4, 12, 12, 84, 0, 156]]
[1017, [4, 28, 28, 84, 0, 156]]
[1018, [4, 44, 44, 84, 0, 156]]
[1019, [8, 20, 20, 414, 0, 116]]
[1020, [8, 36, 36, 270, 144, 116]]
[1021, [8, 52, 52, 126, 252, 152]]
[1022, [2, 18, 18, 126, 216, 138]]
[1023, [2, 34, 34, 126, 180, 174]]
[1024, [2, 50, 50, 126, 144, 210]]
[1025, [0, 16, 16, 126, 108, 196]]
[1026, [0, 32, 32, 126, 72, 232]]
[1027, [0, 48, 48, 126, 36, 268]]
[1028, [8, 24, 24, 126, 0, 264]]
[1029, [8, 40, 40, 126, 0, 264]]
[1030, [8, 56, 56, 126, 0, 264]]
[1031, [6, 22, 22, 126, 0, 214]]
[1032, [6, 38, 38, 126, 0, 214]]
[1033, [6, 54, 54, 126, 0, 214]]
[1034, [4, 20, 20, 126, 0, 164]]
[1035, [4, 36, 36, 126, 0, 164]]
[1036, [4, 52, 52, 126, 0, 164]]
[1037, [2, 18, 18, 126, 0, 114]]
[1038, [2, 34, 34, 126, 0, 114]]
[1039, [2, 50, 50, 456, 0, 114]]
[1040, [0, 16, 16, 312, 144, 64]]
[1041, [0, 32, 32, 168, 252, 100]]
[1042, [0, 48, 48, 24, 360, 136]]
[1043, [8, 24, 24, 24, 324, 132]]
[1044, [8, 40, 40, 24, 288, 168]]
[1045, [8, 56, 56, 24, 252, 204]]
[1046, [6, 22, 22, 24, 216, 190]]
[1047, [6, 38, 38, 24, 180, 226]]
[1048, [6, 54, 54, 24, 144, 262]]
[1049, [4, 20, 20, 24, 108, 248]]
[1050, [4, 36, 36, 24, 72, 284]]
[1051, [4, 52, 52, 24, 36, 320]]
[1052, [2, 18, 18, 24, 0, 306]]
[1053, [2, 34, 34, 24, 0, 306]]
[1054, [2, 50, 50, 24, 0, 306]]
[1055, [0, 16, 16, 24, 0, 256]]
[1056, [0, 32, 32, 24, 0, 256]]
[1057, [0, 48, 48, 24, 0, 256]]
[1058, [8, 24, 24, 24, 0, 216]]
[1059, [8, 40, 40, 354, 0, 216]]
[1060, [8, 56, 56, 210, 144, 216]]
[1061, [6, 22, 22, 66, 252, 202]]
[1062, [6, 38, 38, 66, 216, 238]]
[1063, [6, 54, 54, 66, 180, 274]]
[1064, [4, 20, 20, 66, 144, 260]]
[1065, [4, 36, 36, 66, 108, 296]]
[1066, [4, 52, 52, 66, 72, 332]]
[1067, [2, 18, 18, 66, 36, 318]]
[1068, [2, 34, 34, 66, 0, 354]]
[1069, [2, 50, 50, 66, 0, 354]]
[1070, [0, 16, 16, 66, 0, 304]]
[1071, [0, 32, 32, 66, 0, 304]]
[1072, [0, 48, 48, 66, 0, 304]]
[1073, [8, 24, 24, 66, 0, 264]]
[1074, [8, 40, 40, 66, 0, 264]]
[1075, [8, 56, 56, 66, 0, 264]]
[1076, [6, 22, 22, 66, 0, 214]]
[1077, [6, 38, 38, 66, 0, 214]]
[1078, [6, 54, 54, 66, 0, 214]]
[1079, [4, 20, 20, 396, 0, 164]]
[1080, [4, 36, 36, 252, 144, 164]]
[1081, [4, 52, 52, 108, 252, 200]]
[1082, [2, 18, 18, 108, 216, 186]]
[1083, [2, 34, 34, 108, 180, 222]]
[1084, [2, 50, 50, 108, 144, 258]]
[1085, [0, 16, 16, 108, 108, 244]]
[1086, [0, 32, 32, 108, 72, 280]]
[1087, [0, 48, 48, 108, 36, 316]]
[1088, [8, 24, 24, 108, 0, 312]]
[1089, [8, 40, 40, 108, 0, 312]]
[1090, [8, 56, 56, 108, 0, 312]]
[1091, [6, 22, 22, 108, 0, 262]]
[1092, [6, 38, 38, 108, 0, 262]]
[1093, [6, 54, 54, 108, 0, 262]]
[1094, [4, 20, 20, 108, 0, 212]]
[1095, [4, 36, 36, 108, 0, 212]]
[1096, [4, 52, 52, 108, 0, 212]]
[1097, [2, 18, 18, 108, 0, 162]]
[1098, [2, 34, 34, 108, 0, 162]]
[1099, [2, 50, 50, 438, 0, 162]]
[1100, [0, 16, 16, 294, 144, 112]]
[1101, [0, 32, 32, 150, 252, 148]]
[1102, [0, 48, 48, 6, 360, 184]]
[1103, [8, 24, 24, 6, 324, 180]]
[1104, [8, 40, 40, 6, 288, 216]]
[1105, [8, 56, 56, 6, 252, 252]]
[1106, [6, 22, 22, 6, 216, 238]]
[1107, [6, 38, 38, 6, 180, 274]]
[1108, [6, 54, 54, 6, 144, 310]]
[1109, [4, 20, 20, 6, 108, 296]]
[1110, [4, 36, 36, 6, 72, 332]]
[1111, [4, 52, 52, 6, 36, 368]]
[1112, [2, 18, 18, 6, 0, 354]]
[1113, [2, 34, 34, 6, 0, 354]]
[1114, [2, 50, 50, 6, 0, 354]]
[1115, [0, 16, 16, 6, 0, 304]]
[1116, [0, 32, 32, 6, 0, 304]]
[1117, [0, 48, 48, 6, 0, 304]]
[1118, [8, 24, 24, 6, 0, 264]]
[1119, [8, 40, 40, 336, 0, 264]]
[1120, [8, 56, 56, 192, 144, 264]]
[1121, [6, 22, 22, 48, 252, 250]]
[1122, [6, 38, 38, 48, 216, 286]]
[1123, [6, 54, 54, 48, 180, 322]]
[1124, [4, 20, 20, 48, 144, 308]]
[1125, [4, 36, 36, 48, 108, 344]]
[1126, [4, 52, 52, 48, 72, 380]]
[1127, [2, 18, 18, 48, 36, 366]]
[1128, [2, 34, 34, 48, 0, 402]]
[1129, [2, 50, 50, 48, 0, 402]]
[1130, [0, 16, 16, 48, 0, 352]]
[1131, [0, 32, 32, 48, 0, 352]]
[1132, [0, 48, 48, 48, 0, 352]]
[1133, [8, 24, 24, 48, 0, 312]]
[1134, [8, 40, 40, 48, 0, 312]]
[1135, [8, 56, 56, 48, 0, 312]]
[1136, [6, 22, 22, 48, 0, 262]]
[1137, [6, 38, 38, 48, 0, 262]]
[1138, [6, 54, 54, 48, 0, 262]]
[1139, [4, 20, 20, 378, 0, 212]]
[1140, [4, 36, 36, 234, 144, 212]]
[1141, [4, 52, 52, 90, 252, 248]]
[1142, [2, 18, 18, 90, 216, 234]]
[1143, [2, 34, 34, 90, 180, 270]]
[1144, [2, 50, 50, 90, 144, 306]]
[1145, [0, 16, 16, 90, 108, 292]]
[1146, [0, 32, 32, 90, 72, 328]]
[1147, [0, 48, 48, 90, 36, 364]]
[1148, [8, 24, 24, 90, 0, 360]]
[1149, [8, 40, 40, 90, 0, 360]]
[1150, [8, 56, 56, 90, 0, 360]]
[1151, [6, 22, 22, 90, 0, 310]]
[1152, [6, 38, 38, 90, 0, 310]]
[1153, [6, 54, 54, 90, 0, 310]]
[1154, [4, 20, 20, 90, 0, 260]]
[1155, [4, 36, 36, 90, 0, 260]]
[1156, [4, 52, 52, 90, 0, 260]]
[1157, [2, 18, 18, 90, 0, 210]]
[1158, [2, 34, 34, 90, 0, 210]]
[1159, [2, 50, 50, 420, 0, 210]]
[1160, [0, 16, 16, 276, 144, 160]]
[1161, [0, 32, 32, 132, 252, 196]]
[1162, [0, 48, 48, 132, 216, 232]]
[1163, [8, 24, 24, 132, 180, 228]]
[1164, [8, 40, 40, 132, 144, 264]]
[1165, [8, 56, 56, 132, 108, 300]]
[1166, [6, 22, 22, 132, 72, 286]]
[1167, [6, 38, 38, 132, 36, 322]]
[1168, [6, 54, 54, 132, 0, 358]]
[1169, [4, 20, 20, 132, 0, 308]]
[1170, [4, 36, 36, 132, 0, 308]]
[1171, [4, 52, 52, 132, 0, 308]]
[1172, [2, 18, 18, 132, 0, 258]]
[1173, [2, 34, 34, 132, 0, 258]]
[1174, [2, 50, 50, 132, 0, 258]]
[1175, [0, 16, 16, 132, 0, 208]]
[1176, [0, 32, 32, 132, 0, 208]]
[1177, [0, 48, 48, 132, 0, 208]]
[1178, [8, 24, 24, 132, 0, 168]]
[1179, [8, 40, 40, 462, 0, 168]]
[1180, [8, 56, 56, 318, 144, 168]]
[1181, [6, 22, 22, 174, 252, 154]]
[1182, [6, 38, 38, 30, 360, 190]]
[1183, [6, 54, 54, 30, 324, 226]]
[1184, [4, 20, 20, 30, 288, 212]]
[1185, [4, 36, 36, 30, 252, 248]]
[1186, [4, 52, 52, 30, 216, 284]]
[1187, [2, 18, 18, 30, 180, 270]]
[1188, [2, 34, 34, 30, 144, 306]]
[1189, [2, 50, 50, 30, 108, 342]]
[1190, [0, 16, 16, 30, 72, 328]]
[1191, [0, 32, 32, 30, 36, 364]]
[1192, [0, 48, 48, 30, 0, 400]]
[1193, [8, 24, 24, 30, 0, 360]]
[1194, [8, 40, 40, 30, 0, 360]]
[1195, [8, 56, 56, 30, 0, 360]]
[1196, [6, 22, 22, 30, 0, 310]]
[1197, [6, 38, 38, 30, 0, 310]]
[1198, [6, 54, 54, 30, 0, 310]]
[1199, [4, 20, 20, 360, 0, 260]]
[1200, [4, 36, 36, 216, 144, 260]]
[1201, [4, 52, 52, 72, 252, 296]]
[1202, [2, 18, 18, 72, 216, 282]]
[1203, [2, 34, 34, 72, 180, 318]]
[1204, [2, 50, 50, 72, 144, 354]]
[1205, [0, 16, 16, 72, 108, 340]]
[1206, [0, 32, 32, 72, 72, 376]]
[1207, [0, 48, 48, 72, 36, 412]]
[1208, [8, 24, 24, 72, 0, 408]]
[1209, [8, 40, 40, 72, 0, 408]]
[1210, [8, 56, 56, 72, 0, 408]]
[1211, [6, 22, 22, 72, 0, 358]]
[1212, [6, 38, 38, 72, 0, 358]]
[1213, [6, 54, 54, 72, 0, 358]]
[1214, [4, 20, 20, 72, 0, 308]]
[1215, [4, 36, 36, 72, 0, 308]]
[1216, [4, 52, 52, 72, 0, 308]]
[1217, [2, 18, 18, 72, 0, 258]]
[1218, [2, 34, 34, 72, 0, 258]]
[1219, [2, 50, 50, 402, 0, 258]]
[1220, [0, 16, 16, 258, 144, 208]]
[1221, [0, 32, 32, 114, 252, 244]]
[1222, [0, 48, 48, 114, 216, 280]]
[1223, [8, 24, 24, 114, 180, 276]]
[1224, [8, 40, 40, 114, 144, 312]]
[1225, [8, 56, 56, 114, 108, 348]]
[1226, [6, 22, 22, 114, 72, 334]]
[1227, [6, 38, 38, 114, 36, 370]]
[1228, [6, 54, 54, 114, 0, 406]]
[1229, [4, 20, 20, 114, 0, 356]]
[1230, [4, 36, 36, 114, 0, 356]]
[1231, [4, 52, 52, 114, 0, 356]]
[1232, [2, 18, 18, 114, 0, 306]]
[1233, [2, 34, 34, 114, 0, 306]]
[1234, [2, 50, 50, 114, 0, 306]]
[1235, [0, 16, 16, 114, 0, 256]]
[1236, [0, 32, 32, 114, 0, 256]]
[1237, [0, 48, 48, 114, 0, 256]]
[1238, [8, 24, 24, 114, 0, 216]]
[1239, [8, 40, 40, 444, 0, 216]]
[1240, [8, 56, 56, 300, 144, 216]]
[1241, [6, 22, 22, 156, 252, 202]]
[1242, [6, 38, 38, 12, 360, 238]]
[1243, [6, 54, 54, 12, 324, 274]]
[1244, [4, 20, 20, 12, 288, 260]]
[1245, [4, 36, 36, 12, 252, 296]]
[1246, [4, 52, 52, 12, 216, 332]]
[1247, [2, 18, 18, 12, 180, 318]]
[1248, [2, 34, 34, 12, 144, 354]]
[1249, [2, 50, 50, 12, 108, 390]]
[1250, [0, 16, 16, 12, 72, 376]]
[1251, [0, 32, 32, 12, 36, 412]]
[1252, [0, 48, 48, 12, 0, 448]]
[1253, [8, 24, 24, 12, 0, 408]]
[1254, [8, 40, 40, 12, 0, 408]]
[1255, [8, 56, 56, 12, 0, 408]]
[1256, [6, 22, 22, 12, 0, 358]]
[1257, [6, 38, 38, 12, 0, 358]]
[1258, [6, 54, 54, 12, 0, 358]]
[1259, [4, 20, 20, 342, 0, 308]]
[1260, [4, 36, 36, 198, 144, 308]]
[1261, [4, 52, 52, 54, 252, 344]]
[1262, [2, 18, 18, 54, 216, 330]]
[1263, [2, 34, 34, 54, 180, 366]]
[1264, [2, 50, 50, 54, 144, 402]]
[1265, [0, 16, 16, 54, 108, 388]]
[1266, [0, 32, 32, 54, 72, 424]]
[1267, [0, 48, 48, 54, 36, 460]]
[1268, [8, 24, 24, 54, 0, 456]]
[1269, [8, 40, 40, 54, 0, 456]]
[1270, [8, 56, 56, 54, 0, 456]]
[1271, [6, 22, 22, 54, 0, 406]]
[1272, [6, 38, 38, 54, 0, 406]]
[1273, [6, 54, 54, 54, 0, 406]]
[1274, [4, 20, 20, 54, 0, 356]]
[1275, [4, 36, 36, 54, 0, 356]]
[1276, [4, 52, 52, 54, 0, 356]]
[1277, [2, 18, 18, 54, 0, 306]]
[1278, [2, 34, 34, 54, 0, 306]]
[1279, [2, 50, 50, 384, 0, 306]]
[1280, [0, 16, 16, 240, 144, 256]]
[1281, [0, 32, 32, 96, 252, 292]]
[1282, [0, 48, 48, 96, 216, 328]]
[1283, [8, 24, 24, 96, 180, 324]]
[1284, [8, 40, 40, 96, 144, 360]]
[1285, [8, 56, 56, 96, 108, 396]]
[1286, [6, 22, 22, 96, 72, 382]]
[1287, [6, 38, 38, 96, 36, 418]]
[1288, [6, 54, 54, 96, 0, 454]]
[1289, [4, 20, 20, 96, 0, 404]]
[1290, [4, 36, 36, 96, 0, 404]]
[1291, [4, 52, 52, 96, 0, 404]]
[1292, [2, 18, 18, 96, 0, 354]]
[1293, [2, 34, 34, 96, 0, 354]]
[1294, [2, 50, 50, 96, 0, 354]]
[1295, [0, 16, 16, 96, 0, 304]]
[1296, [0, 32, 32, 96, 0, 304]]
[1297, [0, 48, 48, 96, 0, 304]]
[1298, [8, 24, 24, 96, 0, 264]]
[1299, [8, 40, 40, 426, 0, 264]]
[1300, [8, 56, 56, 282, 144, 264]]
[1301, [6, 22, 22, 138, 252, 250]]
[1302, [6, 38, 38, 138, 216, 286]]
[1303, [6, 54, 54, 138, 180, 322]]
[1304, [4, 20, 20, 138, 144, 308]]
[1305, [4, 36, 36, 138, 108, 344]]
[1306, [4, 52, 52, 138, 72, 380]]
[1307, [2, 18, 18, 138, 36, 366]]
[1308, [2, 34, 34, 138, 0, 402]]
[1309, [2, 50, 50, 138, 0, 402]]
[1310, [0, 16, 16, 138, 0, 352]]
[1311, [0, 32, 32, 138, 0, 352]]
[1312, [0, 48, 48, 138, 0, 352]]
[1313, [8, 24, 24, 138, 0, 312]]
[1314, [8, 40, 40, 138, 0, 312]]
[1315, [8, 56, 56, 138, 0, 312]]
[1316, [6, 22, 22, 138, 0, 262]]
[1317, [6, 38, 38, 138, 0, 262]]
[1318, [6, 54, 54, 138, 0, 262]]
[1319, [4, 20, 20, 468, 0, 212]]
[1320, [4, 36, 36, 324, 144, 212]]
[1321, [4, 52, 52, 180, 252, 248]]
[1322, [2, 18, 18, 36, 360, 234]]
[1323, [2, 34, 34, 36, 324, 270]]
[1324, [2, 50, 50, 36, 288, 306]]
[1325, [0, 16, 16, 36, 252, 292]]
[1326, [0, 32, 32, 36, 216, 328]]
[1327, [0, 48, 48, 36, 180, 364]]
[1328, [8, 24, 24, 36, 144, 360]]
[1329, [8, 40, 40, 36, 108, 396]]
[1330, [8, 56, 56, 36, 72, 432]]
[1331, [6, 22, 22, 36, 36, 418]]
[1332, [6, 38, 38, 36, 0, 454]]
[1333, [6, 54, 54, 36, 0, 454]]
[1334, [4, 20, 20, 36, 0, 404]]
[1335, [4, 36, 36, 36, 0, 404]]
[1336, [4, 52, 52, 36, 0, 404]]
[1337, [2, 18, 18, 36, 0, 354]]
[1338, [2, 34, 34, 36, 0, 354]]
[1339, [2, 50, 50, 366, 0, 354]]
[1340, [0, 16, 16, 222, 144, 304]]
[1341, [0, 32, 32, 78, 252, 340]]
[1342, [0, 48, 48, 78, 216, 376]]
[1343, [8, 24, 24, 78, 180, 372]]
[1344, [8, 40, 40, 78, 144, 408]]
[1345, [8, 56, 56, 78, 108, 444]]
[1346, [6, 22, 22, 78, 72, 430]]
[1347, [6, 38, 38, 78, 36, 466]]
[1348, [6, 54, 54, 78, 0, 502]]
[1349, [4, 20, 20, 78, 0, 452]]
[1350, [4, 36, 36, 78, 0, 452]]
[1351, [4, 52, 52, 78, 0, 452]]
[1352, [2, 18, 18, 78, 0, 402]]
[1353, [2, 34, 34, 78, 0, 402]]
[1354, [2, 50, 50, 78, 0, 402]]
[1355, [0, 16, 16, 78, 0, 352]]
[1356, [0, 32, 32, 78, 0, 352]]
[1357, [0, 48, 48, 78, 0, 352]]
[1358, [8, 24, 24, 78, 0, 312]]
[1359, [8, 40, 40, 408, 0, 312]]
[1360, [8, 56, 56, 264, 144, 312]]
[1361, [6, 22, 22, 120, 252, 298]]
[1362, [6, 38, 38, 120, 216, 334]]
[1363, [6, 54, 54, 120, 180, 370]]
[1364, [4, 20, 20, 120, 144, 356]]
[1365, [4, 36, 36, 120, 108, 392]]
[1366, [4, 52, 52, 120, 72, 428]]
[1367, [2, 18, 18, 120, 36, 414]]
[1368, [2, 34, 34, 120, 0, 450]]
[1369, [2, 50, 50, 120, 0, 450]]
[1370, [0, 16, 16, 120, 0, 400]]
[1371, [0, 32, 32, 120, 0, 400]]
[1372, [0, 48, 48, 120, 0, 400]]
[1373, [8, 24, 24, 120, 0, 360]]
[1374, [8, 40, 40, 120, 0, 360]]
[1375, [8, 56, 56, 120, 0, 360]]
[1376, [6, 22, 22, 120, 0, 310]]
[1377, [6, 38, 38, 120, 0, 310]]
[1378, [6, 54, 54, 120, 0, 310]]
[1379, [4, 20, 20, 450, 0, 260]]
[1380, [4, 36, 36, 306, 144, 260]]
[1381, [4, 52, 52, 162, 252, 296]]
[1382, [2, 18, 18, 18, 360, 282]]
[1383, [2, 34, 34, 18, 324, 318]]
[1384, [2, 50, 50, 18, 288, 354]]
[1385, [0, 16, 16, 18, 252, 340]]
[1386, [0, 32, 32, 18, 216, 376]]
[1387, [0, 48, 48, 18, 180, 412]]
[1388, [8, 24, 24, 18, 144, 408]]
[1389, [8, 40, 40, 18, 108, 444]]
[1390, [8, 56, 56, 18, 72, 480]]
[1391, [6, 22, 22, 18, 36, 466]]
[1392, [6, 38, 38, 18, 0, 502]]
[1393, [6, 54, 54, 18, 0, 502]]
[1394, [4, 20, 20, 18, 0, 452]]
[1395, [4, 36, 36, 18, 0, 452]]
[1396, [4, 52, 52, 18, 0, 452]]
[1397, [2, 18, 18, 18, 0, 402]]
[1398, [2, 34, 34, 18, 0, 402]]
[1399, [2, 50, 50, 348, 0, 402]]
[1400, [0, 16, 16, 204, 144, 352]]
[1401, [0, 32, 32, 60, 252, 388]]
[1402, [0, 48, 48, 60, 216, 424]]
[1403, [8, 24, 24, 60, 180, 420]]
[1404, [8, 40, 40, 60, 144, 456]]
[1405, [8, 56, 56, 60, 108, 492]]
[1406, [6, 22, 22, 60, 72, 478]]
[1407, [6, 38, 38, 60, 36, 514]]
[1408, [6, 54, 54, 60, 0, 550]]
[1409, [4, 20, 20, 60, 0, 500]]
[1410, [4, 36, 36, 60, 0, 500]]
[1411, [4, 52, 52, 60, 0, 500]]
[1412, [2, 18, 18, 60, 0, 450]]
[1413, [2, 34, 34, 60, 0, 450]]
[1414, [2, 50, 50, 60, 0, 450]]
[1415, [0, 16, 16, 60, 0, 400]]
[1416, [0, 32, 32, 60, 0, 400]]
[1417, [0, 48, 48, 60, 0, 400]]
[1418, [8, 24, 24, 60, 0, 360]]
[1419, [8, 40, 40, 390, 0, 360]]
[1420, [8, 56, 56, 246, 144, 360]]
[1421, [6, 22, 22, 102, 252, 346]]
[1422, [6, 38, 38, 102, 216, 382]]
[1423, [6, 54, 54, 102, 180, 418]]
[1424, [4, 20, 20, 102, 144, 404]]
[1425, [4, 36, 36, 102, 108, 440]]
[1426, [4, 52, 52, 102, 72, 476]]
[1427, [2, 18, 18, 102, 36, 462]]
[1428, [2, 34, 34, 102, 0, 498]]
[1429, [2, 50, 50, 102, 0, 498]]
[1430, [0, 16, 16, 102, 0, 448]]
[1431, [0, 32, 32, 102, 0, 448]]
[1432, [0, 48, 48, 102, 0, 448]]
[1433, [8, 24, 24, 102, 0, 408]]
[1434, [8, 40, 40, 102, 0, 408]]
[1435, [8, 56, 56, 102, 0, 408]]
[1436, [6, 22, 22, 102, 0, 358]]
[1437, [6, 38, 38, 102, 0, 358]]
[1438, [6, 54, 54, 102, 0, 358]]
[1439, [4, 20, 20, 432, 0, 308]]
