SimulationV03.py[0, 250]
[1, 120]
[2, 120]
[3, 228]
[4, 120]
[5, 120]
[6, 228]
[7, 120]
[8, 120]
[9, 228]
[10, 120]
[11, 120]
[12, 228]
[13, 120]
[14, 120]
[15, 228]
[16, 120]
[17, 120]
[18, 228]
[19, 120]
[20, 142]
[21, 228]
[22, 120]
[23, 120]
[24, 228]
[25, 120]
[26, 120]
[27, 228]
[28, 120]
[29, 120]
[30, 228]
[31, 120]
[32, 120]
[33, 228]
[34, 120]
[35, 120]
[36, 228]
[37, 120]
[38, 120]
[39, 228]
[40, 142]
[41, 120]
[42, 228]
[43, 120]
[44, 120]
[45, 228]
[46, 120]
[47, 120]
[48, 228]
[49, 120]
[50, 120]
[51, 228]
[52, 120]
[53, 120]
[54, 228]
[55, 120]
[56, 120]
[57, 228]
[58, 120]
[59, 120]
[60, 250]
[61, 120]
[62, 120]
[63, 228]
[64, 120]
[65, 120]
[66, 228]
[67, 120]
[68, 120]
[69, 228]
[70, 120]
[71, 120]
[72, 228]
[73, 120]
[74, 120]
[75, 228]
[76, 120]
[77, 120]
[78, 228]
[79, 120]
[80, 142]
[81, 228]
[82, 120]
[83, 120]
[84, 228]
[85, 120]
[86, 120]
[87, 228]
[88, 120]
[89, 120]
[90, 228]
[91, 120]
[92, 120]
[93, 228]
[94, 120]
[95, 120]
[96, 228]
[97, 120]
[98, 120]
[99, 228]
[100, 142]
[101, 120]
[102, 228]
[103, 120]
[104, 120]
[105, 228]
[106, 120]
[107, 120]
[108, 228]
[109, 120]
[110, 120]
[111, 228]
[112, 120]
[113, 120]
[114, 228]
[115, 120]
[116, 120]
[117, 228]
[118, 120]
[119, 120]
[120, 250]
[121, 120]
[122, 120]
[123, 228]
[124, 120]
[125, 120]
[126, 228]
[127, 120]
[128, 120]
[129, 228]
[130, 120]
[131, 120]
[132, 228]
[133, 120]
[134, 120]
[135, 228]
[136, 120]
[137, 120]
[138, 228]
[139, 120]
[140, 141]
[141, 229]
[142, 120]
[143, 120]
[144, 228]
[145, 120]
[146, 120]
[147, 228]
[148, 120]
[149, 120]
[150, 228]
[151, 120]
[152, 120]
[153, 228]
[154, 120]
[155, 120]
[156, 228]
[157, 120]
[158, 120]
[159, 228]
[160, 141]
[161, 121]
[162, 228]
[163, 120]
[164, 120]
[165, 228]
[166, 120]
[167, 120]
[168, 228]
[169, 120]
[170, 120]
[171, 228]
[172, 120]
[173, 120]
[174, 228]
[175, 120]
[176, 120]
[177, 228]
[178, 120]
[179, 120]
[180, 249]
[181, 121]
[182, 120]
[183, 228]
[184, 120]
[185, 120]
[186, 228]
[187, 120]
[188, 120]
[189, 228]
[190, 120]
[191, 120]
[192, 228]
[193, 120]
[194, 120]
[195, 228]
[196, 120]
[197, 120]
[198, 228]
[199, 120]
[200, 141]
[201, 229]
[202, 120]
[203, 120]
[204, 228]
[205, 120]
[206, 120]
[207, 228]
[208, 120]
[209, 120]
[210, 228]
[211, 120]
[212, 120]
[213, 228]
[214, 120]
[215, 120]
[216, 228]
[217, 120]
[218, 120]
[219, 228]
[220, 141]
[221, 121]
[222, 228]
[223, 120]
[224, 120]
[225, 228]
[226, 120]
[227, 120]
[228, 228]
[229, 120]
[230, 120]
[231, 228]
[232, 120]
[233, 120]
[234, 228]
[235, 120]
[236, 120]
[237, 228]
[238, 120]
[239, 120]
[240, 249]
[241, 121]
[242, 120]
[243, 228]
[244, 120]
[245, 120]
[246, 228]
[247, 120]
[248, 120]
[249, 228]
[250, 120]
[251, 120]
[252, 228]
[253, 120]
[254, 120]
[255, 228]
[256, 120]
[257, 120]
[258, 228]
[259, 120]
[260, 141]
[261, 229]
[262, 120]
[263, 120]
[264, 228]
[265, 120]
[266, 120]
[267, 228]
[268, 120]
[269, 120]
[270, 228]
[271, 120]
[272, 120]
[273, 228]
[274, 120]
[275, 120]
[276, 228]
[277, 120]
[278, 120]
[279, 228]
[280, 141]
[281, 121]
[282, 228]
[283, 120]
[284, 120]
[285, 228]
[286, 120]
[287, 120]
[288, 228]
[289, 120]
[290, 120]
[291, 228]
[292, 120]
[293, 120]
[294, 228]
[295, 120]
[296, 120]
[297, 228]
[298, 120]
[299, 120]
[300, 249]
[301, 121]
[302, 120]
[303, 228]
[304, 120]
[305, 120]
[306, 228]
[307, 120]
[308, 120]
[309, 228]
[310, 120]
[311, 120]
[312, 228]
[313, 120]
[314, 120]
[315, 228]
[316, 120]
[317, 120]
[318, 228]
[319, 120]
[320, 141]
[321, 229]
[322, 120]
[323, 120]
[324, 228]
[325, 120]
[326, 120]
[327, 228]
[328, 120]
[329, 120]
[330, 228]
[331, 120]
[332, 120]
[333, 228]
[334, 120]
[335, 120]
[336, 228]
[337, 120]
[338, 120]
[339, 228]
[340, 140]
[341, 121]
[342, 228]
[343, 121]
[344, 120]
[345, 228]
[346, 120]
[347, 120]
[348, 228]
[349, 120]
[350, 120]
[351, 228]
[352, 120]
[353, 120]
[354, 228]
[355, 120]
[356, 120]
[357, 228]
[358, 120]
[359, 120]
[360, 248]
[361, 121]
[362, 120]
[363, 229]
[364, 120]
[365, 120]
[366, 228]
[367, 120]
[368, 120]
[369, 228]
[370, 120]
[371, 120]
[372, 228]
[373, 120]
[374, 120]
[375, 228]
[376, 120]
[377, 120]
[378, 228]
[379, 120]
[380, 140]
[381, 229]
[382, 120]
[383, 121]
[384, 228]
[385, 120]
[386, 120]
[387, 228]
[388, 120]
[389, 120]
[390, 228]
[391, 120]
[392, 120]
[393, 228]
[394, 120]
[395, 120]
[396, 228]
[397, 120]
[398, 120]
[399, 228]
[400, 140]
[401, 121]
[402, 228]
[403, 121]
[404, 120]
[405, 228]
[406, 120]
[407, 120]
[408, 228]
[409, 120]
[410, 120]
[411, 228]
[412, 120]
[413, 120]
[414, 228]
[415, 120]
[416, 120]
[417, 228]
[418, 120]
[419, 120]
[420, 248]
[421, 121]
[422, 120]
[423, 229]
[424, 120]
[425, 120]
[426, 228]
[427, 120]
[428, 120]
[429, 228]
[430, 120]
[431, 120]
[432, 228]
[433, 120]
[434, 120]
[435, 228]
[436, 120]
[437, 120]
[438, 228]
[439, 120]
[440, 140]
[441, 229]
[442, 120]
[443, 121]
[444, 228]
[445, 120]
[446, 120]
[447, 228]
[448, 120]
[449, 120]
[450, 228]
[451, 120]
[452, 120]
[453, 228]
[454, 120]
[455, 120]
[456, 228]
[457, 120]
[458, 120]
[459, 228]
[460, 140]
[461, 121]
[462, 228]
[463, 121]
[464, 120]
[465, 228]
[466, 120]
[467, 120]
[468, 228]
[469, 120]
[470, 120]
[471, 228]
[472, 120]
[473, 120]
[474, 228]
[475, 120]
[476, 120]
[477, 228]
[478, 120]
[479, 120]
[480, 248]
[481, 121]
[482, 120]
[483, 229]
[484, 120]
[485, 120]
[486, 228]
[487, 120]
[488, 120]
[489, 228]
[490, 120]
[491, 120]
[492, 228]
[493, 120]
[494, 120]
[495, 228]
[496, 120]
[497, 120]
[498, 228]
[499, 120]
[500, 140]
[501, 229]
[502, 120]
[503, 121]
[504, 228]
[505, 120]
[506, 120]
[507, 228]
[508, 120]
[509, 120]
[510, 228]
[511, 120]
[512, 120]
[513, 228]
[514, 120]
[515, 120]
[516, 228]
[517, 120]
[518, 120]
[519, 228]
[520, 140]
[521, 121]
[522, 219]
[523, 121]
[524, 120]
[525, 219]
[526, 120]
[527, 120]
[528, 219]
[529, 120]
[530, 120]
[531, 219]
[532, 120]
[533, 120]
[534, 219]
[535, 120]
[536, 120]
[537, 219]
[538, 120]
[539, 120]
[540, 239]
[541, 121]
[542, 120]
[543, 220]
[544, 120]
[545, 120]
[546, 219]
[547, 120]
[548, 120]
[549, 228]
[550, 120]
[551, 120]
[552, 228]
[553, 120]
[554, 120]
[555, 228]
[556, 120]
[557, 120]
[558, 228]
[559, 120]
[560, 140]
[561, 229]
[562, 120]
[563, 121]
[564, 228]
[565, 120]
[566, 120]
[567, 228]
[568, 120]
[569, 120]
[570, 228]
[571, 120]
[572, 120]
[573, 228]
[574, 120]
[575, 120]
[576, 228]
[577, 120]
[578, 120]
[579, 228]
[580, 140]
[581, 121]
[582, 228]
[583, 121]
[584, 120]
[585, 228]
[586, 120]
[587, 120]
[588, 228]
[589, 120]
[590, 120]
[591, 228]
[592, 120]
[593, 120]
[594, 228]
[595, 120]
[596, 120]
[597, 228]
[598, 120]
[599, 120]
[600, 248]
[601, 121]
[602, 120]
[603, 229]
[604, 120]
[605, 120]
[606, 228]
[607, 120]
[608, 120]
[609, 228]
[610, 120]
[611, 120]
[612, 228]
[613, 120]
[614, 120]
[615, 228]
[616, 120]
[617, 120]
[618, 228]
[619, 120]
[620, 140]
[621, 229]
[622, 120]
[623, 121]
[624, 228]
[625, 120]
[626, 120]
[627, 228]
[628, 120]
[629, 120]
[630, 228]
[631, 120]
[632, 120]
[633, 228]
[634, 120]
[635, 120]
[636, 228]
[637, 120]
[638, 120]
[639, 228]
[640, 140]
[641, 121]
[642, 228]
[643, 121]
[644, 120]
[645, 228]
[646, 120]
[647, 120]
[648, 228]
[649, 120]
[650, 120]
[651, 228]
[652, 120]
[653, 120]
[654, 228]
[655, 120]
[656, 120]
[657, 228]
[658, 120]
[659, 120]
[660, 248]
[661, 121]
[662, 120]
[663, 229]
[664, 120]
[665, 120]
[666, 228]
[667, 120]
[668, 120]
[669, 228]
[670, 120]
[671, 120]
[672, 228]
[673, 120]
[674, 120]
[675, 228]
[676, 120]
[677, 120]
[678, 228]
[679, 120]
[680, 140]
[681, 229]
[682, 120]
[683, 121]
[684, 228]
[685, 120]
[686, 120]
[687, 228]
[688, 120]
[689, 120]
[690, 228]
[691, 120]
[692, 120]
[693, 228]
[694, 120]
[695, 120]
[696, 228]
[697, 120]
[698, 120]
[699, 228]
[700, 140]
[701, 121]
[702, 228]
[703, 121]
[704, 120]
[705, 228]
[706, 120]
[707, 120]
[708, 228]
[709, 120]
[710, 120]
[711, 228]
[712, 120]
[713, 120]
[714, 228]
[715, 120]
[716, 120]
[717, 228]
[718, 120]
[719, 120]
[720, 248]
[721, 121]
[722, 120]
[723, 229]
[724, 120]
[725, 120]
[726, 228]
[727, 120]
[728, 120]
[729, 228]
[730, 120]
[731, 120]
[732, 228]
[733, 120]
[734, 120]
[735, 228]
[736, 120]
[737, 120]
[738, 228]
[739, 120]
[740, 140]
[741, 229]
[742, 120]
[743, 121]
[744, 228]
[745, 120]
[746, 120]
[747, 228]
[748, 120]
[749, 120]
[750, 228]
[751, 120]
[752, 120]
[753, 228]
[754, 120]
[755, 120]
[756, 228]
[757, 120]
[758, 120]
[759, 228]
[760, 140]
[761, 121]
[762, 228]
[763, 121]
[764, 120]
[765, 228]
[766, 120]
[767, 120]
[768, 228]
[769, 120]
[770, 120]
[771, 228]
[772, 120]
[773, 120]
[774, 228]
[775, 120]
[776, 120]
[777, 228]
[778, 120]
[779, 120]
[780, 248]
[781, 121]
[782, 120]
[783, 229]
[784, 120]
[785, 120]
[786, 228]
[787, 120]
[788, 120]
[789, 228]
[790, 120]
[791, 120]
[792, 228]
[793, 120]
[794, 120]
[795, 228]
[796, 120]
[797, 120]
[798, 228]
[799, 120]
[800, 140]
[801, 229]
[802, 120]
[803, 121]
[804, 228]
[805, 120]
[806, 120]
[807, 228]
[808, 120]
[809, 120]
[810, 228]
[811, 120]
[812, 120]
[813, 228]
[814, 120]
[815, 120]
[816, 228]
[817, 120]
[818, 120]
[819, 228]
[820, 140]
[821, 121]
[822, 228]
[823, 121]
[824, 120]
[825, 228]
[826, 120]
[827, 120]
[828, 228]
[829, 120]
[830, 120]
[831, 228]
[832, 120]
[833, 120]
[834, 228]
[835, 120]
[836, 120]
[837, 228]
[838, 120]
[839, 120]
[840, 248]
[841, 121]
[842, 120]
[843, 229]
[844, 120]
[845, 120]
[846, 228]
[847, 120]
[848, 120]
[849, 228]
[850, 120]
[851, 120]
[852, 228]
[853, 120]
[854, 120]
[855, 228]
[856, 120]
[857, 120]
[858, 228]
[859, 120]
[860, 140]
[861, 229]
[862, 120]
[863, 121]
[864, 228]
[865, 120]
[866, 120]
[867, 228]
[868, 120]
[869, 120]
[870, 228]
[871, 120]
[872, 120]
[873, 228]
[874, 120]
[875, 120]
[876, 228]
[877, 120]
[878, 120]
[879, 228]
[880, 140]
[881, 121]
[882, 228]
[883, 121]
[884, 120]
[885, 228]
[886, 120]
[887, 120]
[888, 228]
[889, 120]
[890, 120]
[891, 228]
[892, 120]
[893, 120]
[894, 228]
[895, 120]
[896, 120]
[897, 228]
[898, 120]
[899, 120]
[900, 248]
[901, 121]
[902, 120]
[903, 229]
[904, 120]
[905, 120]
[906, 228]
[907, 120]
[908, 120]
[909, 228]
[910, 120]
[911, 120]
[912, 228]
[913, 120]
[914, 120]
[915, 228]
[916, 120]
[917, 120]
[918, 228]
[919, 120]
[920, 140]
[921, 229]
[922, 120]
[923, 121]
[924, 228]
[925, 120]
[926, 120]
[927, 228]
[928, 120]
[929, 120]
[930, 228]
[931, 120]
[932, 120]
[933, 228]
[934, 120]
[935, 120]
[936, 228]
[937, 120]
[938, 120]
[939, 228]
[940, 140]
[941, 121]
[942, 228]
[943, 121]
[944, 120]
[945, 228]
[946, 120]
[947, 120]
[948, 228]
[949, 120]
[950, 120]
[951, 228]
[952, 120]
[953, 120]
[954, 228]
[955, 120]
[956, 120]
[957, 228]
[958, 120]
[959, 120]
