SimulationV011.py[0, [0, 6, 6, 0, 0, 0]]
[1, [0, 12, 12, 0, 0, 0]]
[2, [20, 18, 18, 0, 0, 0]]
[3, [20, 24, 24, 0, 0, 0]]
[4, [20, 30, 30, 0, 0, 0]]
[5, [40, 36, 36, 0, 0, 0]]
[6, [40, 42, 42, 0, 0, 0]]
[7, [40, 48, 48, 0, 0, 0]]
[8, [60, 54, 54, 0, 0, 0]]
[9, [60, 60, 60, 0, 0, 0]]
[10, [60, 66, 66, 0, 0, 0]]
[11, [80, 72, 72, 0, 0, 0]]
[12, [80, 78, 78, 0, 0, 0]]
[13, [80, 84, 84, 0, 0, 0]]
[14, [100, 90, 90, 0, 0, 0]]
[15, [100, 96, 96, 0, 0, 0]]
[16, [100, 102, 102, 0, 0, 0]]
[17, [120, 108, 108, 0, 0, 0]]
[18, [120, 114, 114, 0, 0, 0]]
[19, [120, 120, 120, 120, 0, 0]]
[20, [140, 126, 126, 120, 0, 0]]
[21, [140, 132, 132, 120, 0, 0]]
[22, [140, 138, 138, 120, 0, 0]]
[23, [160, 144, 144, 120, 0, 0]]
[24, [160, 150, 150, 120, 0, 0]]
[25, [160, 156, 156, 120, 0, 0]]
[26, [180, 162, 162, 120, 0, 0]]
[27, [180, 168, 168, 120, 0, 0]]
[28, [180, 174, 174, 120, 0, 0]]
[29, [200, 180, 180, 120, 0, 0]]
[30, [200, 186, 186, 120, 0, 0]]
[31, [200, 192, 192, 120, 0, 0]]
[32, [220, 198, 198, 120, 0, 0]]
[33, [220, 204, 204, 120, 0, 0]]
[34, [220, 210, 210, 120, 0, 0]]
[35, [240, 216, 216, 120, 0, 0]]
[36, [240, 222, 222, 120, 0, 0]]
[37, [240, 228, 228, 120, 0, 0]]
[38, [260, 234, 234, 120, 0, 0]]
[39, [260, 240, 240, 240, 0, 0]]
[40, [260, 246, 246, 96, 144, 0]]
[41, [274, 246, 246, 96, 138, 0]]
[42, [268, 246, 246, 96, 132, 0]]
[43, [262, 246, 246, 96, 126, 0]]
[44, [276, 246, 246, 96, 120, 0]]
[45, [270, 246, 246, 96, 114, 0]]
[46, [264, 246, 246, 96, 108, 0]]
[47, [278, 246, 246, 96, 102, 0]]
[48, [272, 246, 246, 96, 96, 0]]
[49, [266, 246, 246, 96, 90, 0]]
[50, [280, 246, 246, 96, 84, 0]]
[51, [274, 246, 246, 96, 78, 0]]
[52, [268, 246, 246, 96, 72, 0]]
[53, [282, 246, 246, 96, 66, 0]]
[54, [276, 246, 246, 96, 60, 0]]
[55, [270, 246, 246, 96, 54, 0]]
[56, [284, 246, 246, 96, 48, 0]]
[57, [278, 246, 246, 96, 42, 0]]
[58, [272, 246, 246, 96, 36, 0]]
[59, [286, 246, 246, 216, 30, 0]]
[60, [280, 246, 246, 72, 168, 0]]
[61, [274, 246, 246, 72, 162, 0]]
[62, [288, 246, 246, 72, 156, 0]]
[63, [282, 246, 246, 72, 150, 0]]
[64, [276, 246, 246, 72, 144, 0]]
[65, [290, 246, 246, 72, 138, 0]]
[66, [284, 246, 246, 72, 132, 0]]
[67, [278, 246, 246, 72, 126, 0]]
[68, [292, 246, 246, 72, 120, 0]]
[69, [286, 246, 246, 72, 114, 0]]
[70, [280, 246, 246, 72, 108, 0]]
[71, [294, 246, 246, 72, 102, 0]]
[72, [288, 246, 246, 72, 96, 0]]
[73, [282, 246, 246, 72, 90, 0]]
[74, [296, 246, 246, 72, 84, 0]]
[75, [290, 246, 246, 72, 78, 0]]
[76, [284, 246, 246, 72, 72, 0]]
[77, [298, 246, 246, 72, 66, 0]]
[78, [292, 246, 246, 72, 60, 0]]
[79, [286, 246, 246, 192, 54, 0]]
[80, [300, 246, 246, 48, 192, 0]]
[81, [294, 246, 246, 48, 186, 0]]
[82, [288, 246, 246, 48, 180, 0]]
[83, [302, 246, 246, 48, 174, 0]]
[84, [296, 246, 246, 48, 168, 0]]
[85, [290, 246, 246, 48, 162, 0]]
[86, [304, 246, 246, 48, 156, 0]]
[87, [298, 246, 246, 48, 150, 0]]
[88, [292, 246, 246, 48, 144, 0]]
[89, [306, 246, 246, 48, 138, 0]]
[90, [300, 246, 246, 48, 132, 0]]
[91, [294, 246, 246, 48, 126, 0]]
[92, [308, 246, 246, 48, 120, 0]]
[93, [302, 246, 246, 48, 114, 0]]
[94, [296, 246, 246, 48, 108, 0]]
[95, [310, 246, 246, 48, 102, 0]]
[96, [304, 246, 246, 48, 96, 0]]
[97, [298, 246, 246, 48, 90, 0]]
[98, [312, 246, 246, 48, 84, 0]]
[99, [306, 246, 246, 168, 78, 0]]
[100, [300, 246, 246, 24, 216, 0]]
[101, [314, 246, 246, 24, 210, 0]]
[102, [308, 246, 246, 24, 204, 0]]
[103, [302, 246, 246, 24, 198, 0]]
[104, [316, 246, 246, 24, 192, 0]]
[105, [310, 246, 246, 24, 186, 0]]
[106, [304, 246, 246, 24, 180, 0]]
[107, [318, 246, 246, 24, 174, 0]]
[108, [312, 246, 246, 24, 168, 0]]
[109, [306, 246, 246, 24, 162, 0]]
[110, [320, 246, 246, 24, 156, 0]]
[111, [314, 246, 246, 24, 150, 0]]
[112, [308, 246, 246, 24, 144, 0]]
[113, [324, 248, 248, 24, 138, 2]]
[114, [320, 250, 250, 24, 132, 4]]
[115, [314, 250, 250, 24, 126, 4]]
[116, [330, 252, 252, 24, 120, 6]]
[117, [324, 252, 252, 24, 114, 6]]
[118, [318, 252, 252, 24, 108, 6]]
[119, [332, 252, 252, 129, 102, 6]]
[120, [328, 254, 254, 129, 96, 8]]
[121, [324, 256, 256, 129, 90, 10]]
[122, [342, 260, 260, 129, 84, 14]]
[123, [338, 262, 262, 144, 78, 16]]
[124, [338, 268, 268, 0, 216, 22]]
[125, [352, 268, 268, 0, 210, 22]]
[126, [350, 272, 272, 0, 204, 26]]
[127, [350, 278, 278, 0, 198, 32]]
[128, [370, 284, 284, 0, 192, 38]]
[129, [370, 290, 290, 0, 186, 44]]
[130, [370, 296, 296, 0, 180, 50]]
[131, [390, 302, 302, 0, 174, 56]]
[132, [388, 306, 306, 0, 168, 60]]
[133, [386, 310, 310, 0, 162, 64]]
[134, [406, 316, 316, 0, 156, 70]]
[135, [406, 322, 322, 0, 150, 76]]
[136, [406, 328, 328, 0, 144, 82]]
[137, [426, 334, 334, 0, 138, 88]]
[138, [424, 338, 338, 0, 132, 92]]
[139, [422, 342, 342, 90, 126, 96]]
[140, [440, 346, 346, 105, 120, 100]]
[141, [440, 352, 352, 105, 114, 106]]
[142, [438, 356, 356, 105, 108, 110]]
[143, [456, 360, 360, 120, 102, 114]]
[144, [456, 366, 366, 120, 96, 120]]
[145, [452, 368, 368, 120, 90, 122]]
[146, [470, 372, 372, 120, 84, 126]]
[147, [468, 376, 376, 120, 78, 130]]
[148, [468, 382, 382, 120, 72, 136]]
[149, [486, 386, 386, 120, 66, 140]]
[150, [484, 390, 390, 120, 60, 144]]
[151, [480, 392, 392, 120, 54, 146]]
[152, [496, 394, 394, 120, 48, 148]]
[153, [488, 392, 392, 120, 42, 146]]
[154, [486, 396, 396, 120, 36, 150]]
[155, [502, 398, 398, 120, 30, 152]]
[156, [496, 398, 398, 120, 24, 152]]
[157, [490, 398, 398, 120, 18, 152]]
[158, [504, 398, 398, 120, 12, 152]]
[159, [496, 396, 396, 195, 6, 150]]
[160, [488, 394, 394, 66, 144, 148]]
[161, [502, 394, 394, 66, 138, 148]]
[162, [498, 396, 396, 66, 132, 150]]
[163, [492, 396, 396, 66, 126, 150]]
[164, [506, 396, 396, 66, 120, 150]]
[165, [500, 396, 396, 81, 114, 150]]
[166, [492, 394, 394, 81, 108, 148]]
[167, [504, 392, 392, 81, 102, 146]]
[168, [496, 390, 390, 81, 96, 144]]
[169, [490, 390, 390, 81, 90, 144]]
[170, [504, 390, 390, 81, 84, 144]]
[171, [498, 390, 390, 81, 78, 144]]
[172, [492, 390, 390, 81, 72, 144]]
[173, [504, 388, 388, 81, 66, 142]]
[174, [496, 386, 386, 81, 60, 140]]
[175, [488, 384, 384, 81, 54, 138]]
[176, [502, 384, 384, 96, 48, 138]]
[177, [496, 384, 384, 96, 42, 138]]
[178, [490, 384, 384, 96, 36, 138]]
[179, [504, 384, 384, 171, 30, 138]]
[180, [496, 382, 382, 42, 168, 136]]
[181, [488, 380, 380, 42, 162, 134]]
[182, [500, 378, 378, 42, 156, 132]]
[183, [494, 378, 378, 42, 150, 132]]
[184, [488, 378, 378, 42, 144, 132]]
[185, [502, 378, 378, 57, 138, 132]]
[186, [496, 378, 378, 57, 132, 132]]
[187, [488, 376, 376, 57, 126, 130]]
[188, [500, 374, 374, 57, 120, 128]]
[189, [492, 372, 372, 57, 114, 126]]
[190, [486, 372, 372, 57, 108, 126]]
[191, [500, 372, 372, 57, 102, 126]]
[192, [494, 372, 372, 57, 96, 126]]
[193, [488, 372, 372, 57, 90, 126]]
[194, [500, 370, 370, 57, 84, 124]]
[195, [492, 368, 368, 57, 78, 122]]
[196, [484, 366, 366, 72, 72, 120]]
[197, [498, 366, 366, 72, 66, 120]]
[198, [492, 366, 366, 72, 60, 120]]
[199, [486, 366, 366, 132, 54, 120]]
[200, [500, 366, 366, 147, 48, 120]]
[201, [492, 364, 364, 3, 186, 118]]
[202, [484, 362, 362, 3, 180, 116]]
[203, [496, 360, 360, 3, 174, 114]]
[204, [490, 360, 360, 3, 168, 114]]
[205, [484, 360, 360, 33, 162, 114]]
[206, [498, 360, 360, 33, 156, 114]]
[207, [492, 360, 360, 33, 150, 114]]
[208, [484, 358, 358, 33, 144, 112]]
[209, [496, 356, 356, 33, 138, 110]]
[210, [488, 354, 354, 33, 132, 108]]
[211, [482, 354, 354, 33, 126, 108]]
[212, [496, 354, 354, 33, 120, 108]]
[213, [490, 354, 354, 33, 114, 108]]
[214, [484, 354, 354, 33, 108, 108]]
[215, [496, 352, 352, 33, 102, 106]]
[216, [488, 350, 350, 48, 96, 104]]
[217, [480, 348, 348, 48, 90, 102]]
[218, [494, 348, 348, 48, 84, 102]]
[219, [488, 348, 348, 108, 78, 102]]
[220, [482, 348, 348, 123, 72, 102]]
[221, [496, 348, 348, 123, 66, 102]]
[222, [488, 346, 346, 123, 60, 100]]
[223, [480, 344, 344, 123, 54, 98]]
[224, [492, 342, 342, 123, 48, 96]]
[225, [486, 342, 342, 153, 42, 96]]
[226, [480, 342, 342, 9, 180, 96]]
[227, [494, 342, 342, 9, 174, 96]]
[228, [488, 342, 342, 9, 168, 96]]
[229, [480, 340, 340, 9, 162, 94]]
[230, [492, 338, 338, 9, 156, 92]]
[231, [484, 336, 336, 9, 150, 90]]
[232, [478, 336, 336, 9, 144, 90]]
[233, [492, 336, 336, 9, 138, 90]]
[234, [486, 336, 336, 9, 132, 90]]
[235, [480, 336, 336, 9, 126, 90]]
[236, [492, 334, 334, 24, 120, 88]]
[237, [484, 332, 332, 24, 114, 86]]
[238, [476, 330, 330, 24, 108, 84]]
[239, [490, 330, 330, 84, 102, 84]]
[240, [484, 330, 330, 99, 96, 84]]
[241, [478, 330, 330, 99, 90, 84]]
[242, [492, 330, 330, 99, 84, 84]]
[243, [484, 328, 328, 99, 78, 82]]
[244, [476, 326, 326, 99, 72, 80]]
[245, [488, 324, 324, 129, 66, 78]]
[246, [482, 324, 324, 129, 60, 78]]
[247, [476, 324, 324, 129, 54, 78]]
[248, [490, 324, 324, 129, 48, 78]]
[249, [484, 324, 324, 129, 42, 78]]
[250, [476, 322, 322, 129, 36, 76]]
[251, [488, 320, 320, 129, 30, 74]]
[252, [480, 318, 318, 129, 24, 72]]
[253, [474, 318, 318, 129, 18, 72]]
[254, [488, 318, 318, 129, 12, 72]]
[255, [482, 318, 318, 129, 6, 72]]
[256, [476, 318, 318, 129, 0, 72]]
[257, [488, 316, 316, 129, 0, 64]]
[258, [480, 314, 314, 129, 0, 56]]
[259, [472, 312, 312, 189, 0, 48]]
[260, [486, 312, 312, 60, 144, 42]]
[261, [482, 314, 314, 60, 138, 44]]
[262, [476, 314, 314, 60, 132, 44]]
[263, [490, 314, 314, 60, 126, 44]]
[264, [486, 316, 316, 75, 120, 46]]
[265, [482, 318, 318, 105, 114, 48]]
[266, [496, 318, 318, 105, 108, 48]]
[267, [490, 318, 318, 105, 102, 48]]
[268, [486, 320, 320, 105, 96, 50]]
[269, [504, 324, 324, 105, 90, 54]]
[270, [502, 328, 328, 105, 84, 58]]
[271, [498, 330, 330, 105, 78, 60]]
[272, [514, 332, 332, 105, 72, 62]]
[273, [510, 334, 334, 105, 66, 64]]
[274, [508, 338, 338, 105, 60, 68]]
[275, [526, 342, 342, 105, 54, 72]]
[276, [526, 348, 348, 105, 48, 78]]
[277, [524, 352, 352, 105, 42, 82]]
[278, [544, 358, 358, 105, 36, 88]]
[279, [542, 362, 362, 150, 30, 92]]
[280, [540, 366, 366, 21, 168, 96]]
[281, [558, 370, 370, 21, 162, 100]]
[282, [558, 376, 376, 21, 156, 106]]
[283, [558, 382, 382, 21, 150, 112]]
[284, [578, 388, 388, 51, 144, 118]]
[285, [578, 394, 394, 81, 138, 124]]
[286, [578, 400, 400, 81, 132, 130]]
[287, [598, 406, 406, 81, 126, 136]]
[288, [598, 412, 412, 81, 120, 142]]
[289, [598, 418, 418, 81, 114, 148]]
[290, [616, 422, 422, 81, 108, 152]]
[291, [616, 428, 428, 81, 102, 158]]
[292, [616, 434, 434, 81, 96, 164]]
[293, [632, 436, 436, 81, 90, 166]]
[294, [628, 438, 438, 81, 84, 168]]
[295, [626, 442, 442, 81, 78, 172]]
[296, [646, 448, 448, 81, 72, 178]]
[297, [644, 452, 452, 81, 66, 182]]
[298, [640, 454, 454, 81, 60, 184]]
[299, [656, 456, 456, 126, 54, 186]]
[300, [652, 458, 458, 141, 48, 188]]
[301, [648, 460, 460, 141, 42, 190]]
[302, [664, 462, 462, 141, 36, 192]]
[303, [660, 464, 464, 141, 30, 194]]
[304, [656, 466, 466, 171, 24, 196]]
[305, [670, 466, 466, 57, 162, 196]]
[306, [666, 468, 468, 57, 156, 198]]
[307, [658, 466, 466, 57, 150, 196]]
[308, [672, 466, 466, 57, 144, 196]]
[309, [666, 466, 466, 57, 138, 196]]
[310, [662, 468, 468, 57, 132, 198]]
[311, [676, 468, 468, 57, 126, 198]]
[312, [670, 468, 468, 57, 120, 198]]
[313, [664, 468, 468, 57, 114, 198]]
[314, [676, 466, 466, 57, 108, 196]]
[315, [668, 464, 464, 57, 102, 194]]
[316, [660, 462, 462, 57, 96, 192]]
[317, [674, 462, 462, 57, 90, 192]]
[318, [668, 462, 462, 57, 84, 192]]
[319, [662, 462, 462, 102, 78, 192]]
[320, [676, 462, 462, 117, 72, 192]]
[321, [668, 460, 460, 117, 66, 190]]
[322, [660, 458, 458, 117, 60, 188]]
[323, [672, 456, 456, 117, 54, 186]]
[324, [666, 456, 456, 147, 48, 186]]
[325, [660, 456, 456, 33, 186, 186]]
[326, [674, 456, 456, 33, 180, 186]]
[327, [668, 456, 456, 33, 174, 186]]
[328, [660, 454, 454, 33, 168, 184]]
[329, [672, 452, 452, 33, 162, 182]]
[330, [664, 450, 450, 33, 156, 180]]
[331, [658, 450, 450, 33, 150, 180]]
[332, [672, 450, 450, 33, 144, 180]]
[333, [666, 450, 450, 33, 138, 180]]
[334, [660, 450, 450, 33, 132, 180]]
[335, [672, 448, 448, 33, 126, 178]]
[336, [664, 446, 446, 33, 120, 176]]
[337, [656, 444, 444, 33, 114, 174]]
[338, [670, 444, 444, 33, 108, 174]]
[339, [664, 444, 444, 78, 102, 174]]
[340, [658, 444, 444, 93, 96, 174]]
[341, [672, 444, 444, 93, 90, 174]]
[342, [664, 442, 442, 93, 84, 172]]
[343, [656, 440, 440, 93, 78, 170]]
[344, [668, 438, 438, 123, 72, 168]]
[345, [662, 438, 438, 153, 66, 168]]
[346, [656, 438, 438, 9, 204, 168]]
[347, [670, 438, 438, 9, 198, 168]]
[348, [664, 438, 438, 9, 192, 168]]
[349, [656, 436, 436, 9, 186, 166]]
[350, [668, 434, 434, 9, 180, 164]]
[351, [660, 432, 432, 9, 174, 162]]
[352, [654, 432, 432, 9, 168, 162]]
[353, [668, 432, 432, 9, 162, 162]]
[354, [662, 432, 432, 9, 156, 162]]
[355, [656, 432, 432, 9, 150, 162]]
[356, [668, 430, 430, 9, 144, 160]]
[357, [660, 428, 428, 9, 138, 158]]
[358, [652, 426, 426, 9, 132, 156]]
[359, [666, 426, 426, 54, 126, 156]]
[360, [660, 426, 426, 54, 120, 156]]
[361, [654, 426, 426, 54, 114, 156]]
[362, [668, 426, 426, 54, 108, 156]]
[363, [660, 424, 424, 54, 102, 154]]
[364, [652, 422, 422, 84, 96, 152]]
[365, [664, 420, 420, 114, 90, 150]]
[366, [658, 420, 420, 114, 84, 150]]
[367, [652, 420, 420, 114, 78, 150]]
[368, [666, 420, 420, 114, 72, 150]]
[369, [660, 420, 420, 114, 66, 150]]
[370, [652, 418, 418, 114, 60, 148]]
[371, [664, 416, 416, 114, 54, 146]]
[372, [656, 414, 414, 114, 48, 144]]
[373, [650, 414, 414, 129, 42, 144]]
[374, [664, 414, 414, 129, 36, 144]]
[375, [658, 414, 414, 129, 30, 144]]
[376, [652, 414, 414, 129, 24, 144]]
[377, [664, 412, 412, 129, 18, 142]]
[378, [656, 410, 410, 129, 12, 140]]
[379, [648, 408, 408, 174, 6, 138]]
[380, [662, 408, 408, 30, 144, 138]]
[381, [656, 408, 408, 30, 138, 138]]
[382, [650, 408, 408, 30, 132, 138]]
[383, [664, 408, 408, 30, 126, 138]]
[384, [656, 406, 406, 60, 120, 136]]
[385, [648, 404, 404, 75, 114, 134]]
[386, [660, 402, 402, 75, 108, 132]]
[387, [654, 402, 402, 75, 102, 132]]
[388, [648, 402, 402, 75, 96, 132]]
[389, [662, 402, 402, 75, 90, 132]]
[390, [656, 402, 402, 75, 84, 132]]
[391, [648, 400, 400, 75, 78, 130]]
[392, [660, 398, 398, 75, 72, 128]]
[393, [652, 396, 396, 90, 66, 126]]
[394, [646, 396, 396, 90, 60, 126]]
[395, [660, 396, 396, 90, 54, 126]]
[396, [654, 396, 396, 90, 48, 126]]
[397, [648, 396, 396, 90, 42, 126]]
[398, [660, 394, 394, 90, 36, 124]]
[399, [652, 392, 392, 150, 30, 122]]
[400, [646, 392, 392, 6, 168, 122]]
[401, [660, 392, 392, 6, 162, 122]]
[402, [654, 392, 392, 6, 156, 122]]
[403, [650, 394, 394, 6, 150, 124]]
[404, [664, 394, 394, 36, 144, 124]]
[405, [656, 392, 392, 51, 138, 122]]
[406, [648, 390, 390, 51, 132, 120]]
[407, [662, 390, 390, 51, 126, 120]]
[408, [656, 390, 390, 51, 120, 120]]
[409, [652, 392, 392, 51, 114, 122]]
[410, [670, 396, 396, 51, 108, 126]]
[411, [664, 396, 396, 51, 102, 126]]
[412, [658, 396, 396, 51, 96, 126]]
[413, [674, 398, 398, 66, 90, 128]]
[414, [672, 402, 402, 66, 84, 132]]
[415, [666, 402, 402, 66, 78, 132]]
[416, [682, 404, 404, 66, 72, 134]]
[417, [680, 408, 408, 66, 66, 138]]
[418, [674, 408, 408, 66, 60, 138]]
[419, [692, 412, 412, 126, 54, 142]]
[420, [688, 414, 414, 126, 48, 144]]
[421, [688, 420, 420, 126, 42, 150]]
[422, [704, 422, 422, 126, 36, 152]]
[423, [704, 428, 428, 126, 30, 158]]
[424, [704, 434, 434, 156, 24, 164]]
[425, [718, 434, 434, 27, 162, 164]]
[426, [716, 438, 438, 27, 156, 168]]
[427, [714, 442, 442, 27, 150, 172]]
[428, [734, 448, 448, 27, 144, 178]]
[429, [730, 450, 450, 27, 138, 180]]
[430, [730, 456, 456, 27, 132, 186]]
[431, [750, 462, 462, 27, 126, 192]]
[432, [746, 464, 464, 27, 120, 194]]
[433, [744, 468, 468, 42, 114, 198]]
[434, [764, 474, 474, 42, 108, 204]]
[435, [764, 480, 480, 42, 102, 210]]
[436, [762, 484, 484, 42, 96, 214]]
[437, [782, 490, 490, 42, 90, 220]]
[438, [780, 494, 494, 42, 84, 224]]
[439, [776, 496, 496, 102, 78, 226]]
[440, [796, 502, 502, 102, 72, 232]]
[441, [794, 506, 506, 102, 66, 236]]
[442, [790, 508, 508, 102, 60, 238]]
[443, [804, 508, 508, 102, 54, 238]]
[444, [804, 514, 514, 132, 48, 244]]
[445, [802, 518, 518, 147, 42, 248]]
[446, [818, 520, 520, 3, 180, 250]]
[447, [818, 526, 526, 3, 174, 256]]
[448, [812, 526, 526, 3, 168, 256]]
[449, [828, 528, 528, 3, 162, 258]]
[450, [820, 526, 526, 3, 156, 256]]
[451, [818, 530, 530, 3, 150, 260]]
[452, [832, 530, 530, 3, 144, 260]]
[453, [826, 530, 530, 18, 138, 260]]
[454, [826, 536, 536, 18, 132, 266]]
[455, [840, 536, 536, 18, 126, 266]]
[456, [834, 536, 536, 18, 120, 266]]
[457, [826, 534, 534, 18, 114, 264]]
[458, [842, 536, 536, 18, 108, 266]]
[459, [836, 536, 536, 48, 102, 266]]
[460, [830, 536, 536, 63, 96, 266]]
[461, [846, 538, 538, 63, 90, 268]]
[462, [840, 538, 538, 63, 84, 268]]
[463, [832, 536, 536, 63, 78, 266]]
[464, [844, 534, 534, 93, 72, 264]]
[465, [838, 534, 534, 108, 66, 264]]
[466, [832, 534, 534, 108, 60, 264]]
[467, [846, 534, 534, 123, 54, 264]]
[468, [840, 534, 534, 123, 48, 264]]
[469, [832, 532, 532, 123, 42, 262]]
[470, [844, 530, 530, 123, 36, 260]]
[471, [836, 528, 528, 123, 30, 258]]
[472, [830, 528, 528, 123, 24, 258]]
[473, [844, 528, 528, 138, 18, 258]]
[474, [838, 528, 528, 138, 12, 258]]
[475, [832, 528, 528, 138, 6, 258]]
[476, [844, 526, 526, 138, 0, 256]]
[477, [836, 524, 524, 138, 0, 248]]
[478, [828, 522, 522, 138, 0, 240]]
[479, [842, 522, 522, 168, 0, 234]]
[480, [836, 522, 522, 39, 144, 228]]
[481, [830, 522, 522, 39, 138, 228]]
[482, [844, 522, 522, 39, 132, 228]]
[483, [836, 520, 520, 39, 126, 226]]
[484, [828, 518, 518, 69, 120, 224]]
[485, [840, 516, 516, 84, 114, 222]]
[486, [834, 516, 516, 84, 108, 222]]
[487, [828, 516, 516, 99, 102, 222]]
[488, [842, 516, 516, 99, 96, 222]]
[489, [836, 516, 516, 99, 90, 222]]
[490, [828, 514, 514, 99, 84, 220]]
[491, [840, 512, 512, 99, 78, 218]]
[492, [832, 510, 510, 99, 72, 216]]
[493, [826, 510, 510, 114, 66, 216]]
[494, [840, 510, 510, 114, 60, 216]]
[495, [834, 510, 510, 114, 54, 216]]
[496, [828, 510, 510, 114, 48, 216]]
[497, [840, 508, 508, 114, 42, 214]]
[498, [832, 506, 506, 114, 36, 212]]
[499, [824, 504, 504, 144, 30, 210]]
[500, [838, 504, 504, 15, 168, 210]]
[501, [832, 504, 504, 15, 162, 210]]
[502, [826, 504, 504, 15, 156, 210]]
[503, [840, 504, 504, 15, 150, 210]]
[504, [832, 502, 502, 45, 144, 208]]
[505, [824, 500, 500, 60, 138, 206]]
[506, [836, 498, 498, 60, 132, 204]]
[507, [830, 498, 498, 75, 126, 204]]
[508, [824, 498, 498, 75, 120, 204]]
[509, [838, 498, 498, 75, 114, 204]]
[510, [832, 498, 498, 75, 108, 204]]
[511, [824, 496, 496, 75, 102, 202]]
[512, [836, 494, 494, 75, 96, 200]]
[513, [828, 492, 492, 90, 90, 198]]
[514, [822, 492, 492, 90, 84, 198]]
[515, [836, 492, 492, 90, 78, 198]]
[516, [830, 492, 492, 90, 72, 198]]
[517, [824, 492, 492, 90, 66, 198]]
[518, [836, 490, 490, 90, 60, 196]]
[519, [828, 488, 488, 120, 54, 194]]
[520, [820, 486, 486, 135, 48, 192]]
[521, [834, 486, 486, 135, 42, 192]]
[522, [828, 486, 486, 135, 36, 192]]
[523, [822, 486, 486, 135, 30, 192]]
[524, [836, 486, 486, 165, 24, 192]]
[525, [828, 484, 484, 36, 162, 190]]
[526, [820, 482, 482, 36, 156, 188]]
[527, [832, 480, 480, 51, 150, 186]]
[528, [826, 480, 480, 51, 144, 186]]
[529, [820, 480, 480, 51, 138, 186]]
[530, [834, 480, 480, 51, 132, 186]]
[531, [828, 480, 480, 51, 126, 186]]
[532, [820, 478, 478, 51, 120, 184]]
[533, [832, 476, 476, 66, 114, 182]]
[534, [824, 474, 474, 66, 108, 180]]
[535, [818, 474, 474, 66, 102, 180]]
[536, [832, 474, 474, 66, 96, 180]]
[537, [826, 474, 474, 66, 90, 180]]
[538, [820, 474, 474, 66, 84, 180]]
[539, [832, 472, 472, 96, 78, 178]]
[540, [824, 470, 470, 111, 72, 176]]
[541, [816, 468, 468, 111, 66, 174]]
[542, [830, 468, 468, 111, 60, 174]]
[543, [824, 468, 468, 111, 54, 174]]
[544, [818, 468, 468, 141, 48, 174]]
[545, [832, 468, 468, 156, 42, 174]]
[546, [824, 466, 466, 12, 180, 172]]
[547, [816, 464, 464, 27, 174, 170]]
[548, [828, 462, 462, 27, 168, 168]]
[549, [822, 462, 462, 27, 162, 168]]
[550, [818, 464, 464, 27, 156, 170]]
[551, [832, 464, 464, 27, 150, 170]]
[552, [826, 464, 464, 27, 144, 170]]
[553, [818, 462, 462, 42, 138, 168]]
[554, [836, 466, 466, 42, 132, 172]]
[555, [828, 464, 464, 42, 126, 170]]
[556, [822, 464, 464, 42, 120, 170]]
[557, [838, 466, 466, 42, 114, 172]]
[558, [836, 470, 470, 42, 108, 176]]
[559, [830, 470, 470, 72, 102, 176]]
[560, [846, 472, 472, 87, 96, 178]]
[561, [844, 476, 476, 87, 90, 182]]
[562, [838, 476, 476, 87, 84, 182]]
[563, [852, 476, 476, 87, 78, 182]]
[564, [848, 478, 478, 117, 72, 184]]
[565, [846, 482, 482, 132, 66, 188]]
[566, [860, 482, 482, 132, 60, 188]]
[567, [856, 484, 484, 132, 54, 190]]
[568, [854, 488, 488, 132, 48, 194]]
[569, [872, 492, 492, 132, 42, 198]]
[570, [868, 494, 494, 132, 36, 200]]
[571, [866, 498, 498, 147, 30, 204]]
[572, [886, 504, 504, 3, 168, 210]]
[573, [882, 506, 506, 18, 162, 212]]
[574, [880, 510, 510, 18, 156, 216]]
[575, [898, 514, 514, 18, 150, 220]]
[576, [898, 520, 520, 18, 144, 226]]
[577, [894, 522, 522, 18, 138, 228]]
[578, [914, 528, 528, 18, 132, 234]]
[579, [912, 532, 532, 48, 126, 238]]
[580, [910, 536, 536, 63, 120, 242]]
[581, [930, 542, 542, 63, 114, 248]]
[582, [930, 548, 548, 63, 108, 254]]
[583, [924, 548, 548, 63, 102, 254]]
[584, [944, 554, 554, 78, 96, 260]]
[585, [944, 560, 560, 93, 90, 266]]
[586, [942, 564, 564, 93, 84, 270]]
[587, [956, 564, 564, 93, 78, 270]]
[588, [956, 570, 570, 93, 72, 276]]
[589, [952, 572, 572, 93, 66, 278]]
[590, [966, 572, 572, 93, 60, 278]]
[591, [964, 576, 576, 108, 54, 282]]
[592, [964, 582, 582, 108, 48, 288]]
[593, [982, 586, 586, 123, 42, 292]]
[594, [978, 588, 588, 123, 36, 294]]
[595, [978, 594, 594, 123, 30, 300]]
[596, [994, 596, 596, 123, 24, 302]]
[597, [988, 596, 596, 123, 18, 302]]
[598, [982, 596, 596, 123, 12, 302]]
[599, [1000, 600, 600, 153, 6, 306]]
[600, [996, 602, 602, 24, 144, 308]]
[601, [990, 602, 602, 24, 138, 308]]
[602, [1008, 606, 606, 24, 132, 312]]
[603, [1002, 606, 606, 24, 126, 312]]
[604, [996, 606, 606, 39, 120, 312]]
[605, [1008, 604, 604, 54, 114, 310]]
[606, [1006, 608, 608, 54, 108, 314]]
[607, [1000, 608, 608, 54, 102, 314]]
[608, [1014, 608, 608, 54, 96, 314]]
[609, [1010, 610, 610, 69, 90, 316]]
[610, [1002, 608, 608, 69, 84, 314]]
[611, [1014, 606, 606, 84, 78, 312]]
[612, [1006, 604, 604, 84, 72, 310]]
[613, [1000, 604, 604, 99, 66, 310]]
[614, [1014, 604, 604, 99, 60, 310]]
[615, [1008, 604, 604, 99, 54, 310]]
[616, [1004, 606, 606, 99, 48, 312]]
[617, [1016, 604, 604, 99, 42, 310]]
[618, [1008, 602, 602, 99, 36, 308]]
[619, [1000, 600, 600, 129, 30, 306]]
[620, [1014, 600, 600, 144, 24, 306]]
[621, [1008, 600, 600, 0, 162, 306]]
[622, [1002, 600, 600, 0, 156, 306]]
[623, [1016, 600, 600, 0, 150, 306]]
[624, [1008, 598, 598, 15, 144, 304]]
[625, [1000, 596, 596, 30, 138, 302]]
[626, [1012, 594, 594, 30, 132, 300]]
[627, [1006, 594, 594, 30, 126, 300]]
[628, [1000, 594, 594, 30, 120, 300]]
[629, [1014, 594, 594, 45, 114, 300]]
[630, [1008, 594, 594, 45, 108, 300]]
[631, [1000, 592, 592, 60, 102, 298]]
[632, [1012, 590, 590, 60, 96, 296]]
[633, [1004, 588, 588, 75, 90, 294]]
[634, [998, 588, 588, 75, 84, 294]]
[635, [1012, 588, 588, 75, 78, 294]]
[636, [1006, 588, 588, 75, 72, 294]]
[637, [1000, 588, 588, 75, 66, 294]]
[638, [1012, 586, 586, 75, 60, 292]]
[639, [1004, 584, 584, 105, 54, 290]]
[640, [996, 582, 582, 120, 48, 288]]
[641, [1010, 582, 582, 120, 42, 288]]
[642, [1004, 582, 582, 120, 36, 288]]
[643, [998, 582, 582, 120, 30, 288]]
[644, [1012, 582, 582, 135, 24, 288]]
[645, [1004, 580, 580, 150, 18, 286]]
[646, [996, 578, 578, 6, 156, 284]]
[647, [1008, 576, 576, 6, 150, 282]]
[648, [1002, 576, 576, 6, 144, 282]]
[649, [996, 576, 576, 21, 138, 282]]
[650, [1010, 576, 576, 21, 132, 282]]
[651, [1004, 576, 576, 36, 126, 282]]
[652, [996, 574, 574, 36, 120, 280]]
[653, [1008, 572, 572, 51, 114, 278]]
[654, [1000, 570, 570, 51, 108, 276]]
[655, [994, 570, 570, 51, 102, 276]]
[656, [1008, 570, 570, 51, 96, 276]]
[657, [1002, 570, 570, 51, 90, 276]]
[658, [996, 570, 570, 51, 84, 276]]
[659, [1008, 568, 568, 81, 78, 274]]
[660, [1000, 566, 566, 96, 72, 272]]
[661, [992, 564, 564, 96, 66, 270]]
[662, [1006, 564, 564, 96, 60, 270]]
[663, [1000, 564, 564, 96, 54, 270]]
[664, [994, 564, 564, 111, 48, 270]]
[665, [1008, 564, 564, 126, 42, 270]]
[666, [1000, 562, 562, 126, 36, 268]]
[667, [992, 560, 560, 126, 30, 266]]
[668, [1004, 558, 558, 126, 24, 264]]
[669, [998, 558, 558, 141, 18, 264]]
[670, [992, 558, 558, 141, 12, 264]]
[671, [1006, 558, 558, 156, 6, 264]]
[672, [1000, 558, 558, 12, 144, 264]]
[673, [992, 556, 556, 27, 138, 262]]
[674, [1004, 554, 554, 27, 132, 260]]
[675, [996, 552, 552, 27, 126, 258]]
[676, [990, 552, 552, 27, 120, 258]]
[677, [1004, 552, 552, 27, 114, 258]]
[678, [998, 552, 552, 27, 108, 258]]
[679, [992, 552, 552, 57, 102, 258]]
[680, [1004, 550, 550, 72, 96, 256]]
[681, [996, 548, 548, 72, 90, 254]]
[682, [988, 546, 546, 72, 84, 252]]
[683, [1002, 546, 546, 72, 78, 252]]
[684, [996, 546, 546, 87, 72, 252]]
[685, [990, 546, 546, 102, 66, 252]]
[686, [1004, 546, 546, 102, 60, 252]]
[687, [996, 544, 544, 102, 54, 250]]
[688, [988, 542, 542, 102, 48, 248]]
[689, [1000, 540, 540, 117, 42, 246]]
[690, [994, 540, 540, 117, 36, 246]]
[691, [988, 540, 540, 132, 30, 246]]
[692, [1002, 540, 540, 132, 24, 246]]
[693, [996, 540, 540, 147, 18, 246]]
[694, [988, 538, 538, 3, 156, 244]]
[695, [1002, 538, 538, 3, 150, 244]]
[696, [994, 536, 536, 3, 144, 242]]
[697, [988, 536, 536, 3, 138, 242]]
[698, [1004, 538, 538, 3, 132, 244]]
[699, [1002, 542, 542, 33, 126, 248]]
[700, [996, 542, 542, 48, 120, 248]]
[701, [1008, 540, 540, 48, 114, 246]]
[702, [1006, 544, 544, 48, 108, 250]]
[703, [998, 542, 542, 48, 102, 248]]
[704, [1012, 542, 542, 63, 96, 248]]
[705, [1008, 544, 544, 78, 90, 250]]
[706, [1006, 548, 548, 78, 84, 254]]
[707, [1020, 548, 548, 78, 78, 254]]
[708, [1014, 548, 548, 78, 72, 254]]
[709, [1012, 552, 552, 93, 66, 258]]
[710, [1024, 550, 550, 93, 60, 256]]
[711, [1018, 550, 550, 108, 54, 256]]
[712, [1016, 554, 554, 108, 48, 260]]
[713, [1036, 560, 560, 123, 42, 266]]
[714, [1030, 560, 560, 123, 36, 266]]
[715, [1024, 560, 560, 123, 30, 266]]
[716, [1042, 564, 564, 123, 24, 270]]
[717, [1036, 564, 564, 123, 18, 270]]
[718, [1030, 564, 564, 123, 12, 270]]
[719, [1048, 568, 568, 153, 6, 274]]
[720, [1048, 574, 574, 24, 144, 280]]
[721, [1044, 576, 576, 24, 138, 282]]
[722, [1064, 582, 582, 24, 132, 288]]
[723, [1062, 586, 586, 24, 126, 292]]
[724, [1060, 590, 590, 39, 120, 296]]
[725, [1076, 592, 592, 54, 114, 298]]
[726, [1074, 596, 596, 54, 108, 302]]
[727, [1072, 600, 600, 54, 102, 306]]
[728, [1086, 600, 600, 54, 96, 306]]
[729, [1086, 606, 606, 69, 90, 312]]
[730, [1086, 612, 612, 69, 84, 318]]
[731, [1100, 612, 612, 84, 78, 318]]
[732, [1096, 614, 614, 84, 72, 320]]
[733, [1094, 618, 618, 99, 66, 324]]
[734, [1112, 622, 622, 99, 60, 328]]
[735, [1106, 622, 622, 99, 54, 328]]
[736, [1106, 628, 628, 99, 48, 334]]
[737, [1124, 632, 632, 99, 42, 338]]
[738, [1118, 632, 632, 99, 36, 338]]
[739, [1118, 638, 638, 129, 30, 344]]
[740, [1136, 642, 642, 144, 24, 348]]
[741, [1132, 644, 644, 0, 162, 350]]
[742, [1126, 644, 644, 0, 156, 350]]
[743, [1146, 650, 650, 0, 150, 356]]
[744, [1144, 654, 654, 15, 144, 360]]
[745, [1138, 654, 654, 30, 138, 360]]
[746, [1156, 658, 658, 30, 132, 364]]
[747, [1156, 664, 664, 30, 126, 370]]
[748, [1152, 666, 666, 30, 120, 372]]
[749, [1166, 666, 666, 45, 114, 372]]
[750, [1164, 670, 670, 45, 108, 376]]
[751, [1156, 668, 668, 60, 102, 374]]
[752, [1170, 668, 668, 60, 96, 374]]
[753, [1162, 666, 666, 75, 90, 372]]
[754, [1160, 670, 670, 75, 84, 376]]
[755, [1176, 672, 672, 75, 78, 378]]
[756, [1170, 672, 672, 75, 72, 378]]
[757, [1166, 674, 674, 75, 66, 380]]
[758, [1178, 672, 672, 75, 60, 378]]
[759, [1170, 670, 670, 105, 54, 376]]
[760, [1162, 668, 668, 120, 48, 374]]
[761, [1180, 672, 672, 120, 42, 378]]
[762, [1176, 674, 674, 120, 36, 380]]
[763, [1170, 674, 674, 120, 30, 380]]
[764, [1186, 676, 676, 135, 24, 382]]
[765, [1178, 674, 674, 150, 18, 380]]
[766, [1170, 672, 672, 6, 156, 378]]
[767, [1182, 670, 670, 6, 150, 376]]
[768, [1176, 670, 670, 6, 144, 376]]
[769, [1172, 672, 672, 21, 138, 378]]
[770, [1186, 672, 672, 21, 132, 378]]
[771, [1180, 672, 672, 36, 126, 378]]
[772, [1172, 670, 670, 36, 120, 376]]
[773, [1184, 668, 668, 51, 114, 374]]
[774, [1176, 666, 666, 51, 108, 372]]
[775, [1170, 666, 666, 51, 102, 372]]
[776, [1184, 666, 666, 51, 96, 372]]
[777, [1178, 666, 666, 51, 90, 372]]
[778, [1172, 666, 666, 51, 84, 372]]
[779, [1184, 664, 664, 81, 78, 370]]
[780, [1176, 662, 662, 96, 72, 368]]
[781, [1168, 660, 660, 96, 66, 366]]
[782, [1182, 660, 660, 96, 60, 366]]
[783, [1176, 660, 660, 96, 54, 366]]
[784, [1170, 660, 660, 111, 48, 366]]
[785, [1184, 660, 660, 126, 42, 366]]
[786, [1176, 658, 658, 126, 36, 364]]
[787, [1168, 656, 656, 126, 30, 362]]
[788, [1180, 654, 654, 126, 24, 360]]
[789, [1174, 654, 654, 141, 18, 360]]
[790, [1168, 654, 654, 141, 12, 360]]
[791, [1182, 654, 654, 156, 6, 360]]
[792, [1176, 654, 654, 12, 144, 360]]
[793, [1168, 652, 652, 27, 138, 358]]
[794, [1180, 650, 650, 27, 132, 356]]
[795, [1172, 648, 648, 27, 126, 354]]
[796, [1166, 648, 648, 27, 120, 354]]
[797, [1180, 648, 648, 27, 114, 354]]
[798, [1174, 648, 648, 27, 108, 354]]
[799, [1168, 648, 648, 57, 102, 354]]
[800, [1180, 646, 646, 72, 96, 352]]
[801, [1172, 644, 644, 72, 90, 350]]
[802, [1164, 642, 642, 72, 84, 348]]
[803, [1178, 642, 642, 72, 78, 348]]
[804, [1172, 642, 642, 87, 72, 348]]
[805, [1166, 642, 642, 102, 66, 348]]
[806, [1180, 642, 642, 102, 60, 348]]
[807, [1172, 640, 640, 102, 54, 346]]
[808, [1164, 638, 638, 102, 48, 344]]
[809, [1176, 636, 636, 117, 42, 342]]
[810, [1170, 636, 636, 117, 36, 342]]
[811, [1164, 636, 636, 132, 30, 342]]
[812, [1178, 636, 636, 132, 24, 342]]
[813, [1172, 636, 636, 147, 18, 342]]
[814, [1164, 634, 634, 3, 156, 340]]
[815, [1176, 632, 632, 3, 150, 338]]
[816, [1168, 630, 630, 3, 144, 336]]
[817, [1162, 630, 630, 3, 138, 336]]
[818, [1176, 630, 630, 3, 132, 336]]
[819, [1170, 630, 630, 33, 126, 336]]
[820, [1164, 630, 630, 48, 120, 336]]
[821, [1176, 628, 628, 48, 114, 334]]
[822, [1168, 626, 626, 48, 108, 332]]
[823, [1160, 624, 624, 48, 102, 330]]
[824, [1174, 624, 624, 63, 96, 330]]
[825, [1168, 624, 624, 78, 90, 330]]
[826, [1162, 624, 624, 78, 84, 330]]
[827, [1176, 624, 624, 78, 78, 330]]
[828, [1168, 622, 622, 78, 72, 328]]
[829, [1160, 620, 620, 93, 66, 326]]
[830, [1172, 618, 618, 93, 60, 324]]
[831, [1166, 618, 618, 108, 54, 324]]
[832, [1160, 618, 618, 108, 48, 324]]
[833, [1174, 618, 618, 123, 42, 324]]
[834, [1168, 618, 618, 123, 36, 324]]
[835, [1160, 616, 616, 123, 30, 322]]
[836, [1172, 614, 614, 123, 24, 320]]
[837, [1164, 612, 612, 123, 18, 318]]
[838, [1158, 612, 612, 123, 12, 318]]
[839, [1172, 612, 612, 153, 6, 318]]
[840, [1166, 612, 612, 24, 144, 318]]
[841, [1160, 612, 612, 24, 138, 318]]
[842, [1172, 610, 610, 24, 132, 316]]
[843, [1166, 610, 610, 24, 126, 316]]
[844, [1158, 608, 608, 39, 120, 314]]
[845, [1172, 608, 608, 54, 114, 314]]
[846, [1168, 610, 610, 54, 108, 316]]
[847, [1164, 612, 612, 54, 102, 318]]
[848, [1178, 612, 612, 54, 96, 318]]
[849, [1170, 610, 610, 69, 90, 316]]
[850, [1166, 612, 612, 69, 84, 318]]
[851, [1178, 610, 610, 84, 78, 316]]
[852, [1172, 610, 610, 84, 72, 316]]
[853, [1168, 612, 612, 84, 66, 318]]
[854, [1184, 614, 614, 84, 60, 320]]
[855, [1178, 614, 614, 84, 54, 320]]
[856, [1174, 616, 616, 84, 48, 322]]
[857, [1190, 618, 618, 84, 42, 324]]
[858, [1182, 616, 616, 84, 36, 322]]
[859, [1176, 616, 616, 114, 30, 322]]
[860, [1194, 620, 620, 129, 24, 326]]
[861, [1194, 626, 626, 129, 18, 332]]
[862, [1190, 628, 628, 129, 12, 334]]
[863, [1206, 630, 630, 129, 6, 336]]
[864, [1202, 632, 632, 144, 0, 338]]
[865, [1194, 630, 630, 15, 144, 330]]
[866, [1208, 630, 630, 15, 138, 330]]
[867, [1206, 634, 634, 15, 132, 334]]
[868, [1206, 640, 640, 15, 126, 340]]
[869, [1222, 642, 642, 30, 120, 342]]
[870, [1218, 644, 644, 30, 114, 344]]
[871, [1214, 646, 646, 45, 108, 346]]
[872, [1230, 648, 648, 45, 102, 348]]
[873, [1228, 652, 652, 60, 96, 352]]
[874, [1226, 656, 656, 60, 90, 356]]
[875, [1244, 660, 660, 60, 84, 360]]
[876, [1240, 662, 662, 60, 78, 362]]
[877, [1238, 666, 666, 60, 72, 366]]
[878, [1256, 670, 670, 60, 66, 370]]
[879, [1252, 672, 672, 90, 60, 372]]
[880, [1252, 678, 678, 105, 54, 378]]
[881, [1272, 684, 684, 105, 48, 384]]
[882, [1270, 688, 688, 105, 42, 388]]
[883, [1266, 690, 690, 105, 36, 390]]
[884, [1286, 696, 696, 120, 30, 396]]
[885, [1280, 696, 696, 135, 24, 396]]
[886, [1276, 698, 698, 135, 18, 398]]
[887, [1296, 704, 704, 135, 12, 404]]
[888, [1296, 710, 710, 135, 6, 410]]
[889, [1292, 712, 712, 150, 0, 412]]
[890, [1304, 710, 710, 6, 144, 404]]
[891, [1302, 714, 714, 21, 138, 408]]
[892, [1298, 716, 716, 21, 132, 410]]
[893, [1314, 718, 718, 36, 126, 412]]
[894, [1314, 724, 724, 36, 120, 418]]
[895, [1314, 730, 730, 36, 114, 424]]
[896, [1330, 732, 732, 36, 108, 426]]
[897, [1322, 730, 730, 36, 102, 424]]
[898, [1320, 734, 734, 36, 96, 428]]
[899, [1336, 736, 736, 66, 90, 430]]
[900, [1332, 738, 738, 81, 84, 432]]
[901, [1326, 738, 738, 81, 78, 432]]
[902, [1342, 740, 740, 81, 72, 434]]
[903, [1338, 742, 742, 81, 66, 436]]
[904, [1332, 742, 742, 96, 60, 436]]
[905, [1348, 744, 744, 111, 54, 438]]
[906, [1342, 744, 744, 111, 48, 438]]
[907, [1336, 744, 744, 111, 42, 438]]
[908, [1348, 742, 742, 111, 36, 436]]
[909, [1342, 742, 742, 111, 30, 436]]
[910, [1336, 742, 742, 111, 24, 436]]
[911, [1350, 742, 742, 126, 18, 436]]
[912, [1346, 744, 744, 126, 12, 438]]
[913, [1338, 742, 742, 141, 6, 436]]
[914, [1352, 742, 742, 141, 0, 436]]
[915, [1344, 740, 740, 141, 0, 428]]
[916, [1338, 740, 740, 141, 0, 422]]
[917, [1352, 740, 740, 156, 0, 416]]
[918, [1346, 740, 740, 12, 144, 410]]
[919, [1342, 742, 742, 42, 138, 412]]
[920, [1354, 740, 740, 57, 132, 410]]
[921, [1346, 738, 738, 57, 126, 408]]
[922, [1338, 736, 736, 57, 120, 406]]
[923, [1352, 736, 736, 57, 114, 406]]
[924, [1346, 736, 736, 72, 108, 406]]
[925, [1340, 736, 736, 87, 102, 406]]
[926, [1356, 738, 738, 87, 96, 408]]
[927, [1348, 736, 736, 87, 90, 406]]
[928, [1340, 734, 734, 87, 84, 404]]
[929, [1352, 732, 732, 87, 78, 402]]
[930, [1346, 732, 732, 87, 72, 402]]
[931, [1340, 732, 732, 102, 66, 402]]
[932, [1354, 732, 732, 102, 60, 402]]
[933, [1348, 732, 732, 117, 54, 402]]
[934, [1340, 730, 730, 117, 48, 400]]
[935, [1352, 728, 728, 117, 42, 398]]
[936, [1344, 726, 726, 117, 36, 396]]
[937, [1338, 726, 726, 132, 30, 396]]
[938, [1352, 726, 726, 132, 24, 396]]
[939, [1346, 726, 726, 147, 18, 396]]
[940, [1340, 726, 726, 18, 156, 396]]
[941, [1352, 724, 724, 33, 150, 394]]
[942, [1344, 722, 722, 33, 144, 392]]
[943, [1336, 720, 720, 33, 138, 390]]
[944, [1350, 720, 720, 48, 132, 390]]
[945, [1344, 720, 720, 63, 126, 390]]
[946, [1338, 720, 720, 63, 120, 390]]
[947, [1352, 720, 720, 63, 114, 390]]
[948, [1344, 718, 718, 63, 108, 388]]
[949, [1336, 716, 716, 63, 102, 386]]
[950, [1348, 714, 714, 63, 96, 384]]
[951, [1342, 714, 714, 78, 90, 384]]
[952, [1336, 714, 714, 78, 84, 384]]
[953, [1350, 714, 714, 93, 78, 384]]
[954, [1344, 714, 714, 93, 72, 384]]
[955, [1336, 712, 712, 93, 66, 382]]
[956, [1348, 710, 710, 93, 60, 380]]
[957, [1340, 708, 708, 108, 54, 378]]
[958, [1334, 708, 708, 108, 48, 378]]
[959, [1348, 708, 708, 123, 42, 378]]
[960, [1342, 708, 708, 138, 36, 378]]
[961, [1336, 708, 708, 153, 30, 378]]
[962, [1348, 706, 706, 9, 168, 376]]
[963, [1340, 704, 704, 9, 162, 374]]
[964, [1332, 702, 702, 24, 156, 372]]
[965, [1346, 702, 702, 39, 150, 372]]
[966, [1340, 702, 702, 39, 144, 372]]
[967, [1334, 702, 702, 39, 138, 372]]
[968, [1348, 702, 702, 39, 132, 372]]
[969, [1340, 700, 700, 39, 126, 370]]
[970, [1332, 698, 698, 39, 120, 368]]
[971, [1344, 696, 696, 54, 114, 366]]
[972, [1338, 696, 696, 54, 108, 366]]
[973, [1332, 696, 696, 69, 102, 366]]
[974, [1346, 696, 696, 69, 96, 366]]
[975, [1340, 696, 696, 69, 90, 366]]
[976, [1332, 694, 694, 69, 84, 364]]
[977, [1344, 692, 692, 84, 78, 362]]
[978, [1336, 690, 690, 84, 72, 360]]
[979, [1330, 690, 690, 99, 66, 360]]
[980, [1344, 690, 690, 114, 60, 360]]
[981, [1338, 690, 690, 129, 54, 360]]
[982, [1332, 690, 690, 129, 48, 360]]
[983, [1344, 688, 688, 129, 42, 358]]
[984, [1336, 686, 686, 144, 36, 356]]
[985, [1328, 684, 684, 15, 174, 354]]
[986, [1342, 684, 684, 15, 168, 354]]
[987, [1336, 684, 684, 15, 162, 354]]
[988, [1330, 684, 684, 15, 156, 354]]
[989, [1344, 684, 684, 15, 150, 354]]
[990, [1336, 682, 682, 15, 144, 352]]
[991, [1328, 680, 680, 30, 138, 350]]
[992, [1340, 678, 678, 30, 132, 348]]
[993, [1334, 678, 678, 45, 126, 348]]
[994, [1328, 678, 678, 45, 120, 348]]
[995, [1342, 678, 678, 45, 114, 348]]
[996, [1336, 678, 678, 45, 108, 348]]
[997, [1328, 676, 676, 60, 102, 346]]
[998, [1340, 674, 674, 60, 96, 344]]
[999, [1332, 672, 672, 75, 90, 342]]
[1000, [1326, 672, 672, 90, 84, 342]]
[1001, [1340, 672, 672, 105, 78, 342]]
[1002, [1334, 672, 672, 105, 72, 342]]
[1003, [1328, 672, 672, 105, 66, 342]]
[1004, [1340, 670, 670, 105, 60, 340]]
[1005, [1332, 668, 668, 120, 54, 338]]
[1006, [1324, 666, 666, 120, 48, 336]]
[1007, [1338, 666, 666, 120, 42, 336]]
[1008, [1332, 666, 666, 120, 36, 336]]
[1009, [1326, 666, 666, 120, 30, 336]]
[1010, [1340, 666, 666, 120, 24, 336]]
[1011, [1332, 664, 664, 135, 18, 334]]
[1012, [1324, 662, 662, 150, 12, 332]]
[1013, [1336, 660, 660, 6, 150, 330]]
[1014, [1330, 660, 660, 6, 144, 330]]
[1015, [1324, 660, 660, 6, 138, 330]]
[1016, [1338, 660, 660, 21, 132, 330]]
[1017, [1332, 660, 660, 36, 126, 330]]
[1018, [1324, 658, 658, 36, 120, 328]]
[1019, [1336, 656, 656, 51, 114, 326]]
[1020, [1328, 654, 654, 66, 108, 324]]
[1021, [1322, 654, 654, 81, 102, 324]]
[1022, [1336, 654, 654, 81, 96, 324]]
[1023, [1330, 654, 654, 81, 90, 324]]
[1024, [1324, 654, 654, 81, 84, 324]]
[1025, [1336, 652, 652, 96, 78, 322]]
[1026, [1328, 650, 650, 96, 72, 320]]
[1027, [1320, 648, 648, 96, 66, 318]]
[1028, [1334, 648, 648, 96, 60, 318]]
[1029, [1328, 648, 648, 96, 54, 318]]
[1030, [1322, 648, 648, 96, 48, 318]]
[1031, [1336, 648, 648, 111, 42, 318]]
[1032, [1328, 646, 646, 126, 36, 316]]
[1033, [1320, 644, 644, 126, 30, 314]]
[1034, [1332, 642, 642, 126, 24, 312]]
[1035, [1326, 642, 642, 126, 18, 312]]
[1036, [1320, 642, 642, 141, 12, 312]]
[1037, [1334, 642, 642, 156, 6, 312]]
[1038, [1328, 642, 642, 12, 144, 312]]
[1039, [1320, 640, 640, 27, 138, 310]]
[1040, [1332, 638, 638, 42, 132, 308]]
[1041, [1324, 636, 636, 57, 126, 306]]
[1042, [1318, 636, 636, 57, 120, 306]]
[1043, [1332, 636, 636, 57, 114, 306]]
[1044, [1326, 636, 636, 57, 108, 306]]
[1045, [1320, 636, 636, 72, 102, 306]]
[1046, [1332, 634, 634, 72, 96, 304]]
[1047, [1324, 632, 632, 72, 90, 302]]
[1048, [1316, 630, 630, 72, 84, 300]]
[1049, [1330, 630, 630, 72, 78, 300]]
[1050, [1324, 630, 630, 72, 72, 300]]
[1051, [1318, 630, 630, 87, 66, 300]]
[1052, [1332, 630, 630, 102, 60, 300]]
[1053, [1324, 628, 628, 102, 54, 298]]
[1054, [1316, 626, 626, 102, 48, 296]]
[1055, [1328, 624, 624, 102, 42, 294]]
[1056, [1322, 624, 624, 117, 36, 294]]
[1057, [1316, 624, 624, 132, 30, 294]]
[1058, [1330, 624, 624, 132, 24, 294]]
[1059, [1324, 624, 624, 147, 18, 294]]
[1060, [1316, 622, 622, 18, 156, 292]]
[1061, [1328, 620, 620, 33, 150, 290]]
[1062, [1320, 618, 618, 33, 144, 288]]
[1063, [1314, 618, 618, 33, 138, 288]]
[1064, [1328, 618, 618, 33, 132, 288]]
[1065, [1322, 618, 618, 48, 126, 288]]
[1066, [1316, 618, 618, 48, 120, 288]]
[1067, [1328, 616, 616, 48, 114, 286]]
[1068, [1320, 614, 614, 48, 108, 284]]
[1069, [1312, 612, 612, 48, 102, 282]]
[1070, [1326, 612, 612, 48, 96, 282]]
[1071, [1320, 612, 612, 63, 90, 282]]
[1072, [1314, 612, 612, 78, 84, 282]]
[1073, [1328, 612, 612, 78, 78, 282]]
[1074, [1320, 610, 610, 78, 72, 280]]
[1075, [1312, 608, 608, 78, 66, 278]]
[1076, [1324, 606, 606, 93, 60, 276]]
[1077, [1318, 606, 606, 108, 54, 276]]
[1078, [1312, 606, 606, 108, 48, 276]]
[1079, [1326, 606, 606, 123, 42, 276]]
[1080, [1320, 606, 606, 138, 36, 276]]
[1081, [1312, 604, 604, 153, 30, 274]]
[1082, [1324, 602, 602, 9, 168, 272]]
[1083, [1316, 600, 600, 9, 162, 270]]
[1084, [1310, 600, 600, 9, 156, 270]]
[1085, [1324, 600, 600, 24, 150, 270]]
[1086, [1318, 600, 600, 24, 144, 270]]
[1087, [1312, 600, 600, 24, 138, 270]]
[1088, [1324, 598, 598, 24, 132, 268]]
[1089, [1316, 596, 596, 24, 126, 266]]
[1090, [1308, 594, 594, 24, 120, 264]]
[1091, [1322, 594, 594, 39, 114, 264]]
[1092, [1316, 594, 594, 54, 108, 264]]
[1093, [1310, 594, 594, 54, 102, 264]]
[1094, [1324, 594, 594, 54, 96, 264]]
[1095, [1316, 592, 592, 54, 90, 262]]
[1096, [1308, 590, 590, 69, 84, 260]]
[1097, [1320, 588, 588, 84, 78, 258]]
[1098, [1314, 588, 588, 84, 72, 258]]
[1099, [1308, 588, 588, 99, 66, 258]]
[1100, [1322, 588, 588, 114, 60, 258]]
[1101, [1316, 588, 588, 129, 54, 258]]
[1102, [1308, 586, 586, 129, 48, 256]]
[1103, [1320, 584, 584, 129, 42, 254]]
[1104, [1312, 582, 582, 129, 36, 252]]
[1105, [1306, 582, 582, 144, 30, 252]]
[1106, [1320, 582, 582, 0, 168, 252]]
[1107, [1314, 582, 582, 0, 162, 252]]
[1108, [1308, 582, 582, 0, 156, 252]]
[1109, [1320, 580, 580, 0, 150, 250]]
[1110, [1312, 578, 578, 0, 144, 248]]
[1111, [1304, 576, 576, 15, 138, 246]]
[1112, [1318, 576, 576, 30, 132, 246]]
[1113, [1312, 576, 576, 30, 126, 246]]
[1114, [1306, 576, 576, 30, 120, 246]]
[1115, [1320, 576, 576, 30, 114, 246]]
[1116, [1312, 574, 574, 45, 108, 244]]
[1117, [1304, 572, 572, 60, 102, 242]]
[1118, [1316, 570, 570, 60, 96, 240]]
[1119, [1310, 570, 570, 75, 90, 240]]
[1120, [1304, 570, 570, 90, 84, 240]]
[1121, [1318, 570, 570, 105, 78, 240]]
[1122, [1312, 570, 570, 105, 72, 240]]
[1123, [1304, 568, 568, 105, 66, 238]]
[1124, [1316, 566, 566, 105, 60, 236]]
[1125, [1308, 564, 564, 120, 54, 234]]
[1126, [1302, 564, 564, 120, 48, 234]]
[1127, [1316, 564, 564, 120, 42, 234]]
[1128, [1310, 564, 564, 120, 36, 234]]
[1129, [1304, 564, 564, 120, 30, 234]]
[1130, [1316, 562, 562, 120, 24, 232]]
[1131, [1308, 560, 560, 135, 18, 230]]
[1132, [1300, 558, 558, 150, 12, 228]]
[1133, [1314, 558, 558, 6, 150, 228]]
[1134, [1308, 558, 558, 6, 144, 228]]
[1135, [1302, 558, 558, 6, 138, 228]]
[1136, [1316, 558, 558, 21, 132, 228]]
[1137, [1308, 556, 556, 36, 126, 226]]
[1138, [1300, 554, 554, 36, 120, 224]]
[1139, [1312, 552, 552, 51, 114, 222]]
[1140, [1306, 552, 552, 66, 108, 222]]
[1141, [1300, 552, 552, 81, 102, 222]]
[1142, [1314, 552, 552, 81, 96, 222]]
[1143, [1308, 552, 552, 81, 90, 222]]
[1144, [1300, 550, 550, 81, 84, 220]]
[1145, [1312, 548, 548, 96, 78, 218]]
[1146, [1304, 546, 546, 96, 72, 216]]
[1147, [1298, 546, 546, 96, 66, 216]]
[1148, [1312, 546, 546, 96, 60, 216]]
[1149, [1306, 546, 546, 96, 54, 216]]
[1150, [1300, 546, 546, 96, 48, 216]]
[1151, [1312, 544, 544, 111, 42, 214]]
[1152, [1304, 542, 542, 126, 36, 212]]
[1153, [1296, 540, 540, 126, 30, 210]]
[1154, [1310, 540, 540, 126, 24, 210]]
[1155, [1304, 540, 540, 126, 18, 210]]
[1156, [1298, 540, 540, 141, 12, 210]]
[1157, [1312, 540, 540, 156, 6, 210]]
[1158, [1304, 538, 538, 12, 144, 208]]
[1159, [1296, 536, 536, 12, 138, 206]]
[1160, [1308, 534, 534, 27, 132, 204]]
[1161, [1302, 534, 534, 42, 126, 204]]
[1162, [1296, 534, 534, 42, 120, 204]]
[1163, [1310, 534, 534, 42, 114, 204]]
[1164, [1304, 534, 534, 57, 108, 204]]
[1165, [1296, 532, 532, 72, 102, 202]]
[1166, [1308, 530, 530, 72, 96, 200]]
[1167, [1300, 528, 528, 72, 90, 198]]
[1168, [1294, 528, 528, 72, 84, 198]]
[1169, [1308, 528, 528, 72, 78, 198]]
[1170, [1302, 528, 528, 72, 72, 198]]
[1171, [1296, 528, 528, 87, 66, 198]]
[1172, [1308, 526, 526, 102, 60, 196]]
[1173, [1300, 524, 524, 102, 54, 194]]
[1174, [1292, 522, 522, 102, 48, 192]]
[1175, [1306, 522, 522, 102, 42, 192]]
[1176, [1300, 522, 522, 117, 36, 192]]
[1177, [1294, 522, 522, 132, 30, 192]]
[1178, [1308, 522, 522, 132, 24, 192]]
[1179, [1300, 520, 520, 132, 18, 190]]
[1180, [1292, 518, 518, 147, 12, 188]]
[1181, [1304, 516, 516, 18, 150, 186]]
[1182, [1298, 516, 516, 18, 144, 186]]
[1183, [1292, 516, 516, 18, 138, 186]]
[1184, [1306, 516, 516, 33, 132, 186]]
[1185, [1300, 516, 516, 33, 126, 186]]
[1186, [1292, 514, 514, 33, 120, 184]]
[1187, [1304, 512, 512, 33, 114, 182]]
[1188, [1296, 510, 510, 33, 108, 180]]
[1189, [1290, 510, 510, 33, 102, 180]]
[1190, [1304, 510, 510, 33, 96, 180]]
[1191, [1298, 510, 510, 48, 90, 180]]
[1192, [1292, 510, 510, 63, 84, 180]]
[1193, [1304, 508, 508, 63, 78, 178]]
[1194, [1296, 506, 506, 63, 72, 176]]
[1195, [1288, 504, 504, 63, 66, 174]]
[1196, [1302, 504, 504, 78, 60, 174]]
[1197, [1296, 504, 504, 93, 54, 174]]
[1198, [1290, 504, 504, 93, 48, 174]]
[1199, [1304, 504, 504, 93, 42, 174]]
[1200, [1296, 502, 502, 108, 36, 172]]
[1201, [1288, 500, 500, 123, 30, 170]]
[1202, [1300, 498, 498, 123, 24, 168]]
[1203, [1294, 498, 498, 123, 18, 168]]
[1204, [1288, 498, 498, 138, 12, 168]]
[1205, [1302, 498, 498, 138, 6, 168]]
[1206, [1296, 498, 498, 138, 0, 168]]
[1207, [1288, 496, 496, 138, 0, 160]]
[1208, [1300, 494, 494, 138, 0, 152]]
[1209, [1292, 492, 492, 153, 0, 144]]
[1210, [1286, 492, 492, 9, 144, 138]]
[1211, [1300, 492, 492, 24, 138, 138]]
[1212, [1294, 492, 492, 39, 132, 138]]
[1213, [1288, 492, 492, 39, 126, 138]]
[1214, [1300, 490, 490, 39, 120, 136]]
[1215, [1292, 488, 488, 39, 114, 134]]
[1216, [1284, 486, 486, 54, 108, 132]]
[1217, [1298, 486, 486, 69, 102, 132]]
[1218, [1292, 486, 486, 69, 96, 132]]
[1219, [1286, 486, 486, 69, 90, 132]]
[1220, [1300, 486, 486, 84, 84, 132]]
[1221, [1292, 484, 484, 99, 78, 130]]
[1222, [1284, 482, 482, 99, 72, 128]]
[1223, [1296, 480, 480, 99, 66, 126]]
[1224, [1290, 480, 480, 114, 60, 126]]
[1225, [1284, 480, 480, 114, 54, 126]]
[1226, [1298, 480, 480, 114, 48, 126]]
[1227, [1292, 480, 480, 114, 42, 126]]
[1228, [1284, 478, 478, 114, 36, 124]]
[1229, [1296, 476, 476, 129, 30, 122]]
[1230, [1288, 474, 474, 129, 24, 120]]
[1231, [1282, 474, 474, 144, 18, 120]]
[1232, [1296, 474, 474, 15, 156, 120]]
[1233, [1290, 474, 474, 15, 150, 120]]
[1234, [1284, 474, 474, 15, 144, 120]]
[1235, [1296, 472, 472, 15, 138, 118]]
[1236, [1288, 470, 470, 30, 132, 116]]
[1237, [1280, 468, 468, 45, 126, 114]]
[1238, [1294, 468, 468, 45, 120, 114]]
[1239, [1288, 468, 468, 45, 114, 114]]
[1240, [1282, 468, 468, 60, 108, 114]]
[1241, [1296, 468, 468, 75, 102, 114]]
[1242, [1288, 466, 466, 75, 96, 112]]
[1243, [1280, 464, 464, 75, 90, 110]]
[1244, [1292, 462, 462, 90, 84, 108]]
[1245, [1286, 462, 462, 90, 78, 108]]
[1246, [1280, 462, 462, 90, 72, 108]]
[1247, [1294, 462, 462, 90, 66, 108]]
[1248, [1288, 462, 462, 90, 60, 108]]
[1249, [1280, 460, 460, 105, 54, 106]]
[1250, [1292, 458, 458, 105, 48, 104]]
[1251, [1284, 456, 456, 120, 42, 102]]
[1252, [1278, 456, 456, 135, 36, 102]]
[1253, [1292, 456, 456, 135, 30, 102]]
[1254, [1286, 456, 456, 135, 24, 102]]
[1255, [1280, 456, 456, 135, 18, 102]]
[1256, [1292, 454, 454, 150, 12, 100]]
[1257, [1284, 452, 452, 21, 150, 98]]
[1258, [1276, 450, 450, 21, 144, 96]]
[1259, [1290, 450, 450, 21, 138, 96]]
[1260, [1284, 450, 450, 36, 132, 96]]
[1261, [1278, 450, 450, 51, 126, 96]]
[1262, [1292, 450, 450, 51, 120, 96]]
[1263, [1284, 448, 448, 51, 114, 94]]
[1264, [1276, 446, 446, 66, 108, 92]]
[1265, [1288, 444, 444, 66, 102, 90]]
[1266, [1282, 444, 444, 66, 96, 90]]
[1267, [1276, 444, 444, 66, 90, 90]]
[1268, [1290, 444, 444, 66, 84, 90]]
[1269, [1284, 444, 444, 81, 78, 90]]
[1270, [1276, 442, 442, 81, 72, 88]]
[1271, [1288, 440, 440, 96, 66, 86]]
[1272, [1280, 438, 438, 96, 60, 84]]
[1273, [1274, 438, 438, 96, 54, 84]]
[1274, [1288, 438, 438, 96, 48, 84]]
[1275, [1282, 438, 438, 96, 42, 84]]
[1276, [1276, 438, 438, 111, 36, 84]]
[1277, [1288, 436, 436, 126, 30, 82]]
[1278, [1280, 434, 434, 126, 24, 80]]
[1279, [1272, 432, 432, 126, 18, 78]]
[1280, [1286, 432, 432, 141, 12, 78]]
[1281, [1280, 432, 432, 156, 6, 78]]
[1282, [1274, 432, 432, 12, 144, 78]]
[1283, [1288, 432, 432, 12, 138, 78]]
[1284, [1280, 430, 430, 27, 132, 76]]
[1285, [1272, 428, 428, 27, 126, 74]]
[1286, [1284, 426, 426, 27, 120, 72]]
[1287, [1278, 426, 426, 27, 114, 72]]
[1288, [1272, 426, 426, 27, 108, 72]]
[1289, [1286, 426, 426, 42, 102, 72]]
[1290, [1280, 426, 426, 42, 96, 72]]
[1291, [1272, 424, 424, 57, 90, 70]]
[1292, [1284, 422, 422, 57, 84, 68]]
[1293, [1276, 420, 420, 72, 78, 66]]
[1294, [1270, 420, 420, 72, 72, 66]]
[1295, [1284, 420, 420, 72, 66, 66]]
[1296, [1278, 420, 420, 87, 60, 66]]
[1297, [1272, 420, 420, 102, 54, 66]]
[1298, [1284, 418, 418, 102, 48, 64]]
[1299, [1276, 416, 416, 102, 42, 62]]
[1300, [1268, 414, 414, 117, 36, 60]]
[1301, [1282, 414, 414, 132, 30, 60]]
[1302, [1276, 414, 414, 132, 24, 60]]
[1303, [1270, 414, 414, 132, 18, 60]]
[1304, [1284, 414, 414, 147, 12, 60]]
[1305, [1276, 412, 412, 3, 150, 58]]
[1306, [1268, 410, 410, 3, 144, 56]]
[1307, [1280, 408, 408, 3, 138, 54]]
[1308, [1274, 408, 408, 3, 132, 54]]
[1309, [1268, 408, 408, 18, 126, 54]]
[1310, [1282, 408, 408, 18, 120, 54]]
[1311, [1276, 408, 408, 33, 114, 54]]
[1312, [1268, 406, 406, 33, 108, 52]]
[1313, [1280, 404, 404, 48, 102, 50]]
[1314, [1272, 402, 402, 48, 96, 48]]
[1315, [1266, 402, 402, 48, 90, 48]]
[1316, [1280, 402, 402, 63, 84, 48]]
[1317, [1274, 402, 402, 78, 78, 48]]
[1318, [1268, 402, 402, 78, 72, 48]]
[1319, [1280, 400, 400, 78, 66, 46]]
[1320, [1272, 398, 398, 93, 60, 44]]
[1321, [1264, 396, 396, 108, 54, 42]]
[1322, [1278, 396, 396, 108, 48, 42]]
[1323, [1272, 396, 396, 108, 42, 42]]
[1324, [1266, 396, 396, 123, 36, 42]]
[1325, [1280, 396, 396, 123, 30, 42]]
[1326, [1272, 394, 394, 123, 24, 40]]
[1327, [1264, 392, 392, 123, 18, 38]]
[1328, [1276, 390, 390, 123, 12, 36]]
[1329, [1270, 390, 390, 138, 6, 36]]
[1330, [1264, 390, 390, 138, 0, 36]]
[1331, [1278, 390, 390, 153, 0, 30]]
[1332, [1272, 390, 390, 9, 144, 24]]
[1333, [1264, 388, 388, 24, 138, 22]]
[1334, [1276, 386, 386, 24, 132, 20]]
[1335, [1268, 384, 384, 24, 126, 18]]
[1336, [1262, 384, 384, 39, 120, 18]]
[1337, [1276, 384, 384, 54, 114, 18]]
[1338, [1270, 384, 384, 54, 108, 18]]
[1339, [1264, 384, 384, 54, 102, 18]]
[1340, [1276, 382, 382, 69, 96, 16]]
[1341, [1268, 380, 380, 84, 90, 14]]
[1342, [1260, 378, 378, 84, 84, 12]]
[1343, [1274, 378, 378, 84, 78, 12]]
[1344, [1268, 378, 378, 99, 72, 12]]
[1345, [1262, 378, 378, 99, 66, 12]]
[1346, [1276, 378, 378, 99, 60, 12]]
[1347, [1268, 376, 376, 99, 54, 10]]
[1348, [1260, 374, 374, 99, 48, 8]]
[1349, [1272, 372, 372, 114, 42, 6]]
[1350, [1266, 372, 372, 114, 36, 6]]
[1351, [1260, 372, 372, 129, 30, 6]]
[1352, [1274, 372, 372, 129, 24, 6]]
[1353, [1268, 372, 372, 144, 18, 6]]
[1354, [1260, 370, 370, 0, 156, 4]]
[1355, [1272, 368, 368, 0, 150, 2]]
[1356, [1264, 366, 366, 15, 144, 0]]
[1357, [1258, 366, 366, 30, 138, 0]]
[1358, [1272, 366, 366, 30, 132, 0]]
[1359, [1266, 366, 366, 30, 126, 0]]
[1360, [1260, 366, 366, 45, 120, 0]]
[1361, [1274, 366, 366, 60, 114, 0]]
[1362, [1268, 366, 366, 60, 108, 0]]
[1363, [1262, 366, 366, 60, 102, 0]]
[1364, [1276, 366, 366, 75, 96, 0]]
[1365, [1270, 366, 366, 75, 90, 0]]
[1366, [1264, 366, 366, 75, 84, 0]]
[1367, [1278, 366, 366, 75, 78, 0]]
[1368, [1272, 366, 366, 75, 72, 0]]
[1369, [1266, 366, 366, 90, 66, 0]]
[1370, [1280, 366, 366, 90, 60, 0]]
[1371, [1274, 366, 366, 90, 54, 0]]
[1372, [1268, 366, 366, 90, 48, 0]]
[1373, [1282, 366, 366, 120, 42, 0]]
[1374, [1276, 366, 366, 120, 36, 0]]
[1375, [1270, 366, 366, 120, 30, 0]]
[1376, [1284, 366, 366, 135, 24, 0]]
[1377, [1278, 366, 366, 150, 18, 0]]
[1378, [1272, 366, 366, 6, 156, 0]]
[1379, [1286, 366, 366, 6, 150, 0]]
[1380, [1280, 366, 366, 21, 144, 0]]
[1381, [1274, 366, 366, 36, 138, 0]]
[1382, [1288, 366, 366, 36, 132, 0]]
[1383, [1282, 366, 366, 36, 126, 0]]
[1384, [1276, 366, 366, 51, 120, 0]]
[1385, [1290, 366, 366, 51, 114, 0]]
[1386, [1284, 366, 366, 51, 108, 0]]
[1387, [1278, 366, 366, 51, 102, 0]]
[1388, [1292, 366, 366, 51, 96, 0]]
[1389, [1286, 366, 366, 66, 90, 0]]
[1390, [1280, 366, 366, 66, 84, 0]]
[1391, [1294, 366, 366, 66, 78, 0]]
[1392, [1288, 366, 366, 66, 72, 0]]
[1393, [1282, 366, 366, 96, 66, 0]]
[1394, [1296, 366, 366, 96, 60, 0]]
[1395, [1290, 366, 366, 96, 54, 0]]
[1396, [1284, 366, 366, 111, 48, 0]]
[1397, [1298, 366, 366, 111, 42, 0]]
[1398, [1292, 366, 366, 111, 36, 0]]
[1399, [1286, 366, 366, 111, 30, 0]]
[1400, [1300, 366, 366, 141, 24, 0]]
[1401, [1294, 366, 366, 156, 18, 0]]
[1402, [1288, 366, 366, 12, 156, 0]]
[1403, [1302, 366, 366, 12, 150, 0]]
[1404, [1296, 366, 366, 27, 144, 0]]
[1405, [1290, 366, 366, 27, 138, 0]]
[1406, [1304, 366, 366, 27, 132, 0]]
[1407, [1298, 366, 366, 27, 126, 0]]
[1408, [1292, 366, 366, 27, 120, 0]]
[1409, [1306, 366, 366, 42, 114, 0]]
[1410, [1300, 366, 366, 42, 108, 0]]
[1411, [1294, 366, 366, 42, 102, 0]]
[1412, [1308, 366, 366, 42, 96, 0]]
[1413, [1302, 366, 366, 72, 90, 0]]
[1414, [1296, 366, 366, 72, 84, 0]]
[1415, [1310, 366, 366, 72, 78, 0]]
[1416, [1304, 366, 366, 87, 72, 0]]
[1417, [1298, 366, 366, 87, 66, 0]]
[1418, [1312, 366, 366, 87, 60, 0]]
[1419, [1306, 366, 366, 87, 54, 0]]
[1420, [1300, 366, 366, 117, 48, 0]]
[1421, [1314, 366, 366, 132, 42, 0]]
[1422, [1308, 366, 366, 132, 36, 0]]
[1423, [1302, 366, 366, 132, 30, 0]]
[1424, [1316, 366, 366, 147, 24, 0]]
[1425, [1310, 366, 366, 3, 162, 0]]
[1426, [1304, 366, 366, 3, 156, 0]]
[1427, [1318, 366, 366, 3, 150, 0]]
[1428, [1312, 366, 366, 3, 144, 0]]
[1429, [1306, 366, 366, 18, 138, 0]]
[1430, [1320, 366, 366, 18, 132, 0]]
[1431, [1314, 366, 366, 18, 126, 0]]
[1432, [1308, 366, 366, 18, 120, 0]]
[1433, [1322, 366, 366, 48, 114, 0]]
[1434, [1316, 366, 366, 48, 108, 0]]
[1435, [1310, 366, 366, 48, 102, 0]]
[1436, [1324, 366, 366, 63, 96, 0]]
[1437, [1318, 366, 366, 63, 90, 0]]
[1438, [1312, 366, 366, 63, 84, 0]]
[1439, [1326, 366, 366, 63, 78, 0]]
