SimulationV06.py[0, [0, 16, 16, 0, 0, 0]]
[1, [0, 32, 32, 0, 0, 0]]
[2, [48, 48, 48, 0, 0, 0]]
[3, [48, 64, 64, 0, 0, 0]]
[4, [48, 80, 80, 0, 0, 0]]
[5, [96, 96, 96, 0, 0, 0]]
[6, [96, 112, 112, 0, 0, 0]]
[7, [96, 128, 128, 0, 0, 0]]
[8, [144, 144, 144, 0, 0, 0]]
[9, [144, 160, 160, 0, 0, 0]]
[10, [144, 176, 176, 0, 0, 0]]
[11, [192, 192, 192, 0, 0, 0]]
[12, [192, 208, 208, 0, 0, 0]]
[13, [192, 224, 224, 0, 0, 0]]
[14, [240, 240, 240, 0, 0, 0]]
[15, [240, 256, 256, 0, 0, 0]]
[16, [240, 272, 272, 0, 0, 0]]
[17, [288, 288, 288, 0, 0, 0]]
[18, [288, 304, 304, 0, 0, 0]]
[19, [288, 320, 320, 315, 0, 0]]
[20, [336, 336, 336, 171, 144, 0]]
[21, [236, 252, 252, 27, 183, 5]]
[22, [126, 158, 158, 27, 78, 0]]
[23, [104, 104, 104, 27, 0, 8]]
[24, [104, 120, 120, 27, 0, 8]]
[25, [104, 136, 136, 27, 0, 8]]
[26, [152, 152, 152, 27, 0, 8]]
[27, [152, 168, 168, 27, 0, 8]]
[28, [152, 184, 184, 27, 0, 8]]
[29, [200, 200, 200, 27, 0, 8]]
[30, [200, 216, 216, 27, 0, 8]]
[31, [200, 232, 232, 27, 0, 8]]
[32, [248, 248, 248, 27, 0, 8]]
[33, [248, 264, 264, 42, 0, 8]]
[34, [248, 280, 280, 42, 0, 8]]
[35, [296, 296, 296, 42, 0, 8]]
[36, [296, 312, 312, 42, 0, 8]]
[37, [296, 328, 328, 42, 0, 8]]
[38, [344, 344, 344, 42, 0, 8]]
[39, [344, 360, 360, 342, 0, 8]]
[40, [344, 376, 376, 198, 144, 8]]
[41, [282, 282, 282, 54, 183, 3]]
[42, [182, 198, 198, 54, 78, 8]]
[43, [102, 134, 134, 54, 0, 6]]
[44, [150, 150, 150, 54, 0, 6]]
[45, [150, 166, 166, 54, 0, 6]]
[46, [150, 182, 182, 54, 0, 6]]
[47, [198, 198, 198, 54, 0, 6]]
[48, [198, 214, 214, 54, 0, 6]]
[49, [198, 230, 230, 54, 0, 6]]
[50, [246, 246, 246, 54, 0, 6]]
[51, [246, 262, 262, 54, 0, 6]]
[52, [246, 278, 278, 54, 0, 6]]
[53, [294, 294, 294, 69, 0, 6]]
[54, [294, 310, 310, 69, 0, 6]]
[55, [294, 326, 326, 69, 0, 6]]
[56, [342, 342, 342, 69, 0, 6]]
[57, [342, 358, 358, 69, 0, 6]]
[58, [342, 374, 374, 69, 0, 6]]
[59, [390, 390, 390, 369, 0, 6]]
[60, [390, 406, 406, 225, 144, 6]]
[61, [280, 312, 312, 81, 183, 1]]
[62, [228, 228, 228, 81, 78, 6]]
[63, [148, 164, 164, 81, 0, 4]]
[64, [148, 180, 180, 81, 0, 4]]
[65, [196, 196, 196, 81, 0, 4]]
[66, [196, 212, 212, 81, 0, 4]]
[67, [196, 228, 228, 81, 0, 4]]
[68, [244, 244, 244, 81, 0, 4]]
[69, [244, 260, 260, 81, 0, 4]]
[70, [244, 276, 276, 81, 0, 4]]
[71, [292, 292, 292, 81, 0, 4]]
[72, [292, 308, 308, 81, 0, 4]]
[73, [292, 324, 324, 96, 0, 4]]
[74, [340, 340, 340, 96, 0, 4]]
[75, [340, 356, 356, 111, 0, 4]]
[76, [340, 372, 372, 111, 0, 4]]
[77, [388, 388, 388, 111, 0, 4]]
[78, [388, 404, 404, 111, 0, 4]]
[79, [388, 420, 420, 381, 0, 4]]
[80, [436, 436, 436, 252, 144, 4]]
[81, [336, 352, 352, 108, 183, 9]]
[82, [226, 258, 258, 108, 78, 4]]
[83, [194, 194, 194, 108, 0, 2]]
[84, [194, 210, 210, 108, 0, 2]]
[85, [194, 226, 226, 108, 0, 2]]
[86, [242, 242, 242, 123, 0, 2]]
[87, [242, 258, 258, 123, 0, 2]]
[88, [242, 274, 274, 123, 0, 2]]
[89, [290, 290, 290, 123, 0, 2]]
[90, [290, 306, 306, 123, 0, 2]]
[91, [290, 322, 322, 123, 0, 2]]
[92, [338, 338, 338, 123, 0, 2]]
[93, [338, 354, 354, 138, 0, 2]]
[94, [338, 370, 370, 138, 0, 2]]
[95, [386, 386, 386, 153, 0, 2]]
[96, [386, 402, 402, 9, 144, 2]]
[97, [286, 318, 318, 9, 39, 7]]
[98, [294, 294, 294, 9, 0, 6]]
[99, [294, 310, 310, 264, 0, 6]]
[100, [294, 326, 326, 135, 144, 6]]
[101, [232, 232, 232, 135, 39, 1]]
[102, [192, 208, 208, 135, 0, 0]]
[103, [192, 224, 224, 135, 0, 0]]
[104, [240, 240, 240, 135, 0, 0]]
[105, [240, 256, 256, 135, 0, 0]]
[106, [240, 272, 272, 150, 0, 0]]
[107, [288, 288, 288, 6, 144, 0]]
[108, [188, 204, 204, 6, 39, 5]]
[109, [148, 180, 180, 6, 0, 4]]
[110, [196, 196, 196, 6, 0, 4]]
[111, [196, 212, 212, 6, 0, 4]]
[112, [196, 228, 228, 6, 0, 4]]
[113, [244, 244, 244, 21, 0, 4]]
[114, [244, 260, 260, 21, 0, 4]]
[115, [244, 276, 276, 36, 0, 4]]
[116, [292, 292, 292, 36, 0, 4]]
[117, [292, 308, 308, 36, 0, 4]]
[118, [292, 324, 324, 36, 0, 4]]
[119, [340, 340, 340, 261, 0, 4]]
[120, [340, 356, 356, 132, 144, 4]]
[121, [240, 272, 272, 132, 39, 9]]
[122, [248, 248, 248, 147, 0, 8]]
[123, [248, 264, 264, 18, 144, 8]]
[124, [138, 170, 170, 18, 39, 3]]
[125, [166, 166, 166, 18, 0, 22]]
[126, [146, 162, 162, 33, 0, 2]]
[127, [146, 178, 178, 33, 0, 2]]
[128, [194, 194, 194, 33, 0, 2]]
[129, [194, 210, 210, 33, 0, 2]]
[130, [194, 226, 226, 33, 0, 2]]
[131, [242, 242, 242, 33, 0, 2]]
[132, [242, 258, 258, 33, 0, 2]]
[133, [242, 274, 274, 48, 0, 2]]
[134, [290, 290, 290, 48, 0, 2]]
[135, [290, 306, 306, 63, 0, 2]]
[136, [290, 322, 322, 78, 0, 2]]
[137, [338, 338, 338, 78, 0, 2]]
[138, [338, 354, 354, 78, 0, 2]]
[139, [338, 370, 370, 288, 0, 2]]
[140, [386, 386, 386, 159, 144, 2]]
[141, [336, 352, 352, 30, 183, 57]]
[142, [326, 358, 358, 45, 78, 152]]
[143, [374, 374, 374, 60, 0, 230]]
[144, [344, 360, 360, 60, 0, 200]]
[145, [324, 356, 356, 60, 0, 180]]
[146, [362, 362, 362, 75, 0, 170]]
[147, [352, 368, 368, 75, 0, 160]]
[148, [242, 274, 274, 75, 0, 50]]
[149, [260, 260, 260, 75, 0, 20]]
[150, [240, 256, 256, 75, 0, 0]]
[151, [240, 272, 272, 75, 0, 0]]
[152, [288, 288, 288, 75, 0, 0]]
[153, [288, 304, 304, 90, 0, 0]]
[154, [288, 320, 320, 90, 0, 0]]
[155, [336, 336, 336, 105, 0, 0]]
[156, [336, 352, 352, 120, 0, 0]]
[157, [336, 368, 368, 120, 0, 0]]
[158, [384, 384, 384, 120, 0, 0]]
[159, [384, 400, 400, 315, 0, 0]]
[160, [384, 416, 416, 186, 144, 0]]
[161, [332, 332, 332, 72, 183, 5]]
[162, [222, 238, 238, 87, 78, 0]]
[163, [152, 184, 184, 102, 0, 8]]
[164, [200, 200, 200, 102, 0, 8]]
[165, [200, 216, 216, 102, 0, 8]]
[166, [200, 232, 232, 117, 0, 8]]
[167, [248, 248, 248, 117, 0, 8]]
[168, [248, 264, 264, 117, 0, 8]]
[169, [248, 280, 280, 117, 0, 8]]
[170, [296, 296, 296, 117, 0, 8]]
[171, [296, 312, 312, 117, 0, 8]]
[172, [296, 328, 328, 117, 0, 8]]
[173, [344, 344, 344, 132, 0, 8]]
[174, [344, 360, 360, 132, 0, 8]]
[175, [344, 376, 376, 147, 0, 8]]
[176, [392, 392, 392, 18, 144, 8]]
[177, [282, 298, 298, 18, 39, 3]]
[178, [242, 274, 274, 18, 0, 2]]
[179, [290, 290, 290, 198, 0, 2]]
[180, [290, 306, 306, 69, 144, 2]]
[181, [190, 222, 222, 99, 39, 7]]
[182, [198, 198, 198, 114, 0, 6]]
[183, [198, 214, 214, 129, 0, 6]]
[184, [198, 230, 230, 129, 0, 6]]
[185, [246, 246, 246, 144, 0, 6]]
[186, [246, 262, 262, 15, 144, 6]]
[187, [136, 168, 168, 15, 39, 1]]
[188, [144, 144, 144, 15, 0, 0]]
[189, [144, 160, 160, 15, 0, 0]]
[190, [144, 176, 176, 15, 0, 0]]
[191, [192, 192, 192, 15, 0, 0]]
[192, [192, 208, 208, 15, 0, 0]]
[193, [192, 224, 224, 30, 0, 0]]
[194, [240, 240, 240, 30, 0, 0]]
[195, [240, 256, 256, 30, 0, 0]]
[196, [240, 272, 272, 60, 0, 0]]
[197, [288, 288, 288, 60, 0, 0]]
[198, [288, 304, 304, 60, 0, 0]]
[199, [288, 320, 320, 240, 0, 0]]
[200, [336, 336, 336, 111, 144, 0]]
[201, [236, 252, 252, 141, 39, 5]]
[202, [196, 228, 228, 156, 0, 4]]
[203, [244, 244, 244, 27, 144, 4]]
[204, [144, 160, 160, 27, 39, 9]]
[205, [104, 136, 136, 42, 0, 8]]
[206, [152, 152, 152, 57, 0, 8]]
[207, [152, 168, 168, 57, 0, 8]]
[208, [152, 184, 184, 57, 0, 8]]
[209, [200, 200, 200, 57, 0, 8]]
[210, [200, 216, 216, 57, 0, 8]]
[211, [200, 232, 232, 57, 0, 8]]
[212, [248, 248, 248, 57, 0, 8]]
[213, [248, 264, 264, 72, 0, 8]]
[214, [248, 280, 280, 72, 0, 8]]
[215, [296, 296, 296, 72, 0, 8]]
[216, [296, 312, 312, 102, 0, 8]]
[217, [296, 328, 328, 102, 0, 8]]
[218, [344, 344, 344, 102, 0, 8]]
[219, [344, 360, 360, 282, 0, 8]]
[220, [344, 376, 376, 153, 144, 8]]
[221, [282, 282, 282, 39, 183, 3]]
[222, [182, 198, 198, 54, 78, 8]]
[223, [102, 134, 134, 69, 0, 6]]
[224, [150, 150, 150, 69, 0, 6]]
[225, [150, 166, 166, 84, 0, 6]]
[226, [150, 182, 182, 84, 0, 6]]
[227, [198, 198, 198, 84, 0, 6]]
[228, [198, 214, 214, 84, 0, 6]]
[229, [198, 230, 230, 84, 0, 6]]
[230, [246, 246, 246, 99, 0, 6]]
[231, [246, 262, 262, 99, 0, 6]]
[232, [246, 278, 278, 99, 0, 6]]
[233, [294, 294, 294, 114, 0, 6]]
[234, [294, 310, 310, 114, 0, 6]]
[235, [294, 326, 326, 114, 0, 6]]
[236, [342, 342, 342, 144, 0, 6]]
[237, [342, 358, 358, 0, 144, 6]]
[238, [232, 264, 264, 0, 39, 1]]
[239, [240, 240, 240, 180, 0, 0]]
[240, [240, 256, 256, 51, 144, 0]]
[241, [140, 172, 172, 81, 39, 5]]
[242, [148, 148, 148, 96, 0, 4]]
[243, [148, 164, 164, 111, 0, 4]]
[244, [148, 180, 180, 111, 0, 4]]
[245, [196, 196, 196, 126, 0, 4]]
[246, [196, 212, 212, 126, 0, 4]]
[247, [196, 228, 228, 126, 0, 4]]
[248, [244, 244, 244, 126, 0, 4]]
[249, [244, 260, 260, 126, 0, 4]]
[250, [244, 276, 276, 141, 0, 4]]
[251, [292, 292, 292, 141, 0, 4]]
[252, [292, 308, 308, 141, 0, 4]]
[253, [292, 324, 324, 156, 0, 4]]
[254, [340, 340, 340, 12, 144, 4]]
[255, [240, 256, 256, 12, 39, 9]]
[256, [200, 232, 232, 42, 0, 8]]
[257, [248, 248, 248, 42, 0, 8]]
[258, [248, 264, 264, 42, 0, 8]]
[259, [248, 280, 280, 222, 0, 8]]
[260, [296, 296, 296, 93, 144, 8]]
[261, [186, 202, 202, 123, 39, 3]]
[262, [146, 178, 178, 138, 0, 2]]
[263, [194, 194, 194, 153, 0, 2]]
[264, [194, 210, 210, 9, 144, 2]]
[265, [94, 126, 126, 24, 39, 7]]
[266, [102, 102, 102, 24, 0, 6]]
[267, [102, 118, 118, 24, 0, 6]]
[268, [102, 134, 134, 24, 0, 6]]
[269, [150, 150, 150, 24, 0, 6]]
[270, [150, 166, 166, 39, 0, 6]]
[271, [150, 182, 182, 39, 0, 6]]
[272, [198, 198, 198, 39, 0, 6]]
[273, [198, 214, 214, 54, 0, 6]]
[274, [198, 230, 230, 54, 0, 6]]
[275, [246, 246, 246, 54, 0, 6]]
[276, [246, 262, 262, 84, 0, 6]]
[277, [246, 278, 278, 84, 0, 6]]
[278, [294, 294, 294, 84, 0, 6]]
[279, [294, 310, 310, 264, 0, 6]]
[280, [294, 326, 326, 135, 144, 6]]
[281, [232, 232, 232, 150, 39, 1]]
[282, [192, 208, 208, 36, 144, 0]]
[283, [142, 174, 174, 51, 39, 55]]
[284, [170, 170, 170, 51, 0, 74]]
[285, [140, 156, 156, 66, 0, 44]]
[286, [120, 152, 152, 66, 0, 24]]
[287, [168, 168, 168, 66, 0, 24]]
[288, [148, 164, 164, 66, 0, 4]]
[289, [148, 180, 180, 66, 0, 4]]
[290, [196, 196, 196, 81, 0, 4]]
[291, [196, 212, 212, 81, 0, 4]]
[292, [196, 228, 228, 81, 0, 4]]
[293, [244, 244, 244, 96, 0, 4]]
[294, [244, 260, 260, 96, 0, 4]]
[295, [244, 276, 276, 96, 0, 4]]
[296, [292, 292, 292, 126, 0, 4]]
[297, [292, 308, 308, 126, 0, 4]]
[298, [292, 324, 324, 126, 0, 4]]
[299, [340, 340, 340, 306, 0, 4]]
[300, [340, 356, 356, 177, 144, 4]]
[301, [240, 272, 272, 48, 183, 9]]
[302, [198, 198, 198, 78, 78, 24]]
[303, [138, 154, 154, 93, 0, 42]]
[304, [98, 130, 130, 93, 0, 2]]
[305, [146, 146, 146, 108, 0, 2]]
[306, [146, 162, 162, 108, 0, 2]]
[307, [146, 178, 178, 108, 0, 2]]
[308, [194, 194, 194, 108, 0, 2]]
[309, [194, 210, 210, 108, 0, 2]]
[310, [194, 226, 226, 123, 0, 2]]
[311, [242, 242, 242, 123, 0, 2]]
[312, [242, 258, 258, 123, 0, 2]]
[313, [242, 274, 274, 138, 0, 2]]
[314, [290, 290, 290, 138, 0, 2]]
[315, [290, 306, 306, 138, 0, 2]]
[316, [290, 322, 322, 168, 0, 2]]
[317, [338, 338, 338, 24, 144, 2]]
[318, [238, 254, 254, 24, 39, 7]]
[319, [198, 230, 230, 189, 0, 6]]
[320, [246, 246, 246, 75, 144, 6]]
[321, [136, 152, 152, 90, 39, 1]]
[322, [96, 128, 128, 120, 0, 0]]
[323, [144, 144, 144, 135, 0, 0]]
[324, [144, 160, 160, 135, 0, 0]]
[325, [144, 176, 176, 150, 0, 0]]
[326, [192, 192, 192, 6, 144, 0]]
[327, [92, 108, 108, 6, 39, 5]]
[328, [52, 84, 84, 6, 0, 4]]
[329, [100, 100, 100, 6, 0, 4]]
[330, [100, 116, 116, 21, 0, 4]]
[331, [100, 132, 132, 21, 0, 4]]
[332, [148, 148, 148, 21, 0, 4]]
[333, [148, 164, 164, 36, 0, 4]]
[334, [148, 180, 180, 36, 0, 4]]
[335, [196, 196, 196, 36, 0, 4]]
[336, [196, 212, 212, 66, 0, 4]]
[337, [196, 228, 228, 66, 0, 4]]
[338, [244, 244, 244, 66, 0, 4]]
[339, [244, 260, 260, 231, 0, 4]]
[340, [244, 276, 276, 117, 144, 4]]
[341, [192, 192, 192, 132, 39, 9]]
[342, [152, 168, 168, 162, 0, 8]]
[343, [152, 184, 184, 33, 144, 8]]
[344, [90, 90, 90, 33, 39, 3]]
[345, [50, 66, 66, 48, 0, 2]]
[346, [50, 82, 82, 48, 0, 2]]
[347, [98, 98, 98, 48, 0, 2]]
[348, [98, 114, 114, 48, 0, 2]]
[349, [98, 130, 130, 48, 0, 2]]
[350, [146, 146, 146, 63, 0, 2]]
[351, [146, 162, 162, 63, 0, 2]]
[352, [146, 178, 178, 63, 0, 2]]
[353, [194, 194, 194, 78, 0, 2]]
[354, [194, 210, 210, 78, 0, 2]]
[355, [194, 226, 226, 78, 0, 2]]
[356, [242, 242, 242, 108, 0, 2]]
[357, [242, 258, 258, 108, 0, 2]]
[358, [242, 274, 274, 108, 0, 2]]
[359, [290, 290, 290, 273, 0, 2]]
[360, [290, 306, 306, 159, 144, 2]]
[361, [190, 222, 222, 30, 183, 7]]
[362, [128, 128, 128, 60, 78, 2]]
[363, [48, 64, 64, 75, 0, 0]]
[364, [48, 80, 80, 75, 0, 0]]
[365, [96, 96, 96, 90, 0, 0]]
[366, [96, 112, 112, 90, 0, 0]]
[367, [96, 128, 128, 90, 0, 0]]
[368, [144, 144, 144, 90, 0, 0]]
[369, [144, 160, 160, 90, 0, 0]]
[370, [144, 176, 176, 105, 0, 0]]
[371, [192, 192, 192, 105, 0, 0]]
[372, [192, 208, 208, 105, 0, 0]]
[373, [192, 224, 224, 120, 0, 0]]
[374, [240, 240, 240, 120, 0, 0]]
[375, [240, 256, 256, 120, 0, 0]]
[376, [240, 272, 272, 150, 0, 0]]
[377, [288, 288, 288, 6, 144, 0]]
[378, [188, 204, 204, 6, 39, 5]]
[379, [148, 180, 180, 171, 0, 4]]
[380, [196, 196, 196, 57, 144, 4]]
[381, [96, 112, 112, 72, 39, 9]]
[382, [56, 88, 88, 102, 0, 8]]
[383, [104, 104, 104, 117, 0, 8]]
[384, [104, 120, 120, 117, 0, 8]]
[385, [104, 136, 136, 132, 0, 8]]
[386, [152, 152, 152, 132, 0, 8]]
[387, [152, 168, 168, 132, 0, 8]]
[388, [152, 184, 184, 132, 0, 8]]
[389, [200, 200, 200, 132, 0, 8]]
[390, [200, 216, 216, 147, 0, 8]]
[391, [200, 232, 232, 3, 144, 8]]
[392, [138, 138, 138, 3, 39, 3]]
[393, [98, 114, 114, 18, 0, 2]]
[394, [98, 130, 130, 18, 0, 2]]
[395, [146, 146, 146, 18, 0, 2]]
[396, [146, 162, 162, 48, 0, 2]]
[397, [146, 178, 178, 48, 0, 2]]
[398, [194, 194, 194, 48, 0, 2]]
[399, [194, 210, 210, 213, 0, 2]]
[400, [194, 226, 226, 99, 144, 2]]
[401, [142, 142, 142, 114, 39, 7]]
[402, [102, 118, 118, 144, 0, 6]]
[403, [102, 134, 134, 15, 144, 6]]
[404, [40, 40, 40, 15, 39, 1]]
[405, [0, 16, 16, 30, 0, 0]]
[406, [0, 32, 32, 30, 0, 0]]
[407, [48, 48, 48, 30, 0, 0]]
[408, [48, 64, 64, 30, 0, 0]]
[409, [48, 80, 80, 30, 0, 0]]
[410, [96, 96, 96, 45, 0, 0]]
[411, [96, 112, 112, 45, 0, 0]]
[412, [96, 128, 128, 45, 0, 0]]
[413, [144, 144, 144, 60, 0, 0]]
[414, [144, 160, 160, 60, 0, 0]]
[415, [144, 176, 176, 60, 0, 0]]
[416, [192, 192, 192, 90, 0, 0]]
[417, [192, 208, 208, 90, 0, 0]]
[418, [192, 224, 224, 90, 0, 0]]
[419, [240, 240, 240, 255, 0, 0]]
[420, [240, 256, 256, 141, 144, 0]]
[421, [140, 172, 172, 156, 39, 5]]
[422, [148, 148, 148, 42, 144, 4]]
[423, [48, 64, 64, 57, 39, 9]]
[424, [8, 40, 40, 57, 0, 8]]
[425, [56, 56, 56, 72, 0, 8]]
[426, [56, 72, 72, 72, 0, 8]]
[427, [56, 88, 88, 72, 0, 8]]
[428, [104, 104, 104, 72, 0, 8]]
[429, [104, 120, 120, 72, 0, 8]]
[430, [104, 136, 136, 87, 0, 8]]
[431, [152, 152, 152, 87, 0, 8]]
[432, [152, 168, 168, 87, 0, 8]]
[433, [152, 184, 184, 102, 0, 8]]
[434, [200, 200, 200, 102, 0, 8]]
[435, [200, 216, 216, 102, 0, 8]]
[436, [200, 232, 232, 132, 0, 8]]
[437, [248, 248, 248, 132, 0, 8]]
[438, [248, 264, 264, 132, 0, 8]]
[439, [248, 280, 280, 297, 0, 8]]
[440, [296, 296, 296, 183, 144, 8]]
[441, [186, 202, 202, 54, 183, 3]]
[442, [96, 128, 128, 84, 78, 18]]
[443, [130, 134, 134, 99, 0, 86]]
[444, [110, 130, 130, 99, 0, 66]]
[445, [110, 146, 146, 114, 0, 66]]
[446, [144, 152, 152, 114, 0, 56]]
[447, [144, 168, 168, 114, 0, 56]]
[448, [94, 134, 134, 114, 0, 6]]
[449, [138, 150, 150, 114, 0, 6]]
[450, [138, 166, 166, 129, 0, 6]]
[451, [138, 182, 182, 129, 0, 6]]
[452, [182, 198, 198, 129, 0, 6]]
[453, [182, 214, 214, 144, 0, 6]]
[454, [182, 230, 230, 0, 144, 6]]
[455, [116, 136, 136, 0, 39, 1]]
[456, [76, 112, 112, 30, 0, 0]]
[457, [76, 128, 128, 30, 0, 0]]
[458, [120, 144, 144, 30, 0, 0]]
[459, [120, 160, 160, 180, 0, 0]]
[460, [120, 176, 176, 66, 144, 0]]
[461, [64, 92, 92, 81, 39, 5]]
[462, [24, 68, 68, 111, 0, 4]]
[463, [24, 84, 84, 126, 0, 4]]
[464, [68, 100, 100, 126, 0, 4]]
[465, [68, 116, 116, 141, 0, 4]]
[466, [68, 132, 132, 141, 0, 4]]
[467, [112, 148, 148, 156, 0, 4]]
[468, [112, 164, 164, 12, 144, 4]]
[469, [12, 80, 80, 12, 39, 9]]
[470, [16, 56, 56, 27, 0, 8]]
[471, [16, 72, 72, 27, 0, 8]]
[472, [16, 88, 88, 27, 0, 8]]
[473, [60, 104, 104, 42, 0, 8]]
[474, [60, 120, 120, 42, 0, 8]]
[475, [64, 136, 136, 42, 0, 8]]
[476, [108, 152, 152, 72, 0, 8]]
[477, [108, 168, 168, 72, 0, 8]]
[478, [112, 184, 184, 72, 0, 8]]
[479, [156, 200, 200, 222, 0, 8]]
[480, [156, 216, 216, 108, 144, 8]]
[481, [50, 122, 122, 123, 39, 3]]
[482, [54, 98, 98, 153, 0, 2]]
[483, [54, 114, 114, 24, 144, 2]]
[484, [8, 80, 80, 24, 39, 57]]
[485, [2, 46, 46, 39, 0, 46]]
[486, [2, 62, 62, 39, 0, 46]]
[487, [6, 78, 78, 54, 0, 46]]
[488, [10, 54, 54, 54, 0, 6]]
[489, [10, 70, 70, 54, 0, 6]]
[490, [14, 86, 86, 69, 0, 6]]
[491, [58, 102, 102, 69, 0, 6]]
[492, [58, 118, 118, 69, 0, 6]]
[493, [62, 134, 134, 84, 0, 6]]
[494, [106, 150, 150, 84, 0, 6]]
[495, [106, 166, 166, 84, 0, 6]]
[496, [110, 182, 182, 114, 0, 6]]
[497, [154, 198, 198, 114, 0, 6]]
[498, [154, 214, 214, 114, 0, 6]]
[499, [158, 230, 230, 264, 0, 6]]
[500, [202, 246, 246, 150, 144, 6]]
[501, [92, 152, 152, 21, 183, 1]]
[502, [6, 78, 78, 51, 78, 16]]
[503, [0, 44, 44, 66, 0, 44]]
[504, [0, 60, 60, 66, 0, 44]]
[505, [4, 76, 76, 81, 0, 44]]
[506, [8, 52, 52, 81, 0, 4]]
[507, [8, 68, 68, 96, 0, 4]]
[508, [12, 84, 84, 96, 0, 4]]
[509, [56, 100, 100, 96, 0, 4]]
[510, [56, 116, 116, 111, 0, 4]]
[511, [60, 132, 132, 111, 0, 4]]
[512, [104, 148, 148, 111, 0, 4]]
[513, [104, 164, 164, 126, 0, 4]]
[514, [108, 180, 180, 126, 0, 4]]
[515, [152, 196, 196, 126, 0, 4]]
[516, [152, 212, 212, 156, 0, 4]]
[517, [156, 228, 228, 12, 144, 4]]
[518, [100, 144, 144, 12, 39, 9]]
[519, [60, 120, 120, 147, 0, 8]]
[520, [64, 136, 136, 33, 144, 8]]
[521, [8, 52, 52, 48, 39, 13]]
[522, [8, 68, 68, 78, 0, 52]]
[523, [2, 74, 74, 93, 0, 42]]
[524, [6, 50, 50, 93, 0, 2]]
[525, [6, 66, 66, 108, 0, 2]]
[526, [10, 82, 82, 123, 0, 2]]
[527, [54, 98, 98, 138, 0, 2]]
[528, [54, 114, 114, 138, 0, 2]]
[529, [58, 130, 130, 138, 0, 2]]
[530, [102, 146, 146, 153, 0, 2]]
[531, [102, 162, 162, 9, 144, 2]]
[532, [6, 78, 78, 9, 39, 7]]
[533, [10, 54, 54, 24, 0, 6]]
[534, [10, 70, 70, 24, 0, 6]]
[535, [14, 86, 86, 24, 0, 6]]
[536, [58, 102, 102, 54, 0, 6]]
[537, [58, 118, 118, 54, 0, 6]]
[538, [62, 134, 134, 54, 0, 6]]
[539, [106, 150, 150, 189, 0, 6]]
[540, [106, 166, 166, 75, 144, 6]]
[541, [0, 72, 72, 90, 39, 1]]
[542, [4, 48, 48, 120, 0, 0]]
[543, [4, 64, 64, 135, 0, 0]]
[544, [8, 80, 80, 135, 0, 0]]
[545, [52, 96, 96, 135, 0, 0]]
[546, [52, 112, 112, 150, 0, 0]]
[547, [56, 128, 128, 21, 144, 0]]
[548, [0, 44, 44, 21, 39, 5]]
[549, [0, 60, 60, 21, 0, 44]]
[550, [4, 76, 76, 36, 0, 44]]
[551, [8, 52, 52, 36, 0, 4]]
[552, [8, 68, 68, 36, 0, 4]]
[553, [12, 84, 84, 51, 0, 4]]
[554, [56, 100, 100, 66, 0, 4]]
[555, [56, 116, 116, 66, 0, 4]]
[556, [60, 132, 132, 96, 0, 4]]
[557, [104, 148, 148, 96, 0, 4]]
[558, [104, 164, 164, 96, 0, 4]]
[559, [108, 180, 180, 231, 0, 4]]
[560, [152, 196, 196, 117, 144, 4]]
[561, [52, 112, 112, 132, 39, 9]]
[562, [16, 88, 88, 162, 0, 8]]
[563, [60, 104, 104, 33, 144, 8]]
[564, [0, 60, 60, 33, 39, 53]]
[565, [4, 76, 76, 33, 0, 92]]
[566, [8, 52, 52, 48, 0, 52]]
[567, [8, 68, 68, 63, 0, 52]]
[568, [2, 74, 74, 63, 0, 42]]
[569, [6, 50, 50, 63, 0, 2]]
[570, [6, 66, 66, 78, 0, 2]]
[571, [10, 82, 82, 78, 0, 2]]
[572, [54, 98, 98, 78, 0, 2]]
[573, [54, 114, 114, 93, 0, 2]]
[574, [58, 130, 130, 108, 0, 2]]
[575, [102, 146, 146, 108, 0, 2]]
[576, [102, 162, 162, 138, 0, 2]]
[577, [106, 178, 178, 138, 0, 2]]
[578, [150, 194, 194, 138, 0, 2]]
[579, [150, 210, 210, 258, 0, 2]]
[580, [154, 226, 226, 144, 144, 2]]
[581, [98, 142, 142, 15, 183, 7]]
[582, [8, 68, 68, 45, 78, 22]]
[583, [2, 74, 74, 60, 0, 90]]
[584, [16, 60, 60, 60, 0, 60]]
[585, [16, 76, 76, 60, 0, 60]]
[586, [0, 72, 72, 75, 0, 40]]
[587, [4, 48, 48, 90, 0, 0]]
[588, [4, 64, 64, 90, 0, 0]]
[589, [8, 80, 80, 90, 0, 0]]
[590, [52, 96, 96, 120, 0, 0]]
[591, [52, 112, 112, 120, 0, 0]]
[592, [56, 128, 128, 120, 0, 0]]
[593, [100, 144, 144, 135, 0, 0]]
[594, [100, 160, 160, 150, 0, 0]]
[595, [104, 176, 176, 6, 144, 0]]
[596, [48, 92, 92, 36, 39, 5]]
[597, [8, 68, 68, 36, 0, 4]]
[598, [12, 84, 84, 36, 0, 4]]
[599, [56, 100, 100, 156, 0, 4]]
[600, [56, 116, 116, 42, 144, 4]]
[601, [0, 72, 72, 57, 39, 49]]
[602, [4, 48, 48, 87, 0, 48]]
[603, [4, 64, 64, 102, 0, 48]]
[604, [8, 80, 80, 102, 0, 48]]
[605, [12, 56, 56, 102, 0, 8]]
[606, [12, 72, 72, 117, 0, 8]]
[607, [16, 88, 88, 132, 0, 8]]
[608, [60, 104, 104, 132, 0, 8]]
[609, [60, 120, 120, 132, 0, 8]]
[610, [64, 136, 136, 162, 0, 8]]
[611, [108, 152, 152, 18, 144, 8]]
[612, [8, 68, 68, 18, 39, 13]]
[613, [2, 74, 74, 33, 0, 42]]
[614, [6, 50, 50, 48, 0, 2]]
[615, [6, 66, 66, 48, 0, 2]]
[616, [10, 82, 82, 78, 0, 2]]
[617, [54, 98, 98, 78, 0, 2]]
[618, [54, 114, 114, 78, 0, 2]]
[619, [58, 130, 130, 183, 0, 2]]
[620, [102, 146, 146, 69, 144, 2]]
[621, [2, 62, 62, 84, 39, 7]]
[622, [6, 78, 78, 114, 0, 46]]
[623, [10, 54, 54, 129, 0, 6]]
[624, [10, 70, 70, 129, 0, 6]]
[625, [14, 86, 86, 144, 0, 6]]
[626, [58, 102, 102, 15, 144, 6]]
[627, [8, 68, 68, 30, 39, 61]]
[628, [2, 74, 74, 30, 0, 90]]
[629, [6, 50, 50, 30, 0, 50]]
[630, [6, 66, 66, 60, 0, 50]]
[631, [0, 72, 72, 60, 0, 40]]
[632, [4, 48, 48, 60, 0, 0]]
[633, [4, 64, 64, 75, 0, 0]]
[634, [8, 80, 80, 90, 0, 0]]
[635, [52, 96, 96, 90, 0, 0]]
[636, [52, 112, 112, 120, 0, 0]]
[637, [56, 128, 128, 120, 0, 0]]
[638, [100, 144, 144, 120, 0, 0]]
[639, [100, 160, 160, 210, 0, 0]]
[640, [104, 176, 176, 96, 144, 0]]
[641, [48, 92, 92, 126, 39, 5]]
[642, [8, 68, 68, 156, 0, 4]]
[643, [12, 84, 84, 27, 144, 4]]
[644, [6, 50, 50, 27, 39, 59]]
[645, [6, 66, 66, 42, 0, 98]]
[646, [0, 72, 72, 57, 0, 88]]
[647, [4, 48, 48, 72, 0, 48]]
[648, [4, 64, 64, 72, 0, 48]]
[649, [8, 80, 80, 72, 0, 48]]
[650, [12, 56, 56, 102, 0, 8]]
[651, [12, 72, 72, 102, 0, 8]]
[652, [16, 88, 88, 102, 0, 8]]
[653, [60, 104, 104, 117, 0, 8]]
[654, [60, 120, 120, 132, 0, 8]]
[655, [64, 136, 136, 132, 0, 8]]
[656, [108, 152, 152, 162, 0, 8]]
[657, [108, 168, 168, 18, 144, 8]]
[658, [2, 74, 74, 18, 39, 3]]
[659, [6, 50, 50, 108, 0, 2]]
[660, [6, 66, 66, 138, 0, 2]]
[661, [10, 82, 82, 153, 0, 2]]
[662, [54, 98, 98, 39, 144, 2]]
[663, [4, 64, 64, 54, 39, 57]]
[664, [8, 80, 80, 54, 0, 96]]
[665, [2, 46, 46, 69, 0, 46]]
[666, [2, 62, 62, 84, 0, 46]]
[667, [6, 78, 78, 99, 0, 46]]
[668, [10, 54, 54, 99, 0, 6]]
[669, [10, 70, 70, 99, 0, 6]]
[670, [14, 86, 86, 114, 0, 6]]
[671, [58, 102, 102, 114, 0, 6]]
[672, [58, 118, 118, 114, 0, 6]]
[673, [62, 134, 134, 129, 0, 6]]
[674, [106, 150, 150, 144, 0, 6]]
[675, [106, 166, 166, 0, 144, 6]]
[676, [0, 72, 72, 30, 39, 1]]
[677, [4, 48, 48, 30, 0, 0]]
[678, [4, 64, 64, 30, 0, 0]]
[679, [8, 80, 80, 120, 0, 0]]
[680, [52, 96, 96, 150, 0, 0]]
[681, [52, 112, 112, 21, 144, 0]]
[682, [6, 78, 78, 51, 39, 55]]
[683, [0, 44, 44, 66, 0, 44]]
[684, [0, 60, 60, 66, 0, 44]]
[685, [4, 76, 76, 81, 0, 44]]
[686, [8, 52, 52, 96, 0, 4]]
[687, [8, 68, 68, 111, 0, 4]]
[688, [12, 84, 84, 111, 0, 4]]
[689, [56, 100, 100, 111, 0, 4]]
[690, [56, 116, 116, 126, 0, 4]]
[691, [60, 132, 132, 126, 0, 4]]
[692, [104, 148, 148, 141, 0, 4]]
[693, [104, 164, 164, 156, 0, 4]]
[694, [108, 180, 180, 27, 144, 4]]
[695, [52, 96, 96, 27, 39, 9]]
[696, [12, 72, 72, 57, 0, 8]]
[697, [16, 88, 88, 57, 0, 8]]
[698, [60, 104, 104, 57, 0, 8]]
[699, [60, 120, 120, 147, 0, 8]]
[700, [64, 136, 136, 33, 144, 8]]
[701, [8, 52, 52, 48, 39, 13]]
[702, [8, 68, 68, 78, 0, 52]]
[703, [2, 74, 74, 93, 0, 42]]
[704, [6, 50, 50, 93, 0, 2]]
[705, [6, 66, 66, 108, 0, 2]]
[706, [10, 82, 82, 123, 0, 2]]
[707, [54, 98, 98, 138, 0, 2]]
[708, [54, 114, 114, 138, 0, 2]]
[709, [58, 130, 130, 138, 0, 2]]
[710, [102, 146, 146, 153, 0, 2]]
[711, [102, 162, 162, 9, 144, 2]]
[712, [6, 78, 78, 39, 39, 7]]
[713, [10, 54, 54, 54, 0, 6]]
[714, [10, 70, 70, 69, 0, 6]]
[715, [14, 86, 86, 69, 0, 6]]
[716, [58, 102, 102, 99, 0, 6]]
[717, [58, 118, 118, 99, 0, 6]]
[718, [62, 134, 134, 99, 0, 6]]
[719, [106, 150, 150, 189, 0, 6]]
[720, [106, 166, 166, 75, 144, 6]]
[721, [0, 72, 72, 90, 39, 1]]
[722, [4, 48, 48, 120, 0, 0]]
[723, [4, 64, 64, 135, 0, 0]]
[724, [8, 80, 80, 135, 0, 0]]
[725, [52, 96, 96, 150, 0, 0]]
[726, [52, 112, 112, 21, 144, 0]]
[727, [6, 78, 78, 36, 39, 55]]
[728, [0, 44, 44, 36, 0, 44]]
[729, [0, 60, 60, 36, 0, 44]]
[730, [4, 76, 76, 51, 0, 44]]
[731, [8, 52, 52, 51, 0, 4]]
[732, [8, 68, 68, 81, 0, 4]]
[733, [12, 84, 84, 96, 0, 4]]
[734, [56, 100, 100, 111, 0, 4]]
[735, [56, 116, 116, 111, 0, 4]]
[736, [60, 132, 132, 141, 0, 4]]
[737, [104, 148, 148, 141, 0, 4]]
[738, [104, 164, 164, 141, 0, 4]]
[739, [108, 180, 180, 216, 0, 4]]
[740, [152, 196, 196, 102, 144, 4]]
[741, [52, 112, 112, 117, 39, 9]]
[742, [16, 88, 88, 147, 0, 8]]
[743, [60, 104, 104, 3, 144, 8]]
[744, [0, 60, 60, 3, 39, 53]]
[745, [4, 76, 76, 18, 0, 92]]
[746, [8, 52, 52, 33, 0, 52]]
[747, [8, 68, 68, 48, 0, 52]]
[748, [2, 74, 74, 48, 0, 42]]
[749, [6, 50, 50, 63, 0, 2]]
[750, [6, 66, 66, 78, 0, 2]]
[751, [10, 82, 82, 78, 0, 2]]
[752, [54, 98, 98, 108, 0, 2]]
[753, [54, 114, 114, 123, 0, 2]]
[754, [58, 130, 130, 153, 0, 2]]
[755, [102, 146, 146, 9, 144, 2]]
[756, [2, 62, 62, 39, 39, 7]]
[757, [6, 78, 78, 39, 0, 46]]
[758, [10, 54, 54, 39, 0, 6]]
[759, [10, 70, 70, 114, 0, 6]]
[760, [14, 86, 86, 144, 0, 6]]
[761, [58, 102, 102, 15, 144, 6]]
[762, [8, 68, 68, 45, 39, 61]]
[763, [2, 74, 74, 45, 0, 90]]
[764, [6, 50, 50, 45, 0, 50]]
[765, [6, 66, 66, 60, 0, 50]]
[766, [0, 72, 72, 75, 0, 40]]
[767, [4, 48, 48, 90, 0, 0]]
[768, [4, 64, 64, 90, 0, 0]]
[769, [8, 80, 80, 90, 0, 0]]
[770, [52, 96, 96, 105, 0, 0]]
[771, [52, 112, 112, 105, 0, 0]]
[772, [56, 128, 128, 135, 0, 0]]
[773, [100, 144, 144, 150, 0, 0]]
[774, [100, 160, 160, 36, 144, 0]]
[775, [4, 76, 76, 36, 39, 5]]
[776, [8, 52, 52, 66, 0, 4]]
[777, [8, 68, 68, 66, 0, 4]]
[778, [12, 84, 84, 66, 0, 4]]
[779, [56, 100, 100, 141, 0, 4]]
[780, [56, 116, 116, 171, 0, 4]]
[781, [60, 132, 132, 42, 144, 4]]
[782, [4, 48, 48, 72, 39, 9]]
[783, [4, 64, 64, 87, 0, 48]]
[784, [8, 80, 80, 87, 0, 48]]
[785, [12, 56, 56, 102, 0, 8]]
[786, [12, 72, 72, 117, 0, 8]]
[787, [16, 88, 88, 132, 0, 8]]
[788, [60, 104, 104, 132, 0, 8]]
[789, [60, 120, 120, 132, 0, 8]]
[790, [64, 136, 136, 147, 0, 8]]
[791, [108, 152, 152, 3, 144, 8]]
[792, [8, 68, 68, 33, 39, 13]]
[793, [2, 74, 74, 48, 0, 42]]
[794, [6, 50, 50, 78, 0, 2]]
[795, [6, 66, 66, 78, 0, 2]]
[796, [10, 82, 82, 108, 0, 2]]
[797, [54, 98, 98, 108, 0, 2]]
[798, [54, 114, 114, 108, 0, 2]]
[799, [58, 130, 130, 183, 0, 2]]
[800, [102, 146, 146, 54, 144, 2]]
[801, [2, 62, 62, 69, 39, 7]]
[802, [6, 78, 78, 99, 0, 46]]
[803, [10, 54, 54, 114, 0, 6]]
[804, [10, 70, 70, 129, 0, 6]]
[805, [14, 86, 86, 144, 0, 6]]
[806, [58, 102, 102, 15, 144, 6]]
[807, [8, 68, 68, 30, 39, 61]]
[808, [2, 74, 74, 30, 0, 90]]
[809, [6, 50, 50, 30, 0, 50]]
[810, [6, 66, 66, 45, 0, 50]]
[811, [0, 72, 72, 45, 0, 40]]
[812, [4, 48, 48, 60, 0, 0]]
[813, [4, 64, 64, 90, 0, 0]]
[814, [8, 80, 80, 120, 0, 0]]
[815, [52, 96, 96, 120, 0, 0]]
[816, [52, 112, 112, 150, 0, 0]]
[817, [56, 128, 128, 6, 144, 0]]
[818, [0, 44, 44, 6, 39, 5]]
[819, [0, 60, 60, 81, 0, 44]]
[820, [4, 76, 76, 96, 0, 44]]
[821, [8, 52, 52, 111, 0, 4]]
[822, [8, 68, 68, 141, 0, 4]]
[823, [12, 84, 84, 156, 0, 4]]
[824, [56, 100, 100, 27, 144, 4]]
[825, [6, 66, 66, 42, 39, 59]]
[826, [0, 72, 72, 57, 0, 88]]
[827, [4, 48, 48, 72, 0, 48]]
[828, [4, 64, 64, 72, 0, 48]]
[829, [8, 80, 80, 72, 0, 48]]
[830, [12, 56, 56, 87, 0, 8]]
[831, [12, 72, 72, 87, 0, 8]]
[832, [16, 88, 88, 102, 0, 8]]
[833, [60, 104, 104, 132, 0, 8]]
[834, [60, 120, 120, 162, 0, 8]]
[835, [64, 136, 136, 18, 144, 8]]
[836, [8, 52, 52, 48, 39, 13]]
[837, [8, 68, 68, 48, 0, 52]]
[838, [2, 74, 74, 48, 0, 42]]
[839, [6, 50, 50, 93, 0, 2]]
[840, [6, 66, 66, 123, 0, 2]]
[841, [10, 82, 82, 138, 0, 2]]
[842, [54, 98, 98, 168, 0, 2]]
[843, [54, 114, 114, 39, 144, 2]]
[844, [8, 80, 80, 69, 39, 57]]
[845, [2, 46, 46, 84, 0, 46]]
[846, [2, 62, 62, 99, 0, 46]]
[847, [6, 78, 78, 114, 0, 46]]
[848, [10, 54, 54, 114, 0, 6]]
[849, [10, 70, 70, 114, 0, 6]]
[850, [14, 86, 86, 129, 0, 6]]
[851, [58, 102, 102, 129, 0, 6]]
[852, [58, 118, 118, 144, 0, 6]]
[853, [62, 134, 134, 30, 144, 6]]
[854, [6, 50, 50, 60, 39, 11]]
[855, [6, 66, 66, 60, 0, 50]]
[856, [0, 72, 72, 90, 0, 40]]
[857, [4, 48, 48, 90, 0, 0]]
[858, [4, 64, 64, 90, 0, 0]]
[859, [8, 80, 80, 135, 0, 0]]
[860, [52, 96, 96, 165, 0, 0]]
[861, [52, 112, 112, 36, 144, 0]]
[862, [6, 78, 78, 66, 39, 55]]
[863, [0, 44, 44, 81, 0, 44]]
[864, [0, 60, 60, 111, 0, 44]]
[865, [4, 76, 76, 126, 0, 44]]
[866, [8, 52, 52, 141, 0, 4]]
[867, [8, 68, 68, 156, 0, 4]]
[868, [12, 84, 84, 12, 144, 4]]
[869, [6, 50, 50, 12, 39, 59]]
[870, [6, 66, 66, 27, 0, 98]]
[871, [0, 72, 72, 27, 0, 88]]
[872, [4, 48, 48, 42, 0, 48]]
[873, [4, 64, 64, 72, 0, 48]]
[874, [8, 80, 80, 102, 0, 48]]
[875, [12, 56, 56, 102, 0, 8]]
[876, [12, 72, 72, 132, 0, 8]]
[877, [16, 88, 88, 132, 0, 8]]
[878, [60, 104, 104, 132, 0, 8]]
[879, [60, 120, 120, 177, 0, 8]]
[880, [64, 136, 136, 63, 144, 8]]
[881, [8, 52, 52, 78, 39, 13]]
[882, [8, 68, 68, 108, 0, 52]]
[883, [2, 74, 74, 123, 0, 42]]
[884, [6, 50, 50, 153, 0, 2]]
[885, [6, 66, 66, 24, 144, 2]]
[886, [0, 72, 72, 39, 39, 97]]
[887, [4, 48, 48, 54, 0, 96]]
[888, [4, 64, 64, 54, 0, 96]]
[889, [8, 80, 80, 54, 0, 96]]
[890, [2, 46, 46, 69, 0, 46]]
[891, [2, 62, 62, 69, 0, 46]]
[892, [6, 78, 78, 84, 0, 46]]
[893, [10, 54, 54, 114, 0, 6]]
[894, [10, 70, 70, 144, 0, 6]]
[895, [14, 86, 86, 0, 144, 6]]
[896, [8, 52, 52, 30, 39, 61]]
[897, [8, 68, 68, 30, 0, 100]]
[898, [2, 74, 74, 30, 0, 90]]
[899, [6, 50, 50, 75, 0, 50]]
[900, [6, 66, 66, 90, 0, 50]]
[901, [0, 72, 72, 105, 0, 40]]
[902, [4, 48, 48, 135, 0, 0]]
[903, [4, 64, 64, 150, 0, 0]]
[904, [8, 80, 80, 36, 144, 0]]
[905, [2, 46, 46, 51, 39, 55]]
[906, [2, 62, 62, 81, 0, 94]]
[907, [6, 78, 78, 96, 0, 94]]
[908, [0, 44, 44, 96, 0, 44]]
[909, [0, 60, 60, 96, 0, 44]]
[910, [4, 76, 76, 111, 0, 44]]
[911, [8, 52, 52, 111, 0, 4]]
[912, [8, 68, 68, 126, 0, 4]]
[913, [12, 84, 84, 156, 0, 4]]
[914, [56, 100, 100, 42, 144, 4]]
[915, [6, 66, 66, 42, 39, 59]]
[916, [0, 72, 72, 72, 0, 88]]
[917, [4, 48, 48, 72, 0, 48]]
[918, [4, 64, 64, 72, 0, 48]]
[919, [8, 80, 80, 117, 0, 48]]
[920, [12, 56, 56, 132, 0, 8]]
[921, [12, 72, 72, 147, 0, 8]]
[922, [16, 88, 88, 33, 144, 8]]
[923, [0, 44, 44, 48, 39, 53]]
[924, [0, 60, 60, 78, 0, 92]]
[925, [4, 76, 76, 93, 0, 92]]
[926, [8, 52, 52, 123, 0, 52]]
[927, [8, 68, 68, 138, 0, 52]]
[928, [2, 74, 74, 138, 0, 42]]
[929, [6, 50, 50, 138, 0, 2]]
[930, [6, 66, 66, 153, 0, 2]]
[931, [10, 82, 82, 9, 144, 2]]
[932, [4, 48, 48, 24, 39, 57]]
[933, [4, 64, 64, 54, 0, 96]]
[934, [8, 80, 80, 84, 0, 96]]
[935, [2, 46, 46, 84, 0, 46]]
[936, [2, 62, 62, 114, 0, 46]]
[937, [6, 78, 78, 114, 0, 46]]
[938, [10, 54, 54, 114, 0, 6]]
[939, [10, 70, 70, 159, 0, 6]]
[940, [14, 86, 86, 30, 144, 6]]
[941, [8, 52, 52, 45, 39, 61]]
[942, [8, 68, 68, 75, 0, 100]]
[943, [2, 74, 74, 90, 0, 90]]
[944, [6, 50, 50, 120, 0, 50]]
[945, [6, 66, 66, 135, 0, 50]]
[946, [0, 72, 72, 165, 0, 40]]
[947, [4, 48, 48, 36, 144, 0]]
[948, [4, 64, 64, 36, 39, 105]]
[949, [8, 80, 80, 36, 0, 144]]
[950, [2, 46, 46, 51, 0, 94]]
[951, [2, 62, 62, 51, 0, 94]]
[952, [6, 78, 78, 66, 0, 94]]
[953, [0, 44, 44, 96, 0, 44]]
[954, [0, 60, 60, 126, 0, 44]]
[955, [4, 76, 76, 126, 0, 44]]
[956, [8, 52, 52, 156, 0, 4]]
[957, [8, 68, 68, 12, 144, 4]]
[958, [2, 74, 74, 12, 39, 99]]
[959, [6, 50, 50, 57, 0, 98]]
[960, [6, 66, 66, 72, 0, 98]]
[961, [0, 72, 72, 87, 0, 88]]
[962, [4, 48, 48, 117, 0, 48]]
[963, [4, 64, 64, 132, 0, 48]]
[964, [8, 80, 80, 162, 0, 48]]
[965, [12, 56, 56, 33, 144, 8]]
[966, [2, 62, 62, 63, 39, 103]]
[967, [6, 78, 78, 78, 0, 142]]
[968, [0, 44, 44, 78, 0, 92]]
[969, [0, 60, 60, 78, 0, 92]]
[970, [4, 76, 76, 93, 0, 92]]
[971, [8, 52, 52, 93, 0, 52]]
[972, [8, 68, 68, 108, 0, 52]]
[973, [2, 74, 74, 138, 0, 42]]
[974, [6, 50, 50, 168, 0, 2]]
[975, [6, 66, 66, 24, 144, 2]]
[976, [0, 72, 72, 54, 39, 97]]
[977, [4, 48, 48, 54, 0, 96]]
[978, [4, 64, 64, 54, 0, 96]]
[979, [8, 80, 80, 99, 0, 96]]
[980, [2, 46, 46, 114, 0, 46]]
[981, [2, 62, 62, 129, 0, 46]]
[982, [6, 78, 78, 159, 0, 46]]
[983, [10, 54, 54, 30, 144, 6]]
[984, [0, 60, 60, 60, 39, 101]]
[985, [4, 76, 76, 75, 0, 140]]
[986, [8, 52, 52, 105, 0, 100]]
[987, [8, 68, 68, 120, 0, 100]]
[988, [2, 74, 74, 120, 0, 90]]
[989, [6, 50, 50, 120, 0, 50]]
[990, [6, 66, 66, 135, 0, 50]]
[991, [0, 72, 72, 135, 0, 40]]
[992, [4, 48, 48, 150, 0, 0]]
[993, [4, 64, 64, 36, 144, 0]]
[994, [8, 80, 80, 66, 39, 105]]
[995, [2, 46, 46, 66, 0, 94]]
[996, [2, 62, 62, 96, 0, 94]]
[997, [6, 78, 78, 96, 0, 94]]
[998, [0, 44, 44, 96, 0, 44]]
[999, [0, 60, 60, 141, 0, 44]]
[1000, [4, 76, 76, 156, 0, 44]]
[1001, [8, 52, 52, 27, 144, 4]]
[1002, [8, 68, 68, 57, 39, 109]]
[1003, [2, 74, 74, 72, 0, 138]]
[1004, [6, 50, 50, 102, 0, 98]]
[1005, [6, 66, 66, 117, 0, 98]]
[1006, [0, 72, 72, 147, 0, 88]]
[1007, [4, 48, 48, 18, 144, 48]]
[1008, [4, 64, 64, 18, 39, 153]]
[1009, [8, 80, 80, 18, 0, 192]]
[1010, [2, 46, 46, 33, 0, 142]]
[1011, [2, 62, 62, 33, 0, 142]]
[1012, [6, 78, 78, 48, 0, 142]]
[1013, [0, 44, 44, 78, 0, 92]]
[1014, [0, 60, 60, 108, 0, 92]]
[1015, [4, 76, 76, 108, 0, 92]]
[1016, [8, 52, 52, 138, 0, 52]]
[1017, [8, 68, 68, 138, 0, 52]]
[1018, [2, 74, 74, 138, 0, 42]]
[1019, [6, 50, 50, 183, 0, 2]]
[1020, [6, 66, 66, 54, 144, 2]]
[1021, [0, 72, 72, 69, 39, 97]]
[1022, [4, 48, 48, 99, 0, 96]]
[1023, [4, 64, 64, 114, 0, 96]]
[1024, [8, 80, 80, 144, 0, 96]]
[1025, [2, 46, 46, 15, 144, 46]]
[1026, [2, 62, 62, 45, 39, 151]]
[1027, [6, 78, 78, 60, 0, 190]]
[1028, [0, 44, 44, 60, 0, 140]]
[1029, [0, 60, 60, 60, 0, 140]]
[1030, [4, 76, 76, 75, 0, 140]]
[1031, [8, 52, 52, 75, 0, 100]]
[1032, [8, 68, 68, 90, 0, 100]]
[1033, [2, 74, 74, 120, 0, 90]]
[1034, [6, 50, 50, 150, 0, 50]]
[1035, [6, 66, 66, 6, 144, 50]]
[1036, [0, 72, 72, 21, 39, 145]]
[1037, [4, 48, 48, 21, 0, 144]]
[1038, [4, 64, 64, 21, 0, 144]]
[1039, [8, 80, 80, 51, 0, 144]]
[1040, [2, 46, 46, 66, 0, 94]]
[1041, [2, 62, 62, 81, 0, 94]]
[1042, [6, 78, 78, 126, 0, 94]]
[1043, [0, 44, 44, 141, 0, 44]]
[1044, [0, 60, 60, 171, 0, 44]]
[1045, [4, 76, 76, 42, 144, 44]]
[1046, [8, 52, 52, 72, 39, 109]]
[1047, [8, 68, 68, 87, 0, 148]]
[1048, [2, 74, 74, 87, 0, 138]]
[1049, [6, 50, 50, 87, 0, 98]]
[1050, [6, 66, 66, 102, 0, 98]]
[1051, [0, 72, 72, 102, 0, 88]]
[1052, [4, 48, 48, 117, 0, 48]]
[1053, [4, 64, 64, 147, 0, 48]]
[1054, [8, 80, 80, 33, 144, 48]]
[1055, [2, 46, 46, 33, 39, 103]]
[1056, [2, 62, 62, 48, 0, 142]]
[1057, [6, 78, 78, 48, 0, 142]]
[1058, [0, 44, 44, 48, 0, 92]]
[1059, [0, 60, 60, 78, 0, 92]]
[1060, [4, 76, 76, 93, 0, 92]]
[1061, [8, 52, 52, 108, 0, 52]]
[1062, [8, 68, 68, 168, 0, 52]]
[1063, [2, 74, 74, 39, 144, 42]]
[1064, [6, 50, 50, 69, 39, 107]]
[1065, [6, 66, 66, 84, 0, 146]]
[1066, [0, 72, 72, 114, 0, 136]]
[1067, [4, 48, 48, 129, 0, 96]]
[1068, [4, 64, 64, 129, 0, 96]]
[1069, [8, 80, 80, 129, 0, 96]]
[1070, [2, 46, 46, 144, 0, 46]]
[1071, [2, 62, 62, 0, 144, 46]]
[1072, [6, 78, 78, 15, 39, 151]]
[1073, [0, 44, 44, 45, 0, 140]]
[1074, [0, 60, 60, 75, 0, 140]]
[1075, [4, 76, 76, 75, 0, 140]]
[1076, [8, 52, 52, 90, 0, 100]]
[1077, [8, 68, 68, 90, 0, 100]]
[1078, [2, 74, 74, 90, 0, 90]]
[1079, [6, 50, 50, 120, 0, 50]]
[1080, [6, 66, 66, 135, 0, 50]]
[1081, [0, 72, 72, 150, 0, 40]]
[1082, [4, 48, 48, 66, 144, 0]]
[1083, [4, 64, 64, 81, 39, 105]]
[1084, [8, 80, 80, 111, 0, 144]]
[1085, [2, 46, 46, 126, 0, 94]]
[1086, [2, 62, 62, 156, 0, 94]]
[1087, [6, 78, 78, 27, 144, 94]]
[1088, [0, 44, 44, 27, 39, 149]]
[1089, [0, 60, 60, 27, 0, 188]]
[1090, [4, 76, 76, 42, 0, 188]]
[1091, [8, 52, 52, 42, 0, 148]]
[1092, [8, 68, 68, 57, 0, 148]]
[1093, [2, 74, 74, 87, 0, 138]]
[1094, [6, 50, 50, 117, 0, 98]]
[1095, [6, 66, 66, 117, 0, 98]]
[1096, [0, 72, 72, 132, 0, 88]]
[1097, [4, 48, 48, 132, 0, 48]]
[1098, [4, 64, 64, 132, 0, 48]]
[1099, [8, 80, 80, 162, 0, 48]]
[1100, [12, 56, 56, 33, 144, 8]]
[1101, [2, 62, 62, 48, 39, 103]]
[1102, [6, 78, 78, 108, 0, 142]]
[1103, [0, 44, 44, 123, 0, 92]]
[1104, [0, 60, 60, 138, 0, 92]]
[1105, [4, 76, 76, 153, 0, 92]]
[1106, [8, 52, 52, 39, 144, 52]]
[1107, [8, 68, 68, 54, 39, 157]]
[1108, [2, 74, 74, 54, 0, 186]]
[1109, [6, 50, 50, 54, 0, 146]]
[1110, [6, 66, 66, 69, 0, 146]]
[1111, [0, 72, 72, 69, 0, 136]]
[1112, [4, 48, 48, 84, 0, 96]]
[1113, [4, 64, 64, 114, 0, 96]]
[1114, [8, 80, 80, 144, 0, 96]]
[1115, [2, 46, 46, 15, 144, 46]]
[1116, [2, 62, 62, 30, 39, 151]]
[1117, [6, 78, 78, 30, 0, 190]]
[1118, [0, 44, 44, 30, 0, 140]]
[1119, [0, 60, 60, 60, 0, 140]]
[1120, [4, 76, 76, 75, 0, 140]]
[1121, [8, 52, 52, 90, 0, 100]]
[1122, [8, 68, 68, 150, 0, 100]]
[1123, [2, 74, 74, 21, 144, 90]]
[1124, [6, 50, 50, 36, 39, 155]]
[1125, [6, 66, 66, 36, 0, 194]]
[1126, [0, 72, 72, 81, 0, 184]]
[1127, [4, 48, 48, 96, 0, 144]]
[1128, [4, 64, 64, 96, 0, 144]]
[1129, [8, 80, 80, 96, 0, 144]]
[1130, [2, 46, 46, 111, 0, 94]]
[1131, [2, 62, 62, 111, 0, 94]]
[1132, [6, 78, 78, 126, 0, 94]]
[1133, [0, 44, 44, 156, 0, 44]]
[1134, [0, 60, 60, 42, 144, 44]]
[1135, [4, 76, 76, 57, 39, 149]]
[1136, [8, 52, 52, 72, 0, 148]]
[1137, [8, 68, 68, 72, 0, 148]]
[1138, [2, 74, 74, 72, 0, 138]]
[1139, [6, 50, 50, 102, 0, 98]]
[1140, [6, 66, 66, 117, 0, 98]]
[1141, [0, 72, 72, 132, 0, 88]]
[1142, [4, 48, 48, 192, 0, 48]]
[1143, [4, 64, 64, 63, 144, 48]]
[1144, [8, 80, 80, 78, 39, 153]]
[1145, [2, 46, 46, 78, 0, 142]]
[1146, [2, 62, 62, 123, 0, 142]]
[1147, [6, 78, 78, 123, 0, 142]]
[1148, [0, 44, 44, 123, 0, 92]]
[1149, [0, 60, 60, 123, 0, 92]]
[1150, [4, 76, 76, 123, 0, 92]]
[1151, [8, 52, 52, 123, 0, 52]]
[1152, [8, 68, 68, 153, 0, 52]]
[1153, [2, 74, 74, 39, 144, 42]]
[1154, [6, 50, 50, 69, 39, 107]]
[1155, [6, 66, 66, 84, 0, 146]]
[1156, [0, 72, 72, 99, 0, 136]]
[1157, [4, 48, 48, 99, 0, 96]]
[1158, [4, 64, 64, 99, 0, 96]]
[1159, [8, 80, 80, 129, 0, 96]]
[1160, [2, 46, 46, 144, 0, 46]]
[1161, [2, 62, 62, 15, 144, 46]]
[1162, [6, 78, 78, 75, 39, 151]]
[1163, [0, 44, 44, 90, 0, 140]]
[1164, [0, 60, 60, 105, 0, 140]]
[1165, [4, 76, 76, 105, 0, 140]]
[1166, [8, 52, 52, 150, 0, 100]]
[1167, [8, 68, 68, 6, 144, 100]]
[1168, [2, 74, 74, 6, 39, 195]]
[1169, [6, 50, 50, 6, 0, 194]]
[1170, [6, 66, 66, 6, 0, 194]]
[1171, [0, 72, 72, 6, 0, 184]]
[1172, [4, 48, 48, 36, 0, 144]]
[1173, [4, 64, 64, 66, 0, 144]]
[1174, [8, 80, 80, 96, 0, 144]]
[1175, [2, 46, 46, 111, 0, 94]]
[1176, [2, 62, 62, 126, 0, 94]]
[1177, [6, 78, 78, 126, 0, 94]]
[1178, [0, 44, 44, 126, 0, 44]]
[1179, [0, 60, 60, 156, 0, 44]]
[1180, [4, 76, 76, 27, 144, 44]]
[1181, [8, 52, 52, 57, 39, 109]]
[1182, [8, 68, 68, 117, 0, 148]]
[1183, [2, 74, 74, 132, 0, 138]]
[1184, [6, 50, 50, 147, 0, 98]]
[1185, [6, 66, 66, 3, 144, 98]]
[1186, [0, 72, 72, 48, 39, 193]]
[1187, [4, 48, 48, 48, 0, 192]]
[1188, [4, 64, 64, 48, 0, 192]]
[1189, [8, 80, 80, 48, 0, 192]]
[1190, [2, 46, 46, 48, 0, 142]]
[1191, [2, 62, 62, 48, 0, 142]]
[1192, [6, 78, 78, 78, 0, 142]]
[1193, [0, 44, 44, 108, 0, 92]]
[1194, [0, 60, 60, 138, 0, 92]]
[1195, [4, 76, 76, 153, 0, 92]]
[1196, [8, 52, 52, 24, 144, 52]]
[1197, [8, 68, 68, 24, 39, 157]]
[1198, [2, 74, 74, 24, 0, 186]]
[1199, [6, 50, 50, 54, 0, 146]]
[1200, [6, 66, 66, 69, 0, 146]]
[1201, [0, 72, 72, 99, 0, 136]]
[1202, [4, 48, 48, 159, 0, 96]]
[1203, [4, 64, 64, 30, 144, 96]]
[1204, [8, 80, 80, 45, 39, 201]]
[1205, [2, 46, 46, 45, 0, 190]]
[1206, [2, 62, 62, 90, 0, 190]]
[1207, [6, 78, 78, 90, 0, 190]]
[1208, [0, 44, 44, 90, 0, 140]]
[1209, [0, 60, 60, 90, 0, 140]]
[1210, [4, 76, 76, 90, 0, 140]]
[1211, [8, 52, 52, 90, 0, 100]]
[1212, [8, 68, 68, 120, 0, 100]]
[1213, [2, 74, 74, 150, 0, 90]]
[1214, [6, 50, 50, 36, 144, 50]]
[1215, [6, 66, 66, 51, 39, 155]]
[1216, [0, 72, 72, 66, 0, 184]]
[1217, [4, 48, 48, 66, 0, 144]]
[1218, [4, 64, 64, 66, 0, 144]]
[1219, [8, 80, 80, 96, 0, 144]]
[1220, [2, 46, 46, 111, 0, 94]]
[1221, [2, 62, 62, 141, 0, 94]]
[1222, [6, 78, 78, 186, 0, 94]]
[1223, [0, 44, 44, 57, 144, 44]]
[1224, [0, 60, 60, 72, 39, 149]]
[1225, [4, 76, 76, 72, 0, 188]]
[1226, [8, 52, 52, 117, 0, 148]]
[1227, [8, 68, 68, 117, 0, 148]]
[1228, [2, 74, 74, 117, 0, 138]]
[1229, [6, 50, 50, 117, 0, 98]]
[1230, [6, 66, 66, 117, 0, 98]]
[1231, [0, 72, 72, 117, 0, 88]]
[1232, [4, 48, 48, 147, 0, 48]]
[1233, [4, 64, 64, 33, 144, 48]]
[1234, [8, 80, 80, 63, 39, 153]]
[1235, [2, 46, 46, 78, 0, 142]]
[1236, [2, 62, 62, 78, 0, 142]]
[1237, [6, 78, 78, 78, 0, 142]]
[1238, [0, 44, 44, 78, 0, 92]]
[1239, [0, 60, 60, 108, 0, 92]]
[1240, [4, 76, 76, 123, 0, 92]]
[1241, [8, 52, 52, 153, 0, 52]]
[1242, [8, 68, 68, 39, 144, 52]]
[1243, [2, 74, 74, 69, 39, 147]]
[1244, [6, 50, 50, 99, 0, 146]]
[1245, [6, 66, 66, 99, 0, 146]]
[1246, [0, 72, 72, 159, 0, 136]]
[1247, [4, 48, 48, 15, 144, 96]]
[1248, [4, 64, 64, 15, 39, 201]]
[1249, [8, 80, 80, 15, 0, 240]]
[1250, [2, 46, 46, 15, 0, 190]]
[1251, [2, 62, 62, 15, 0, 190]]
[1252, [6, 78, 78, 45, 0, 190]]
[1253, [0, 44, 44, 75, 0, 140]]
[1254, [0, 60, 60, 90, 0, 140]]
[1255, [4, 76, 76, 105, 0, 140]]
[1256, [8, 52, 52, 105, 0, 100]]
[1257, [8, 68, 68, 105, 0, 100]]
[1258, [2, 74, 74, 105, 0, 90]]
[1259, [6, 50, 50, 135, 0, 50]]
[1260, [6, 66, 66, 150, 0, 50]]
[1261, [0, 72, 72, 36, 144, 40]]
[1262, [4, 48, 48, 66, 39, 105]]
[1263, [4, 64, 64, 96, 0, 144]]
[1264, [8, 80, 80, 126, 0, 144]]
[1265, [2, 46, 46, 126, 0, 94]]
[1266, [2, 62, 62, 186, 0, 94]]
[1267, [6, 78, 78, 42, 144, 94]]
[1268, [0, 44, 44, 42, 39, 149]]
[1269, [0, 60, 60, 42, 0, 188]]
[1270, [4, 76, 76, 42, 0, 188]]
[1271, [8, 52, 52, 42, 0, 148]]
[1272, [8, 68, 68, 72, 0, 148]]
[1273, [2, 74, 74, 102, 0, 138]]
[1274, [6, 50, 50, 117, 0, 98]]
[1275, [6, 66, 66, 132, 0, 98]]
[1276, [0, 72, 72, 132, 0, 88]]
[1277, [4, 48, 48, 132, 0, 48]]
[1278, [4, 64, 64, 132, 0, 48]]
[1279, [8, 80, 80, 162, 0, 48]]
[1280, [12, 56, 56, 33, 144, 8]]
[1281, [2, 62, 62, 63, 39, 103]]
[1282, [6, 78, 78, 93, 0, 142]]
[1283, [0, 44, 44, 123, 0, 92]]
[1284, [0, 60, 60, 168, 0, 92]]
[1285, [4, 76, 76, 24, 144, 92]]
[1286, [8, 52, 52, 69, 39, 157]]
[1287, [8, 68, 68, 69, 0, 196]]
[1288, [2, 74, 74, 69, 0, 186]]
[1289, [6, 50, 50, 69, 0, 146]]
[1290, [6, 66, 66, 69, 0, 146]]
[1291, [0, 72, 72, 69, 0, 136]]
[1292, [4, 48, 48, 99, 0, 96]]
[1293, [4, 64, 64, 129, 0, 96]]
[1294, [8, 80, 80, 144, 0, 96]]
[1295, [2, 46, 46, 15, 144, 46]]
[1296, [2, 62, 62, 15, 39, 151]]
[1297, [6, 78, 78, 15, 0, 190]]
[1298, [0, 44, 44, 15, 0, 140]]
[1299, [0, 60, 60, 45, 0, 140]]
[1300, [4, 76, 76, 60, 0, 140]]
[1301, [8, 52, 52, 90, 0, 100]]
[1302, [8, 68, 68, 120, 0, 100]]
[1303, [2, 74, 74, 150, 0, 90]]
[1304, [6, 50, 50, 51, 144, 50]]
[1305, [6, 66, 66, 51, 39, 155]]
[1306, [0, 72, 72, 96, 0, 184]]
[1307, [4, 48, 48, 96, 0, 144]]
[1308, [4, 64, 64, 96, 0, 144]]
[1309, [8, 80, 80, 96, 0, 144]]
[1310, [2, 46, 46, 96, 0, 94]]
[1311, [2, 62, 62, 96, 0, 94]]
[1312, [6, 78, 78, 126, 0, 94]]
[1313, [0, 44, 44, 156, 0, 44]]
[1314, [0, 60, 60, 27, 144, 44]]
[1315, [4, 76, 76, 42, 39, 149]]
[1316, [8, 52, 52, 42, 0, 148]]
[1317, [8, 68, 68, 42, 0, 148]]
[1318, [2, 74, 74, 42, 0, 138]]
[1319, [6, 50, 50, 72, 0, 98]]
[1320, [6, 66, 66, 72, 0, 98]]
[1321, [0, 72, 72, 102, 0, 88]]
[1322, [4, 48, 48, 147, 0, 48]]
[1323, [4, 64, 64, 33, 144, 48]]
[1324, [8, 80, 80, 78, 39, 153]]
[1325, [2, 46, 46, 78, 0, 142]]
[1326, [2, 62, 62, 123, 0, 142]]
[1327, [6, 78, 78, 123, 0, 142]]
[1328, [0, 44, 44, 123, 0, 92]]
[1329, [0, 60, 60, 123, 0, 92]]
[1330, [4, 76, 76, 123, 0, 92]]
[1331, [8, 52, 52, 123, 0, 52]]
[1332, [8, 68, 68, 153, 0, 52]]
[1333, [2, 74, 74, 39, 144, 42]]
[1334, [6, 50, 50, 54, 39, 107]]
[1335, [6, 66, 66, 69, 0, 146]]
[1336, [0, 72, 72, 69, 0, 136]]
[1337, [4, 48, 48, 69, 0, 96]]
[1338, [4, 64, 64, 69, 0, 96]]
[1339, [8, 80, 80, 99, 0, 96]]
[1340, [2, 46, 46, 99, 0, 46]]
[1341, [2, 62, 62, 129, 0, 46]]
[1342, [6, 78, 78, 174, 0, 46]]
[1343, [10, 54, 54, 60, 144, 6]]
[1344, [0, 60, 60, 120, 39, 101]]
[1345, [4, 76, 76, 120, 0, 140]]
[1346, [8, 52, 52, 165, 0, 100]]
[1347, [8, 68, 68, 21, 144, 100]]
[1348, [2, 74, 74, 21, 39, 195]]
[1349, [6, 50, 50, 21, 0, 194]]
[1350, [6, 66, 66, 21, 0, 194]]
[1351, [0, 72, 72, 21, 0, 184]]
[1352, [4, 48, 48, 51, 0, 144]]
[1353, [4, 64, 64, 66, 0, 144]]
[1354, [8, 80, 80, 81, 0, 144]]
[1355, [2, 46, 46, 96, 0, 94]]
[1356, [2, 62, 62, 96, 0, 94]]
[1357, [6, 78, 78, 96, 0, 94]]
[1358, [0, 44, 44, 96, 0, 44]]
[1359, [0, 60, 60, 126, 0, 44]]
[1360, [4, 76, 76, 126, 0, 44]]
[1361, [8, 52, 52, 156, 0, 4]]
[1362, [8, 68, 68, 57, 144, 4]]
[1363, [2, 74, 74, 87, 39, 99]]
[1364, [6, 50, 50, 147, 0, 98]]
[1365, [6, 66, 66, 3, 144, 98]]
[1366, [0, 72, 72, 48, 39, 193]]
[1367, [4, 48, 48, 48, 0, 192]]
[1368, [4, 64, 64, 48, 0, 192]]
[1369, [8, 80, 80, 48, 0, 192]]
[1370, [2, 46, 46, 48, 0, 142]]
[1371, [2, 62, 62, 48, 0, 142]]
[1372, [6, 78, 78, 78, 0, 142]]
[1373, [0, 44, 44, 108, 0, 92]]
[1374, [0, 60, 60, 123, 0, 92]]
[1375, [4, 76, 76, 138, 0, 92]]
[1376, [8, 52, 52, 138, 0, 52]]
[1377, [8, 68, 68, 138, 0, 52]]
[1378, [2, 74, 74, 138, 0, 42]]
[1379, [6, 50, 50, 168, 0, 2]]
[1380, [6, 66, 66, 24, 144, 2]]
[1381, [0, 72, 72, 54, 39, 97]]
[1382, [4, 48, 48, 99, 0, 96]]
[1383, [4, 64, 64, 129, 0, 96]]
[1384, [8, 80, 80, 189, 0, 96]]
[1385, [2, 46, 46, 45, 144, 46]]
[1386, [2, 62, 62, 90, 39, 151]]
[1387, [6, 78, 78, 90, 0, 190]]
[1388, [0, 44, 44, 90, 0, 140]]
[1389, [0, 60, 60, 90, 0, 140]]
[1390, [4, 76, 76, 90, 0, 140]]
[1391, [8, 52, 52, 90, 0, 100]]
[1392, [8, 68, 68, 120, 0, 100]]
[1393, [2, 74, 74, 150, 0, 90]]
[1394, [6, 50, 50, 21, 144, 50]]
[1395, [6, 66, 66, 36, 39, 155]]
[1396, [0, 72, 72, 36, 0, 184]]
[1397, [4, 48, 48, 36, 0, 144]]
[1398, [4, 64, 64, 36, 0, 144]]
[1399, [8, 80, 80, 66, 0, 144]]
[1400, [2, 46, 46, 66, 0, 94]]
[1401, [2, 62, 62, 96, 0, 94]]
[1402, [6, 78, 78, 141, 0, 94]]
[1403, [0, 44, 44, 171, 0, 44]]
[1404, [0, 60, 60, 72, 144, 44]]
[1405, [4, 76, 76, 72, 39, 149]]
[1406, [8, 52, 52, 117, 0, 148]]
[1407, [8, 68, 68, 117, 0, 148]]
[1408, [2, 74, 74, 117, 0, 138]]
[1409, [6, 50, 50, 117, 0, 98]]
[1410, [6, 66, 66, 117, 0, 98]]
[1411, [0, 72, 72, 117, 0, 88]]
[1412, [4, 48, 48, 162, 0, 48]]
[1413, [4, 64, 64, 33, 144, 48]]
[1414, [8, 80, 80, 48, 39, 153]]
[1415, [2, 46, 46, 78, 0, 142]]
[1416, [2, 62, 62, 78, 0, 142]]
[1417, [6, 78, 78, 78, 0, 142]]
[1418, [0, 44, 44, 78, 0, 92]]
[1419, [0, 60, 60, 108, 0, 92]]
[1420, [4, 76, 76, 108, 0, 92]]
[1421, [8, 52, 52, 138, 0, 52]]
[1422, [8, 68, 68, 183, 0, 52]]
[1423, [2, 74, 74, 69, 144, 42]]
[1424, [6, 50, 50, 114, 39, 107]]
[1425, [6, 66, 66, 114, 0, 146]]
[1426, [0, 72, 72, 159, 0, 136]]
[1427, [4, 48, 48, 15, 144, 96]]
[1428, [4, 64, 64, 15, 39, 201]]
[1429, [8, 80, 80, 15, 0, 240]]
[1430, [2, 46, 46, 15, 0, 190]]
[1431, [2, 62, 62, 15, 0, 190]]
[1432, [6, 78, 78, 60, 0, 190]]
[1433, [0, 44, 44, 75, 0, 140]]
[1434, [0, 60, 60, 90, 0, 140]]
[1435, [4, 76, 76, 105, 0, 140]]
[1436, [8, 52, 52, 105, 0, 100]]
[1437, [8, 68, 68, 105, 0, 100]]
[1438, [2, 74, 74, 105, 0, 90]]
[1439, [6, 50, 50, 135, 0, 50]]
