SimulationV04.py[0, [0, 16, 16, 0, 0, 0]]
[1, [0, 32, 32, 0, 0, 0]]
[2, [48, 48, 48, 0, 0, 0]]
[3, [48, 64, 64, 0, 0, 0]]
[4, [48, 80, 80, 0, 0, 0]]
[5, [96, 96, 96, 0, 0, 0]]
[6, [96, 112, 112, 0, 0, 0]]
[7, [96, 128, 128, 0, 0, 0]]
[8, [144, 144, 144, 0, 0, 0]]
[9, [144, 160, 160, 0, 0, 0]]
[10, [144, 176, 176, 0, 0, 0]]
[11, [192, 192, 192, 0, 0, 0]]
[12, [192, 208, 208, 0, 0, 0]]
[13, [192, 224, 224, 0, 0, 0]]
[14, [240, 240, 240, 0, 0, 0]]
[15, [240, 256, 256, 0, 0, 0]]
[16, [240, 272, 272, 0, 0, 0]]
[17, [288, 288, 288, 0, 0, 0]]
[18, [288, 304, 304, 0, 0, 0]]
[19, [288, 320, 320, 330, 0, 0]]
[20, [336, 336, 336, 42, 288, 0]]
[21, [206, 222, 222, 42, 150, 8]]
[22, [66, 98, 98, 42, 12, 6]]
[23, [104, 104, 104, 42, 0, 8]]
[24, [104, 120, 120, 42, 0, 8]]
[25, [104, 136, 136, 42, 0, 8]]
[26, [152, 152, 152, 42, 0, 8]]
[27, [152, 168, 168, 42, 0, 8]]
[28, [152, 184, 184, 42, 0, 8]]
[29, [200, 200, 200, 42, 0, 8]]
[30, [200, 216, 216, 42, 0, 8]]
[31, [200, 232, 232, 42, 0, 8]]
[32, [248, 248, 248, 42, 0, 8]]
[33, [248, 264, 264, 42, 0, 8]]
[34, [248, 280, 280, 42, 0, 8]]
[35, [296, 296, 296, 42, 0, 8]]
[36, [296, 312, 312, 42, 0, 8]]
[37, [296, 328, 328, 42, 0, 8]]
[38, [344, 344, 344, 42, 0, 8]]
[39, [344, 360, 360, 372, 0, 8]]
[40, [344, 376, 376, 84, 288, 8]]
[41, [252, 252, 252, 84, 150, 6]]
[42, [112, 128, 128, 84, 12, 4]]
[43, [102, 134, 134, 84, 0, 6]]
[44, [150, 150, 150, 84, 0, 6]]
[45, [150, 166, 166, 84, 0, 6]]
[46, [150, 182, 182, 84, 0, 6]]
[47, [198, 198, 198, 84, 0, 6]]
[48, [198, 214, 214, 84, 0, 6]]
[49, [198, 230, 230, 84, 0, 6]]
[50, [246, 246, 246, 84, 0, 6]]
[51, [246, 262, 262, 84, 0, 6]]
[52, [246, 278, 278, 84, 0, 6]]
[53, [294, 294, 294, 84, 0, 6]]
[54, [294, 310, 310, 84, 0, 6]]
[55, [294, 326, 326, 84, 0, 6]]
[56, [342, 342, 342, 84, 0, 6]]
[57, [342, 358, 358, 84, 0, 6]]
[58, [342, 374, 374, 84, 0, 6]]
[59, [390, 390, 390, 414, 0, 6]]
[60, [390, 406, 406, 126, 288, 6]]
[61, [250, 282, 282, 126, 150, 4]]
[62, [158, 158, 158, 126, 12, 2]]
[63, [148, 164, 164, 126, 0, 4]]
[64, [148, 180, 180, 126, 0, 4]]
[65, [196, 196, 196, 126, 0, 4]]
[66, [196, 212, 212, 126, 0, 4]]
[67, [196, 228, 228, 126, 0, 4]]
[68, [244, 244, 244, 126, 0, 4]]
[69, [244, 260, 260, 126, 0, 4]]
[70, [244, 276, 276, 126, 0, 4]]
[71, [292, 292, 292, 126, 0, 4]]
[72, [292, 308, 308, 126, 0, 4]]
[73, [292, 324, 324, 126, 0, 4]]
[74, [340, 340, 340, 126, 0, 4]]
[75, [340, 356, 356, 126, 0, 4]]
[76, [340, 372, 372, 126, 0, 4]]
[77, [388, 388, 388, 126, 0, 4]]
[78, [388, 404, 404, 126, 0, 4]]
[79, [388, 420, 420, 456, 0, 4]]
[80, [436, 436, 436, 168, 288, 4]]
[81, [296, 312, 312, 24, 294, 2]]
[82, [156, 188, 188, 24, 156, 0]]
[83, [74, 74, 74, 24, 18, 8]]
[84, [54, 70, 70, 24, 0, 6]]
[85, [54, 86, 86, 24, 0, 6]]
[86, [102, 102, 102, 24, 0, 6]]
[87, [102, 118, 118, 24, 0, 6]]
[88, [102, 134, 134, 24, 0, 6]]
[89, [150, 150, 150, 24, 0, 6]]
[90, [150, 166, 166, 24, 0, 6]]
[91, [150, 182, 182, 24, 0, 6]]
[92, [198, 198, 198, 24, 0, 6]]
[93, [198, 214, 214, 24, 0, 6]]
[94, [198, 230, 230, 24, 0, 6]]
[95, [246, 246, 246, 24, 0, 6]]
[96, [246, 262, 262, 24, 0, 6]]
[97, [246, 278, 278, 24, 0, 6]]
[98, [294, 294, 294, 24, 0, 6]]
[99, [294, 310, 310, 354, 0, 6]]
[100, [294, 326, 326, 66, 288, 6]]
[101, [202, 202, 202, 66, 150, 4]]
[102, [62, 78, 78, 66, 12, 2]]
[103, [52, 84, 84, 66, 0, 4]]
[104, [100, 100, 100, 66, 0, 4]]
[105, [100, 116, 116, 66, 0, 4]]
[106, [100, 132, 132, 66, 0, 4]]
[107, [148, 148, 148, 66, 0, 4]]
[108, [148, 164, 164, 66, 0, 4]]
[109, [148, 180, 180, 66, 0, 4]]
[110, [196, 196, 196, 66, 0, 4]]
[111, [196, 212, 212, 66, 0, 4]]
[112, [196, 228, 228, 66, 0, 4]]
[113, [244, 244, 244, 66, 0, 4]]
[114, [244, 260, 260, 66, 0, 4]]
[115, [244, 276, 276, 66, 0, 4]]
[116, [292, 292, 292, 66, 0, 4]]
[117, [292, 308, 308, 66, 0, 4]]
[118, [292, 324, 324, 66, 0, 4]]
[119, [340, 340, 340, 396, 0, 4]]
[120, [340, 356, 356, 108, 288, 4]]
[121, [200, 232, 232, 108, 150, 2]]
[122, [108, 108, 108, 108, 12, 0]]
[123, [108, 124, 124, 108, 0, 12]]
[124, [108, 140, 140, 108, 0, 12]]
[125, [156, 156, 156, 108, 0, 12]]
[126, [156, 172, 172, 108, 0, 12]]
[127, [156, 188, 188, 108, 0, 12]]
[128, [204, 204, 204, 108, 0, 12]]
[129, [204, 220, 220, 108, 0, 12]]
[130, [194, 226, 226, 108, 0, 2]]
[131, [242, 242, 242, 108, 0, 2]]
[132, [242, 258, 258, 108, 0, 2]]
[133, [242, 274, 274, 108, 0, 2]]
[134, [290, 290, 290, 108, 0, 2]]
[135, [290, 306, 306, 108, 0, 2]]
[136, [290, 322, 322, 108, 0, 2]]
[137, [338, 338, 338, 108, 0, 2]]
[138, [338, 354, 354, 108, 0, 2]]
[139, [338, 370, 370, 438, 0, 2]]
[140, [386, 386, 386, 150, 288, 2]]
[141, [336, 352, 352, 6, 294, 90]]
[142, [316, 348, 348, 6, 156, 208]]
[143, [364, 364, 364, 6, 18, 346]]
[144, [334, 350, 350, 6, 0, 334]]
[145, [304, 336, 336, 6, 0, 304]]
[146, [342, 342, 342, 6, 0, 294]]
[147, [312, 328, 328, 6, 0, 264]]
[148, [222, 254, 254, 6, 0, 174]]
[149, [150, 150, 150, 6, 0, 54]]
[150, [120, 136, 136, 6, 0, 24]]
[151, [100, 132, 132, 6, 0, 4]]
[152, [148, 148, 148, 6, 0, 4]]
[153, [148, 164, 164, 6, 0, 4]]
[154, [148, 180, 180, 6, 0, 4]]
[155, [196, 196, 196, 6, 0, 4]]
[156, [196, 212, 212, 6, 0, 4]]
[157, [196, 228, 228, 6, 0, 4]]
[158, [244, 244, 244, 6, 0, 4]]
[159, [244, 260, 260, 321, 0, 4]]
[160, [244, 276, 276, 33, 288, 4]]
[161, [172, 172, 172, 33, 150, 22]]
[162, [142, 158, 158, 33, 12, 130]]
[163, [112, 144, 144, 48, 0, 112]]
[164, [150, 150, 150, 48, 0, 102]]
[165, [120, 136, 136, 48, 0, 72]]
[166, [50, 82, 82, 48, 0, 2]]
[167, [98, 98, 98, 48, 0, 2]]
[168, [98, 114, 114, 48, 0, 2]]
[169, [98, 130, 130, 48, 0, 2]]
[170, [146, 146, 146, 48, 0, 2]]
[171, [146, 162, 162, 48, 0, 2]]
[172, [146, 178, 178, 48, 0, 2]]
[173, [194, 194, 194, 48, 0, 2]]
[174, [194, 210, 210, 48, 0, 2]]
[175, [194, 226, 226, 48, 0, 2]]
[176, [242, 242, 242, 48, 0, 2]]
[177, [242, 258, 258, 48, 0, 2]]
[178, [242, 274, 274, 48, 0, 2]]
[179, [290, 290, 290, 363, 0, 2]]
[180, [290, 306, 306, 75, 288, 2]]
[181, [150, 182, 182, 75, 150, 0]]
[182, [68, 68, 68, 75, 12, 8]]
[183, [48, 64, 64, 90, 0, 0]]
[184, [48, 80, 80, 90, 0, 0]]
[185, [96, 96, 96, 90, 0, 0]]
[186, [96, 112, 112, 90, 0, 0]]
[187, [96, 128, 128, 90, 0, 0]]
[188, [144, 144, 144, 90, 0, 0]]
[189, [144, 160, 160, 90, 0, 0]]
[190, [144, 176, 176, 90, 0, 0]]
[191, [192, 192, 192, 90, 0, 0]]
[192, [192, 208, 208, 90, 0, 0]]
[193, [192, 224, 224, 90, 0, 0]]
[194, [240, 240, 240, 90, 0, 0]]
[195, [240, 256, 256, 90, 0, 0]]
[196, [240, 272, 272, 90, 0, 0]]
[197, [288, 288, 288, 90, 0, 0]]
[198, [288, 304, 304, 90, 0, 0]]
[199, [288, 320, 320, 390, 0, 0]]
[200, [336, 336, 336, 102, 288, 0]]
[201, [206, 222, 222, 102, 150, 8]]
[202, [66, 98, 98, 102, 12, 6]]
[203, [104, 104, 104, 117, 0, 8]]
[204, [104, 120, 120, 117, 0, 8]]
[205, [104, 136, 136, 117, 0, 8]]
[206, [152, 152, 152, 132, 0, 8]]
[207, [152, 168, 168, 132, 0, 8]]
[208, [152, 184, 184, 132, 0, 8]]
[209, [200, 200, 200, 132, 0, 8]]
[210, [200, 216, 216, 132, 0, 8]]
[211, [200, 232, 232, 132, 0, 8]]
[212, [248, 248, 248, 132, 0, 8]]
[213, [248, 264, 264, 132, 0, 8]]
[214, [248, 280, 280, 132, 0, 8]]
[215, [296, 296, 296, 132, 0, 8]]
[216, [296, 312, 312, 132, 0, 8]]
[217, [296, 328, 328, 132, 0, 8]]
[218, [344, 344, 344, 132, 0, 8]]
[219, [344, 360, 360, 432, 0, 8]]
[220, [344, 376, 376, 144, 288, 8]]
[221, [252, 252, 252, 0, 294, 6]]
[222, [112, 128, 128, 0, 156, 4]]
[223, [2, 34, 34, 15, 18, 32]]
[224, [0, 0, 0, 15, 0, 0]]
[225, [0, 16, 16, 15, 0, 0]]
[226, [0, 32, 32, 30, 0, 0]]
[227, [48, 48, 48, 30, 0, 0]]
[228, [48, 64, 64, 30, 0, 0]]
[229, [48, 80, 80, 30, 0, 0]]
[230, [96, 96, 96, 30, 0, 0]]
[231, [96, 112, 112, 30, 0, 0]]
[232, [96, 128, 128, 30, 0, 0]]
[233, [144, 144, 144, 30, 0, 0]]
[234, [144, 160, 160, 30, 0, 0]]
[235, [144, 176, 176, 30, 0, 0]]
[236, [192, 192, 192, 30, 0, 0]]
[237, [192, 208, 208, 30, 0, 0]]
[238, [192, 224, 224, 30, 0, 0]]
[239, [240, 240, 240, 330, 0, 0]]
[240, [240, 256, 256, 42, 288, 0]]
[241, [110, 142, 142, 42, 150, 8]]
[242, [18, 18, 18, 42, 12, 6]]
[243, [8, 24, 24, 57, 0, 8]]
[244, [8, 40, 40, 57, 0, 8]]
[245, [56, 56, 56, 57, 0, 8]]
[246, [56, 72, 72, 72, 0, 8]]
[247, [56, 88, 88, 72, 0, 8]]
[248, [104, 104, 104, 72, 0, 8]]
[249, [104, 120, 120, 72, 0, 8]]
[250, [104, 136, 136, 72, 0, 8]]
[251, [152, 152, 152, 72, 0, 8]]
[252, [152, 168, 168, 72, 0, 8]]
[253, [152, 184, 184, 72, 0, 8]]
[254, [200, 200, 200, 72, 0, 8]]
[255, [200, 216, 216, 72, 0, 8]]
[256, [200, 232, 232, 72, 0, 8]]
[257, [248, 248, 248, 72, 0, 8]]
[258, [248, 264, 264, 72, 0, 8]]
[259, [248, 280, 280, 357, 0, 8]]
[260, [296, 296, 296, 69, 288, 8]]
[261, [156, 172, 172, 69, 150, 6]]
[262, [16, 48, 48, 69, 12, 4]]
[263, [54, 54, 54, 84, 0, 6]]
[264, [54, 70, 70, 84, 0, 6]]
[265, [54, 86, 86, 84, 0, 6]]
[266, [98, 102, 102, 99, 0, 6]]
[267, [98, 118, 118, 99, 0, 6]]
[268, [98, 134, 134, 99, 0, 6]]
[269, [142, 150, 150, 99, 0, 6]]
[270, [142, 166, 166, 99, 0, 6]]
[271, [142, 182, 182, 99, 0, 6]]
[272, [186, 198, 198, 99, 0, 6]]
[273, [186, 214, 214, 99, 0, 6]]
[274, [186, 230, 230, 114, 0, 6]]
[275, [230, 246, 246, 114, 0, 6]]
[276, [230, 262, 262, 114, 0, 6]]
[277, [230, 278, 278, 114, 0, 6]]
[278, [274, 294, 294, 114, 0, 6]]
[279, [274, 310, 310, 399, 0, 6]]
[280, [274, 326, 326, 111, 288, 6]]
[281, [178, 202, 202, 111, 150, 4]]
[282, [108, 148, 148, 111, 12, 72]]
[283, [108, 164, 164, 126, 0, 84]]
[284, [132, 160, 160, 126, 0, 64]]
[285, [132, 176, 176, 126, 0, 64]]
[286, [112, 172, 172, 141, 0, 44]]
[287, [136, 168, 168, 141, 0, 24]]
[288, [116, 164, 164, 141, 0, 4]]
[289, [116, 180, 180, 141, 0, 4]]
[290, [160, 196, 196, 141, 0, 4]]
[291, [160, 212, 212, 141, 0, 4]]
[292, [160, 228, 228, 141, 0, 4]]
[293, [204, 244, 244, 141, 0, 4]]
[294, [204, 260, 260, 156, 0, 4]]
[295, [204, 276, 276, 12, 144, 4]]
[296, [108, 152, 152, 12, 6, 2]]
[297, [108, 168, 168, 12, 0, 8]]
[298, [108, 184, 184, 12, 0, 8]]
[299, [152, 200, 200, 297, 0, 8]]
[300, [152, 216, 216, 9, 288, 8]]
[301, [12, 92, 92, 9, 150, 6]]
[302, [16, 68, 68, 9, 12, 104]]
[303, [16, 84, 84, 24, 0, 116]]
[304, [6, 90, 90, 24, 0, 106]]
[305, [10, 66, 66, 24, 0, 66]]
[306, [0, 72, 72, 24, 0, 56]]
[307, [0, 88, 88, 39, 0, 56]]
[308, [4, 64, 64, 39, 0, 16]]
[309, [4, 80, 80, 39, 0, 16]]
[310, [4, 96, 96, 39, 0, 16]]
[311, [42, 102, 102, 39, 0, 6]]
[312, [42, 118, 118, 39, 0, 6]]
[313, [42, 134, 134, 39, 0, 6]]
[314, [90, 150, 150, 54, 0, 6]]
[315, [90, 166, 166, 54, 0, 6]]
[316, [90, 182, 182, 54, 0, 6]]
[317, [138, 198, 198, 54, 0, 6]]
[318, [138, 214, 214, 54, 0, 6]]
[319, [138, 230, 230, 339, 0, 6]]
[320, [186, 246, 246, 51, 288, 6]]
[321, [46, 122, 122, 51, 150, 4]]
[322, [6, 98, 98, 51, 12, 102]]
[323, [4, 64, 64, 66, 0, 64]]
[324, [4, 80, 80, 66, 0, 64]]
[325, [4, 96, 96, 66, 0, 64]]
[326, [2, 62, 62, 66, 0, 14]]
[327, [2, 78, 78, 81, 0, 14]]
[328, [2, 94, 94, 81, 0, 14]]
[329, [40, 100, 100, 81, 0, 4]]
[330, [40, 116, 116, 81, 0, 4]]
[331, [40, 132, 132, 81, 0, 4]]
[332, [88, 148, 148, 81, 0, 4]]
[333, [88, 164, 164, 81, 0, 4]]
[334, [88, 180, 180, 96, 0, 4]]
[335, [136, 196, 196, 96, 0, 4]]
[336, [136, 212, 212, 96, 0, 4]]
[337, [136, 228, 228, 96, 0, 4]]
[338, [184, 244, 244, 96, 0, 4]]
[339, [184, 260, 260, 336, 0, 4]]
[340, [184, 276, 276, 48, 288, 4]]
[341, [92, 152, 152, 48, 150, 2]]
[342, [2, 78, 78, 63, 12, 50]]
[343, [2, 94, 94, 93, 0, 62]]
[344, [0, 60, 60, 93, 0, 12]]
[345, [0, 76, 76, 93, 0, 12]]
[346, [0, 92, 92, 93, 0, 12]]
[347, [38, 98, 98, 108, 0, 2]]
[348, [38, 114, 114, 108, 0, 2]]
[349, [38, 130, 130, 108, 0, 2]]
[350, [86, 146, 146, 108, 0, 2]]
[351, [86, 162, 162, 108, 0, 2]]
[352, [86, 178, 178, 108, 0, 2]]
[353, [134, 194, 194, 108, 0, 2]]
[354, [134, 210, 210, 123, 0, 2]]
[355, [134, 226, 226, 123, 0, 2]]
[356, [182, 242, 242, 123, 0, 2]]
[357, [182, 258, 258, 123, 0, 2]]
[358, [182, 274, 274, 123, 0, 2]]
[359, [230, 290, 290, 348, 0, 2]]
[360, [230, 306, 306, 60, 288, 2]]
[361, [90, 182, 182, 75, 150, 0]]
[362, [8, 68, 68, 90, 12, 8]]
[363, [8, 84, 84, 135, 0, 20]]
[364, [8, 100, 100, 135, 0, 20]]
[365, [36, 96, 96, 135, 0, 0]]
[366, [36, 112, 112, 135, 0, 0]]
[367, [36, 128, 128, 150, 0, 0]]
[368, [84, 144, 144, 6, 144, 0]]
[369, [4, 80, 80, 6, 6, 58]]
[370, [4, 96, 96, 6, 0, 64]]
[371, [2, 62, 62, 6, 0, 14]]
[372, [2, 78, 78, 6, 0, 14]]
[373, [2, 94, 94, 6, 0, 14]]
[374, [40, 100, 100, 21, 0, 4]]
[375, [40, 116, 116, 21, 0, 4]]
[376, [40, 132, 132, 21, 0, 4]]
[377, [88, 148, 148, 21, 0, 4]]
[378, [88, 164, 164, 21, 0, 4]]
[379, [88, 180, 180, 246, 0, 4]]
[380, [136, 196, 196, 102, 144, 4]]
[381, [6, 82, 82, 117, 6, 12]]
[382, [6, 98, 98, 132, 0, 18]]
[383, [44, 104, 104, 177, 0, 8]]
[384, [44, 120, 120, 33, 144, 8]]
[385, [4, 96, 96, 33, 6, 106]]
[386, [2, 62, 62, 33, 0, 62]]
[387, [2, 78, 78, 48, 0, 62]]
[388, [2, 94, 94, 48, 0, 62]]
[389, [0, 60, 60, 48, 0, 12]]
[390, [0, 76, 76, 48, 0, 12]]
[391, [0, 92, 92, 48, 0, 12]]
[392, [38, 98, 98, 48, 0, 2]]
[393, [38, 114, 114, 48, 0, 2]]
[394, [38, 130, 130, 63, 0, 2]]
[395, [86, 146, 146, 63, 0, 2]]
[396, [86, 162, 162, 63, 0, 2]]
[397, [86, 178, 178, 63, 0, 2]]
[398, [134, 194, 194, 63, 0, 2]]
[399, [134, 210, 210, 288, 0, 2]]
[400, [134, 226, 226, 0, 288, 2]]
[401, [42, 102, 102, 15, 150, 0]]
[402, [2, 78, 78, 30, 12, 98]]
[403, [2, 94, 94, 75, 0, 110]]
[404, [0, 60, 60, 75, 0, 60]]
[405, [0, 76, 76, 75, 0, 60]]
[406, [0, 92, 92, 75, 0, 60]]
[407, [8, 68, 68, 90, 0, 20]]
[408, [8, 84, 84, 90, 0, 20]]
[409, [8, 100, 100, 90, 0, 20]]
[410, [36, 96, 96, 90, 0, 0]]
[411, [36, 112, 112, 90, 0, 0]]
[412, [36, 128, 128, 90, 0, 0]]
[413, [84, 144, 144, 90, 0, 0]]
[414, [84, 160, 160, 105, 0, 0]]
[415, [84, 176, 176, 105, 0, 0]]
[416, [132, 192, 192, 105, 0, 0]]
[417, [132, 208, 208, 105, 0, 0]]
[418, [132, 224, 224, 105, 0, 0]]
[419, [180, 240, 240, 315, 0, 0]]
[420, [180, 256, 256, 27, 288, 0]]
[421, [50, 142, 142, 42, 150, 8]]
[422, [8, 68, 68, 57, 12, 56]]
[423, [8, 84, 84, 87, 0, 68]]
[424, [8, 100, 100, 87, 0, 68]]
[425, [6, 66, 66, 87, 0, 18]]
[426, [6, 82, 82, 87, 0, 18]]
[427, [6, 98, 98, 102, 0, 18]]
[428, [44, 104, 104, 102, 0, 8]]
[429, [44, 120, 120, 102, 0, 8]]
[430, [44, 136, 136, 102, 0, 8]]
[431, [92, 152, 152, 102, 0, 8]]
[432, [92, 168, 168, 102, 0, 8]]
[433, [92, 184, 184, 132, 0, 8]]
[434, [140, 200, 200, 147, 0, 8]]
[435, [140, 216, 216, 3, 144, 8]]
[436, [0, 92, 92, 3, 6, 6]]
[437, [48, 108, 108, 3, 0, 12]]
[438, [38, 114, 114, 3, 0, 2]]
[439, [38, 130, 130, 213, 0, 2]]
[440, [86, 146, 146, 69, 144, 2]]
[441, [6, 82, 82, 84, 6, 60]]
[442, [6, 98, 98, 99, 0, 66]]
[443, [4, 64, 64, 129, 0, 16]]
[444, [4, 80, 80, 129, 0, 16]]
[445, [4, 96, 96, 129, 0, 16]]
[446, [42, 102, 102, 129, 0, 6]]
[447, [42, 118, 118, 144, 0, 6]]
[448, [42, 134, 134, 0, 144, 6]]
[449, [0, 60, 60, 0, 6, 54]]
[450, [0, 76, 76, 0, 0, 60]]
[451, [0, 92, 92, 0, 0, 60]]
[452, [8, 68, 68, 0, 0, 20]]
[453, [8, 84, 84, 30, 0, 20]]
[454, [8, 98, 100, 45, 0, 20]]
[455, [36, 92, 96, 45, 0, 0]]
[456, [36, 106, 112, 45, 0, 0]]
[457, [36, 120, 128, 45, 0, 0]]
[458, [84, 134, 144, 45, 0, 0]]
[459, [84, 148, 160, 240, 0, 0]]
[460, [84, 162, 176, 96, 144, 0]]
[461, [2, 46, 62, 111, 6, 8]]
[462, [2, 60, 78, 126, 0, 14]]
[463, [2, 74, 94, 156, 0, 14]]
[464, [40, 78, 100, 12, 144, 4]]
[465, [0, 52, 76, 12, 6, 102]]
[466, [0, 66, 92, 12, 0, 108]]
[467, [8, 40, 68, 27, 0, 68]]
[468, [8, 54, 84, 27, 0, 68]]
[469, [8, 68, 100, 27, 0, 68]]
[470, [6, 32, 66, 27, 0, 18]]
[471, [6, 46, 82, 27, 0, 18]]
[472, [6, 60, 98, 27, 0, 18]]
[473, [44, 64, 104, 57, 0, 8]]
[474, [44, 78, 120, 72, 0, 8]]
[475, [44, 92, 136, 72, 0, 8]]
[476, [92, 106, 152, 72, 0, 8]]
[477, [92, 120, 168, 72, 0, 8]]
[478, [92, 134, 184, 72, 0, 8]]
[479, [140, 148, 200, 252, 0, 8]]
[480, [140, 162, 216, 108, 144, 8]]
[481, [0, 36, 92, 138, 6, 6]]
[482, [38, 40, 98, 153, 0, 2]]
[483, [38, 54, 114, 39, 144, 2]]
[484, [8, 38, 100, 39, 6, 110]]
[485, [6, 4, 66, 54, 0, 66]]
[486, [6, 20, 82, 54, 0, 66]]
[487, [6, 36, 98, 69, 0, 66]]
[488, [4, 2, 64, 69, 0, 16]]
[489, [4, 18, 80, 69, 0, 16]]
[490, [4, 34, 96, 69, 0, 16]]
[491, [42, 40, 102, 69, 0, 6]]
[492, [42, 56, 118, 69, 0, 6]]
[493, [42, 72, 134, 99, 0, 6]]
[494, [90, 88, 150, 114, 0, 6]]
[495, [90, 104, 166, 114, 0, 6]]
[496, [90, 120, 182, 114, 0, 6]]
[497, [138, 136, 198, 114, 0, 6]]
[498, [138, 152, 214, 114, 0, 6]]
[499, [138, 168, 230, 279, 0, 6]]
[500, [186, 184, 246, 135, 144, 6]]
[501, [46, 60, 122, 165, 6, 4]]
[502, [36, 66, 128, 36, 144, 0]]
[503, [4, 2, 64, 66, 6, 58]]
[504, [4, 18, 80, 66, 0, 64]]
[505, [4, 34, 96, 81, 0, 64]]
[506, [2, 0, 62, 81, 0, 14]]
[507, [2, 16, 78, 96, 0, 14]]
[508, [2, 32, 94, 96, 0, 14]]
[509, [40, 38, 100, 96, 0, 4]]
[510, [40, 54, 116, 96, 0, 4]]
[511, [40, 70, 132, 96, 0, 4]]
[512, [88, 86, 148, 96, 0, 4]]
[513, [88, 102, 164, 126, 0, 4]]
[514, [88, 118, 180, 141, 0, 4]]
[515, [136, 134, 196, 141, 0, 4]]
[516, [136, 150, 212, 141, 0, 4]]
[517, [136, 166, 228, 141, 0, 4]]
[518, [184, 182, 244, 141, 0, 4]]
[519, [184, 198, 260, 321, 0, 4]]
[520, [184, 214, 276, 33, 288, 4]]
[521, [92, 90, 152, 63, 150, 2]]
[522, [2, 16, 78, 78, 12, 50]]
[523, [2, 32, 94, 108, 0, 62]]
[524, [10, 8, 70, 108, 0, 22]]
[525, [0, 14, 76, 123, 0, 12]]
[526, [0, 30, 92, 123, 0, 12]]
[527, [38, 36, 98, 138, 0, 2]]
[528, [38, 52, 114, 138, 0, 2]]
[529, [38, 68, 130, 138, 0, 2]]
[530, [86, 84, 146, 138, 0, 2]]
[531, [86, 100, 162, 138, 0, 2]]
[532, [86, 116, 178, 138, 0, 2]]
[533, [134, 132, 194, 168, 0, 2]]
[534, [134, 148, 210, 39, 144, 2]]
[535, [4, 34, 96, 39, 6, 10]]
[536, [42, 40, 102, 39, 0, 6]]
[537, [42, 56, 118, 39, 0, 6]]
[538, [42, 72, 134, 39, 0, 6]]
[539, [90, 88, 150, 204, 0, 6]]
[540, [90, 104, 166, 60, 144, 6]]
[541, [0, 30, 92, 90, 6, 54]]
[542, [8, 6, 68, 105, 0, 20]]
[543, [8, 22, 84, 135, 0, 20]]
[544, [8, 38, 100, 135, 0, 20]]
[545, [36, 34, 96, 135, 0, 0]]
[546, [36, 50, 112, 135, 0, 0]]
[547, [36, 66, 128, 150, 0, 0]]
[548, [84, 82, 144, 6, 144, 0]]
[549, [4, 18, 80, 6, 6, 58]]
[550, [4, 34, 96, 6, 0, 64]]
[551, [2, 0, 62, 21, 0, 14]]
[552, [2, 16, 78, 21, 0, 14]]
[553, [2, 32, 94, 51, 0, 14]]
[554, [40, 38, 100, 66, 0, 4]]
[555, [40, 54, 116, 66, 0, 4]]
[556, [40, 70, 132, 66, 0, 4]]
[557, [88, 86, 148, 66, 0, 4]]
[558, [88, 102, 164, 66, 0, 4]]
[559, [88, 118, 180, 231, 0, 4]]
[560, [136, 134, 196, 87, 144, 4]]
[561, [6, 20, 82, 117, 6, 12]]
[562, [6, 36, 98, 132, 0, 18]]
[563, [44, 42, 104, 162, 0, 8]]
[564, [44, 58, 120, 18, 144, 8]]
[565, [4, 34, 96, 18, 6, 106]]
[566, [2, 0, 62, 18, 0, 62]]
[567, [2, 16, 78, 18, 0, 62]]
[568, [2, 32, 94, 18, 0, 62]]
[569, [10, 8, 70, 18, 0, 22]]
[570, [0, 14, 76, 18, 0, 12]]
[571, [0, 30, 92, 33, 0, 12]]
[572, [38, 36, 98, 33, 0, 2]]
[573, [38, 52, 114, 63, 0, 2]]
[574, [38, 68, 130, 78, 0, 2]]
[575, [86, 84, 146, 78, 0, 2]]
[576, [86, 100, 162, 93, 0, 2]]
[577, [86, 116, 178, 93, 0, 2]]
[578, [134, 132, 194, 93, 0, 2]]
[579, [134, 148, 210, 258, 0, 2]]
[580, [134, 164, 226, 114, 144, 2]]
[581, [42, 40, 102, 144, 6, 0]]
[582, [42, 56, 118, 15, 144, 6]]
[583, [2, 32, 94, 45, 6, 104]]
[584, [10, 8, 70, 45, 0, 70]]
[585, [0, 14, 76, 45, 0, 60]]
[586, [0, 30, 92, 45, 0, 60]]
[587, [8, 6, 68, 45, 0, 20]]
[588, [8, 22, 84, 60, 0, 20]]
[589, [8, 38, 100, 60, 0, 20]]
[590, [36, 34, 96, 60, 0, 0]]
[591, [36, 50, 112, 75, 0, 0]]
[592, [36, 66, 128, 75, 0, 0]]
[593, [84, 82, 144, 105, 0, 0]]
[594, [84, 98, 160, 120, 0, 0]]
[595, [84, 114, 176, 120, 0, 0]]
[596, [132, 130, 192, 135, 0, 0]]
[597, [132, 146, 208, 135, 0, 0]]
[598, [132, 162, 224, 135, 0, 0]]
[599, [180, 178, 240, 300, 0, 0]]
[600, [180, 194, 256, 12, 288, 0]]
[601, [50, 80, 142, 42, 150, 8]]
[602, [8, 6, 68, 57, 12, 56]]
[603, [8, 22, 84, 87, 0, 68]]
[604, [8, 38, 100, 87, 0, 68]]
[605, [6, 4, 66, 87, 0, 18]]
[606, [6, 20, 82, 87, 0, 18]]
[607, [6, 36, 98, 87, 0, 18]]
[608, [44, 42, 104, 102, 0, 8]]
[609, [44, 58, 120, 102, 0, 8]]
[610, [44, 74, 136, 102, 0, 8]]
[611, [92, 90, 152, 117, 0, 8]]
[612, [92, 106, 168, 117, 0, 8]]
[613, [92, 122, 184, 147, 0, 8]]
[614, [140, 138, 200, 18, 144, 8]]
[615, [0, 14, 76, 18, 6, 6]]
[616, [0, 30, 92, 33, 0, 12]]
[617, [38, 36, 98, 33, 0, 2]]
[618, [38, 52, 114, 33, 0, 2]]
[619, [38, 68, 130, 183, 0, 2]]
[620, [86, 84, 146, 39, 144, 2]]
[621, [6, 20, 82, 69, 6, 60]]
[622, [6, 36, 98, 84, 0, 66]]
[623, [4, 2, 64, 99, 0, 16]]
[624, [4, 18, 80, 99, 0, 16]]
[625, [4, 34, 96, 114, 0, 16]]
[626, [42, 40, 102, 114, 0, 6]]
[627, [42, 56, 118, 114, 0, 6]]
[628, [42, 72, 134, 129, 0, 6]]
[629, [90, 88, 150, 129, 0, 6]]
[630, [90, 104, 166, 129, 0, 6]]
[631, [90, 120, 182, 144, 0, 6]]
[632, [138, 136, 198, 0, 144, 6]]
[633, [8, 22, 84, 30, 6, 14]]
[634, [8, 38, 100, 45, 0, 20]]
[635, [36, 34, 96, 45, 0, 0]]
[636, [36, 50, 112, 60, 0, 0]]
[637, [36, 66, 128, 60, 0, 0]]
[638, [84, 82, 144, 75, 0, 0]]
[639, [84, 98, 160, 225, 0, 0]]
[640, [84, 114, 176, 81, 144, 0]]
[641, [2, 0, 62, 111, 6, 8]]
[642, [2, 16, 78, 126, 0, 14]]
[643, [2, 32, 94, 141, 0, 14]]
[644, [40, 38, 100, 141, 0, 4]]
[645, [40, 54, 116, 156, 0, 4]]
[646, [40, 70, 132, 12, 144, 4]]
[647, [8, 6, 68, 12, 6, 62]]
[648, [8, 22, 84, 27, 0, 68]]
[649, [8, 38, 100, 27, 0, 68]]
[650, [6, 4, 66, 27, 0, 18]]
[651, [6, 20, 82, 42, 0, 18]]
[652, [6, 36, 98, 42, 0, 18]]
[653, [44, 42, 104, 72, 0, 8]]
[654, [44, 58, 120, 87, 0, 8]]
[655, [44, 74, 136, 87, 0, 8]]
[656, [92, 90, 152, 102, 0, 8]]
[657, [92, 106, 168, 102, 0, 8]]
[658, [92, 122, 184, 117, 0, 8]]
[659, [140, 138, 200, 252, 0, 8]]
[660, [140, 154, 216, 108, 144, 8]]
[661, [0, 30, 92, 153, 6, 6]]
[662, [38, 36, 98, 24, 144, 2]]
[663, [8, 22, 84, 39, 6, 110]]
[664, [8, 38, 100, 39, 0, 116]]
[665, [6, 4, 66, 54, 0, 66]]
[666, [6, 20, 82, 54, 0, 66]]
[667, [6, 36, 98, 54, 0, 66]]
[668, [4, 2, 64, 69, 0, 16]]
[669, [4, 18, 80, 69, 0, 16]]
[670, [4, 34, 96, 69, 0, 16]]
[671, [42, 40, 102, 84, 0, 6]]
[672, [42, 56, 118, 84, 0, 6]]
[673, [42, 72, 134, 114, 0, 6]]
[674, [90, 88, 150, 129, 0, 6]]
[675, [90, 104, 166, 129, 0, 6]]
[676, [90, 120, 182, 144, 0, 6]]
[677, [138, 136, 198, 0, 144, 6]]
[678, [8, 22, 84, 15, 6, 14]]
[679, [8, 38, 100, 150, 0, 20]]
[680, [36, 34, 96, 6, 144, 0]]
[681, [6, 20, 82, 51, 6, 108]]
[682, [6, 36, 98, 66, 0, 114]]
[683, [4, 2, 64, 81, 0, 64]]
[684, [4, 18, 80, 81, 0, 64]]
[685, [4, 34, 96, 96, 0, 64]]
[686, [2, 0, 62, 96, 0, 14]]
[687, [2, 16, 78, 96, 0, 14]]
[688, [2, 32, 94, 111, 0, 14]]
[689, [40, 38, 100, 111, 0, 4]]
[690, [40, 54, 116, 111, 0, 4]]
[691, [40, 70, 132, 126, 0, 4]]
[692, [88, 86, 148, 126, 0, 4]]
[693, [88, 102, 164, 141, 0, 4]]
[694, [88, 118, 180, 156, 0, 4]]
[695, [136, 134, 196, 12, 144, 4]]
[696, [6, 20, 82, 27, 6, 12]]
[697, [6, 36, 98, 42, 0, 18]]
[698, [44, 42, 104, 57, 0, 8]]
[699, [44, 58, 120, 192, 0, 8]]
[700, [44, 74, 136, 48, 144, 8]]
[701, [2, 0, 62, 93, 6, 56]]
[702, [2, 16, 78, 108, 0, 62]]
[703, [2, 32, 94, 123, 0, 62]]
[704, [10, 8, 70, 123, 0, 22]]
[705, [0, 14, 76, 138, 0, 12]]
[706, [0, 30, 92, 138, 0, 12]]
[707, [38, 36, 98, 138, 0, 2]]
[708, [38, 52, 114, 153, 0, 2]]
[709, [38, 68, 130, 9, 144, 2]]
[710, [6, 4, 66, 9, 6, 60]]
[711, [6, 20, 82, 24, 0, 66]]
[712, [6, 36, 98, 24, 0, 66]]
[713, [4, 2, 64, 39, 0, 16]]
[714, [4, 18, 80, 54, 0, 16]]
[715, [4, 34, 96, 54, 0, 16]]
[716, [42, 40, 102, 69, 0, 6]]
[717, [42, 56, 118, 69, 0, 6]]
[718, [42, 72, 134, 84, 0, 6]]
[719, [90, 88, 150, 204, 0, 6]]
[720, [90, 104, 166, 60, 144, 6]]
[721, [0, 30, 92, 105, 6, 54]]
[722, [8, 6, 68, 120, 0, 20]]
[723, [8, 22, 84, 135, 0, 20]]
[724, [8, 38, 100, 150, 0, 20]]
[725, [36, 34, 96, 21, 144, 0]]
[726, [6, 20, 82, 36, 6, 108]]
[727, [6, 36, 98, 36, 0, 114]]
[728, [4, 2, 64, 51, 0, 64]]
[729, [4, 18, 80, 51, 0, 64]]
[730, [4, 34, 96, 51, 0, 64]]
[731, [2, 0, 62, 66, 0, 14]]
[732, [2, 16, 78, 66, 0, 14]]
[733, [2, 32, 94, 81, 0, 14]]
[734, [40, 38, 100, 96, 0, 4]]
[735, [40, 54, 116, 96, 0, 4]]
[736, [40, 70, 132, 111, 0, 4]]
[737, [88, 86, 148, 111, 0, 4]]
[738, [88, 102, 164, 126, 0, 4]]
[739, [88, 118, 180, 246, 0, 4]]
[740, [136, 134, 196, 102, 144, 4]]
[741, [6, 20, 82, 147, 6, 12]]
[742, [6, 36, 98, 18, 144, 18]]
[743, [4, 2, 64, 33, 6, 106]]
[744, [4, 18, 80, 48, 0, 112]]
[745, [4, 34, 96, 63, 0, 112]]
[746, [2, 0, 62, 78, 0, 62]]
[747, [2, 16, 78, 78, 0, 62]]
[748, [2, 32, 94, 93, 0, 62]]
[749, [10, 8, 70, 93, 0, 22]]
[750, [0, 14, 76, 93, 0, 12]]
[751, [0, 30, 92, 108, 0, 12]]
[752, [38, 36, 98, 108, 0, 2]]
[753, [38, 52, 114, 123, 0, 2]]
[754, [38, 68, 130, 123, 0, 2]]
[755, [86, 84, 146, 123, 0, 2]]
[756, [86, 100, 162, 138, 0, 2]]
[757, [86, 116, 178, 138, 0, 2]]
[758, [134, 132, 194, 153, 0, 2]]
[759, [134, 148, 210, 129, 144, 2]]
[760, [4, 34, 96, 129, 6, 10]]
[761, [42, 40, 102, 174, 0, 6]]
[762, [42, 56, 118, 45, 144, 6]]
[763, [2, 32, 94, 60, 6, 104]]
[764, [10, 8, 70, 75, 0, 70]]
[765, [0, 14, 76, 90, 0, 60]]
[766, [0, 30, 92, 120, 0, 60]]
[767, [8, 6, 68, 120, 0, 20]]
[768, [8, 22, 84, 135, 0, 20]]
[769, [8, 38, 100, 135, 0, 20]]
[770, [36, 34, 96, 135, 0, 0]]
[771, [36, 50, 112, 150, 0, 0]]
[772, [36, 66, 128, 6, 144, 0]]
[773, [4, 2, 64, 21, 6, 58]]
[774, [4, 18, 80, 21, 0, 64]]
[775, [4, 34, 96, 21, 0, 64]]
[776, [2, 0, 62, 36, 0, 14]]
[777, [2, 16, 78, 36, 0, 14]]
[778, [2, 32, 94, 51, 0, 14]]
[779, [40, 38, 100, 156, 0, 4]]
[780, [40, 54, 116, 12, 144, 4]]
[781, [0, 30, 92, 57, 6, 102]]
[782, [8, 6, 68, 72, 0, 68]]
[783, [8, 22, 84, 87, 0, 68]]
[784, [8, 38, 100, 102, 0, 68]]
[785, [6, 4, 66, 102, 0, 18]]
[786, [6, 20, 82, 132, 0, 18]]
[787, [6, 36, 98, 147, 0, 18]]
[788, [44, 42, 104, 18, 144, 8]]
[789, [4, 18, 80, 18, 6, 106]]
[790, [4, 34, 96, 33, 0, 112]]
[791, [2, 0, 62, 48, 0, 62]]
[792, [2, 16, 78, 48, 0, 62]]
[793, [2, 32, 94, 63, 0, 62]]
[794, [10, 8, 70, 63, 0, 22]]
[795, [0, 14, 76, 63, 0, 12]]
[796, [0, 30, 92, 78, 0, 12]]
[797, [38, 36, 98, 78, 0, 2]]
[798, [38, 52, 114, 93, 0, 2]]
[799, [38, 68, 130, 198, 0, 2]]
[800, [86, 84, 146, 54, 144, 2]]
[801, [6, 20, 82, 99, 6, 60]]
[802, [6, 36, 98, 114, 0, 66]]
[803, [4, 2, 64, 129, 0, 16]]
[804, [4, 18, 80, 129, 0, 16]]
[805, [4, 34, 96, 129, 0, 16]]
[806, [42, 40, 102, 159, 0, 6]]
[807, [42, 56, 118, 30, 144, 6]]
[808, [2, 32, 94, 45, 6, 104]]
[809, [10, 8, 70, 45, 0, 70]]
[810, [0, 14, 76, 75, 0, 60]]
[811, [0, 30, 92, 90, 0, 60]]
[812, [8, 6, 68, 90, 0, 20]]
[813, [8, 22, 84, 105, 0, 20]]
[814, [8, 38, 100, 105, 0, 20]]
[815, [36, 34, 96, 105, 0, 0]]
[816, [36, 50, 112, 120, 0, 0]]
[817, [36, 66, 128, 120, 0, 0]]
[818, [84, 82, 144, 135, 0, 0]]
[819, [84, 98, 160, 240, 0, 0]]
[820, [84, 114, 176, 96, 144, 0]]
[821, [2, 0, 62, 141, 6, 8]]
[822, [2, 16, 78, 156, 0, 14]]
[823, [2, 32, 94, 27, 144, 14]]
[824, [10, 8, 70, 27, 6, 112]]
[825, [0, 14, 76, 27, 0, 108]]
[826, [0, 30, 92, 57, 0, 108]]
[827, [8, 6, 68, 72, 0, 68]]
[828, [8, 22, 84, 87, 0, 68]]
[829, [8, 38, 100, 87, 0, 68]]
[830, [6, 4, 66, 117, 0, 18]]
[831, [6, 20, 82, 132, 0, 18]]
[832, [6, 36, 98, 132, 0, 18]]
[833, [44, 42, 104, 147, 0, 8]]
[834, [44, 58, 120, 3, 144, 8]]
[835, [4, 34, 96, 3, 6, 106]]
[836, [2, 0, 62, 18, 0, 62]]
[837, [2, 16, 78, 18, 0, 62]]
[838, [2, 32, 94, 33, 0, 62]]
[839, [10, 8, 70, 138, 0, 22]]
[840, [0, 14, 76, 138, 0, 12]]
[841, [0, 30, 92, 168, 0, 12]]
[842, [38, 36, 98, 39, 144, 2]]
[843, [8, 22, 84, 54, 6, 110]]
[844, [8, 38, 100, 54, 0, 116]]
[845, [6, 4, 66, 54, 0, 66]]
[846, [6, 20, 82, 84, 0, 66]]
[847, [6, 36, 98, 99, 0, 66]]
[848, [4, 2, 64, 129, 0, 16]]
[849, [4, 18, 80, 129, 0, 16]]
[850, [4, 34, 96, 159, 0, 16]]
[851, [42, 40, 102, 30, 144, 6]]
[852, [2, 16, 78, 30, 6, 104]]
[853, [2, 32, 94, 45, 0, 110]]
[854, [10, 8, 70, 45, 0, 70]]
[855, [0, 14, 76, 45, 0, 60]]
[856, [0, 30, 92, 60, 0, 60]]
[857, [8, 6, 68, 60, 0, 20]]
[858, [8, 22, 84, 75, 0, 20]]
[859, [8, 38, 100, 180, 0, 20]]
[860, [36, 34, 96, 36, 144, 0]]
[861, [6, 20, 82, 66, 6, 108]]
[862, [6, 36, 98, 81, 0, 114]]
[863, [4, 2, 64, 96, 0, 64]]
[864, [4, 18, 80, 96, 0, 64]]
[865, [4, 34, 96, 96, 0, 64]]
[866, [2, 0, 62, 126, 0, 14]]
[867, [2, 16, 78, 141, 0, 14]]
[868, [2, 32, 94, 171, 0, 14]]
[869, [40, 38, 100, 27, 144, 4]]
[870, [0, 14, 76, 57, 6, 102]]
[871, [0, 30, 92, 72, 0, 108]]
[872, [8, 6, 68, 72, 0, 68]]
[873, [8, 22, 84, 87, 0, 68]]
[874, [8, 38, 100, 87, 0, 68]]
[875, [6, 4, 66, 87, 0, 18]]
[876, [6, 20, 82, 102, 0, 18]]
[877, [6, 36, 98, 102, 0, 18]]
[878, [44, 42, 104, 117, 0, 8]]
[879, [44, 58, 120, 222, 0, 8]]
[880, [44, 74, 136, 78, 144, 8]]
[881, [2, 0, 62, 108, 6, 56]]
[882, [2, 16, 78, 123, 0, 62]]
[883, [2, 32, 94, 138, 0, 62]]
[884, [10, 8, 70, 138, 0, 22]]
[885, [0, 14, 76, 138, 0, 12]]
[886, [0, 30, 92, 168, 0, 12]]
[887, [38, 36, 98, 39, 144, 2]]
[888, [8, 22, 84, 69, 6, 110]]
[889, [8, 38, 100, 69, 0, 116]]
[890, [6, 4, 66, 99, 0, 66]]
[891, [6, 20, 82, 114, 0, 66]]
[892, [6, 36, 98, 114, 0, 66]]
[893, [4, 2, 64, 129, 0, 16]]
[894, [4, 18, 80, 129, 0, 16]]
[895, [4, 34, 96, 129, 0, 16]]
[896, [42, 40, 102, 144, 0, 6]]
[897, [42, 56, 118, 0, 144, 6]]
[898, [2, 32, 94, 15, 6, 104]]
[899, [10, 8, 70, 120, 0, 70]]
[900, [0, 14, 76, 120, 0, 60]]
[901, [0, 30, 92, 150, 0, 60]]
[902, [8, 6, 68, 21, 144, 20]]
[903, [8, 22, 84, 36, 6, 158]]
[904, [8, 38, 100, 36, 0, 164]]
[905, [6, 4, 66, 36, 0, 114]]
[906, [6, 20, 82, 66, 0, 114]]
[907, [6, 36, 98, 81, 0, 114]]
[908, [4, 2, 64, 111, 0, 64]]
[909, [4, 18, 80, 111, 0, 64]]
[910, [4, 34, 96, 141, 0, 64]]
[911, [2, 0, 62, 156, 0, 14]]
[912, [2, 16, 78, 12, 144, 14]]
[913, [2, 32, 94, 27, 6, 152]]
[914, [10, 8, 70, 27, 0, 118]]
[915, [0, 14, 76, 27, 0, 108]]
[916, [0, 30, 92, 42, 0, 108]]
[917, [8, 6, 68, 42, 0, 68]]
[918, [8, 22, 84, 57, 0, 68]]
[919, [8, 38, 100, 162, 0, 68]]
[920, [6, 4, 66, 18, 144, 18]]
[921, [6, 20, 82, 48, 6, 156]]
[922, [6, 36, 98, 63, 0, 162]]
[923, [4, 2, 64, 78, 0, 112]]
[924, [4, 18, 80, 78, 0, 112]]
[925, [4, 34, 96, 78, 0, 112]]
[926, [2, 0, 62, 108, 0, 62]]
[927, [2, 16, 78, 123, 0, 62]]
[928, [2, 32, 94, 153, 0, 62]]
[929, [10, 8, 70, 9, 144, 22]]
[930, [0, 14, 76, 39, 6, 150]]
[931, [0, 30, 92, 54, 0, 156]]
[932, [8, 6, 68, 54, 0, 116]]
[933, [8, 22, 84, 69, 0, 116]]
[934, [8, 38, 100, 69, 0, 116]]
[935, [6, 4, 66, 69, 0, 66]]
[936, [6, 20, 82, 69, 0, 66]]
[937, [6, 36, 98, 84, 0, 66]]
[938, [4, 2, 64, 99, 0, 16]]
[939, [4, 18, 80, 204, 0, 16]]
[940, [4, 34, 96, 60, 144, 16]]
[941, [2, 0, 62, 90, 6, 104]]
[942, [2, 16, 78, 105, 0, 110]]
[943, [2, 32, 94, 120, 0, 110]]
[944, [10, 8, 70, 120, 0, 70]]
[945, [0, 14, 76, 120, 0, 60]]
[946, [0, 30, 92, 150, 0, 60]]
[947, [8, 6, 68, 21, 144, 20]]
[948, [8, 22, 84, 51, 6, 158]]
[949, [8, 38, 100, 51, 0, 164]]
[950, [6, 4, 66, 81, 0, 114]]
[951, [6, 20, 82, 96, 0, 114]]
[952, [6, 36, 98, 96, 0, 114]]
[953, [4, 2, 64, 111, 0, 64]]
[954, [4, 18, 80, 111, 0, 64]]
[955, [4, 34, 96, 111, 0, 64]]
[956, [2, 0, 62, 111, 0, 14]]
[957, [2, 16, 78, 126, 0, 14]]
[958, [2, 32, 94, 141, 0, 14]]
[959, [40, 38, 100, 246, 0, 4]]
