SimulationV03.py[0, [0, 16, 16, 0, 0, 0]]
[1, [0, 32, 32, 0, 0, 0]]
[2, [48, 48, 48, 0, 0, 0]]
[3, [48, 64, 64, 0, 0, 0]]
[4, [48, 80, 80, 0, 0, 0]]
[5, [96, 96, 96, 0, 0, 0]]
[6, [96, 112, 112, 0, 0, 0]]
[7, [96, 128, 128, 0, 0, 0]]
[8, [144, 144, 144, 0, 0, 0]]
[9, [144, 160, 160, 0, 0, 0]]
[10, [144, 176, 176, 0, 0, 0]]
[11, [192, 192, 192, 0, 0, 0]]
[12, [192, 208, 208, 0, 0, 0]]
[13, [192, 224, 224, 0, 0, 0]]
[14, [240, 240, 240, 0, 0, 0]]
[15, [240, 256, 256, 0, 0, 0]]
[16, [240, 272, 272, 0, 0, 0]]
[17, [288, 288, 288, 0, 0, 0]]
[18, [288, 304, 304, 0, 0, 0]]
[19, [288, 320, 320, 330, 0, 0]]
[20, [336, 336, 336, 42, 288, 0]]
[21, [196, 212, 212, 42, 147, 1]]
[22, [54, 86, 86, 42, 6, 0]]
[23, [96, 96, 96, 42, 0, 0]]
[24, [96, 112, 112, 42, 0, 0]]
[25, [96, 128, 128, 42, 0, 0]]
[26, [140, 144, 144, 42, 0, 0]]
[27, [140, 160, 160, 42, 0, 0]]
[28, [144, 176, 176, 42, 0, 0]]
[29, [188, 192, 192, 42, 0, 0]]
[30, [188, 208, 208, 42, 0, 0]]
[31, [192, 224, 224, 42, 0, 0]]
[32, [236, 240, 240, 42, 0, 0]]
[33, [236, 256, 256, 42, 0, 0]]
[34, [240, 272, 272, 42, 0, 0]]
[35, [284, 288, 288, 42, 0, 0]]
[36, [284, 304, 304, 42, 0, 0]]
[37, [288, 320, 320, 42, 0, 0]]
[38, [332, 336, 336, 42, 0, 0]]
[39, [332, 352, 352, 372, 0, 0]]
[40, [336, 368, 368, 84, 288, 0]]
[41, [240, 244, 244, 84, 147, 1]]
[42, [98, 118, 118, 84, 6, 0]]
[43, [96, 128, 128, 84, 0, 0]]
[44, [140, 144, 144, 84, 0, 0]]
[45, [140, 160, 160, 84, 0, 0]]
[46, [144, 176, 176, 84, 0, 0]]
[47, [188, 192, 192, 84, 0, 0]]
[48, [188, 208, 208, 84, 0, 0]]
[49, [192, 224, 224, 84, 0, 0]]
[50, [236, 240, 240, 84, 0, 0]]
[51, [236, 256, 256, 84, 0, 0]]
[52, [240, 272, 272, 84, 0, 0]]
[53, [284, 288, 288, 84, 0, 0]]
[54, [284, 304, 304, 84, 0, 0]]
[55, [288, 320, 320, 84, 0, 0]]
[56, [332, 336, 336, 84, 0, 0]]
[57, [332, 352, 352, 84, 0, 0]]
[58, [336, 368, 368, 84, 0, 0]]
[59, [380, 384, 384, 399, 0, 0]]
[60, [380, 400, 400, 111, 288, 0]]
[61, [244, 276, 276, 111, 147, 1]]
[62, [146, 150, 150, 111, 6, 0]]
[63, [140, 160, 160, 111, 0, 0]]
[64, [144, 176, 176, 126, 0, 0]]
[65, [188, 192, 192, 126, 0, 0]]
[66, [188, 208, 208, 126, 0, 0]]
[67, [192, 224, 224, 126, 0, 0]]
[68, [236, 240, 240, 126, 0, 0]]
[69, [236, 256, 256, 126, 0, 0]]
[70, [240, 272, 272, 126, 0, 0]]
[71, [284, 288, 288, 126, 0, 0]]
[72, [284, 304, 304, 126, 0, 0]]
[73, [288, 320, 320, 126, 0, 0]]
[74, [332, 336, 336, 126, 0, 0]]
[75, [332, 352, 352, 126, 0, 0]]
[76, [336, 368, 368, 126, 0, 0]]
[77, [380, 384, 384, 126, 0, 0]]
[78, [380, 400, 400, 126, 0, 0]]
[79, [384, 416, 416, 396, 0, 0]]
[80, [428, 432, 432, 108, 288, 0]]
[81, [288, 308, 308, 108, 147, 1]]
[82, [150, 182, 182, 108, 6, 0]]
[83, [188, 192, 192, 138, 0, 0]]
[84, [188, 208, 208, 153, 0, 0]]
[85, [192, 224, 224, 9, 144, 0]]
[86, [178, 182, 182, 9, 3, 83]]
[87, [178, 198, 198, 9, 0, 86]]
[88, [96, 128, 128, 9, 0, 0]]
[89, [140, 144, 144, 9, 0, 0]]
[90, [140, 160, 160, 9, 0, 0]]
[91, [144, 176, 176, 9, 0, 0]]
[92, [188, 192, 192, 9, 0, 0]]
[93, [188, 208, 208, 9, 0, 0]]
[94, [192, 224, 224, 9, 0, 0]]
[95, [236, 240, 240, 9, 0, 0]]
[96, [236, 256, 256, 9, 0, 0]]
[97, [240, 272, 272, 9, 0, 0]]
[98, [284, 288, 288, 9, 0, 0]]
[99, [284, 304, 304, 279, 0, 0]]
[100, [288, 320, 320, 135, 144, 0]]
[101, [192, 196, 196, 135, 3, 1]]
[102, [188, 208, 208, 135, 0, 0]]
[103, [192, 224, 224, 165, 0, 0]]
[104, [236, 240, 240, 36, 144, 0]]
[105, [96, 116, 116, 36, 3, 1]]
[106, [96, 128, 128, 36, 0, 0]]
[107, [140, 144, 144, 36, 0, 0]]
[108, [140, 160, 160, 36, 0, 0]]
[109, [144, 176, 176, 36, 0, 0]]
[110, [188, 192, 192, 36, 0, 0]]
[111, [188, 208, 208, 51, 0, 0]]
[112, [192, 224, 224, 51, 0, 0]]
[113, [236, 240, 240, 51, 0, 0]]
[114, [236, 256, 256, 51, 0, 0]]
[115, [240, 272, 272, 51, 0, 0]]
[116, [284, 288, 288, 51, 0, 0]]
[117, [284, 304, 304, 51, 0, 0]]
[118, [288, 320, 320, 51, 0, 0]]
[119, [332, 336, 336, 321, 0, 0]]
[120, [332, 352, 352, 33, 288, 0]]
[121, [196, 228, 228, 33, 147, 1]]
[122, [238, 242, 242, 33, 6, 140]]
[123, [238, 258, 258, 63, 0, 146]]
[124, [242, 274, 274, 78, 0, 146]]
[125, [286, 290, 290, 78, 0, 146]]
[126, [286, 306, 306, 78, 0, 146]]
[127, [290, 322, 322, 78, 0, 146]]
[128, [262, 266, 266, 78, 0, 74]]
[129, [260, 280, 280, 78, 0, 72]]
[130, [262, 294, 294, 78, 0, 70]]
[131, [304, 308, 308, 93, 0, 68]]
[132, [300, 320, 320, 93, 0, 64]]
[133, [304, 336, 336, 93, 0, 64]]
[134, [342, 346, 346, 93, 0, 58]]
[135, [330, 350, 350, 93, 0, 46]]
[136, [330, 362, 362, 93, 0, 42]]
[137, [352, 356, 356, 93, 0, 20]]
[138, [344, 364, 364, 93, 0, 12]]
[139, [336, 368, 368, 348, 0, 0]]
[140, [380, 384, 384, 75, 288, 0]]
[141, [344, 364, 364, 75, 147, 105]]
[142, [338, 370, 370, 75, 6, 236]]
[143, [370, 374, 374, 105, 0, 230]]
[144, [336, 356, 356, 120, 0, 196]]
[145, [320, 352, 352, 120, 0, 176]]
[146, [340, 344, 344, 120, 0, 152]]
[147, [326, 346, 346, 120, 0, 138]]
[148, [278, 310, 310, 120, 0, 86]]
[149, [296, 300, 300, 120, 0, 60]]
[150, [264, 284, 284, 120, 0, 28]]
[151, [240, 272, 272, 135, 0, 0]]
[152, [284, 288, 288, 135, 0, 0]]
[153, [284, 304, 304, 135, 0, 0]]
[154, [288, 320, 320, 135, 0, 0]]
[155, [332, 336, 336, 135, 0, 0]]
[156, [332, 352, 352, 135, 0, 0]]
[157, [336, 368, 368, 135, 0, 0]]
[158, [380, 384, 384, 135, 0, 0]]
[159, [380, 400, 400, 375, 0, 0]]
[160, [384, 416, 416, 102, 288, 0]]
[161, [288, 292, 292, 102, 147, 1]]
[162, [154, 174, 174, 102, 6, 8]]
[163, [158, 190, 190, 132, 0, 14]]
[164, [188, 192, 192, 147, 0, 0]]
[165, [188, 208, 208, 3, 144, 0]]
[166, [146, 178, 178, 3, 3, 95]]
[167, [190, 194, 194, 3, 0, 98]]
[168, [92, 112, 112, 3, 0, 0]]
[169, [96, 128, 128, 3, 0, 0]]
[170, [140, 144, 144, 3, 0, 0]]
[171, [140, 160, 160, 18, 0, 0]]
[172, [144, 176, 176, 18, 0, 0]]
[173, [188, 192, 192, 18, 0, 0]]
[174, [188, 208, 208, 18, 0, 0]]
[175, [192, 224, 224, 18, 0, 0]]
[176, [236, 240, 240, 18, 0, 0]]
[177, [236, 256, 256, 18, 0, 0]]
[178, [240, 272, 272, 33, 0, 0]]
[179, [284, 288, 288, 258, 0, 0]]
[180, [284, 304, 304, 129, 144, 0]]
[181, [148, 180, 180, 129, 3, 1]]
[182, [188, 192, 192, 129, 0, 0]]
[183, [188, 208, 208, 144, 0, 0]]
[184, [192, 224, 224, 15, 144, 0]]
[185, [96, 100, 100, 30, 3, 1]]
[186, [92, 112, 112, 30, 0, 0]]
[187, [96, 128, 128, 30, 0, 0]]
[188, [140, 144, 144, 30, 0, 0]]
[189, [140, 160, 160, 30, 0, 0]]
[190, [144, 176, 176, 30, 0, 0]]
[191, [188, 192, 192, 45, 0, 0]]
[192, [188, 208, 208, 45, 0, 0]]
[193, [192, 224, 224, 45, 0, 0]]
[194, [236, 240, 240, 45, 0, 0]]
[195, [236, 256, 256, 45, 0, 0]]
[196, [240, 272, 272, 45, 0, 0]]
[197, [284, 288, 288, 45, 0, 0]]
[198, [284, 304, 304, 60, 0, 0]]
[199, [288, 320, 320, 285, 0, 0]]
[200, [332, 336, 336, 156, 144, 0]]
[201, [192, 212, 212, 12, 147, 1]]
[202, [54, 86, 86, 27, 6, 0]]
[203, [92, 96, 96, 42, 0, 0]]
[204, [92, 112, 112, 57, 0, 0]]
[205, [96, 128, 128, 72, 0, 0]]
[206, [140, 144, 144, 72, 0, 0]]
[207, [140, 160, 160, 72, 0, 0]]
[208, [144, 176, 176, 72, 0, 0]]
[209, [188, 192, 192, 72, 0, 0]]
[210, [188, 208, 208, 72, 0, 0]]
[211, [192, 224, 224, 87, 0, 0]]
[212, [236, 240, 240, 87, 0, 0]]
[213, [236, 256, 256, 87, 0, 0]]
[214, [240, 272, 272, 87, 0, 0]]
[215, [284, 288, 288, 87, 0, 0]]
[216, [284, 304, 304, 87, 0, 0]]
[217, [288, 320, 320, 87, 0, 0]]
[218, [332, 336, 336, 102, 0, 0]]
[219, [332, 352, 352, 312, 0, 0]]
[220, [336, 368, 368, 54, 288, 0]]
[221, [240, 244, 244, 54, 147, 1]]
[222, [98, 118, 118, 69, 6, 0]]
[223, [96, 128, 128, 84, 0, 0]]
[224, [140, 144, 144, 99, 0, 0]]
[225, [140, 160, 160, 114, 0, 0]]
[226, [144, 176, 176, 114, 0, 0]]
[227, [188, 192, 192, 114, 0, 0]]
[228, [188, 208, 208, 114, 0, 0]]
[229, [192, 224, 224, 114, 0, 0]]
[230, [236, 240, 240, 114, 0, 0]]
[231, [236, 256, 256, 129, 0, 0]]
[232, [240, 272, 272, 129, 0, 0]]
[233, [284, 288, 288, 129, 0, 0]]
[234, [284, 304, 304, 129, 0, 0]]
[235, [288, 320, 320, 129, 0, 0]]
[236, [332, 336, 336, 129, 0, 0]]
[237, [332, 352, 352, 129, 0, 0]]
[238, [336, 368, 368, 144, 0, 0]]
[239, [380, 384, 384, 210, 144, 0]]
[240, [240, 260, 260, 96, 147, 1]]
[241, [102, 134, 134, 96, 6, 0]]
[242, [140, 144, 144, 111, 0, 0]]
[243, [140, 160, 160, 126, 0, 0]]
[244, [144, 176, 176, 141, 0, 0]]
[245, [188, 192, 192, 156, 0, 0]]
[246, [188, 208, 208, 12, 144, 0]]
[247, [52, 84, 84, 12, 3, 1]]
[248, [92, 96, 96, 12, 0, 0]]
[249, [92, 112, 112, 12, 0, 0]]
[250, [96, 128, 128, 12, 0, 0]]
[251, [140, 144, 144, 27, 0, 0]]
[252, [140, 160, 160, 27, 0, 0]]
[253, [144, 176, 176, 27, 0, 0]]
[254, [188, 192, 192, 27, 0, 0]]
[255, [188, 208, 208, 27, 0, 0]]
[256, [192, 224, 224, 27, 0, 0]]
[257, [236, 240, 240, 27, 0, 0]]
[258, [236, 256, 256, 27, 0, 0]]
[259, [240, 272, 272, 237, 0, 0]]
[260, [284, 288, 288, 123, 144, 0]]
[261, [144, 164, 164, 123, 3, 1]]
[262, [144, 176, 176, 138, 0, 0]]
[263, [188, 192, 192, 153, 0, 0]]
[264, [188, 208, 208, 9, 144, 0]]
[265, [104, 136, 136, 24, 3, 53]]
[266, [148, 152, 152, 24, 0, 56]]
[267, [148, 168, 168, 24, 0, 56]]
[268, [96, 128, 128, 24, 0, 0]]
[269, [140, 144, 144, 24, 0, 0]]
[270, [140, 160, 160, 39, 0, 0]]
[271, [144, 176, 176, 54, 0, 0]]
[272, [188, 192, 192, 54, 0, 0]]
[273, [188, 208, 208, 54, 0, 0]]
[274, [192, 224, 224, 54, 0, 0]]
[275, [236, 240, 240, 54, 0, 0]]
[276, [236, 256, 256, 54, 0, 0]]
[277, [240, 272, 272, 54, 0, 0]]
[278, [284, 288, 288, 54, 0, 0]]
[279, [284, 304, 304, 264, 0, 0]]
[280, [288, 320, 320, 135, 144, 0]]
[281, [236, 240, 240, 135, 3, 45]]
[282, [232, 252, 252, 150, 0, 44]]
[283, [226, 258, 258, 21, 144, 34]]
[284, [270, 274, 274, 21, 3, 175]]
[285, [260, 280, 280, 36, 0, 168]]
[286, [258, 290, 290, 36, 0, 162]]
[287, [290, 294, 294, 36, 0, 150]]
[288, [230, 250, 250, 36, 0, 90]]
[289, [218, 250, 250, 36, 0, 74]]
[290, [242, 246, 246, 66, 0, 54]]
[291, [238, 258, 258, 81, 0, 50]]
[292, [228, 260, 260, 81, 0, 36]]
[293, [262, 266, 266, 81, 0, 26]]
[294, [250, 270, 270, 81, 0, 14]]
[295, [240, 272, 272, 81, 0, 0]]
[296, [284, 288, 288, 81, 0, 0]]
[297, [284, 304, 304, 81, 0, 0]]
[298, [288, 320, 320, 81, 0, 0]]
[299, [332, 336, 336, 291, 0, 0]]
[300, [332, 352, 352, 18, 288, 0]]
[301, [196, 228, 228, 18, 147, 1]]
[302, [158, 162, 162, 33, 6, 60]]
[303, [158, 178, 178, 48, 0, 66]]
[304, [142, 174, 174, 48, 0, 46]]
[305, [178, 182, 182, 63, 0, 38]]
[306, [166, 186, 186, 63, 0, 26]]
[307, [164, 196, 196, 63, 0, 20]]
[308, [188, 192, 192, 63, 0, 0]]
[309, [188, 208, 208, 63, 0, 0]]
[310, [192, 224, 224, 93, 0, 0]]
[311, [236, 240, 240, 108, 0, 0]]
[312, [236, 256, 256, 108, 0, 0]]
[313, [240, 272, 272, 108, 0, 0]]
[314, [284, 288, 288, 108, 0, 0]]
[315, [284, 304, 304, 108, 0, 0]]
[316, [288, 320, 320, 108, 0, 0]]
[317, [332, 336, 336, 108, 0, 0]]
[318, [332, 352, 352, 108, 0, 0]]
[319, [336, 368, 368, 333, 0, 0]]
[320, [380, 384, 384, 60, 288, 0]]
[321, [240, 260, 260, 60, 147, 1]]
[322, [102, 134, 134, 75, 6, 0]]
[323, [140, 144, 144, 90, 0, 0]]
[324, [140, 160, 160, 90, 0, 0]]
[325, [144, 176, 176, 105, 0, 0]]
[326, [188, 192, 192, 105, 0, 0]]
[327, [188, 208, 208, 105, 0, 0]]
[328, [192, 224, 224, 105, 0, 0]]
[329, [236, 240, 240, 105, 0, 0]]
[330, [236, 256, 256, 135, 0, 0]]
[331, [240, 272, 272, 150, 0, 0]]
[332, [284, 288, 288, 6, 144, 0]]
[333, [144, 164, 164, 6, 3, 1]]
[334, [144, 176, 176, 6, 0, 0]]
[335, [188, 192, 192, 6, 0, 0]]
[336, [188, 208, 208, 6, 0, 0]]
[337, [192, 224, 224, 6, 0, 0]]
[338, [236, 240, 240, 6, 0, 0]]
[339, [236, 256, 256, 216, 0, 0]]
[340, [240, 272, 272, 102, 144, 0]]
[341, [144, 148, 148, 102, 3, 1]]
[342, [140, 160, 160, 117, 0, 0]]
[343, [144, 176, 176, 132, 0, 0]]
[344, [188, 192, 192, 132, 0, 0]]
[345, [188, 208, 208, 147, 0, 0]]
[346, [192, 224, 224, 3, 144, 0]]
[347, [96, 100, 100, 3, 3, 1]]
[348, [92, 112, 112, 3, 0, 0]]
[349, [96, 128, 128, 3, 0, 0]]
[350, [140, 144, 144, 33, 0, 0]]
[351, [140, 160, 160, 48, 0, 0]]
[352, [144, 176, 176, 48, 0, 0]]
[353, [188, 192, 192, 48, 0, 0]]
[354, [188, 208, 208, 48, 0, 0]]
[355, [192, 224, 224, 48, 0, 0]]
[356, [236, 240, 240, 48, 0, 0]]
[357, [236, 256, 256, 48, 0, 0]]
[358, [240, 272, 272, 48, 0, 0]]
[359, [284, 288, 288, 243, 0, 0]]
[360, [284, 304, 304, 129, 144, 0]]
[361, [148, 180, 180, 129, 3, 1]]
[362, [188, 192, 192, 144, 0, 0]]
[363, [188, 208, 208, 30, 144, 0]]
[364, [52, 84, 84, 30, 3, 1]]
[365, [92, 96, 96, 45, 0, 0]]
[366, [92, 112, 112, 45, 0, 0]]
[367, [96, 128, 128, 45, 0, 0]]
[368, [140, 144, 144, 45, 0, 0]]
[369, [140, 160, 160, 45, 0, 0]]
[370, [144, 176, 176, 75, 0, 0]]
[371, [188, 192, 192, 75, 0, 0]]
[372, [188, 208, 208, 75, 0, 0]]
[373, [192, 224, 224, 75, 0, 0]]
[374, [236, 240, 240, 75, 0, 0]]
[375, [236, 256, 256, 90, 0, 0]]
[376, [240, 272, 272, 90, 0, 0]]
[377, [284, 288, 288, 90, 0, 0]]
[378, [284, 304, 304, 90, 0, 0]]
[379, [288, 320, 320, 285, 0, 0]]
[380, [332, 336, 336, 171, 144, 0]]
[381, [192, 212, 212, 27, 147, 1]]
[382, [54, 86, 86, 42, 6, 0]]
[383, [92, 96, 96, 72, 0, 0]]
[384, [92, 112, 112, 72, 0, 0]]
[385, [96, 128, 128, 87, 0, 0]]
[386, [140, 144, 144, 87, 0, 0]]
[387, [140, 160, 160, 87, 0, 0]]
[388, [144, 176, 176, 87, 0, 0]]
[389, [188, 192, 192, 87, 0, 0]]
[390, [188, 208, 208, 117, 0, 0]]
[391, [192, 224, 224, 117, 0, 0]]
[392, [236, 240, 240, 117, 0, 0]]
[393, [236, 256, 256, 117, 0, 0]]
[394, [240, 272, 272, 117, 0, 0]]
[395, [284, 288, 288, 132, 0, 0]]
[396, [284, 304, 304, 132, 0, 0]]
[397, [288, 320, 320, 132, 0, 0]]
[398, [332, 336, 336, 132, 0, 0]]
[399, [332, 352, 352, 312, 0, 0]]
[400, [336, 368, 368, 54, 288, 0]]
[401, [240, 244, 244, 54, 147, 1]]
[402, [98, 118, 118, 69, 6, 0]]
[403, [96, 128, 128, 99, 0, 0]]
[404, [140, 144, 144, 99, 0, 0]]
[405, [140, 160, 160, 114, 0, 0]]
[406, [144, 176, 176, 114, 0, 0]]
[407, [188, 192, 192, 114, 0, 0]]
[408, [188, 208, 208, 129, 0, 0]]
[409, [192, 224, 224, 129, 0, 0]]
[410, [236, 240, 240, 159, 0, 0]]
[411, [236, 256, 256, 15, 144, 0]]
[412, [100, 132, 132, 15, 3, 1]]
[413, [140, 144, 144, 15, 0, 0]]
[414, [140, 160, 160, 15, 0, 0]]
[415, [144, 176, 176, 30, 0, 0]]
[416, [188, 192, 192, 30, 0, 0]]
[417, [188, 208, 208, 30, 0, 0]]
[418, [192, 224, 224, 30, 0, 0]]
[419, [236, 240, 240, 210, 0, 0]]
[420, [236, 256, 256, 96, 144, 0]]
[421, [100, 132, 132, 96, 3, 1]]
[422, [140, 144, 144, 111, 0, 0]]
[423, [140, 160, 160, 141, 0, 0]]
[424, [144, 176, 176, 141, 0, 0]]
[425, [188, 192, 192, 156, 0, 0]]
[426, [188, 208, 208, 12, 144, 0]]
[427, [154, 186, 186, 12, 3, 103]]
[428, [106, 110, 110, 27, 0, 14]]
[429, [100, 120, 120, 27, 0, 8]]
[430, [98, 130, 130, 57, 0, 2]]
[431, [142, 146, 146, 57, 0, 2]]
[432, [142, 162, 162, 57, 0, 2]]
[433, [146, 178, 178, 57, 0, 2]]
[434, [188, 192, 192, 57, 0, 0]]
[435, [188, 208, 208, 72, 0, 0]]
[436, [192, 224, 224, 72, 0, 0]]
[437, [236, 240, 240, 72, 0, 0]]
[438, [236, 256, 256, 72, 0, 0]]
[439, [240, 272, 272, 237, 0, 0]]
[440, [284, 288, 288, 123, 144, 0]]
[441, [144, 164, 164, 123, 3, 1]]
[442, [144, 176, 176, 138, 0, 0]]
[443, [188, 192, 192, 153, 0, 0]]
[444, [188, 208, 208, 9, 144, 0]]
[445, [182, 214, 214, 24, 3, 131]]
[446, [222, 226, 226, 39, 0, 130]]
[447, [218, 238, 238, 39, 0, 126]]
[448, [96, 128, 128, 54, 0, 0]]
[449, [140, 144, 144, 54, 0, 0]]
[450, [140, 160, 160, 84, 0, 0]]
[451, [144, 176, 176, 84, 0, 0]]
[452, [188, 192, 192, 84, 0, 0]]
[453, [188, 208, 208, 84, 0, 0]]
[454, [192, 224, 224, 84, 0, 0]]
[455, [236, 240, 240, 114, 0, 0]]
[456, [236, 256, 256, 114, 0, 0]]
[457, [240, 272, 272, 114, 0, 0]]
[458, [284, 288, 288, 114, 0, 0]]
[459, [284, 304, 304, 279, 0, 0]]
[460, [288, 320, 320, 165, 144, 0]]
[461, [192, 196, 196, 21, 147, 1]]
[462, [66, 86, 86, 36, 6, 16]]
[463, [60, 92, 92, 51, 0, 12]]
[464, [92, 96, 96, 51, 0, 0]]
[465, [92, 112, 112, 66, 0, 0]]
[466, [96, 128, 128, 81, 0, 0]]
[467, [140, 144, 144, 81, 0, 0]]
[468, [140, 160, 160, 96, 0, 0]]
[469, [144, 176, 176, 96, 0, 0]]
[470, [188, 192, 192, 126, 0, 0]]
[471, [188, 208, 208, 126, 0, 0]]
[472, [192, 224, 224, 126, 0, 0]]
[473, [236, 240, 240, 126, 0, 0]]
[474, [236, 256, 256, 126, 0, 0]]
[475, [240, 272, 272, 156, 0, 0]]
[476, [284, 288, 288, 12, 144, 0]]
[477, [144, 164, 164, 12, 3, 1]]
[478, [144, 176, 176, 12, 0, 0]]
[479, [188, 192, 192, 177, 0, 0]]
[480, [188, 208, 208, 63, 144, 0]]
[481, [52, 84, 84, 63, 3, 1]]
[482, [92, 96, 96, 78, 0, 0]]
[483, [92, 112, 112, 93, 0, 0]]
[484, [96, 128, 128, 93, 0, 0]]
[485, [140, 144, 144, 108, 0, 0]]
[486, [140, 160, 160, 123, 0, 0]]
[487, [144, 176, 176, 123, 0, 0]]
[488, [188, 192, 192, 138, 0, 0]]
[489, [188, 208, 208, 138, 0, 0]]
[490, [192, 224, 224, 168, 0, 0]]
[491, [236, 240, 240, 24, 144, 0]]
[492, [96, 116, 116, 24, 3, 1]]
[493, [96, 128, 128, 24, 0, 0]]
[494, [140, 144, 144, 24, 0, 0]]
[495, [140, 160, 160, 54, 0, 0]]
[496, [144, 176, 176, 54, 0, 0]]
[497, [188, 192, 192, 54, 0, 0]]
[498, [188, 208, 208, 54, 0, 0]]
[499, [192, 224, 224, 219, 0, 0]]
[500, [236, 240, 240, 105, 144, 0]]
[501, [96, 116, 116, 105, 3, 1]]
[502, [96, 128, 128, 120, 0, 0]]
[503, [140, 144, 144, 135, 0, 0]]
[504, [140, 160, 160, 135, 0, 0]]
[505, [144, 176, 176, 150, 0, 0]]
[506, [188, 192, 192, 21, 144, 0]]
[507, [48, 68, 68, 21, 3, 1]]
[508, [48, 80, 80, 21, 0, 0]]
[509, [92, 96, 96, 21, 0, 0]]
[510, [92, 112, 112, 51, 0, 0]]
[511, [96, 128, 128, 66, 0, 0]]
[512, [140, 144, 144, 66, 0, 0]]
[513, [140, 160, 160, 66, 0, 0]]
[514, [144, 176, 176, 66, 0, 0]]
[515, [188, 192, 192, 96, 0, 0]]
[516, [188, 208, 208, 96, 0, 0]]
[517, [192, 224, 224, 96, 0, 0]]
[518, [236, 240, 240, 96, 0, 0]]
[519, [236, 256, 256, 231, 0, 0]]
[520, [240, 272, 272, 132, 144, 0]]
[521, [144, 148, 148, 132, 3, 1]]
[522, [140, 160, 160, 147, 0, 0]]
[523, [144, 176, 176, 18, 144, 0]]
[524, [48, 52, 52, 18, 3, 1]]
[525, [44, 64, 64, 33, 0, 0]]
[526, [48, 80, 80, 48, 0, 0]]
[527, [92, 96, 96, 48, 0, 0]]
[528, [92, 112, 112, 48, 0, 0]]
[529, [96, 128, 128, 48, 0, 0]]
[530, [140, 144, 144, 78, 0, 0]]
[531, [140, 160, 160, 93, 0, 0]]
[532, [144, 176, 176, 93, 0, 0]]
[533, [188, 192, 192, 93, 0, 0]]
[534, [188, 208, 208, 108, 0, 0]]
[535, [192, 224, 224, 138, 0, 0]]
[536, [236, 240, 240, 138, 0, 0]]
[537, [236, 256, 256, 138, 0, 0]]
[538, [240, 272, 272, 138, 0, 0]]
[539, [284, 288, 288, 273, 0, 0]]
[540, [284, 304, 304, 174, 144, 0]]
[541, [148, 180, 180, 30, 147, 1]]
[542, [50, 54, 54, 45, 6, 0]]
[543, [44, 64, 64, 60, 0, 0]]
[544, [48, 80, 80, 60, 0, 0]]
[545, [92, 96, 96, 75, 0, 0]]
[546, [92, 112, 112, 90, 0, 0]]
[547, [96, 128, 128, 90, 0, 0]]
[548, [140, 144, 144, 90, 0, 0]]
[549, [140, 160, 160, 90, 0, 0]]
[550, [144, 176, 176, 120, 0, 0]]
[551, [188, 192, 192, 135, 0, 0]]
[552, [188, 208, 208, 135, 0, 0]]
[553, [192, 224, 224, 135, 0, 0]]
[554, [236, 240, 240, 150, 0, 0]]
[555, [236, 256, 256, 36, 144, 0]]
[556, [100, 132, 132, 36, 3, 1]]
[557, [140, 144, 144, 36, 0, 0]]
[558, [140, 160, 160, 36, 0, 0]]
[559, [144, 176, 176, 171, 0, 0]]
[560, [188, 192, 192, 72, 144, 0]]
[561, [96, 116, 116, 72, 3, 49]]
[562, [98, 130, 130, 87, 0, 50]]
[563, [92, 96, 96, 102, 0, 0]]
[564, [92, 112, 112, 102, 0, 0]]
[565, [96, 128, 128, 117, 0, 0]]
[566, [140, 144, 144, 132, 0, 0]]
[567, [140, 160, 160, 132, 0, 0]]
[568, [144, 176, 176, 132, 0, 0]]
[569, [188, 192, 192, 132, 0, 0]]
[570, [188, 208, 208, 162, 0, 0]]
[571, [192, 224, 224, 33, 144, 0]]
[572, [96, 100, 100, 33, 3, 1]]
[573, [92, 112, 112, 33, 0, 0]]
[574, [96, 128, 128, 48, 0, 0]]
[575, [140, 144, 144, 78, 0, 0]]
[576, [140, 160, 160, 78, 0, 0]]
[577, [144, 176, 176, 78, 0, 0]]
[578, [188, 192, 192, 78, 0, 0]]
[579, [188, 208, 208, 213, 0, 0]]
[580, [192, 224, 224, 114, 144, 0]]
[581, [96, 100, 100, 114, 3, 1]]
[582, [92, 112, 112, 129, 0, 0]]
[583, [96, 128, 128, 144, 0, 0]]
[584, [140, 144, 144, 0, 144, 0]]
[585, [104, 124, 124, 15, 3, 105]]
[586, [106, 138, 138, 30, 0, 106]]
[587, [144, 148, 148, 30, 0, 100]]
[588, [44, 64, 64, 30, 0, 0]]
[589, [48, 80, 80, 30, 0, 0]]
[590, [92, 96, 96, 60, 0, 0]]
[591, [92, 112, 112, 75, 0, 0]]
[592, [96, 128, 128, 75, 0, 0]]
[593, [140, 144, 144, 75, 0, 0]]
[594, [140, 160, 160, 90, 0, 0]]
[595, [144, 176, 176, 105, 0, 0]]
[596, [188, 192, 192, 105, 0, 0]]
[597, [188, 208, 208, 105, 0, 0]]
[598, [192, 224, 224, 105, 0, 0]]
[599, [236, 240, 240, 210, 0, 0]]
[600, [236, 256, 256, 111, 144, 0]]
[601, [100, 132, 132, 111, 3, 1]]
[602, [140, 144, 144, 126, 0, 0]]
[603, [140, 160, 160, 141, 0, 0]]
[604, [144, 176, 176, 141, 0, 0]]
[605, [188, 192, 192, 156, 0, 0]]
[606, [188, 208, 208, 27, 144, 0]]
[607, [98, 130, 130, 27, 3, 47]]
[608, [92, 96, 96, 27, 0, 0]]
[609, [92, 112, 112, 27, 0, 0]]
[610, [96, 128, 128, 72, 0, 0]]
[611, [140, 144, 144, 87, 0, 0]]
[612, [140, 160, 160, 87, 0, 0]]
[613, [144, 176, 176, 102, 0, 0]]
[614, [188, 192, 192, 117, 0, 0]]
[615, [188, 208, 208, 132, 0, 0]]
[616, [192, 224, 224, 132, 0, 0]]
[617, [236, 240, 240, 132, 0, 0]]
[618, [236, 256, 256, 132, 0, 0]]
[619, [240, 272, 272, 237, 0, 0]]
[620, [284, 288, 288, 138, 144, 0]]
[621, [144, 164, 164, 138, 3, 1]]
[622, [144, 176, 176, 168, 0, 0]]
[623, [188, 192, 192, 39, 144, 0]]
[624, [48, 68, 68, 39, 3, 1]]
[625, [48, 80, 80, 54, 0, 0]]
[626, [92, 96, 96, 69, 0, 0]]
[627, [92, 112, 112, 69, 0, 0]]
[628, [96, 128, 128, 69, 0, 0]]
[629, [140, 144, 144, 69, 0, 0]]
[630, [140, 160, 160, 114, 0, 0]]
[631, [144, 176, 176, 129, 0, 0]]
[632, [188, 192, 192, 129, 0, 0]]
[633, [188, 208, 208, 144, 0, 0]]
[634, [192, 224, 224, 15, 144, 0]]
[635, [96, 100, 100, 30, 3, 1]]
[636, [92, 112, 112, 30, 0, 0]]
[637, [96, 128, 128, 30, 0, 0]]
[638, [140, 144, 144, 30, 0, 0]]
[639, [140, 160, 160, 135, 0, 0]]
[640, [144, 176, 176, 180, 0, 0]]
[641, [188, 192, 192, 36, 144, 0]]
[642, [48, 68, 68, 66, 3, 1]]
[643, [48, 80, 80, 81, 0, 0]]
[644, [92, 96, 96, 81, 0, 0]]
[645, [92, 112, 112, 96, 0, 0]]
[646, [96, 128, 128, 111, 0, 0]]
[647, [140, 144, 144, 111, 0, 0]]
[648, [140, 160, 160, 111, 0, 0]]
[649, [144, 176, 176, 111, 0, 0]]
[650, [188, 192, 192, 156, 0, 0]]
[651, [188, 208, 208, 12, 144, 0]]
[652, [52, 84, 84, 12, 3, 1]]
[653, [92, 96, 96, 27, 0, 0]]
[654, [92, 112, 112, 42, 0, 0]]
[655, [96, 128, 128, 57, 0, 0]]
[656, [140, 144, 144, 57, 0, 0]]
[657, [140, 160, 160, 57, 0, 0]]
[658, [144, 176, 176, 57, 0, 0]]
[659, [188, 192, 192, 147, 0, 0]]
[660, [188, 208, 208, 63, 144, 0]]
[661, [52, 84, 84, 78, 3, 1]]
[662, [92, 96, 96, 108, 0, 0]]
[663, [92, 112, 112, 123, 0, 0]]
[664, [96, 128, 128, 123, 0, 0]]
[665, [140, 144, 144, 138, 0, 0]]
[666, [140, 160, 160, 153, 0, 0]]
[667, [144, 176, 176, 9, 144, 0]]
[668, [48, 52, 52, 9, 3, 1]]
[669, [44, 64, 64, 9, 0, 0]]
[670, [48, 80, 80, 54, 0, 0]]
[671, [92, 96, 96, 54, 0, 0]]
[672, [92, 112, 112, 54, 0, 0]]
[673, [96, 128, 128, 69, 0, 0]]
[674, [140, 144, 144, 84, 0, 0]]
[675, [140, 160, 160, 99, 0, 0]]
[676, [144, 176, 176, 99, 0, 0]]
[677, [188, 192, 192, 99, 0, 0]]
[678, [188, 208, 208, 99, 0, 0]]
[679, [192, 224, 224, 189, 0, 0]]
[680, [236, 240, 240, 105, 144, 0]]
[681, [96, 116, 116, 120, 3, 1]]
[682, [96, 128, 128, 150, 0, 0]]
[683, [140, 144, 144, 21, 144, 0]]
[684, [0, 20, 20, 21, 3, 1]]
[685, [0, 32, 32, 36, 0, 0]]
[686, [44, 48, 48, 51, 0, 0]]
[687, [44, 64, 64, 51, 0, 0]]
[688, [48, 80, 80, 51, 0, 0]]
[689, [92, 96, 96, 51, 0, 0]]
[690, [92, 112, 112, 96, 0, 0]]
[691, [96, 128, 128, 96, 0, 0]]
[692, [140, 144, 144, 96, 0, 0]]
[693, [140, 160, 160, 111, 0, 0]]
[694, [144, 176, 176, 126, 0, 0]]
[695, [188, 192, 192, 141, 0, 0]]
[696, [188, 208, 208, 141, 0, 0]]
[697, [192, 224, 224, 141, 0, 0]]
[698, [236, 240, 240, 141, 0, 0]]
[699, [236, 256, 256, 231, 0, 0]]
[700, [240, 272, 272, 147, 144, 0]]
[701, [144, 148, 148, 18, 147, 1]]
[702, [2, 22, 22, 48, 6, 0]]
[703, [0, 32, 32, 63, 0, 0]]
[704, [44, 48, 48, 63, 0, 0]]
[705, [44, 64, 64, 78, 0, 0]]
[706, [48, 80, 80, 93, 0, 0]]
[707, [92, 96, 96, 93, 0, 0]]
[708, [92, 112, 112, 93, 0, 0]]
[709, [96, 128, 128, 93, 0, 0]]
[710, [140, 144, 144, 138, 0, 0]]
[711, [140, 160, 160, 138, 0, 0]]
[712, [144, 176, 176, 138, 0, 0]]
[713, [188, 192, 192, 153, 0, 0]]
[714, [188, 208, 208, 24, 144, 0]]
[715, [52, 84, 84, 39, 3, 1]]
[716, [92, 96, 96, 39, 0, 0]]
[717, [92, 112, 112, 39, 0, 0]]
[718, [96, 128, 128, 39, 0, 0]]
[719, [140, 144, 144, 129, 0, 0]]
[720, [140, 160, 160, 189, 0, 0]]
[721, [144, 176, 176, 60, 144, 0]]
[722, [48, 52, 52, 90, 3, 1]]
[723, [44, 64, 64, 105, 0, 0]]
[724, [48, 80, 80, 105, 0, 0]]
[725, [92, 96, 96, 120, 0, 0]]
[726, [92, 112, 112, 135, 0, 0]]
[727, [96, 128, 128, 135, 0, 0]]
[728, [140, 144, 144, 135, 0, 0]]
[729, [140, 160, 160, 135, 0, 0]]
[730, [144, 176, 176, 165, 0, 0]]
[731, [188, 192, 192, 21, 144, 0]]
[732, [48, 68, 68, 21, 3, 1]]
[733, [48, 80, 80, 36, 0, 0]]
[734, [92, 96, 96, 51, 0, 0]]
[735, [92, 112, 112, 66, 0, 0]]
[736, [96, 128, 128, 66, 0, 0]]
[737, [140, 144, 144, 66, 0, 0]]
[738, [140, 160, 160, 66, 0, 0]]
[739, [144, 176, 176, 156, 0, 0]]
[740, [188, 192, 192, 72, 144, 0]]
[741, [48, 68, 68, 87, 3, 1]]
[742, [48, 80, 80, 117, 0, 0]]
[743, [92, 96, 96, 117, 0, 0]]
[744, [92, 112, 112, 117, 0, 0]]
[745, [96, 128, 128, 132, 0, 0]]
[746, [140, 144, 144, 147, 0, 0]]
[747, [140, 160, 160, 3, 144, 0]]
[748, [4, 36, 36, 3, 3, 1]]
[749, [44, 48, 48, 3, 0, 0]]
[750, [44, 64, 64, 33, 0, 0]]
[751, [48, 80, 80, 33, 0, 0]]
[752, [92, 96, 96, 33, 0, 0]]
[753, [92, 112, 112, 48, 0, 0]]
[754, [96, 128, 128, 63, 0, 0]]
[755, [140, 144, 144, 78, 0, 0]]
[756, [140, 160, 160, 78, 0, 0]]
[757, [144, 176, 176, 93, 0, 0]]
[758, [188, 192, 192, 93, 0, 0]]
[759, [188, 208, 208, 168, 0, 0]]
[760, [192, 224, 224, 84, 144, 0]]
[761, [96, 100, 100, 99, 3, 1]]
[762, [92, 112, 112, 144, 0, 0]]
[763, [96, 128, 128, 15, 144, 0]]
[764, [0, 4, 4, 15, 3, 1]]
[765, [0, 20, 20, 30, 0, 4]]
[766, [0, 32, 32, 45, 0, 0]]
[767, [44, 48, 48, 45, 0, 0]]
[768, [44, 64, 64, 45, 0, 0]]
[769, [48, 80, 80, 45, 0, 0]]
[770, [92, 96, 96, 75, 0, 0]]
[771, [92, 112, 112, 75, 0, 0]]
[772, [96, 128, 128, 75, 0, 0]]
[773, [140, 144, 144, 90, 0, 0]]
[774, [140, 160, 160, 105, 0, 0]]
[775, [144, 176, 176, 120, 0, 0]]
[776, [188, 192, 192, 120, 0, 0]]
[777, [188, 208, 208, 135, 0, 0]]
[778, [192, 224, 224, 135, 0, 0]]
[779, [236, 240, 240, 210, 0, 0]]
[780, [236, 256, 256, 126, 144, 0]]
[781, [100, 132, 132, 141, 3, 1]]
[782, [140, 144, 144, 186, 0, 0]]
[783, [140, 160, 160, 57, 144, 0]]
[784, [4, 36, 36, 57, 3, 1]]
[785, [44, 48, 48, 72, 0, 0]]
[786, [44, 64, 64, 87, 0, 0]]
[787, [48, 80, 80, 87, 0, 0]]
[788, [92, 96, 96, 87, 0, 0]]
[789, [92, 112, 112, 87, 0, 0]]
[790, [96, 128, 128, 117, 0, 0]]
[791, [140, 144, 144, 117, 0, 0]]
[792, [140, 160, 160, 117, 0, 0]]
[793, [144, 176, 176, 132, 0, 0]]
[794, [188, 192, 192, 147, 0, 0]]
[795, [188, 208, 208, 18, 144, 0]]
[796, [52, 84, 84, 18, 3, 1]]
[797, [92, 96, 96, 33, 0, 0]]
[798, [92, 112, 112, 33, 0, 0]]
[799, [96, 128, 128, 108, 0, 0]]
[800, [140, 144, 144, 168, 0, 0]]
[801, [140, 160, 160, 39, 144, 0]]
[802, [4, 36, 36, 84, 3, 1]]
[803, [44, 48, 48, 99, 0, 0]]
[804, [44, 64, 64, 99, 0, 0]]
[805, [48, 80, 80, 114, 0, 0]]
[806, [92, 96, 96, 129, 0, 0]]
[807, [92, 112, 112, 129, 0, 0]]
[808, [96, 128, 128, 129, 0, 0]]
[809, [140, 144, 144, 129, 0, 0]]
[810, [140, 160, 160, 159, 0, 0]]
[811, [144, 176, 176, 15, 144, 0]]
[812, [48, 52, 52, 15, 3, 1]]
[813, [44, 64, 64, 30, 0, 0]]
[814, [48, 80, 80, 45, 0, 0]]
[815, [92, 96, 96, 60, 0, 0]]
[816, [92, 112, 112, 60, 0, 0]]
[817, [96, 128, 128, 75, 0, 0]]
[818, [140, 144, 144, 75, 0, 0]]
[819, [140, 160, 160, 135, 0, 0]]
[820, [144, 176, 176, 195, 0, 0]]
[821, [188, 192, 192, 81, 144, 0]]
[822, [48, 68, 68, 126, 3, 1]]
[823, [48, 80, 80, 141, 0, 0]]
[824, [92, 96, 96, 141, 0, 0]]
[825, [92, 112, 112, 156, 0, 0]]
[826, [96, 128, 128, 27, 144, 0]]
[827, [0, 4, 4, 27, 3, 1]]
[828, [0, 20, 20, 27, 0, 4]]
[829, [0, 32, 32, 27, 0, 0]]
[830, [44, 48, 48, 57, 0, 0]]
[831, [44, 64, 64, 57, 0, 0]]
[832, [48, 80, 80, 57, 0, 0]]
[833, [92, 96, 96, 72, 0, 0]]
[834, [92, 112, 112, 87, 0, 0]]
[835, [96, 128, 128, 102, 0, 0]]
[836, [140, 144, 144, 102, 0, 0]]
[837, [140, 160, 160, 117, 0, 0]]
[838, [144, 176, 176, 117, 0, 0]]
[839, [188, 192, 192, 177, 0, 0]]
[840, [188, 208, 208, 93, 144, 0]]
[841, [52, 84, 84, 123, 3, 1]]
[842, [92, 96, 96, 168, 0, 0]]
[843, [92, 112, 112, 39, 144, 0]]
[844, [0, 32, 32, 39, 3, 45]]
[845, [0, 4, 4, 54, 0, 4]]
[846, [0, 20, 20, 69, 0, 4]]
[847, [0, 32, 32, 69, 0, 0]]
[848, [44, 48, 48, 69, 0, 0]]
[849, [44, 64, 64, 69, 0, 0]]
[850, [48, 80, 80, 99, 0, 0]]
[851, [92, 96, 96, 99, 0, 0]]
[852, [92, 112, 112, 99, 0, 0]]
[853, [96, 128, 128, 114, 0, 0]]
[854, [140, 144, 144, 129, 0, 0]]
[855, [140, 160, 160, 144, 0, 0]]
[856, [144, 176, 176, 0, 144, 0]]
[857, [48, 52, 52, 0, 3, 1]]
[858, [44, 64, 64, 0, 0, 0]]
[859, [48, 80, 80, 60, 0, 0]]
[860, [92, 96, 96, 120, 0, 0]]
[861, [92, 112, 112, 150, 0, 0]]
[862, [96, 128, 128, 51, 144, 0]]
[863, [0, 4, 4, 66, 3, 1]]
[864, [0, 20, 20, 66, 0, 4]]
[865, [0, 32, 32, 81, 0, 0]]
[866, [44, 48, 48, 96, 0, 0]]
[867, [44, 64, 64, 96, 0, 0]]
[868, [48, 80, 80, 96, 0, 0]]
[869, [92, 96, 96, 96, 0, 0]]
[870, [92, 112, 112, 126, 0, 0]]
[871, [96, 128, 128, 126, 0, 0]]
[872, [140, 144, 144, 126, 0, 0]]
[873, [140, 160, 160, 141, 0, 0]]
[874, [144, 176, 176, 171, 0, 0]]
[875, [188, 192, 192, 42, 144, 0]]
[876, [48, 68, 68, 42, 3, 1]]
[877, [48, 80, 80, 42, 0, 0]]
[878, [92, 96, 96, 42, 0, 0]]
[879, [92, 112, 112, 87, 0, 0]]
[880, [96, 128, 128, 147, 0, 0]]
[881, [140, 144, 144, 33, 144, 0]]
[882, [0, 20, 20, 93, 3, 1]]
[883, [0, 32, 32, 108, 0, 0]]
[884, [44, 48, 48, 108, 0, 0]]
[885, [44, 64, 64, 123, 0, 0]]
[886, [48, 80, 80, 138, 0, 0]]
[887, [92, 96, 96, 138, 0, 0]]
[888, [92, 112, 112, 138, 0, 0]]
[889, [96, 128, 128, 138, 0, 0]]
[890, [140, 144, 144, 168, 0, 0]]
[891, [140, 160, 160, 24, 144, 0]]
[892, [4, 36, 36, 24, 3, 1]]
[893, [44, 48, 48, 39, 0, 0]]
[894, [44, 64, 64, 69, 0, 0]]
[895, [48, 80, 80, 84, 0, 0]]
[896, [92, 96, 96, 84, 0, 0]]
[897, [92, 112, 112, 84, 0, 0]]
[898, [96, 128, 128, 84, 0, 0]]
[899, [140, 144, 144, 129, 0, 0]]
[900, [140, 160, 160, 174, 0, 0]]
[901, [144, 176, 176, 60, 144, 0]]
[902, [48, 52, 52, 105, 3, 1]]
[903, [44, 64, 64, 120, 0, 0]]
[904, [48, 80, 80, 120, 0, 0]]
[905, [92, 96, 96, 135, 0, 0]]
[906, [92, 112, 112, 165, 0, 0]]
[907, [96, 128, 128, 21, 144, 0]]
[908, [0, 4, 4, 21, 3, 1]]
[909, [0, 20, 20, 21, 0, 4]]
[910, [0, 32, 32, 51, 0, 0]]
[911, [44, 48, 48, 51, 0, 0]]
[912, [44, 64, 64, 51, 0, 0]]
[913, [48, 80, 80, 66, 0, 0]]
[914, [92, 96, 96, 96, 0, 0]]
[915, [92, 112, 112, 111, 0, 0]]
[916, [96, 128, 128, 111, 0, 0]]
[917, [140, 144, 144, 111, 0, 0]]
[918, [140, 160, 160, 111, 0, 0]]
[919, [144, 176, 176, 156, 0, 0]]
[920, [188, 192, 192, 57, 144, 0]]
[921, [48, 68, 68, 87, 3, 1]]
[922, [48, 80, 80, 132, 0, 0]]
[923, [92, 96, 96, 147, 0, 0]]
[924, [92, 112, 112, 3, 144, 0]]
[925, [0, 32, 32, 18, 3, 45]]
[926, [0, 4, 4, 48, 0, 4]]
[927, [0, 20, 20, 48, 0, 4]]
[928, [0, 32, 32, 48, 0, 0]]
[929, [44, 48, 48, 48, 0, 0]]
[930, [44, 64, 64, 78, 0, 0]]
[931, [48, 80, 80, 93, 0, 0]]
[932, [92, 96, 96, 93, 0, 0]]
[933, [92, 112, 112, 108, 0, 0]]
[934, [96, 128, 128, 123, 0, 0]]
[935, [140, 144, 144, 138, 0, 0]]
[936, [140, 160, 160, 138, 0, 0]]
[937, [144, 176, 176, 138, 0, 0]]
[938, [188, 192, 192, 138, 0, 0]]
[939, [188, 208, 208, 183, 0, 0]]
[940, [192, 224, 224, 84, 144, 0]]
[941, [96, 100, 100, 114, 3, 1]]
[942, [92, 112, 112, 159, 0, 0]]
[943, [96, 128, 128, 30, 144, 0]]
[944, [0, 4, 4, 30, 3, 1]]
[945, [0, 20, 20, 45, 0, 4]]
[946, [0, 32, 32, 90, 0, 0]]
[947, [44, 48, 48, 90, 0, 0]]
[948, [44, 64, 64, 90, 0, 0]]
[949, [48, 80, 80, 90, 0, 0]]
[950, [92, 96, 96, 120, 0, 0]]
[951, [92, 112, 112, 135, 0, 0]]
[952, [96, 128, 128, 135, 0, 0]]
[953, [140, 144, 144, 150, 0, 0]]
[954, [140, 160, 160, 21, 144, 0]]
[955, [4, 36, 36, 36, 3, 1]]
[956, [44, 48, 48, 36, 0, 0]]
[957, [44, 64, 64, 36, 0, 0]]
[958, [48, 80, 80, 36, 0, 0]]
[959, [92, 96, 96, 81, 0, 0]]
