SimulationV012.py[0, [0, 6, 6, 0, 0, 0]]
[1, [0, 12, 12, 0, 0, 0]]
[2, [20, 18, 18, 0, 0, 0]]
[3, [20, 24, 24, 0, 0, 0]]
[4, [20, 30, 30, 0, 0, 0]]
[5, [40, 36, 36, 0, 0, 0]]
[6, [40, 42, 42, 0, 0, 0]]
[7, [40, 48, 48, 0, 0, 0]]
[8, [60, 54, 54, 0, 0, 0]]
[9, [60, 60, 60, 0, 0, 0]]
[10, [60, 66, 66, 0, 0, 0]]
[11, [80, 72, 72, 0, 0, 0]]
[12, [80, 78, 78, 0, 0, 0]]
[13, [80, 84, 84, 0, 0, 0]]
[14, [100, 90, 90, 0, 0, 0]]
[15, [100, 96, 96, 0, 0, 0]]
[16, [100, 102, 102, 0, 0, 0]]
[17, [120, 108, 108, 0, 0, 0]]
[18, [120, 114, 114, 0, 0, 0]]
[19, [120, 120, 120, 120, 0, 0]]
[20, [140, 126, 126, 120, 0, 0]]
[21, [140, 132, 132, 120, 0, 0]]
[22, [140, 138, 138, 120, 0, 0]]
[23, [160, 144, 144, 120, 0, 0]]
[24, [160, 150, 150, 120, 0, 0]]
[25, [160, 156, 156, 120, 0, 0]]
[26, [180, 162, 162, 120, 0, 0]]
[27, [180, 168, 168, 120, 0, 0]]
[28, [180, 174, 174, 120, 0, 0]]
[29, [200, 180, 180, 120, 0, 0]]
[30, [200, 186, 186, 120, 0, 0]]
[31, [200, 192, 192, 120, 0, 0]]
[32, [220, 198, 198, 120, 0, 0]]
[33, [220, 204, 204, 120, 0, 0]]
[34, [220, 210, 210, 120, 0, 0]]
[35, [240, 216, 216, 120, 0, 0]]
[36, [240, 222, 222, 120, 0, 0]]
[37, [240, 228, 228, 120, 0, 0]]
[38, [260, 234, 234, 120, 0, 0]]
[39, [260, 240, 240, 240, 0, 0]]
[40, [260, 246, 246, 96, 144, 0]]
[41, [280, 252, 252, 96, 138, 6]]
[42, [270, 248, 248, 96, 132, 2]]
[43, [270, 254, 254, 96, 126, 8]]
[44, [280, 250, 250, 96, 120, 4]]
[45, [270, 246, 246, 96, 114, 0]]
[46, [270, 252, 252, 96, 108, 6]]
[47, [280, 248, 248, 96, 102, 2]]
[48, [280, 254, 254, 96, 96, 8]]
[49, [270, 250, 250, 96, 90, 4]]
[50, [280, 246, 246, 96, 84, 0]]
[51, [280, 252, 252, 96, 78, 6]]
[52, [270, 248, 248, 96, 72, 2]]
[53, [290, 254, 254, 96, 66, 8]]
[54, [280, 250, 250, 96, 60, 4]]
[55, [270, 246, 246, 96, 54, 0]]
[56, [290, 252, 252, 96, 48, 6]]
[57, [280, 248, 248, 96, 42, 2]]
[58, [280, 254, 254, 96, 36, 8]]
[59, [290, 250, 250, 201, 30, 4]]
[60, [280, 246, 246, 57, 168, 0]]
[61, [280, 252, 252, 57, 162, 6]]
[62, [290, 248, 248, 57, 156, 2]]
[63, [290, 254, 254, 57, 150, 8]]
[64, [280, 250, 250, 57, 144, 4]]
[65, [290, 246, 246, 57, 138, 0]]
[66, [290, 252, 252, 57, 132, 6]]
[67, [280, 248, 248, 57, 126, 2]]
[68, [300, 254, 254, 57, 120, 8]]
[69, [290, 250, 250, 57, 114, 4]]
[70, [280, 246, 246, 57, 108, 0]]
[71, [300, 252, 252, 57, 102, 6]]
[72, [290, 248, 248, 57, 96, 2]]
[73, [290, 254, 254, 57, 90, 8]]
[74, [300, 250, 250, 57, 84, 4]]
[75, [290, 246, 246, 57, 78, 0]]
[76, [290, 252, 252, 57, 72, 6]]
[77, [300, 248, 248, 57, 66, 2]]
[78, [300, 254, 254, 57, 60, 8]]
[79, [290, 250, 250, 147, 54, 4]]
[80, [300, 246, 246, 3, 192, 0]]
[81, [300, 252, 252, 3, 186, 6]]
[82, [290, 248, 248, 18, 180, 2]]
[83, [310, 254, 254, 18, 174, 8]]
[84, [300, 250, 250, 18, 168, 4]]
[85, [290, 246, 246, 18, 162, 0]]
[86, [310, 252, 252, 18, 156, 6]]
[87, [300, 248, 248, 18, 150, 2]]
[88, [300, 254, 254, 18, 144, 8]]
[89, [310, 250, 250, 18, 138, 4]]
[90, [300, 246, 246, 33, 132, 0]]
[91, [300, 252, 252, 33, 126, 6]]
[92, [310, 248, 248, 33, 120, 2]]
[93, [310, 254, 254, 33, 114, 8]]
[94, [300, 250, 250, 33, 108, 4]]
[95, [310, 246, 246, 33, 102, 0]]
[96, [310, 252, 252, 33, 96, 6]]
[97, [300, 248, 248, 33, 90, 2]]
[98, [320, 254, 254, 33, 84, 8]]
[99, [310, 250, 250, 123, 78, 4]]
[100, [300, 246, 246, 123, 72, 0]]
[101, [320, 252, 252, 123, 66, 6]]
[102, [310, 248, 248, 138, 60, 2]]
[103, [310, 254, 254, 138, 54, 8]]
[104, [320, 250, 250, 138, 48, 4]]
[105, [310, 246, 246, 138, 42, 0]]
[106, [310, 252, 252, 138, 36, 6]]
[107, [320, 248, 248, 138, 30, 2]]
[108, [320, 254, 254, 138, 24, 8]]
[109, [310, 250, 250, 138, 18, 4]]
[110, [320, 246, 246, 153, 12, 0]]
[111, [320, 252, 252, 9, 150, 6]]
[112, [310, 248, 248, 9, 144, 2]]
[113, [330, 254, 254, 9, 138, 8]]
[114, [320, 250, 250, 9, 132, 4]]
[115, [320, 256, 256, 9, 126, 10]]
[116, [340, 262, 262, 9, 120, 16]]
[117, [340, 268, 268, 9, 114, 22]]
[118, [330, 264, 264, 9, 108, 18]]
[119, [350, 270, 270, 99, 102, 24]]
[120, [340, 266, 266, 99, 96, 20]]
[121, [340, 272, 272, 99, 90, 26]]
[122, [360, 278, 278, 114, 84, 32]]
[123, [360, 284, 284, 114, 78, 38]]
[124, [360, 290, 290, 114, 72, 44]]
[125, [380, 296, 296, 114, 66, 50]]
[126, [380, 302, 302, 114, 60, 56]]
[127, [370, 298, 298, 114, 54, 52]]
[128, [390, 304, 304, 114, 48, 58]]
[129, [390, 310, 310, 114, 42, 64]]
[130, [390, 316, 316, 129, 36, 70]]
[131, [410, 322, 322, 129, 30, 76]]
[132, [410, 328, 328, 129, 24, 82]]
[133, [410, 334, 334, 129, 18, 88]]
[134, [430, 340, 340, 129, 12, 94]]
[135, [430, 346, 346, 129, 6, 100]]
[136, [430, 352, 352, 129, 0, 106]]
[137, [450, 358, 358, 129, 0, 106]]
[138, [450, 364, 364, 129, 0, 106]]
[139, [450, 370, 370, 219, 0, 106]]
[140, [470, 376, 376, 75, 144, 106]]
[141, [460, 372, 372, 75, 138, 102]]
[142, [460, 378, 378, 90, 132, 108]]
[143, [480, 384, 384, 90, 126, 114]]
[144, [470, 380, 380, 90, 120, 110]]
[145, [470, 386, 386, 90, 114, 116]]
[146, [480, 382, 382, 90, 108, 112]]
[147, [480, 388, 388, 90, 102, 118]]
[148, [480, 394, 394, 90, 96, 124]]
[149, [500, 400, 400, 90, 90, 130]]
[150, [500, 406, 406, 105, 84, 136]]
[151, [490, 402, 402, 105, 78, 132]]
[152, [500, 398, 398, 105, 72, 128]]
[153, [500, 404, 404, 105, 66, 134]]
[154, [490, 400, 400, 105, 60, 130]]
[155, [510, 406, 406, 105, 54, 136]]
[156, [510, 412, 412, 105, 48, 142]]
[157, [500, 408, 408, 105, 42, 138]]
[158, [520, 414, 414, 105, 36, 144]]
[159, [500, 400, 400, 195, 30, 130]]
[160, [500, 406, 406, 51, 168, 136]]
[161, [510, 402, 402, 51, 162, 132]]
[162, [500, 398, 398, 66, 156, 128]]
[163, [500, 404, 404, 66, 150, 134]]
[164, [510, 400, 400, 66, 144, 130]]
[165, [500, 396, 396, 66, 138, 126]]
[166, [500, 402, 402, 66, 132, 132]]
[167, [510, 398, 398, 66, 126, 128]]
[168, [510, 404, 404, 66, 120, 134]]
[169, [500, 400, 400, 66, 114, 130]]
[170, [510, 396, 396, 81, 108, 126]]
[171, [510, 402, 402, 81, 102, 132]]
[172, [500, 398, 398, 81, 96, 128]]
[173, [520, 404, 404, 81, 90, 134]]
[174, [510, 400, 400, 81, 84, 130]]
[175, [500, 396, 396, 81, 78, 126]]
[176, [520, 402, 402, 81, 72, 132]]
[177, [500, 388, 388, 81, 66, 118]]
[178, [500, 394, 394, 81, 60, 124]]
[179, [510, 390, 390, 171, 54, 120]]
[180, [500, 386, 386, 27, 192, 116]]
[181, [500, 392, 392, 27, 186, 122]]
[182, [510, 388, 388, 42, 180, 118]]
[183, [500, 384, 384, 42, 174, 114]]
[184, [500, 390, 390, 42, 168, 120]]
[185, [510, 386, 386, 42, 162, 116]]
[186, [510, 392, 392, 42, 156, 122]]
[187, [500, 388, 388, 42, 150, 118]]
[188, [510, 384, 384, 42, 144, 114]]
[189, [510, 390, 390, 42, 138, 120]]
[190, [500, 386, 386, 57, 132, 116]]
[191, [520, 392, 392, 57, 126, 122]]
[192, [510, 388, 388, 57, 120, 118]]
[193, [500, 384, 384, 57, 114, 114]]
[194, [520, 390, 390, 57, 108, 120]]
[195, [500, 376, 376, 57, 102, 106]]
[196, [500, 382, 382, 57, 96, 112]]
[197, [510, 378, 378, 57, 90, 108]]
[198, [500, 374, 374, 57, 84, 104]]
[199, [500, 380, 380, 147, 78, 110]]
[200, [510, 376, 376, 3, 216, 106]]
[201, [500, 372, 372, 3, 210, 102]]
[202, [500, 378, 378, 18, 204, 108]]
[203, [510, 374, 374, 18, 198, 104]]
[204, [510, 380, 380, 18, 192, 110]]
[205, [500, 376, 376, 18, 186, 106]]
[206, [510, 372, 372, 18, 180, 102]]
[207, [510, 378, 378, 18, 174, 108]]
[208, [500, 374, 374, 18, 168, 104]]
[209, [520, 380, 380, 18, 162, 110]]
[210, [510, 376, 376, 33, 156, 106]]
[211, [500, 372, 372, 33, 150, 102]]
[212, [520, 378, 378, 33, 144, 108]]
[213, [500, 364, 364, 33, 138, 94]]
[214, [500, 370, 370, 33, 132, 100]]
[215, [510, 366, 366, 33, 126, 96]]
[216, [500, 362, 362, 33, 120, 92]]
[217, [500, 368, 368, 33, 114, 98]]
[218, [510, 364, 364, 33, 108, 94]]
[219, [500, 360, 360, 123, 102, 90]]
[220, [500, 366, 366, 123, 96, 96]]
[221, [510, 362, 362, 123, 90, 92]]
[222, [510, 368, 368, 138, 84, 98]]
[223, [500, 364, 364, 138, 78, 94]]
[224, [510, 360, 360, 138, 72, 90]]
[225, [510, 366, 366, 138, 66, 96]]
[226, [500, 362, 362, 138, 60, 92]]
[227, [520, 368, 368, 138, 54, 98]]
[228, [510, 364, 364, 138, 48, 94]]
[229, [500, 360, 360, 138, 42, 90]]
[230, [520, 366, 366, 153, 36, 96]]
[231, [500, 352, 352, 9, 174, 82]]
[232, [500, 358, 358, 9, 168, 88]]
[233, [510, 354, 354, 9, 162, 84]]
[234, [500, 350, 350, 9, 156, 80]]
[235, [500, 356, 356, 9, 150, 86]]
[236, [510, 352, 352, 9, 144, 82]]
[237, [500, 348, 348, 9, 138, 78]]
[238, [500, 354, 354, 9, 132, 84]]
[239, [510, 350, 350, 99, 126, 80]]
[240, [510, 356, 356, 99, 120, 86]]
[241, [500, 352, 352, 99, 114, 82]]
[242, [510, 348, 348, 114, 108, 78]]
[243, [510, 354, 354, 114, 102, 84]]
[244, [500, 350, 350, 114, 96, 80]]
[245, [520, 356, 356, 114, 90, 86]]
[246, [510, 352, 352, 114, 84, 82]]
[247, [500, 348, 348, 114, 78, 78]]
[248, [520, 354, 354, 114, 72, 84]]
[249, [500, 340, 340, 114, 66, 70]]
[250, [500, 346, 346, 129, 60, 76]]
[251, [510, 342, 342, 129, 54, 72]]
[252, [500, 338, 338, 129, 48, 68]]
[253, [500, 344, 344, 129, 42, 74]]
[254, [510, 340, 340, 129, 36, 70]]
[255, [500, 336, 336, 129, 30, 66]]
[256, [500, 342, 342, 129, 24, 72]]
[257, [510, 338, 338, 129, 18, 68]]
[258, [510, 344, 344, 129, 12, 74]]
[259, [500, 340, 340, 204, 6, 70]]
[260, [510, 336, 336, 60, 144, 66]]
[261, [510, 342, 342, 60, 138, 72]]
[262, [500, 338, 338, 90, 132, 68]]
[263, [520, 344, 344, 90, 126, 74]]
[264, [510, 340, 340, 90, 120, 70]]
[265, [510, 346, 346, 90, 114, 76]]
[266, [530, 352, 352, 90, 108, 82]]
[267, [530, 358, 358, 90, 102, 88]]
[268, [530, 364, 364, 90, 96, 94]]
[269, [550, 370, 370, 90, 90, 100]]
[270, [550, 376, 376, 105, 84, 106]]
[271, [550, 382, 382, 105, 78, 112]]
[272, [570, 388, 388, 105, 72, 118]]
[273, [560, 384, 384, 105, 66, 114]]
[274, [560, 390, 390, 105, 60, 120]]
[275, [570, 386, 386, 105, 54, 116]]
[276, [570, 392, 392, 105, 48, 122]]
[277, [570, 398, 398, 105, 42, 128]]
[278, [580, 394, 394, 105, 36, 124]]
[279, [580, 400, 400, 180, 30, 130]]
[280, [580, 406, 406, 36, 168, 136]]
[281, [600, 412, 412, 36, 162, 142]]
[282, [600, 418, 418, 66, 156, 148]]
[283, [600, 424, 424, 66, 150, 154]]
[284, [620, 430, 430, 66, 144, 160]]
[285, [620, 436, 436, 66, 138, 166]]
[286, [620, 442, 442, 66, 132, 172]]
[287, [640, 448, 448, 66, 126, 178]]
[288, [640, 454, 454, 66, 120, 184]]
[289, [640, 460, 460, 66, 114, 190]]
[290, [660, 466, 466, 81, 108, 196]]
[291, [660, 472, 472, 81, 102, 202]]
[292, [660, 478, 478, 81, 96, 208]]
[293, [670, 474, 474, 81, 90, 204]]
[294, [660, 470, 470, 81, 84, 200]]
[295, [660, 476, 476, 81, 78, 206]]
[296, [660, 462, 462, 81, 72, 192]]
[297, [660, 468, 468, 81, 66, 198]]
[298, [650, 464, 464, 81, 60, 194]]
[299, [660, 460, 460, 156, 54, 190]]
[300, [660, 466, 466, 12, 192, 196]]
[301, [650, 462, 462, 12, 186, 192]]
[302, [670, 468, 468, 42, 180, 198]]
[303, [670, 474, 474, 42, 174, 204]]
[304, [670, 480, 480, 42, 168, 210]]
[305, [690, 486, 486, 42, 162, 216]]
[306, [680, 482, 482, 42, 156, 212]]
[307, [680, 488, 488, 42, 150, 218]]
[308, [700, 494, 494, 42, 144, 224]]
[309, [690, 490, 490, 42, 138, 220]]
[310, [690, 496, 496, 57, 132, 226]]
[311, [700, 492, 492, 57, 126, 222]]
[312, [690, 488, 488, 57, 120, 218]]
[313, [690, 494, 494, 57, 114, 224]]
[314, [690, 480, 480, 57, 108, 210]]
[315, [690, 486, 486, 57, 102, 216]]
[316, [680, 482, 482, 57, 96, 212]]
[317, [690, 478, 478, 57, 90, 208]]
[318, [690, 484, 484, 57, 84, 214]]
[319, [680, 480, 480, 132, 78, 210]]
[320, [690, 476, 476, 132, 72, 206]]
[321, [690, 482, 482, 132, 66, 212]]
[322, [690, 488, 488, 162, 60, 218]]
[323, [710, 494, 494, 18, 198, 224]]
[324, [700, 490, 490, 18, 192, 220]]
[325, [690, 486, 486, 18, 186, 216]]
[326, [710, 492, 492, 18, 180, 222]]
[327, [700, 488, 488, 18, 174, 218]]
[328, [700, 494, 494, 18, 168, 224]]
[329, [710, 490, 490, 18, 162, 220]]
[330, [700, 486, 486, 33, 156, 216]]
[331, [700, 492, 492, 33, 150, 222]]
[332, [700, 478, 478, 33, 144, 208]]
[333, [700, 484, 484, 33, 138, 214]]
[334, [690, 480, 480, 33, 132, 210]]
[335, [700, 476, 476, 33, 126, 206]]
[336, [700, 482, 482, 33, 120, 212]]
[337, [690, 478, 478, 33, 114, 208]]
[338, [700, 474, 474, 33, 108, 204]]
[339, [700, 480, 480, 108, 102, 210]]
[340, [690, 476, 476, 108, 96, 206]]
[341, [710, 482, 482, 108, 90, 212]]
[342, [700, 478, 478, 138, 84, 208]]
[343, [690, 474, 474, 138, 78, 204]]
[344, [710, 480, 480, 138, 72, 210]]
[345, [700, 476, 476, 138, 66, 206]]
[346, [700, 482, 482, 138, 60, 212]]
[347, [710, 478, 478, 138, 54, 208]]
[348, [700, 474, 474, 138, 48, 204]]
[349, [700, 480, 480, 138, 42, 210]]
[350, [700, 466, 466, 153, 36, 196]]
[351, [700, 472, 472, 9, 174, 202]]
[352, [690, 468, 468, 9, 168, 198]]
[353, [700, 464, 464, 9, 162, 194]]
[354, [700, 470, 470, 9, 156, 200]]
[355, [690, 466, 466, 9, 150, 196]]
[356, [700, 462, 462, 9, 144, 192]]
[357, [700, 468, 468, 9, 138, 198]]
[358, [690, 464, 464, 9, 132, 194]]
[359, [710, 470, 470, 84, 126, 200]]
[360, [700, 466, 466, 84, 120, 196]]
[361, [690, 462, 462, 84, 114, 192]]
[362, [710, 468, 468, 114, 108, 198]]
[363, [700, 464, 464, 114, 102, 194]]
[364, [700, 470, 470, 114, 96, 200]]
[365, [710, 466, 466, 114, 90, 196]]
[366, [700, 462, 462, 114, 84, 192]]
[367, [700, 468, 468, 114, 78, 198]]
[368, [700, 454, 454, 114, 72, 184]]
[369, [700, 460, 460, 114, 66, 190]]
[370, [690, 456, 456, 129, 60, 186]]
[371, [700, 452, 452, 129, 54, 182]]
[372, [700, 458, 458, 129, 48, 188]]
[373, [690, 454, 454, 129, 42, 184]]
[374, [700, 450, 450, 129, 36, 180]]
[375, [700, 456, 456, 129, 30, 186]]
[376, [690, 452, 452, 129, 24, 182]]
[377, [710, 458, 458, 129, 18, 188]]
[378, [700, 454, 454, 129, 12, 184]]
[379, [690, 450, 450, 204, 6, 180]]
[380, [710, 456, 456, 60, 144, 186]]
[381, [700, 452, 452, 60, 138, 182]]
[382, [700, 458, 458, 90, 132, 188]]
[383, [710, 454, 454, 90, 126, 184]]
[384, [700, 450, 450, 90, 120, 180]]
[385, [700, 456, 456, 90, 114, 186]]
[386, [700, 442, 442, 90, 108, 172]]
[387, [700, 448, 448, 90, 102, 178]]
[388, [690, 444, 444, 90, 96, 174]]
[389, [700, 440, 440, 90, 90, 170]]
[390, [700, 446, 446, 105, 84, 176]]
[391, [690, 442, 442, 105, 78, 172]]
[392, [700, 438, 438, 105, 72, 168]]
[393, [700, 444, 444, 105, 66, 174]]
[394, [690, 440, 440, 105, 60, 170]]
[395, [710, 446, 446, 105, 54, 176]]
[396, [700, 442, 442, 105, 48, 172]]
[397, [690, 438, 438, 105, 42, 168]]
[398, [710, 444, 444, 105, 36, 174]]
[399, [700, 440, 440, 180, 30, 170]]
[400, [700, 446, 446, 36, 168, 176]]
[401, [710, 442, 442, 36, 162, 172]]
[402, [700, 438, 438, 66, 156, 168]]
[403, [700, 444, 444, 66, 150, 174]]
[404, [700, 430, 430, 66, 144, 160]]
[405, [700, 436, 436, 66, 138, 166]]
[406, [690, 432, 432, 66, 132, 162]]
[407, [710, 438, 438, 66, 126, 168]]
[408, [710, 444, 444, 66, 120, 174]]
[409, [700, 440, 440, 66, 114, 170]]
[410, [710, 436, 436, 81, 108, 166]]
[411, [710, 442, 442, 81, 102, 172]]
[412, [700, 438, 438, 81, 96, 168]]
[413, [720, 444, 444, 81, 90, 174]]
[414, [710, 440, 440, 81, 84, 170]]
[415, [700, 436, 436, 81, 78, 166]]
[416, [720, 442, 442, 81, 72, 172]]
[417, [710, 438, 438, 81, 66, 168]]
[418, [710, 444, 444, 81, 60, 174]]
[419, [730, 450, 450, 156, 54, 180]]
[420, [730, 456, 456, 12, 192, 186]]
[421, [730, 462, 462, 12, 186, 192]]
[422, [750, 468, 468, 42, 180, 198]]
[423, [750, 474, 474, 42, 174, 204]]
[424, [750, 480, 480, 42, 168, 210]]
[425, [770, 486, 486, 42, 162, 216]]
[426, [770, 492, 492, 42, 156, 222]]
[427, [770, 498, 498, 42, 150, 228]]
[428, [780, 494, 494, 42, 144, 224]]
[429, [780, 500, 500, 42, 138, 230]]
[430, [770, 496, 496, 57, 132, 226]]
[431, [790, 502, 502, 57, 126, 232]]
[432, [790, 508, 508, 57, 120, 238]]
[433, [790, 514, 514, 57, 114, 244]]
[434, [810, 520, 520, 57, 108, 250]]
[435, [810, 526, 526, 57, 102, 256]]
[436, [800, 522, 522, 57, 96, 252]]
[437, [820, 528, 528, 57, 90, 258]]
[438, [820, 534, 534, 57, 84, 264]]
[439, [820, 540, 540, 132, 78, 270]]
[440, [840, 546, 546, 132, 72, 276]]
[441, [840, 552, 552, 132, 66, 282]]
[442, [840, 558, 558, 162, 60, 288]]
[443, [860, 564, 564, 18, 198, 294]]
[444, [860, 570, 570, 18, 192, 300]]
[445, [860, 576, 576, 18, 186, 306]]
[446, [880, 582, 582, 18, 180, 312]]
[447, [880, 588, 588, 18, 174, 318]]
[448, [870, 584, 584, 18, 168, 314]]
[449, [880, 580, 580, 18, 162, 310]]
[450, [880, 586, 586, 33, 156, 316]]
[451, [860, 572, 572, 33, 150, 302]]
[452, [880, 578, 578, 33, 144, 308]]
[453, [870, 574, 574, 33, 138, 304]]
[454, [860, 570, 570, 33, 132, 300]]
[455, [880, 576, 576, 33, 126, 306]]
[456, [870, 572, 572, 33, 120, 302]]
[457, [870, 578, 578, 33, 114, 308]]
[458, [890, 584, 584, 33, 108, 314]]
[459, [890, 590, 590, 108, 102, 320]]
[460, [890, 596, 596, 108, 96, 326]]
[461, [900, 592, 592, 108, 90, 322]]
[462, [890, 588, 588, 138, 84, 318]]
[463, [890, 594, 594, 138, 78, 324]]
[464, [900, 590, 590, 138, 72, 320]]
[465, [900, 596, 596, 138, 66, 326]]
[466, [890, 592, 592, 138, 60, 322]]
[467, [900, 588, 588, 138, 54, 318]]
[468, [900, 594, 594, 138, 48, 324]]
[469, [880, 580, 580, 138, 42, 310]]
[470, [900, 586, 586, 153, 36, 316]]
[471, [890, 582, 582, 9, 174, 312]]
[472, [880, 578, 578, 9, 168, 308]]
[473, [900, 584, 584, 9, 162, 314]]
[474, [890, 580, 580, 9, 156, 310]]
[475, [880, 576, 576, 9, 150, 306]]
[476, [900, 582, 582, 9, 144, 312]]
[477, [890, 578, 578, 9, 138, 308]]
[478, [890, 584, 584, 9, 132, 314]]
[479, [900, 580, 580, 84, 126, 310]]
[480, [890, 576, 576, 84, 120, 306]]
[481, [890, 582, 582, 84, 114, 312]]
[482, [900, 578, 578, 114, 108, 308]]
[483, [900, 584, 584, 114, 102, 314]]
[484, [890, 580, 580, 114, 96, 310]]
[485, [900, 576, 576, 114, 90, 306]]
[486, [900, 582, 582, 114, 84, 312]]
[487, [880, 568, 568, 114, 78, 298]]
[488, [900, 574, 574, 114, 72, 304]]
[489, [890, 570, 570, 114, 66, 300]]
[490, [880, 566, 566, 129, 60, 296]]
[491, [900, 572, 572, 129, 54, 302]]
[492, [890, 568, 568, 129, 48, 298]]
[493, [880, 564, 564, 129, 42, 294]]
[494, [900, 570, 570, 129, 36, 300]]
[495, [890, 566, 566, 129, 30, 296]]
[496, [890, 572, 572, 129, 24, 302]]
[497, [900, 568, 568, 129, 18, 298]]
[498, [890, 564, 564, 129, 12, 294]]
[499, [890, 570, 570, 204, 6, 300]]
[500, [900, 566, 566, 60, 144, 296]]
[501, [900, 572, 572, 60, 138, 302]]
[502, [890, 568, 568, 75, 132, 298]]
[503, [900, 564, 564, 75, 126, 294]]
[504, [900, 570, 570, 75, 120, 300]]
[505, [880, 556, 556, 75, 114, 286]]
[506, [900, 562, 562, 75, 108, 292]]
[507, [890, 558, 558, 75, 102, 288]]
[508, [880, 554, 554, 75, 96, 284]]
[509, [900, 560, 560, 75, 90, 290]]
[510, [890, 556, 556, 90, 84, 286]]
[511, [880, 552, 552, 90, 78, 282]]
[512, [900, 558, 558, 90, 72, 288]]
[513, [890, 554, 554, 90, 66, 284]]
[514, [890, 560, 560, 90, 60, 290]]
[515, [900, 556, 556, 90, 54, 286]]
[516, [890, 552, 552, 90, 48, 282]]
[517, [890, 558, 558, 90, 42, 288]]
[518, [900, 554, 554, 90, 36, 284]]
[519, [900, 560, 560, 165, 30, 290]]
[520, [890, 556, 556, 21, 168, 286]]
[521, [900, 552, 552, 21, 162, 282]]
[522, [900, 558, 558, 36, 156, 288]]
[523, [880, 544, 544, 51, 150, 274]]
[524, [900, 550, 550, 51, 144, 280]]
[525, [890, 546, 546, 51, 138, 276]]
[526, [880, 542, 542, 51, 132, 272]]
[527, [900, 548, 548, 51, 126, 278]]
[528, [890, 544, 544, 51, 120, 274]]
[529, [880, 540, 540, 51, 114, 270]]
[530, [900, 546, 546, 66, 108, 276]]
[531, [890, 542, 542, 66, 102, 272]]
[532, [890, 548, 548, 66, 96, 278]]
[533, [900, 544, 544, 66, 90, 274]]
[534, [890, 540, 540, 66, 84, 270]]
[535, [890, 546, 546, 66, 78, 276]]
[536, [900, 542, 542, 66, 72, 272]]
[537, [900, 548, 548, 66, 66, 278]]
[538, [890, 544, 544, 66, 60, 274]]
[539, [900, 540, 540, 141, 54, 270]]
[540, [900, 546, 546, 141, 48, 276]]
[541, [880, 532, 532, 141, 42, 262]]
[542, [900, 538, 538, 156, 36, 268]]
[543, [890, 534, 534, 27, 174, 264]]
[544, [880, 530, 530, 27, 168, 260]]
[545, [900, 536, 536, 27, 162, 266]]
[546, [890, 532, 532, 27, 156, 262]]
[547, [880, 528, 528, 27, 150, 258]]
[548, [900, 534, 534, 27, 144, 264]]
[549, [890, 530, 530, 27, 138, 260]]
[550, [890, 536, 536, 42, 132, 266]]
[551, [900, 532, 532, 42, 126, 262]]
[552, [890, 528, 528, 42, 120, 258]]
[553, [890, 534, 534, 42, 114, 264]]
[554, [900, 530, 530, 42, 108, 260]]
[555, [900, 536, 536, 42, 102, 266]]
[556, [890, 532, 532, 42, 96, 262]]
[557, [910, 538, 538, 42, 90, 268]]
[558, [910, 544, 544, 42, 84, 274]]
[559, [910, 550, 550, 117, 78, 280]]
[560, [930, 556, 556, 117, 72, 286]]
[561, [920, 552, 552, 117, 66, 282]]
[562, [910, 548, 548, 132, 60, 278]]
[563, [930, 554, 554, 147, 54, 284]]
[564, [930, 560, 560, 3, 192, 290]]
[565, [920, 556, 556, 3, 186, 286]]
[566, [940, 562, 562, 3, 180, 292]]
[567, [930, 558, 558, 3, 174, 288]]
[568, [930, 564, 564, 3, 168, 294]]
[569, [940, 560, 560, 3, 162, 290]]
[570, [930, 556, 556, 18, 156, 286]]
[571, [930, 562, 562, 18, 150, 292]]
[572, [950, 568, 568, 18, 144, 298]]
[573, [950, 574, 574, 18, 138, 304]]
[574, [950, 580, 580, 18, 132, 310]]
[575, [970, 586, 586, 18, 126, 316]]
[576, [970, 592, 592, 18, 120, 322]]
[577, [970, 598, 598, 18, 114, 328]]
[578, [990, 604, 604, 18, 108, 334]]
[579, [990, 610, 610, 93, 102, 340]]
[580, [990, 616, 616, 93, 96, 346]]
[581, [1010, 622, 622, 93, 90, 352]]
[582, [1010, 628, 628, 108, 84, 358]]
[583, [1010, 634, 634, 123, 78, 364]]
[584, [1030, 640, 640, 123, 72, 370]]
[585, [1030, 646, 646, 123, 66, 376]]
[586, [1020, 642, 642, 123, 60, 372]]
[587, [1040, 648, 648, 123, 54, 378]]
[588, [1020, 634, 634, 123, 48, 364]]
[589, [1020, 640, 640, 123, 42, 370]]
[590, [1040, 646, 646, 138, 36, 376]]
[591, [1040, 652, 652, 138, 30, 382]]
[592, [1040, 658, 658, 138, 24, 388]]
[593, [1050, 654, 654, 138, 18, 384]]
[594, [1050, 660, 660, 138, 12, 390]]
[595, [1050, 666, 666, 138, 6, 396]]
[596, [1070, 672, 672, 138, 0, 402]]
[597, [1070, 678, 678, 138, 0, 402]]
[598, [1070, 684, 684, 138, 0, 402]]
[599, [1090, 690, 690, 198, 0, 402]]
[600, [1090, 696, 696, 54, 144, 402]]
[601, [1080, 692, 692, 54, 138, 398]]
[602, [1100, 698, 698, 69, 132, 404]]
[603, [1090, 694, 694, 84, 126, 400]]
[604, [1080, 690, 690, 84, 120, 396]]
[605, [1100, 696, 696, 99, 114, 402]]
[606, [1080, 682, 682, 99, 108, 388]]
[607, [1080, 688, 688, 99, 102, 394]]
[608, [1090, 684, 684, 99, 96, 390]]
[609, [1080, 680, 680, 99, 90, 386]]
[610, [1080, 686, 686, 114, 84, 392]]
[611, [1090, 682, 682, 114, 78, 388]]
[612, [1080, 678, 678, 114, 72, 384]]
[613, [1080, 684, 684, 114, 66, 390]]
[614, [1090, 680, 680, 114, 60, 386]]
[615, [1090, 686, 686, 114, 54, 392]]
[616, [1080, 682, 682, 114, 48, 388]]
[617, [1090, 678, 678, 114, 42, 384]]
[618, [1090, 684, 684, 114, 36, 390]]
[619, [1080, 680, 680, 159, 30, 386]]
[620, [1100, 686, 686, 15, 168, 392]]
[621, [1090, 682, 682, 15, 162, 388]]
[622, [1080, 678, 678, 30, 156, 384]]
[623, [1100, 684, 684, 45, 150, 390]]
[624, [1080, 670, 670, 45, 144, 376]]
[625, [1080, 676, 676, 60, 138, 382]]
[626, [1090, 672, 672, 60, 132, 378]]
[627, [1080, 668, 668, 60, 126, 374]]
[628, [1080, 674, 674, 60, 120, 380]]
[629, [1090, 670, 670, 60, 114, 376]]
[630, [1080, 666, 666, 75, 108, 372]]
[631, [1080, 672, 672, 75, 102, 378]]
[632, [1090, 668, 668, 75, 96, 374]]
[633, [1090, 674, 674, 75, 90, 380]]
[634, [1080, 670, 670, 75, 84, 376]]
[635, [1090, 666, 666, 75, 78, 372]]
[636, [1090, 672, 672, 75, 72, 378]]
[637, [1080, 668, 668, 75, 66, 374]]
[638, [1100, 674, 674, 75, 60, 380]]
[639, [1090, 670, 670, 120, 54, 376]]
[640, [1080, 666, 666, 120, 48, 372]]
[641, [1100, 672, 672, 120, 42, 378]]
[642, [1080, 658, 658, 135, 36, 364]]
[643, [1080, 664, 664, 150, 30, 370]]
[644, [1090, 660, 660, 6, 168, 366]]
[645, [1080, 656, 656, 21, 162, 362]]
[646, [1080, 662, 662, 21, 156, 368]]
[647, [1090, 658, 658, 21, 150, 364]]
[648, [1080, 654, 654, 36, 144, 360]]
[649, [1080, 660, 660, 36, 138, 366]]
[650, [1090, 656, 656, 51, 132, 362]]
[651, [1090, 662, 662, 51, 126, 368]]
[652, [1080, 658, 658, 51, 120, 364]]
[653, [1090, 654, 654, 51, 114, 360]]
[654, [1090, 660, 660, 51, 108, 366]]
[655, [1080, 656, 656, 51, 102, 362]]
[656, [1100, 662, 662, 51, 96, 368]]
[657, [1090, 658, 658, 51, 90, 364]]
[658, [1080, 654, 654, 51, 84, 360]]
[659, [1100, 660, 660, 96, 78, 366]]
[660, [1080, 646, 646, 96, 72, 352]]
[661, [1080, 652, 652, 96, 66, 358]]
[662, [1090, 648, 648, 111, 60, 354]]
[663, [1080, 644, 644, 126, 54, 350]]
[664, [1080, 650, 650, 126, 48, 356]]
[665, [1090, 646, 646, 126, 42, 352]]
[666, [1080, 642, 642, 126, 36, 348]]
[667, [1080, 648, 648, 126, 30, 354]]
[668, [1090, 644, 644, 141, 24, 350]]
[669, [1090, 650, 650, 141, 18, 356]]
[670, [1080, 646, 646, 156, 12, 352]]
[671, [1090, 642, 642, 12, 150, 348]]
[672, [1090, 648, 648, 12, 144, 354]]
[673, [1080, 644, 644, 12, 138, 350]]
[674, [1100, 650, 650, 12, 132, 356]]
[675, [1090, 646, 646, 12, 126, 352]]
[676, [1080, 642, 642, 12, 120, 348]]
[677, [1100, 648, 648, 12, 114, 354]]
[678, [1080, 634, 634, 12, 108, 340]]
[679, [1080, 640, 640, 42, 102, 346]]
[680, [1090, 636, 636, 42, 96, 342]]
[681, [1080, 632, 632, 42, 90, 338]]
[682, [1080, 638, 638, 57, 84, 344]]
[683, [1090, 634, 634, 72, 78, 340]]
[684, [1080, 630, 630, 102, 72, 336]]
[685, [1080, 636, 636, 102, 66, 342]]
[686, [1090, 632, 632, 102, 60, 338]]
[687, [1090, 638, 638, 102, 54, 344]]
[688, [1080, 634, 634, 117, 48, 340]]
[689, [1090, 630, 630, 117, 42, 336]]
[690, [1090, 636, 636, 132, 36, 342]]
[691, [1080, 632, 632, 132, 30, 338]]
[692, [1100, 638, 638, 132, 24, 344]]
[693, [1090, 634, 634, 132, 18, 340]]
[694, [1090, 640, 640, 132, 12, 346]]
[695, [1110, 646, 646, 132, 6, 352]]
[696, [1090, 632, 632, 132, 0, 338]]
[697, [1090, 638, 638, 132, 0, 338]]
[698, [1100, 634, 634, 132, 0, 328]]
[699, [1090, 630, 630, 162, 0, 318]]
[700, [1090, 636, 636, 18, 144, 318]]
[701, [1110, 642, 642, 18, 138, 324]]
[702, [1100, 638, 638, 33, 132, 320]]
[703, [1100, 644, 644, 48, 126, 326]]
[704, [1110, 640, 640, 78, 120, 322]]
[705, [1110, 646, 646, 78, 114, 328]]
[706, [1100, 642, 642, 78, 108, 324]]
[707, [1110, 638, 638, 78, 102, 320]]
[708, [1110, 644, 644, 93, 96, 326]]
[709, [1100, 640, 640, 93, 90, 322]]
[710, [1120, 646, 646, 93, 84, 328]]
[711, [1110, 642, 642, 93, 78, 324]]
[712, [1110, 648, 648, 93, 72, 330]]
[713, [1130, 654, 654, 93, 66, 336]]
[714, [1130, 660, 660, 93, 60, 342]]
[715, [1130, 666, 666, 93, 54, 348]]
[716, [1140, 662, 662, 93, 48, 344]]
[717, [1130, 658, 658, 93, 42, 340]]
[718, [1130, 664, 664, 93, 36, 346]]
[719, [1150, 670, 670, 138, 30, 352]]
[720, [1140, 666, 666, 138, 24, 348]]
[721, [1140, 672, 672, 138, 18, 354]]
[722, [1150, 668, 668, 153, 12, 350]]
[723, [1140, 664, 664, 24, 150, 346]]
[724, [1130, 660, 660, 54, 144, 342]]
[725, [1140, 656, 656, 54, 138, 338]]
[726, [1140, 662, 662, 54, 132, 344]]
[727, [1130, 658, 658, 54, 126, 340]]
[728, [1150, 664, 664, 69, 120, 346]]
[729, [1150, 670, 670, 69, 114, 352]]
[730, [1140, 666, 666, 69, 108, 348]]
[731, [1160, 672, 672, 69, 102, 354]]
[732, [1160, 678, 678, 69, 96, 360]]
[733, [1160, 684, 684, 69, 90, 366]]
[734, [1180, 690, 690, 69, 84, 372]]
[735, [1180, 696, 696, 69, 78, 378]]
[736, [1180, 702, 702, 69, 72, 384]]
[737, [1200, 708, 708, 69, 66, 390]]
[738, [1200, 714, 714, 69, 60, 396]]
[739, [1200, 720, 720, 114, 54, 402]]
[740, [1220, 726, 726, 114, 48, 408]]
[741, [1210, 722, 722, 114, 42, 404]]
[742, [1210, 728, 728, 129, 36, 410]]
[743, [1200, 704, 704, 144, 30, 386]]
[744, [1200, 710, 710, 30, 168, 392]]
[745, [1200, 716, 716, 30, 162, 398]]
[746, [1220, 722, 722, 30, 156, 404]]
[747, [1220, 728, 728, 30, 150, 410]]
[748, [1210, 724, 724, 45, 144, 406]]
[749, [1230, 730, 730, 45, 138, 412]]
[750, [1230, 736, 736, 45, 132, 418]]
[751, [1230, 742, 742, 45, 126, 424]]
[752, [1250, 748, 748, 45, 120, 430]]
[753, [1250, 754, 754, 45, 114, 436]]
[754, [1250, 760, 760, 45, 108, 442]]
[755, [1270, 766, 766, 45, 102, 448]]
[756, [1270, 772, 772, 45, 96, 454]]
[757, [1270, 778, 778, 45, 90, 460]]
[758, [1280, 774, 774, 45, 84, 456]]
[759, [1270, 770, 770, 90, 78, 452]]
[760, [1270, 776, 776, 90, 72, 458]]
[761, [1270, 762, 762, 90, 66, 444]]
[762, [1270, 768, 768, 105, 60, 450]]
[763, [1260, 764, 764, 120, 54, 446]]
[764, [1270, 760, 760, 150, 48, 442]]
[765, [1270, 766, 766, 6, 186, 448]]
[766, [1260, 762, 762, 6, 180, 444]]
[767, [1270, 758, 758, 6, 174, 440]]
[768, [1270, 764, 764, 21, 168, 446]]
[769, [1260, 760, 760, 21, 162, 442]]
[770, [1280, 766, 766, 21, 156, 448]]
[771, [1270, 762, 762, 21, 150, 444]]
[772, [1270, 768, 768, 21, 144, 450]]
[773, [1290, 774, 774, 21, 138, 456]]
[774, [1280, 770, 770, 21, 132, 452]]
[775, [1280, 776, 776, 21, 126, 458]]
[776, [1290, 772, 772, 21, 120, 454]]
[777, [1280, 768, 768, 21, 114, 450]]
[778, [1280, 774, 774, 21, 108, 456]]
[779, [1280, 760, 760, 66, 102, 442]]
[780, [1280, 766, 766, 66, 96, 448]]
[781, [1270, 762, 762, 66, 90, 444]]
[782, [1280, 758, 758, 81, 84, 440]]
[783, [1280, 764, 764, 96, 78, 446]]
[784, [1270, 760, 760, 126, 72, 442]]
[785, [1280, 756, 756, 126, 66, 438]]
[786, [1280, 762, 762, 126, 60, 444]]
[787, [1270, 758, 758, 126, 54, 440]]
[788, [1290, 764, 764, 141, 48, 446]]
[789, [1280, 760, 760, 141, 42, 442]]
[790, [1270, 756, 756, 141, 36, 438]]
[791, [1290, 762, 762, 141, 30, 444]]
[792, [1280, 758, 758, 141, 24, 440]]
[793, [1280, 764, 764, 141, 18, 446]]
[794, [1290, 760, 760, 141, 12, 442]]
[795, [1280, 756, 756, 141, 6, 438]]
[796, [1280, 762, 762, 141, 0, 444]]
[797, [1280, 748, 748, 141, 0, 424]]
[798, [1280, 754, 754, 141, 0, 424]]
[799, [1270, 750, 750, 186, 0, 414]]
[800, [1280, 746, 746, 42, 144, 404]]
[801, [1280, 752, 752, 42, 138, 410]]
[802, [1270, 748, 748, 57, 132, 406]]
[803, [1280, 744, 744, 72, 126, 402]]
[804, [1280, 750, 750, 102, 120, 408]]
[805, [1270, 746, 746, 102, 114, 404]]
[806, [1290, 752, 752, 102, 108, 410]]
[807, [1280, 748, 748, 102, 102, 406]]
[808, [1270, 744, 744, 117, 96, 402]]
[809, [1290, 750, 750, 117, 90, 408]]
[810, [1280, 746, 746, 117, 84, 404]]
[811, [1280, 752, 752, 117, 78, 410]]
[812, [1290, 748, 748, 117, 72, 406]]
[813, [1280, 744, 744, 117, 66, 402]]
[814, [1280, 750, 750, 117, 60, 408]]
[815, [1280, 736, 736, 117, 54, 394]]
[816, [1280, 742, 742, 117, 48, 400]]
[817, [1270, 738, 738, 117, 42, 396]]
[818, [1280, 734, 734, 117, 36, 392]]
[819, [1280, 740, 740, 162, 30, 398]]
[820, [1270, 736, 736, 18, 168, 394]]
[821, [1280, 732, 732, 18, 162, 390]]
[822, [1280, 738, 738, 33, 156, 396]]
[823, [1270, 734, 734, 48, 150, 392]]
[824, [1290, 740, 740, 78, 144, 398]]
[825, [1280, 736, 736, 78, 138, 394]]
[826, [1270, 732, 732, 78, 132, 390]]
[827, [1290, 738, 738, 78, 126, 396]]
[828, [1280, 734, 734, 93, 120, 392]]
[829, [1280, 740, 740, 93, 114, 398]]
[830, [1290, 736, 736, 93, 108, 394]]
[831, [1280, 732, 732, 93, 102, 390]]
[832, [1280, 738, 738, 93, 96, 396]]
[833, [1280, 724, 724, 93, 90, 382]]
[834, [1280, 730, 730, 93, 84, 388]]
[835, [1270, 726, 726, 93, 78, 384]]
[836, [1280, 722, 722, 93, 72, 380]]
[837, [1280, 728, 728, 93, 66, 386]]
[838, [1280, 734, 734, 93, 60, 392]]
[839, [1290, 730, 730, 138, 54, 388]]
[840, [1290, 736, 736, 138, 48, 394]]
[841, [1280, 732, 732, 138, 42, 390]]
[842, [1300, 738, 738, 153, 36, 396]]
[843, [1290, 734, 734, 24, 174, 392]]
[844, [1280, 730, 730, 54, 168, 388]]
[845, [1300, 736, 736, 54, 162, 394]]
[846, [1290, 732, 732, 54, 156, 390]]
[847, [1290, 738, 738, 54, 150, 396]]
[848, [1300, 734, 734, 69, 144, 392]]
[849, [1300, 740, 740, 69, 138, 398]]
[850, [1300, 746, 746, 69, 132, 404]]
[851, [1320, 752, 752, 69, 126, 410]]
[852, [1320, 758, 758, 69, 120, 416]]
[853, [1310, 754, 754, 69, 114, 412]]
[854, [1320, 750, 750, 69, 108, 408]]
[855, [1320, 756, 756, 69, 102, 414]]
[856, [1320, 762, 762, 69, 96, 420]]
[857, [1330, 758, 758, 69, 90, 416]]
[858, [1330, 764, 764, 69, 84, 422]]
[859, [1320, 760, 760, 114, 78, 418]]
[860, [1340, 766, 766, 114, 72, 424]]
[861, [1330, 762, 762, 114, 66, 420]]
[862, [1320, 758, 758, 129, 60, 416]]
[863, [1340, 764, 764, 144, 54, 422]]
[864, [1330, 760, 760, 30, 192, 418]]
[865, [1330, 766, 766, 30, 186, 424]]
[866, [1340, 762, 762, 30, 180, 420]]
[867, [1330, 758, 758, 30, 174, 416]]
[868, [1330, 764, 764, 45, 168, 422]]
[869, [1350, 770, 770, 45, 162, 428]]
[870, [1350, 776, 776, 45, 156, 434]]
[871, [1340, 772, 772, 45, 150, 430]]
[872, [1350, 768, 768, 45, 144, 426]]
[873, [1350, 774, 774, 45, 138, 432]]
[874, [1350, 780, 780, 45, 132, 438]]
[875, [1360, 776, 776, 45, 126, 434]]
[876, [1360, 782, 782, 45, 120, 440]]
[877, [1350, 778, 778, 45, 114, 436]]
[878, [1360, 774, 774, 45, 108, 432]]
[879, [1360, 780, 780, 75, 102, 438]]
[880, [1330, 756, 756, 90, 96, 414]]
[881, [1350, 762, 762, 90, 90, 420]]
[882, [1350, 768, 768, 105, 84, 426]]
[883, [1350, 774, 774, 120, 78, 432]]
[884, [1360, 770, 770, 150, 72, 428]]
[885, [1350, 766, 766, 6, 210, 424]]
[886, [1350, 772, 772, 6, 204, 430]]
[887, [1370, 778, 778, 6, 198, 436]]
[888, [1370, 784, 784, 21, 192, 442]]
[889, [1370, 790, 790, 21, 186, 448]]
[890, [1390, 796, 796, 21, 180, 454]]
[891, [1390, 802, 802, 21, 174, 460]]
[892, [1390, 808, 808, 21, 168, 466]]
[893, [1410, 814, 814, 21, 162, 472]]
[894, [1410, 820, 820, 21, 156, 478]]
[895, [1410, 826, 826, 21, 150, 484]]
[896, [1420, 822, 822, 21, 144, 480]]
[897, [1420, 828, 828, 21, 138, 486]]
[898, [1400, 814, 814, 21, 132, 472]]
[899, [1420, 820, 820, 51, 126, 478]]
[900, [1420, 826, 826, 66, 120, 484]]
[901, [1420, 832, 832, 66, 114, 490]]
[902, [1440, 838, 838, 81, 108, 496]]
[903, [1430, 834, 834, 96, 102, 492]]
[904, [1430, 840, 840, 126, 96, 498]]
[905, [1450, 846, 846, 126, 90, 504]]
[906, [1450, 852, 852, 126, 84, 510]]
[907, [1450, 858, 858, 126, 78, 516]]
[908, [1460, 854, 854, 141, 72, 512]]
[909, [1460, 860, 860, 141, 66, 518]]
[910, [1460, 866, 866, 141, 60, 524]]
[911, [1470, 862, 862, 141, 54, 520]]
[912, [1470, 868, 868, 141, 48, 526]]
[913, [1470, 874, 874, 141, 42, 532]]
[914, [1480, 870, 870, 141, 36, 528]]
[915, [1480, 876, 876, 141, 30, 534]]
[916, [1460, 862, 862, 141, 24, 520]]
[917, [1480, 868, 868, 141, 18, 526]]
[918, [1470, 864, 864, 141, 12, 522]]
[919, [1460, 860, 860, 171, 6, 518]]
[920, [1480, 866, 866, 42, 144, 524]]
[921, [1470, 862, 862, 42, 138, 520]]
[922, [1460, 858, 858, 57, 132, 516]]
[923, [1480, 864, 864, 72, 126, 522]]
[924, [1470, 860, 860, 102, 120, 518]]
[925, [1470, 866, 866, 102, 114, 524]]
[926, [1480, 862, 862, 102, 108, 520]]
[927, [1470, 858, 858, 102, 102, 516]]
[928, [1470, 864, 864, 117, 96, 522]]
[929, [1480, 860, 860, 117, 90, 518]]
[930, [1480, 866, 866, 117, 84, 524]]
[931, [1470, 862, 862, 117, 78, 520]]
[932, [1480, 858, 858, 117, 72, 516]]
[933, [1480, 864, 864, 117, 66, 522]]
[934, [1460, 850, 850, 117, 60, 508]]
[935, [1480, 856, 856, 117, 54, 514]]
[936, [1470, 852, 852, 117, 48, 510]]
[937, [1460, 848, 848, 117, 42, 506]]
[938, [1480, 854, 854, 117, 36, 512]]
[939, [1470, 850, 850, 132, 30, 508]]
[940, [1460, 846, 846, 147, 24, 504]]
[941, [1480, 852, 852, 3, 162, 510]]
[942, [1470, 848, 848, 18, 156, 506]]
[943, [1470, 854, 854, 33, 150, 512]]
[944, [1480, 850, 850, 63, 144, 508]]
[945, [1470, 846, 846, 63, 138, 504]]
[946, [1470, 852, 852, 63, 132, 510]]
[947, [1480, 848, 848, 78, 126, 506]]
[948, [1480, 854, 854, 93, 120, 512]]
[949, [1470, 850, 850, 93, 114, 508]]
[950, [1480, 846, 846, 93, 108, 504]]
[951, [1480, 852, 852, 93, 102, 510]]
[952, [1460, 838, 838, 93, 96, 496]]
[953, [1480, 844, 844, 93, 90, 502]]
[954, [1470, 840, 840, 93, 84, 498]]
[955, [1460, 836, 836, 93, 78, 494]]
[956, [1480, 842, 842, 93, 72, 500]]
[957, [1470, 838, 838, 93, 66, 496]]
[958, [1460, 834, 834, 93, 60, 492]]
[959, [1480, 840, 840, 108, 54, 498]]
[960, [1470, 836, 836, 123, 48, 494]]
[961, [1470, 842, 842, 123, 42, 500]]
[962, [1480, 838, 838, 138, 36, 496]]
[963, [1470, 834, 834, 153, 30, 492]]
[964, [1470, 840, 840, 39, 168, 498]]
[965, [1480, 836, 836, 39, 162, 494]]
[966, [1480, 842, 842, 39, 156, 500]]
[967, [1470, 838, 838, 54, 150, 496]]
[968, [1480, 834, 834, 69, 144, 492]]
[969, [1480, 840, 840, 69, 138, 498]]
[970, [1460, 826, 826, 69, 132, 484]]
[971, [1480, 832, 832, 69, 126, 490]]
[972, [1470, 828, 828, 69, 120, 486]]
[973, [1460, 824, 824, 69, 114, 482]]
[974, [1480, 830, 830, 69, 108, 488]]
[975, [1470, 826, 826, 69, 102, 484]]
[976, [1460, 822, 822, 69, 96, 480]]
[977, [1480, 828, 828, 69, 90, 486]]
[978, [1470, 824, 824, 69, 84, 482]]
[979, [1470, 830, 830, 84, 78, 488]]
[980, [1480, 826, 826, 99, 72, 484]]
[981, [1470, 822, 822, 99, 66, 480]]
[982, [1470, 828, 828, 114, 60, 486]]
[983, [1480, 824, 824, 129, 54, 482]]
[984, [1480, 830, 830, 159, 48, 488]]
[985, [1470, 826, 826, 15, 186, 484]]
[986, [1480, 822, 822, 15, 180, 480]]
[987, [1480, 828, 828, 30, 174, 486]]
[988, [1460, 814, 814, 30, 168, 472]]
[989, [1480, 820, 820, 30, 162, 478]]
[990, [1470, 816, 816, 30, 156, 474]]
[991, [1460, 812, 812, 30, 150, 470]]
[992, [1480, 818, 818, 30, 144, 476]]
[993, [1470, 814, 814, 30, 138, 472]]
[994, [1460, 810, 810, 30, 132, 468]]
[995, [1480, 816, 816, 30, 126, 474]]
[996, [1470, 812, 812, 30, 120, 470]]
[997, [1470, 818, 818, 45, 114, 476]]
[998, [1480, 814, 814, 45, 108, 472]]
[999, [1470, 810, 810, 60, 102, 468]]
[1000, [1470, 816, 816, 75, 96, 474]]
[1001, [1480, 812, 812, 75, 90, 470]]
[1002, [1480, 818, 818, 90, 84, 476]]
[1003, [1470, 814, 814, 105, 78, 472]]
[1004, [1480, 810, 810, 135, 72, 468]]
[1005, [1480, 816, 816, 135, 66, 474]]
[1006, [1460, 802, 802, 135, 60, 460]]
[1007, [1480, 808, 808, 150, 54, 466]]
[1008, [1470, 804, 804, 6, 192, 462]]
[1009, [1460, 800, 800, 6, 186, 458]]
[1010, [1480, 806, 806, 6, 180, 464]]
[1011, [1470, 802, 802, 6, 174, 460]]
[1012, [1460, 798, 798, 6, 168, 456]]
[1013, [1480, 804, 804, 6, 162, 462]]
[1014, [1470, 800, 800, 6, 156, 458]]
[1015, [1470, 806, 806, 6, 150, 464]]
[1016, [1480, 802, 802, 6, 144, 460]]
[1017, [1470, 798, 798, 21, 138, 456]]
[1018, [1470, 804, 804, 21, 132, 462]]
[1019, [1480, 800, 800, 36, 126, 458]]
[1020, [1480, 806, 806, 51, 120, 464]]
[1021, [1470, 802, 802, 51, 114, 460]]
[1022, [1480, 798, 798, 66, 108, 456]]
[1023, [1480, 804, 804, 81, 102, 462]]
[1024, [1460, 790, 790, 111, 96, 448]]
[1025, [1480, 796, 796, 111, 90, 454]]
[1026, [1470, 792, 792, 111, 84, 450]]
[1027, [1460, 788, 788, 126, 78, 446]]
[1028, [1480, 794, 794, 126, 72, 452]]
[1029, [1470, 790, 790, 126, 66, 448]]
[1030, [1460, 786, 786, 126, 60, 444]]
[1031, [1480, 792, 792, 126, 54, 450]]
[1032, [1470, 788, 788, 126, 48, 446]]
[1033, [1470, 794, 794, 126, 42, 452]]
[1034, [1480, 790, 790, 126, 36, 448]]
[1035, [1470, 786, 786, 126, 30, 444]]
[1036, [1470, 792, 792, 126, 24, 450]]
[1037, [1480, 788, 788, 141, 18, 446]]
[1038, [1480, 794, 794, 141, 12, 452]]
[1039, [1470, 790, 790, 156, 6, 448]]
[1040, [1480, 786, 786, 27, 144, 444]]
[1041, [1480, 792, 792, 27, 138, 450]]
[1042, [1460, 778, 778, 42, 132, 436]]
[1043, [1480, 784, 784, 57, 126, 442]]
[1044, [1470, 780, 780, 87, 120, 438]]
[1045, [1460, 776, 776, 87, 114, 434]]
[1046, [1480, 782, 782, 87, 108, 440]]
[1047, [1470, 778, 778, 102, 102, 436]]
[1048, [1460, 774, 774, 102, 96, 432]]
[1049, [1480, 780, 780, 102, 90, 438]]
[1050, [1470, 776, 776, 102, 84, 434]]
[1051, [1470, 782, 782, 102, 78, 440]]
[1052, [1480, 778, 778, 102, 72, 436]]
[1053, [1470, 774, 774, 102, 66, 432]]
[1054, [1470, 780, 780, 102, 60, 438]]
[1055, [1480, 776, 776, 102, 54, 434]]
[1056, [1480, 782, 782, 102, 48, 440]]
[1057, [1470, 778, 778, 117, 42, 436]]
[1058, [1480, 774, 774, 117, 36, 432]]
[1059, [1480, 780, 780, 132, 30, 438]]
[1060, [1460, 766, 766, 147, 24, 424]]
[1061, [1480, 772, 772, 3, 162, 430]]
[1062, [1470, 768, 768, 18, 156, 426]]
[1063, [1460, 764, 764, 33, 150, 422]]
[1064, [1480, 770, 770, 63, 144, 428]]
[1065, [1470, 766, 766, 63, 138, 424]]
[1066, [1460, 762, 762, 63, 132, 420]]
[1067, [1480, 768, 768, 78, 126, 426]]
[1068, [1470, 764, 764, 78, 120, 422]]
[1069, [1470, 770, 770, 78, 114, 428]]
[1070, [1480, 766, 766, 78, 108, 424]]
[1071, [1470, 762, 762, 78, 102, 420]]
[1072, [1470, 768, 768, 78, 96, 426]]
[1073, [1480, 764, 764, 78, 90, 422]]
[1074, [1480, 770, 770, 78, 84, 428]]
[1075, [1470, 766, 766, 78, 78, 424]]
[1076, [1480, 762, 762, 78, 72, 420]]
[1077, [1480, 768, 768, 93, 66, 426]]
[1078, [1460, 754, 754, 93, 60, 412]]
[1079, [1480, 760, 760, 108, 54, 418]]
[1080, [1470, 756, 756, 123, 48, 414]]
[1081, [1460, 752, 752, 123, 42, 410]]
[1082, [1480, 758, 758, 138, 36, 416]]
[1083, [1470, 754, 754, 153, 30, 412]]
[1084, [1460, 750, 750, 39, 168, 408]]
[1085, [1480, 756, 756, 39, 162, 414]]
[1086, [1470, 752, 752, 39, 156, 410]]
[1087, [1470, 758, 758, 54, 150, 416]]
[1088, [1480, 754, 754, 54, 144, 412]]
[1089, [1470, 750, 750, 54, 138, 408]]
[1090, [1470, 756, 756, 54, 132, 414]]
[1091, [1480, 752, 752, 54, 126, 410]]
[1092, [1480, 758, 758, 54, 120, 416]]
[1093, [1470, 754, 754, 54, 114, 412]]
[1094, [1480, 750, 750, 54, 108, 408]]
[1095, [1480, 756, 756, 54, 102, 414]]
[1096, [1460, 742, 742, 54, 96, 400]]
[1097, [1480, 748, 748, 69, 90, 406]]
[1098, [1470, 744, 744, 69, 84, 402]]
[1099, [1460, 740, 740, 84, 78, 398]]
[1100, [1480, 746, 746, 99, 72, 404]]
[1101, [1470, 742, 742, 99, 66, 400]]
[1102, [1460, 738, 738, 114, 60, 396]]
[1103, [1480, 744, 744, 129, 54, 402]]
[1104, [1470, 740, 740, 159, 48, 398]]
[1105, [1470, 746, 746, 15, 186, 404]]
[1106, [1480, 742, 742, 15, 180, 400]]
[1107, [1470, 738, 738, 30, 174, 396]]
[1108, [1470, 744, 744, 30, 168, 402]]
[1109, [1480, 740, 740, 30, 162, 398]]
[1110, [1480, 746, 746, 30, 156, 404]]
[1111, [1470, 742, 742, 30, 150, 400]]
[1112, [1480, 738, 738, 30, 144, 396]]
[1113, [1480, 744, 744, 30, 138, 402]]
[1114, [1460, 730, 730, 30, 132, 388]]
[1115, [1480, 736, 736, 30, 126, 394]]
[1116, [1470, 732, 732, 30, 120, 390]]
[1117, [1460, 728, 728, 45, 114, 386]]
[1118, [1480, 734, 734, 45, 108, 392]]
[1119, [1470, 730, 730, 60, 102, 388]]
[1120, [1460, 726, 726, 60, 96, 384]]
[1121, [1480, 732, 732, 60, 90, 390]]
[1122, [1470, 728, 728, 75, 84, 386]]
[1123, [1470, 734, 734, 90, 78, 392]]
[1124, [1480, 730, 730, 120, 72, 388]]
[1125, [1470, 726, 726, 120, 66, 384]]
[1126, [1470, 732, 732, 120, 60, 390]]
[1127, [1480, 728, 728, 135, 54, 386]]
[1128, [1480, 734, 734, 135, 48, 392]]
[1129, [1470, 730, 730, 135, 42, 388]]
[1130, [1480, 726, 726, 135, 36, 384]]
[1131, [1480, 732, 732, 135, 30, 390]]
[1132, [1460, 718, 718, 135, 24, 376]]
[1133, [1480, 724, 724, 135, 18, 382]]
[1134, [1470, 720, 720, 135, 12, 378]]
[1135, [1460, 716, 716, 135, 6, 374]]
[1136, [1480, 722, 722, 135, 0, 380]]
[1137, [1470, 718, 718, 150, 0, 370]]
[1138, [1460, 714, 714, 6, 144, 360]]
[1139, [1480, 720, 720, 21, 138, 366]]
[1140, [1470, 716, 716, 21, 132, 362]]
[1141, [1470, 722, 722, 21, 126, 368]]
[1142, [1480, 718, 718, 36, 120, 364]]
[1143, [1470, 714, 714, 51, 114, 360]]
[1144, [1470, 720, 720, 81, 108, 366]]
[1145, [1480, 716, 716, 81, 102, 362]]
[1146, [1480, 722, 722, 96, 96, 368]]
[1147, [1470, 718, 718, 111, 90, 364]]
[1148, [1480, 714, 714, 111, 84, 360]]
[1149, [1480, 720, 720, 111, 78, 366]]
[1150, [1460, 706, 706, 111, 72, 352]]
[1151, [1480, 712, 712, 111, 66, 358]]
[1152, [1470, 708, 708, 111, 60, 354]]
[1153, [1460, 704, 704, 111, 54, 350]]
[1154, [1480, 710, 710, 111, 48, 356]]
[1155, [1470, 706, 706, 111, 42, 352]]
[1156, [1460, 702, 702, 111, 36, 348]]
[1157, [1480, 708, 708, 126, 30, 354]]
[1158, [1470, 704, 704, 126, 24, 350]]
[1159, [1470, 710, 710, 141, 18, 356]]
[1160, [1480, 706, 706, 141, 12, 352]]
[1161, [1470, 702, 702, 141, 6, 348]]
[1162, [1470, 708, 708, 156, 0, 354]]
[1163, [1480, 704, 704, 27, 144, 344]]
[1164, [1480, 710, 710, 57, 138, 350]]
[1165, [1470, 706, 706, 57, 132, 346]]
[1166, [1480, 702, 702, 72, 126, 342]]
[1167, [1480, 708, 708, 87, 120, 348]]
[1168, [1460, 694, 694, 87, 114, 334]]
[1169, [1480, 700, 700, 87, 108, 340]]
[1170, [1470, 696, 696, 87, 102, 336]]
[1171, [1460, 692, 692, 87, 96, 332]]
[1172, [1480, 698, 698, 87, 90, 338]]
[1173, [1470, 694, 694, 87, 84, 334]]
[1174, [1460, 690, 690, 87, 78, 330]]
[1175, [1480, 696, 696, 87, 72, 336]]
[1176, [1470, 692, 692, 87, 66, 332]]
[1177, [1470, 698, 698, 102, 60, 338]]
[1178, [1480, 694, 694, 102, 54, 334]]
[1179, [1470, 690, 690, 117, 48, 330]]
[1180, [1470, 696, 696, 117, 42, 336]]
[1181, [1480, 692, 692, 117, 36, 332]]
[1182, [1480, 698, 698, 132, 30, 338]]
[1183, [1470, 694, 694, 147, 24, 334]]
[1184, [1480, 690, 690, 33, 162, 330]]
[1185, [1480, 696, 696, 33, 156, 336]]
[1186, [1460, 682, 682, 48, 150, 322]]
[1187, [1480, 688, 688, 63, 144, 328]]
[1188, [1470, 684, 684, 63, 138, 324]]
[1189, [1460, 680, 680, 63, 132, 320]]
[1190, [1480, 686, 686, 63, 126, 326]]
[1191, [1470, 682, 682, 63, 120, 322]]
[1192, [1460, 678, 678, 63, 114, 318]]
[1193, [1480, 684, 684, 63, 108, 324]]
[1194, [1470, 680, 680, 63, 102, 320]]
[1195, [1470, 686, 686, 63, 96, 326]]
[1196, [1480, 682, 682, 63, 90, 322]]
[1197, [1470, 678, 678, 78, 84, 318]]
[1198, [1470, 684, 684, 78, 78, 324]]
[1199, [1480, 680, 680, 78, 72, 320]]
[1200, [1480, 686, 686, 78, 66, 326]]
[1201, [1470, 682, 682, 78, 60, 322]]
[1202, [1480, 678, 678, 93, 54, 318]]
[1203, [1480, 684, 684, 108, 48, 324]]
[1204, [1460, 670, 670, 153, 42, 310]]
[1205, [1480, 676, 676, 9, 180, 316]]
[1206, [1470, 672, 672, 24, 174, 312]]
[1207, [1460, 668, 668, 39, 168, 308]]
[1208, [1480, 674, 674, 39, 162, 314]]
[1209, [1470, 670, 670, 39, 156, 310]]
[1210, [1460, 666, 666, 39, 150, 306]]
[1211, [1480, 672, 672, 39, 144, 312]]
[1212, [1470, 668, 668, 39, 138, 308]]
[1213, [1470, 674, 674, 39, 132, 314]]
[1214, [1480, 670, 670, 39, 126, 310]]
[1215, [1470, 666, 666, 39, 120, 306]]
[1216, [1470, 672, 672, 39, 114, 312]]
[1217, [1480, 668, 668, 54, 108, 308]]
[1218, [1480, 674, 674, 54, 102, 314]]
[1219, [1470, 670, 670, 54, 96, 310]]
[1220, [1480, 666, 666, 54, 90, 306]]
[1221, [1480, 672, 672, 54, 84, 312]]
[1222, [1460, 658, 658, 69, 78, 298]]
[1223, [1480, 664, 664, 84, 72, 304]]
[1224, [1470, 660, 660, 129, 66, 300]]
[1225, [1460, 656, 656, 129, 60, 296]]
[1226, [1480, 662, 662, 144, 54, 302]]
[1227, [1470, 658, 658, 15, 192, 298]]
[1228, [1460, 654, 654, 15, 186, 294]]
[1229, [1480, 660, 660, 15, 180, 300]]
[1230, [1470, 656, 656, 15, 174, 296]]
[1231, [1470, 662, 662, 15, 168, 302]]
[1232, [1480, 658, 658, 15, 162, 298]]
[1233, [1470, 654, 654, 15, 156, 294]]
[1234, [1470, 660, 660, 15, 150, 300]]
[1235, [1480, 656, 656, 15, 144, 296]]
[1236, [1480, 662, 662, 15, 138, 302]]
[1237, [1470, 658, 658, 30, 132, 298]]
[1238, [1480, 654, 654, 30, 126, 294]]
[1239, [1480, 660, 660, 30, 120, 300]]
[1240, [1460, 646, 646, 30, 114, 286]]
[1241, [1480, 652, 652, 30, 108, 292]]
[1242, [1470, 648, 648, 45, 102, 288]]
[1243, [1460, 644, 644, 45, 96, 284]]
[1244, [1480, 650, 650, 75, 90, 290]]
[1245, [1470, 646, 646, 90, 84, 286]]
[1246, [1460, 642, 642, 105, 78, 282]]
[1247, [1480, 648, 648, 120, 72, 288]]
[1248, [1470, 644, 644, 120, 66, 284]]
[1249, [1470, 650, 650, 120, 60, 290]]
[1250, [1480, 646, 646, 120, 54, 286]]
[1251, [1470, 642, 642, 120, 48, 282]]
[1252, [1470, 648, 648, 120, 42, 288]]
[1253, [1480, 644, 644, 120, 36, 284]]
[1254, [1480, 650, 650, 120, 30, 290]]
[1255, [1470, 646, 646, 135, 24, 286]]
[1256, [1480, 642, 642, 135, 18, 282]]
[1257, [1480, 648, 648, 135, 12, 288]]
[1258, [1460, 634, 634, 135, 6, 274]]
[1259, [1480, 640, 640, 135, 0, 280]]
[1260, [1470, 636, 636, 150, 0, 270]]
[1261, [1460, 632, 632, 6, 144, 260]]
[1262, [1480, 638, 638, 21, 138, 266]]
[1263, [1470, 634, 634, 21, 132, 262]]
[1264, [1460, 630, 630, 51, 126, 258]]
[1265, [1480, 636, 636, 66, 120, 264]]
[1266, [1470, 632, 632, 81, 114, 260]]
[1267, [1470, 638, 638, 96, 108, 266]]
[1268, [1480, 634, 634, 96, 102, 262]]
[1269, [1470, 630, 630, 96, 96, 258]]
[1270, [1470, 636, 636, 96, 90, 264]]
[1271, [1480, 632, 632, 96, 84, 260]]
[1272, [1480, 638, 638, 96, 78, 266]]
[1273, [1470, 634, 634, 96, 72, 262]]
[1274, [1480, 630, 630, 96, 66, 258]]
[1275, [1480, 636, 636, 111, 60, 264]]
[1276, [1460, 622, 622, 111, 54, 250]]
[1277, [1480, 628, 628, 111, 48, 256]]
[1278, [1470, 624, 624, 111, 42, 252]]
[1279, [1460, 620, 620, 111, 36, 248]]
[1280, [1480, 626, 626, 126, 30, 254]]
[1281, [1470, 622, 622, 126, 24, 250]]
[1282, [1460, 618, 618, 141, 18, 246]]
[1283, [1480, 624, 624, 141, 12, 252]]
[1284, [1470, 620, 620, 171, 6, 248]]
[1285, [1470, 626, 626, 42, 144, 254]]
[1286, [1480, 622, 622, 57, 138, 250]]
[1287, [1470, 618, 618, 72, 132, 246]]
[1288, [1470, 624, 624, 72, 126, 252]]
[1289, [1480, 620, 620, 72, 120, 248]]
[1290, [1480, 626, 626, 72, 114, 254]]
[1291, [1470, 622, 622, 72, 108, 250]]
[1292, [1480, 618, 618, 72, 102, 246]]
[1293, [1480, 624, 624, 72, 96, 252]]
[1294, [1460, 610, 610, 72, 90, 238]]
[1295, [1480, 616, 616, 87, 84, 244]]
[1296, [1470, 612, 612, 87, 78, 240]]
[1297, [1460, 608, 608, 87, 72, 236]]
[1298, [1480, 614, 614, 87, 66, 242]]
[1299, [1470, 610, 610, 87, 60, 238]]
[1300, [1460, 606, 606, 102, 54, 234]]
[1301, [1480, 612, 612, 102, 48, 240]]
[1302, [1470, 608, 608, 117, 42, 236]]
[1303, [1470, 614, 614, 117, 36, 242]]
[1304, [1480, 610, 610, 147, 30, 238]]
[1305, [1470, 606, 606, 18, 168, 234]]
[1306, [1470, 612, 612, 33, 162, 240]]
[1307, [1480, 608, 608, 48, 156, 236]]
[1308, [1480, 614, 614, 48, 150, 242]]
[1309, [1470, 610, 610, 48, 144, 238]]
[1310, [1480, 606, 606, 48, 138, 234]]
[1311, [1480, 612, 612, 48, 132, 240]]
[1312, [1460, 598, 598, 48, 126, 226]]
[1313, [1480, 604, 604, 48, 120, 232]]
[1314, [1470, 600, 600, 48, 114, 228]]
[1315, [1460, 596, 596, 48, 108, 224]]
[1316, [1480, 602, 602, 48, 102, 230]]
[1317, [1470, 598, 598, 48, 96, 226]]
[1318, [1460, 594, 594, 48, 90, 222]]
[1319, [1480, 600, 600, 48, 84, 228]]
[1320, [1470, 596, 596, 63, 78, 224]]
[1321, [1470, 602, 602, 63, 72, 230]]
[1322, [1480, 598, 598, 78, 66, 226]]
[1323, [1470, 594, 594, 78, 60, 222]]
[1324, [1470, 600, 600, 108, 54, 228]]
[1325, [1480, 596, 596, 123, 48, 224]]
[1326, [1480, 602, 602, 138, 42, 230]]
[1327, [1470, 598, 598, 138, 36, 226]]
[1328, [1480, 594, 594, 138, 30, 222]]
[1329, [1480, 600, 600, 138, 24, 228]]
[1330, [1460, 586, 586, 138, 18, 214]]
[1331, [1480, 592, 592, 138, 12, 220]]
[1332, [1470, 588, 588, 138, 6, 216]]
[1333, [1460, 584, 584, 138, 0, 212]]
[1334, [1480, 590, 590, 138, 0, 212]]
[1335, [1470, 586, 586, 138, 0, 202]]
[1336, [1460, 582, 582, 138, 0, 192]]
[1337, [1480, 588, 588, 138, 0, 192]]
[1338, [1470, 584, 584, 138, 0, 182]]
[1339, [1470, 590, 590, 138, 0, 182]]
[1340, [1480, 586, 586, 153, 0, 172]]
[1341, [1470, 582, 582, 9, 144, 162]]
[1342, [1470, 588, 588, 24, 138, 168]]
[1343, [1480, 584, 584, 24, 132, 164]]
[1344, [1480, 590, 590, 54, 126, 170]]
[1345, [1470, 586, 586, 69, 120, 166]]
[1346, [1480, 582, 582, 84, 114, 162]]
[1347, [1480, 588, 588, 84, 108, 168]]
[1348, [1460, 574, 574, 99, 102, 154]]
[1349, [1480, 580, 580, 99, 96, 160]]
[1350, [1470, 576, 576, 99, 90, 156]]
[1351, [1460, 572, 572, 99, 84, 152]]
[1352, [1480, 578, 578, 99, 78, 158]]
[1353, [1470, 574, 574, 99, 72, 154]]
[1354, [1460, 570, 570, 99, 66, 150]]
[1355, [1480, 576, 576, 99, 60, 156]]
[1356, [1470, 572, 572, 99, 54, 152]]
[1357, [1470, 578, 578, 99, 48, 158]]
[1358, [1480, 574, 574, 99, 42, 154]]
[1359, [1470, 570, 570, 99, 36, 150]]
[1360, [1470, 576, 576, 114, 30, 156]]
[1361, [1480, 572, 572, 114, 24, 152]]
[1362, [1480, 578, 578, 114, 18, 158]]
[1363, [1470, 574, 574, 114, 12, 154]]
[1364, [1480, 570, 570, 159, 6, 150]]
[1365, [1480, 576, 576, 30, 144, 156]]
[1366, [1460, 562, 562, 45, 138, 142]]
[1367, [1480, 568, 568, 45, 132, 148]]
[1368, [1470, 564, 564, 75, 126, 144]]
[1369, [1460, 560, 560, 75, 120, 140]]
[1370, [1480, 566, 566, 75, 114, 146]]
[1371, [1470, 562, 562, 75, 108, 142]]
[1372, [1460, 558, 558, 75, 102, 138]]
[1373, [1480, 564, 564, 75, 96, 144]]
[1374, [1470, 560, 560, 75, 90, 140]]
[1375, [1470, 566, 566, 75, 84, 146]]
[1376, [1480, 562, 562, 75, 78, 142]]
[1377, [1470, 558, 558, 75, 72, 138]]
[1378, [1470, 564, 564, 75, 66, 144]]
[1379, [1480, 560, 560, 75, 60, 140]]
[1380, [1480, 566, 566, 90, 54, 146]]
[1381, [1470, 562, 562, 90, 48, 142]]
[1382, [1480, 558, 558, 90, 42, 138]]
[1383, [1480, 564, 564, 90, 36, 144]]
[1384, [1460, 550, 550, 135, 30, 130]]
[1385, [1480, 556, 556, 150, 24, 136]]
[1386, [1470, 552, 552, 21, 162, 132]]
[1387, [1460, 548, 548, 21, 156, 128]]
[1388, [1480, 554, 554, 36, 150, 134]]
[1389, [1470, 550, 550, 36, 144, 130]]
[1390, [1460, 546, 546, 36, 138, 126]]
[1391, [1480, 552, 552, 51, 132, 132]]
[1392, [1470, 548, 548, 51, 126, 128]]
[1393, [1470, 554, 554, 51, 120, 134]]
[1394, [1480, 550, 550, 51, 114, 130]]
[1395, [1470, 546, 546, 51, 108, 126]]
[1396, [1470, 552, 552, 51, 102, 132]]
[1397, [1480, 548, 548, 51, 96, 128]]
[1398, [1480, 554, 554, 51, 90, 134]]
[1399, [1470, 550, 550, 51, 84, 130]]
[1400, [1480, 546, 546, 51, 78, 126]]
[1401, [1480, 552, 552, 51, 72, 132]]
[1402, [1460, 538, 538, 51, 66, 118]]
[1403, [1480, 544, 544, 51, 60, 124]]
[1404, [1470, 540, 540, 96, 54, 120]]
[1405, [1460, 536, 536, 96, 48, 116]]
[1406, [1480, 542, 542, 111, 42, 122]]
[1407, [1470, 538, 538, 111, 36, 118]]
[1408, [1460, 534, 534, 126, 30, 114]]
[1409, [1480, 540, 540, 126, 24, 120]]
[1410, [1470, 536, 536, 141, 18, 116]]
[1411, [1470, 542, 542, 156, 12, 122]]
[1412, [1480, 538, 538, 12, 150, 118]]
[1413, [1470, 534, 534, 12, 144, 114]]
[1414, [1470, 540, 540, 12, 138, 120]]
[1415, [1480, 536, 536, 12, 132, 116]]
[1416, [1480, 542, 542, 12, 126, 122]]
[1417, [1470, 538, 538, 12, 120, 118]]
[1418, [1480, 534, 534, 12, 114, 114]]
[1419, [1480, 540, 540, 12, 108, 120]]
[1420, [1460, 526, 526, 12, 102, 106]]
[1421, [1480, 532, 532, 12, 96, 112]]
[1422, [1470, 528, 528, 12, 90, 108]]
[1423, [1460, 524, 524, 12, 84, 104]]
[1424, [1480, 530, 530, 57, 78, 110]]
[1425, [1470, 526, 526, 57, 72, 106]]
[1426, [1460, 522, 522, 87, 66, 102]]
[1427, [1480, 528, 528, 87, 60, 108]]
[1428, [1470, 524, 524, 102, 54, 104]]
[1429, [1470, 530, 530, 102, 48, 110]]
[1430, [1480, 526, 526, 117, 42, 106]]
[1431, [1470, 522, 522, 132, 36, 102]]
[1432, [1470, 528, 528, 132, 30, 108]]
[1433, [1480, 524, 524, 132, 24, 104]]
[1434, [1480, 530, 530, 132, 18, 110]]
[1435, [1470, 526, 526, 132, 12, 106]]
[1436, [1480, 522, 522, 132, 6, 102]]
[1437, [1480, 528, 528, 132, 0, 108]]
[1438, [1460, 514, 514, 132, 0, 88]]
[1439, [1480, 520, 520, 132, 0, 88]]
