SimulationV09.py[0, [0, 10, 10, 0, 0, 0]]
[1, [0, 20, 20, 0, 0, 0]]
[2, [28, 30, 30, 0, 0, 0]]
[3, [28, 40, 40, 0, 0, 0]]
[4, [28, 50, 50, 0, 0, 0]]
[5, [56, 60, 60, 0, 0, 0]]
[6, [56, 70, 70, 0, 0, 0]]
[7, [56, 80, 80, 0, 0, 0]]
[8, [84, 90, 90, 0, 0, 0]]
[9, [84, 100, 100, 0, 0, 0]]
[10, [84, 110, 110, 0, 0, 0]]
[11, [112, 120, 120, 0, 0, 0]]
[12, [112, 130, 130, 0, 0, 0]]
[13, [112, 140, 140, 0, 0, 0]]
[14, [140, 150, 150, 0, 0, 0]]
[15, [140, 160, 160, 0, 0, 0]]
[16, [140, 170, 170, 0, 0, 0]]
[17, [168, 180, 180, 0, 0, 0]]
[18, [168, 190, 190, 0, 0, 0]]
[19, [168, 200, 200, 180, 0, 0]]
[20, [196, 210, 210, 36, 144, 0]]
[21, [188, 212, 212, 36, 135, 1]]
[22, [178, 212, 212, 36, 126, 0]]
[23, [198, 214, 214, 36, 117, 1]]
[24, [188, 214, 214, 36, 108, 0]]
[25, [180, 216, 216, 36, 99, 1]]
[26, [198, 216, 216, 36, 90, 0]]
[27, [190, 218, 218, 36, 81, 1]]
[28, [180, 218, 218, 36, 72, 0]]
[29, [200, 220, 220, 36, 63, 1]]
[30, [190, 220, 220, 36, 54, 0]]
[31, [182, 222, 222, 36, 45, 1]]
[32, [200, 222, 222, 36, 36, 0]]
[33, [192, 224, 224, 36, 27, 1]]
[34, [182, 224, 224, 36, 18, 0]]
[35, [202, 226, 226, 36, 9, 1]]
[36, [192, 226, 226, 36, 0, 0]]
[37, [192, 236, 236, 36, 0, 0]]
[38, [220, 246, 246, 36, 0, 0]]
[39, [220, 256, 256, 201, 0, 0]]
[40, [220, 266, 266, 57, 144, 0]]
[41, [240, 268, 268, 57, 135, 1]]
[42, [230, 268, 268, 72, 126, 0]]
[43, [222, 270, 270, 72, 117, 1]]
[44, [240, 270, 270, 72, 108, 0]]
[45, [232, 272, 272, 72, 99, 1]]
[46, [222, 272, 272, 72, 90, 0]]
[47, [242, 274, 274, 72, 81, 1]]
[48, [232, 274, 274, 72, 72, 0]]
[49, [224, 276, 276, 72, 63, 1]]
[50, [242, 276, 276, 72, 54, 0]]
[51, [234, 278, 278, 72, 45, 1]]
[52, [224, 278, 278, 72, 36, 0]]
[53, [244, 280, 280, 72, 27, 1]]
[54, [234, 280, 280, 72, 18, 0]]
[55, [226, 282, 282, 72, 9, 1]]
[56, [244, 282, 282, 72, 0, 0]]
[57, [244, 292, 292, 72, 0, 0]]
[58, [244, 302, 302, 72, 0, 0]]
[59, [272, 312, 312, 237, 0, 0]]
[60, [272, 322, 322, 93, 144, 0]]
[61, [264, 324, 324, 93, 135, 1]]
[62, [282, 324, 324, 108, 126, 0]]
[63, [274, 326, 326, 108, 117, 1]]
[64, [264, 326, 326, 108, 108, 0]]
[65, [284, 328, 328, 108, 99, 1]]
[66, [274, 328, 328, 108, 90, 0]]
[67, [266, 330, 330, 108, 81, 1]]
[68, [284, 330, 330, 108, 72, 0]]
[69, [276, 332, 332, 108, 63, 1]]
[70, [266, 332, 332, 108, 54, 0]]
[71, [286, 334, 334, 108, 45, 1]]
[72, [276, 334, 334, 108, 36, 0]]
[73, [268, 336, 336, 108, 27, 1]]
[74, [286, 336, 336, 108, 18, 0]]
[75, [278, 338, 338, 108, 9, 1]]
[76, [268, 338, 338, 108, 0, 0]]
[77, [296, 348, 348, 108, 0, 0]]
[78, [296, 358, 358, 108, 0, 0]]
[79, [296, 368, 368, 273, 0, 0]]
[80, [324, 378, 378, 129, 144, 0]]
[81, [316, 380, 380, 129, 135, 1]]
[82, [306, 380, 380, 144, 126, 0]]
[83, [326, 382, 382, 0, 261, 1]]
[84, [316, 382, 382, 0, 252, 0]]
[85, [308, 384, 384, 0, 243, 1]]
[86, [326, 384, 384, 0, 234, 0]]
[87, [318, 386, 386, 0, 225, 1]]
[88, [308, 386, 386, 0, 216, 0]]
[89, [328, 388, 388, 0, 207, 1]]
[90, [318, 388, 388, 0, 198, 0]]
[91, [310, 390, 390, 0, 189, 1]]
[92, [328, 390, 390, 0, 180, 0]]
[93, [320, 392, 392, 0, 171, 1]]
[94, [310, 392, 392, 0, 162, 0]]
[95, [330, 394, 394, 0, 153, 1]]
[96, [320, 394, 394, 0, 144, 0]]
[97, [312, 396, 396, 0, 135, 1]]
[98, [330, 396, 396, 0, 126, 0]]
[99, [322, 398, 398, 165, 117, 1]]
[100, [312, 398, 398, 21, 252, 0]]
[101, [332, 400, 400, 21, 243, 1]]
[102, [322, 400, 400, 36, 234, 0]]
[103, [314, 402, 402, 36, 225, 1]]
[104, [332, 402, 402, 36, 216, 0]]
[105, [324, 404, 404, 36, 207, 1]]
[106, [314, 404, 404, 36, 198, 0]]
[107, [334, 406, 406, 36, 189, 1]]
[108, [324, 406, 406, 36, 180, 0]]
[109, [316, 408, 408, 36, 171, 1]]
[110, [334, 408, 408, 36, 162, 0]]
[111, [326, 410, 410, 36, 153, 1]]
[112, [316, 410, 410, 36, 144, 0]]
[113, [336, 412, 412, 36, 135, 1]]
[114, [326, 412, 412, 36, 126, 0]]
[115, [318, 414, 414, 36, 117, 1]]
[116, [336, 414, 414, 36, 108, 0]]
[117, [328, 416, 416, 36, 99, 1]]
[118, [324, 422, 422, 36, 90, 6]]
[119, [344, 424, 424, 201, 81, 7]]
[120, [338, 428, 428, 57, 216, 10]]
[121, [330, 430, 430, 57, 207, 11]]
[122, [350, 432, 432, 72, 198, 12]]
[123, [344, 436, 436, 72, 189, 15]]
[124, [342, 444, 444, 72, 180, 22]]
[125, [368, 452, 452, 72, 171, 29]]
[126, [364, 458, 458, 72, 162, 34]]
[127, [362, 466, 466, 72, 153, 41]]
[128, [390, 476, 476, 72, 144, 50]]
[129, [390, 486, 486, 72, 135, 59]]
[130, [388, 494, 494, 72, 126, 66]]
[131, [414, 502, 502, 72, 117, 73]]
[132, [414, 512, 512, 72, 108, 82]]
[133, [414, 522, 522, 72, 99, 91]]
[134, [442, 532, 532, 72, 90, 100]]
[135, [442, 542, 542, 72, 81, 109]]
[136, [440, 550, 550, 72, 72, 116]]
[137, [468, 560, 560, 72, 63, 125]]
[138, [468, 570, 570, 72, 54, 134]]
[139, [466, 578, 578, 222, 45, 141]]
[140, [492, 586, 586, 78, 180, 148]]
[141, [492, 596, 596, 78, 171, 157]]
[142, [490, 604, 604, 93, 162, 164]]
[143, [516, 612, 612, 93, 153, 171]]
[144, [516, 622, 622, 93, 144, 180]]
[145, [516, 632, 632, 93, 135, 189]]
[146, [540, 638, 638, 93, 126, 194]]
[147, [534, 642, 642, 93, 117, 197]]
[148, [532, 650, 650, 93, 108, 204]]
[149, [556, 656, 656, 93, 99, 209]]
[150, [552, 662, 662, 93, 90, 214]]
[151, [552, 672, 672, 93, 81, 223]]
[152, [576, 678, 678, 93, 72, 228]]
[153, [566, 678, 678, 93, 63, 227]]
[154, [558, 680, 680, 108, 54, 228]]
[155, [580, 684, 684, 108, 45, 231]]
[156, [572, 686, 686, 108, 36, 232]]
[157, [560, 684, 684, 108, 27, 229]]
[158, [580, 686, 686, 108, 18, 230]]
[159, [572, 688, 688, 258, 9, 231]]
[160, [562, 688, 688, 114, 144, 230]]
[161, [580, 688, 688, 114, 135, 229]]
[162, [570, 688, 688, 129, 126, 228]]
[163, [560, 688, 688, 129, 117, 227]]
[164, [576, 686, 686, 129, 108, 224]]
[165, [568, 688, 688, 129, 99, 225]]
[166, [558, 688, 688, 129, 90, 224]]
[167, [574, 686, 686, 129, 81, 221]]
[168, [564, 686, 686, 129, 72, 220]]
[169, [554, 686, 686, 129, 63, 219]]
[170, [572, 686, 686, 129, 54, 218]]
[171, [560, 684, 684, 129, 45, 215]]
[172, [552, 686, 686, 129, 36, 216]]
[173, [570, 686, 686, 129, 27, 215]]
[174, [558, 684, 684, 144, 18, 212]]
[175, [548, 684, 684, 0, 153, 211]]
[176, [566, 684, 684, 0, 144, 210]]
[177, [556, 684, 684, 0, 135, 209]]
[178, [544, 682, 682, 0, 126, 206]]
[179, [564, 684, 684, 150, 117, 207]]
[180, [554, 684, 684, 6, 252, 206]]
[181, [542, 682, 682, 6, 243, 203]]
[182, [560, 682, 682, 21, 234, 202]]
[183, [550, 682, 682, 21, 225, 201]]
[184, [540, 682, 682, 21, 216, 200]]
[185, [556, 680, 680, 21, 207, 197]]
[186, [548, 682, 682, 21, 198, 198]]
[187, [538, 682, 682, 21, 189, 197]]
[188, [554, 680, 680, 21, 180, 194]]
[189, [544, 680, 680, 21, 171, 193]]
[190, [534, 680, 680, 21, 162, 192]]
[191, [552, 680, 680, 21, 153, 191]]
[192, [540, 678, 678, 21, 144, 188]]
[193, [532, 680, 680, 21, 135, 189]]
[194, [550, 680, 680, 36, 126, 188]]
[195, [538, 678, 678, 36, 117, 185]]
[196, [528, 678, 678, 36, 108, 184]]
[197, [546, 678, 678, 36, 99, 183]]
[198, [536, 678, 678, 36, 90, 182]]
[199, [524, 676, 676, 186, 81, 179]]
[200, [544, 678, 678, 42, 216, 180]]
[201, [534, 678, 678, 42, 207, 179]]
[202, [522, 676, 676, 42, 198, 176]]
[203, [540, 676, 676, 42, 189, 175]]
[204, [530, 676, 676, 42, 180, 174]]
[205, [520, 676, 676, 42, 171, 173]]
[206, [536, 674, 674, 42, 162, 170]]
[207, [528, 676, 676, 42, 153, 171]]
[208, [518, 676, 676, 42, 144, 170]]
[209, [534, 674, 674, 42, 135, 167]]
[210, [524, 674, 674, 42, 126, 166]]
[211, [514, 674, 674, 57, 117, 165]]
[212, [532, 674, 674, 57, 108, 164]]
[213, [520, 672, 672, 57, 99, 161]]
[214, [512, 674, 674, 72, 90, 162]]
[215, [530, 674, 674, 72, 81, 161]]
[216, [518, 672, 672, 72, 72, 158]]
[217, [508, 672, 672, 72, 63, 157]]
[218, [526, 672, 672, 72, 54, 156]]
[219, [516, 672, 672, 222, 45, 155]]
[220, [504, 670, 670, 78, 180, 152]]
[221, [524, 672, 672, 78, 171, 153]]
[222, [514, 672, 672, 78, 162, 152]]
[223, [502, 670, 670, 78, 153, 149]]
[224, [520, 670, 670, 78, 144, 148]]
[225, [510, 670, 670, 78, 135, 147]]
[226, [500, 670, 670, 78, 126, 146]]
[227, [516, 668, 668, 78, 117, 143]]
[228, [508, 670, 670, 78, 108, 144]]
[229, [498, 670, 670, 78, 99, 143]]
[230, [514, 668, 668, 78, 90, 140]]
[231, [504, 668, 668, 93, 81, 139]]
[232, [494, 668, 668, 93, 72, 138]]
[233, [512, 668, 668, 93, 63, 137]]
[234, [500, 666, 666, 108, 54, 134]]
[235, [492, 668, 668, 108, 45, 135]]
[236, [510, 668, 668, 108, 36, 134]]
[237, [498, 666, 666, 108, 27, 131]]
[238, [488, 666, 666, 108, 18, 130]]
[239, [506, 666, 666, 258, 9, 129]]
[240, [496, 666, 666, 114, 144, 128]]
[241, [484, 664, 664, 114, 135, 125]]
[242, [504, 666, 666, 114, 126, 126]]
[243, [494, 666, 666, 114, 117, 125]]
[244, [484, 666, 666, 114, 108, 124]]
[245, [504, 668, 668, 114, 99, 125]]
[246, [494, 668, 668, 114, 90, 124]]
[247, [484, 668, 668, 114, 81, 123]]
[248, [500, 666, 666, 114, 72, 120]]
[249, [492, 668, 668, 114, 63, 121]]
[250, [482, 668, 668, 114, 54, 120]]
[251, [500, 668, 668, 129, 45, 119]]
[252, [492, 670, 670, 129, 36, 120]]
[253, [482, 670, 670, 129, 27, 119]]
[254, [502, 672, 672, 144, 18, 120]]
[255, [490, 670, 670, 0, 153, 117]]
[256, [482, 672, 672, 0, 144, 118]]
[257, [500, 672, 672, 0, 135, 117]]
[258, [494, 676, 676, 0, 126, 120]]
[259, [486, 678, 678, 150, 117, 121]]
[260, [504, 678, 678, 6, 252, 120]]
[261, [498, 682, 682, 6, 243, 123]]
[262, [486, 680, 680, 6, 234, 120]]
[263, [506, 682, 682, 6, 225, 121]]
[264, [496, 682, 682, 6, 216, 120]]
[265, [490, 686, 686, 6, 207, 123]]
[266, [510, 688, 688, 6, 198, 124]]
[267, [500, 688, 688, 6, 189, 123]]
[268, [494, 692, 692, 6, 180, 126]]
[269, [514, 694, 694, 6, 171, 127]]
[270, [506, 696, 696, 6, 162, 128]]
[271, [500, 700, 700, 21, 153, 131]]
[272, [522, 704, 704, 21, 144, 134]]
[273, [516, 708, 708, 21, 135, 137]]
[274, [508, 710, 710, 36, 126, 138]]
[275, [536, 720, 720, 36, 117, 147]]
[276, [530, 724, 724, 36, 108, 150]]
[277, [526, 730, 730, 36, 99, 155]]
[278, [554, 740, 740, 36, 90, 164]]
[279, [552, 748, 748, 156, 81, 171]]
[280, [546, 752, 752, 27, 216, 174]]
[281, [570, 758, 758, 27, 207, 179]]
[282, [570, 768, 768, 27, 198, 188]]
[283, [566, 774, 774, 27, 189, 193]]
[284, [592, 782, 782, 27, 180, 200]]
[285, [592, 792, 792, 27, 171, 209]]
[286, [592, 802, 802, 27, 162, 218]]
[287, [612, 804, 804, 27, 153, 219]]
[288, [610, 812, 812, 42, 144, 226]]
[289, [610, 822, 822, 42, 135, 235]]
[290, [634, 828, 828, 42, 126, 240]]
[291, [634, 838, 838, 57, 117, 249]]
[292, [634, 848, 848, 57, 108, 258]]
[293, [662, 858, 858, 57, 99, 267]]
[294, [656, 862, 862, 72, 90, 270]]
[295, [654, 870, 870, 72, 81, 277]]
[296, [682, 880, 880, 72, 72, 286]]
[297, [678, 886, 886, 72, 63, 291]]
[298, [674, 892, 892, 72, 54, 296]]
[299, [702, 902, 902, 192, 45, 305]]
[300, [698, 908, 908, 63, 180, 310]]
[301, [692, 912, 912, 63, 171, 313]]
[302, [714, 916, 916, 63, 162, 316]]
[303, [710, 922, 922, 63, 153, 321]]
[304, [700, 922, 922, 63, 144, 320]]
[305, [722, 926, 926, 63, 135, 323]]
[306, [718, 932, 932, 63, 126, 328]]
[307, [708, 932, 932, 63, 117, 327]]
[308, [726, 932, 932, 78, 108, 326]]
[309, [720, 936, 936, 78, 99, 329]]
[310, [712, 938, 938, 78, 90, 330]]
[311, [730, 938, 938, 93, 81, 329]]
[312, [720, 938, 938, 93, 72, 328]]
[313, [714, 942, 942, 93, 63, 331]]
[314, [732, 942, 942, 108, 54, 330]]
[315, [720, 940, 940, 108, 45, 327]]
[316, [712, 942, 942, 108, 36, 328]]
[317, [730, 942, 942, 108, 27, 327]]
[318, [720, 942, 942, 108, 18, 326]]
[319, [708, 940, 940, 213, 9, 323]]
[320, [728, 942, 942, 99, 144, 324]]
[321, [718, 942, 942, 99, 135, 323]]
[322, [706, 940, 940, 99, 126, 320]]
[323, [724, 940, 940, 99, 117, 319]]
[324, [714, 940, 940, 99, 108, 318]]
[325, [704, 940, 940, 99, 99, 317]]
[326, [720, 938, 938, 99, 90, 314]]
[327, [712, 940, 940, 99, 81, 315]]
[328, [702, 940, 940, 114, 72, 314]]
[329, [718, 938, 938, 114, 63, 311]]
[330, [708, 938, 938, 114, 54, 310]]
[331, [698, 938, 938, 129, 45, 309]]
[332, [716, 938, 938, 129, 36, 308]]
[333, [704, 936, 936, 129, 27, 305]]
[334, [696, 938, 938, 144, 18, 306]]
[335, [714, 938, 938, 0, 153, 305]]
[336, [702, 936, 936, 0, 144, 302]]
[337, [692, 936, 936, 0, 135, 301]]
[338, [710, 936, 936, 0, 126, 300]]
[339, [700, 936, 936, 90, 117, 299]]
[340, [688, 934, 934, 120, 108, 296]]
[341, [708, 936, 936, 120, 99, 297]]
[342, [698, 936, 936, 135, 90, 296]]
[343, [686, 934, 934, 135, 81, 293]]
[344, [704, 934, 934, 135, 72, 292]]
[345, [694, 934, 934, 135, 63, 291]]
[346, [684, 934, 934, 135, 54, 290]]
[347, [700, 932, 932, 135, 45, 287]]
[348, [692, 934, 934, 135, 36, 288]]
[349, [682, 934, 934, 135, 27, 287]]
[350, [698, 932, 932, 135, 18, 284]]
[351, [688, 932, 932, 165, 9, 283]]
[352, [678, 932, 932, 21, 144, 282]]
[353, [696, 932, 932, 21, 135, 281]]
[354, [684, 930, 930, 36, 126, 278]]
[355, [676, 932, 932, 36, 117, 279]]
[356, [694, 932, 932, 36, 108, 278]]
[357, [682, 930, 930, 36, 99, 275]]
[358, [672, 930, 930, 36, 90, 274]]
[359, [690, 930, 930, 126, 81, 273]]
[360, [680, 930, 930, 156, 72, 272]]
[361, [668, 928, 928, 12, 207, 269]]
[362, [688, 930, 930, 27, 198, 270]]
[363, [678, 930, 930, 27, 189, 269]]
[364, [666, 928, 928, 27, 180, 266]]
[365, [684, 928, 928, 27, 171, 265]]
[366, [674, 928, 928, 27, 162, 264]]
[367, [664, 928, 928, 27, 153, 263]]
[368, [680, 926, 926, 27, 144, 260]]
[369, [672, 928, 928, 27, 135, 261]]
[370, [662, 928, 928, 27, 126, 260]]
[371, [678, 926, 926, 57, 117, 257]]
[372, [668, 926, 926, 57, 108, 256]]
[373, [658, 926, 926, 57, 99, 255]]
[374, [676, 926, 926, 72, 90, 254]]
[375, [664, 924, 924, 72, 81, 251]]
[376, [656, 926, 926, 72, 72, 252]]
[377, [674, 926, 926, 72, 63, 251]]
[378, [662, 924, 924, 72, 54, 248]]
[379, [652, 924, 924, 147, 45, 247]]
[380, [670, 924, 924, 33, 180, 246]]
[381, [660, 924, 924, 48, 171, 245]]
[382, [648, 922, 922, 63, 162, 242]]
[383, [668, 924, 924, 63, 153, 243]]
[384, [658, 924, 924, 63, 144, 242]]
[385, [648, 924, 924, 63, 135, 241]]
[386, [666, 924, 924, 63, 126, 240]]
[387, [656, 924, 924, 63, 117, 239]]
[388, [646, 924, 924, 63, 108, 238]]
[389, [662, 922, 922, 63, 99, 235]]
[390, [654, 924, 924, 63, 90, 236]]
[391, [644, 924, 924, 93, 81, 235]]
[392, [662, 924, 924, 93, 72, 234]]
[393, [652, 924, 924, 93, 63, 233]]
[394, [642, 924, 924, 108, 54, 232]]
[395, [660, 924, 924, 108, 45, 231]]
[396, [648, 922, 922, 108, 36, 228]]
[397, [640, 924, 924, 108, 27, 229]]
[398, [658, 924, 924, 108, 18, 228]]
[399, [650, 926, 926, 183, 9, 229]]
[400, [640, 926, 926, 69, 144, 228]]
[401, [660, 928, 928, 84, 135, 229]]
[402, [650, 928, 928, 99, 126, 228]]
[403, [638, 926, 926, 99, 117, 225]]
[404, [660, 930, 930, 99, 108, 228]]
[405, [650, 930, 930, 99, 99, 227]]
[406, [642, 932, 932, 99, 90, 228]]
[407, [662, 934, 934, 99, 81, 229]]
[408, [654, 936, 936, 99, 72, 230]]
[409, [646, 938, 938, 99, 63, 231]]
[410, [662, 936, 936, 99, 54, 228]]
[411, [656, 940, 940, 129, 45, 231]]
[412, [646, 940, 940, 129, 36, 230]]
[413, [668, 944, 944, 129, 27, 233]]
[414, [658, 944, 944, 144, 18, 232]]
[415, [650, 946, 946, 0, 153, 233]]
[416, [672, 950, 950, 0, 144, 236]]
[417, [664, 952, 952, 0, 135, 237]]
[418, [658, 956, 956, 0, 126, 240]]
[419, [680, 960, 960, 75, 117, 243]]
[420, [674, 964, 964, 105, 108, 246]]
[421, [668, 968, 968, 105, 99, 249]]
[422, [692, 974, 974, 120, 90, 254]]
[423, [690, 982, 982, 120, 81, 261]]
[424, [684, 986, 986, 120, 72, 264]]
[425, [708, 992, 992, 120, 63, 269]]
[426, [706, 1000, 1000, 120, 54, 276]]
[427, [700, 1004, 1004, 120, 45, 279]]
[428, [722, 1008, 1008, 120, 36, 282]]
[429, [718, 1014, 1014, 135, 27, 287]]
[430, [714, 1020, 1020, 135, 18, 292]]
[431, [740, 1028, 1028, 165, 9, 299]]
[432, [738, 1036, 1036, 21, 144, 306]]
[433, [736, 1044, 1044, 21, 135, 313]]
[434, [760, 1050, 1050, 36, 126, 318]]
[435, [756, 1056, 1056, 36, 117, 323]]
[436, [752, 1062, 1062, 36, 108, 328]]
[437, [778, 1070, 1070, 36, 99, 335]]
[438, [774, 1076, 1076, 36, 90, 340]]
[439, [774, 1086, 1086, 111, 81, 349]]
[440, [800, 1094, 1094, 141, 72, 356]]
[441, [800, 1104, 1104, 141, 63, 365]]
[442, [794, 1108, 1108, 156, 54, 368]]
[443, [820, 1116, 1116, 12, 189, 375]]
[444, [818, 1124, 1124, 12, 180, 382]]
[445, [814, 1130, 1130, 12, 171, 387]]
[446, [838, 1136, 1136, 12, 162, 392]]
[447, [836, 1144, 1144, 12, 153, 399]]
[448, [832, 1150, 1150, 12, 144, 404]]
[449, [854, 1154, 1154, 27, 135, 407]]
[450, [848, 1158, 1158, 27, 126, 410]]
[451, [842, 1162, 1162, 57, 117, 413]]
[452, [862, 1164, 1164, 57, 108, 414]]
[453, [856, 1168, 1168, 57, 99, 417]]
[454, [852, 1174, 1174, 72, 90, 422]]
[455, [872, 1176, 1176, 72, 81, 423]]
[456, [866, 1180, 1180, 72, 72, 426]]
[457, [858, 1182, 1182, 72, 63, 427]]
[458, [880, 1186, 1186, 72, 54, 430]]
[459, [872, 1188, 1188, 147, 45, 431]]
[460, [862, 1188, 1188, 33, 180, 430]]
[461, [884, 1192, 1192, 33, 171, 433]]
[462, [874, 1192, 1192, 48, 162, 432]]
[463, [866, 1194, 1194, 48, 153, 433]]
[464, [884, 1194, 1194, 48, 144, 432]]
[465, [876, 1196, 1196, 48, 135, 433]]
[466, [866, 1196, 1196, 48, 126, 432]]
[467, [884, 1196, 1196, 48, 117, 431]]
[468, [876, 1198, 1198, 48, 108, 432]]
[469, [866, 1198, 1198, 63, 99, 431]]
[470, [882, 1196, 1196, 63, 90, 428]]
[471, [872, 1196, 1196, 93, 81, 427]]
[472, [862, 1196, 1196, 93, 72, 426]]
[473, [880, 1196, 1196, 93, 63, 425]]
[474, [868, 1194, 1194, 108, 54, 422]]
[475, [860, 1196, 1196, 108, 45, 423]]
[476, [878, 1196, 1196, 108, 36, 422]]
[477, [866, 1194, 1194, 108, 27, 419]]
[478, [856, 1194, 1194, 108, 18, 418]]
[479, [874, 1194, 1194, 183, 9, 417]]
[480, [864, 1194, 1194, 69, 144, 416]]
[481, [852, 1192, 1192, 69, 135, 413]]
[482, [872, 1194, 1194, 84, 126, 414]]
[483, [862, 1194, 1194, 84, 117, 413]]
[484, [850, 1192, 1192, 84, 108, 410]]
[485, [868, 1192, 1192, 84, 99, 409]]
[486, [858, 1192, 1192, 84, 90, 408]]
[487, [848, 1192, 1192, 84, 81, 407]]
[488, [864, 1190, 1190, 84, 72, 404]]
[489, [856, 1192, 1192, 99, 63, 405]]
[490, [846, 1192, 1192, 99, 54, 404]]
[491, [862, 1190, 1190, 129, 45, 401]]
[492, [852, 1190, 1190, 129, 36, 400]]
[493, [842, 1190, 1190, 129, 27, 399]]
[494, [860, 1190, 1190, 144, 18, 398]]
[495, [848, 1188, 1188, 0, 153, 395]]
[496, [840, 1190, 1190, 0, 144, 396]]
[497, [858, 1190, 1190, 0, 135, 395]]
[498, [846, 1188, 1188, 0, 126, 392]]
[499, [836, 1188, 1188, 75, 117, 391]]
[500, [854, 1188, 1188, 105, 108, 390]]
[501, [844, 1188, 1188, 105, 99, 389]]
[502, [832, 1186, 1186, 120, 90, 386]]
[503, [852, 1188, 1188, 120, 81, 387]]
[504, [842, 1188, 1188, 120, 72, 386]]
[505, [830, 1186, 1186, 120, 63, 383]]
[506, [848, 1186, 1186, 120, 54, 382]]
[507, [838, 1186, 1186, 120, 45, 381]]
[508, [828, 1186, 1186, 120, 36, 380]]
[509, [844, 1184, 1184, 135, 27, 377]]
[510, [836, 1186, 1186, 135, 18, 378]]
[511, [826, 1186, 1186, 165, 9, 377]]
[512, [842, 1184, 1184, 21, 144, 374]]
[513, [832, 1184, 1184, 21, 135, 373]]
[514, [822, 1184, 1184, 36, 126, 372]]
[515, [840, 1184, 1184, 36, 117, 371]]
[516, [828, 1182, 1182, 36, 108, 368]]
[517, [820, 1184, 1184, 36, 99, 369]]
[518, [838, 1184, 1184, 36, 90, 368]]
[519, [826, 1182, 1182, 111, 81, 365]]
[520, [816, 1182, 1182, 141, 72, 364]]
[521, [834, 1182, 1182, 141, 63, 363]]
[522, [824, 1182, 1182, 156, 54, 362]]
[523, [812, 1180, 1180, 12, 189, 359]]
[524, [832, 1182, 1182, 12, 180, 360]]
[525, [822, 1182, 1182, 12, 171, 359]]
[526, [810, 1180, 1180, 12, 162, 356]]
[527, [828, 1180, 1180, 12, 153, 355]]
[528, [818, 1180, 1180, 12, 144, 354]]
[529, [808, 1180, 1180, 27, 135, 353]]
[530, [824, 1178, 1178, 27, 126, 350]]
[531, [816, 1180, 1180, 57, 117, 351]]
[532, [806, 1180, 1180, 57, 108, 350]]
[533, [822, 1178, 1178, 57, 99, 347]]
[534, [812, 1178, 1178, 72, 90, 346]]
[535, [802, 1178, 1178, 72, 81, 345]]
[536, [820, 1178, 1178, 72, 72, 344]]
[537, [808, 1176, 1176, 72, 63, 341]]
[538, [800, 1178, 1178, 72, 54, 342]]
[539, [818, 1178, 1178, 147, 45, 341]]
[540, [808, 1178, 1178, 33, 180, 340]]
[541, [798, 1178, 1178, 33, 171, 339]]
[542, [816, 1178, 1178, 48, 162, 338]]
[543, [806, 1178, 1178, 48, 153, 337]]
[544, [794, 1176, 1176, 48, 144, 334]]
[545, [814, 1178, 1178, 48, 135, 335]]
[546, [804, 1178, 1178, 48, 126, 334]]
[547, [794, 1178, 1178, 48, 117, 333]]
[548, [812, 1178, 1178, 48, 108, 332]]
[549, [802, 1178, 1178, 48, 99, 331]]
[550, [792, 1178, 1178, 48, 90, 330]]
[551, [808, 1176, 1176, 93, 81, 327]]
[552, [800, 1178, 1178, 93, 72, 328]]
[553, [790, 1178, 1178, 93, 63, 327]]
[554, [808, 1178, 1178, 108, 54, 326]]
[555, [798, 1178, 1178, 108, 45, 325]]
[556, [790, 1180, 1180, 108, 36, 326]]
[557, [808, 1180, 1180, 108, 27, 325]]
[558, [798, 1180, 1180, 108, 18, 324]]
[559, [790, 1182, 1182, 183, 9, 325]]
[560, [810, 1184, 1184, 69, 144, 326]]
[561, [800, 1184, 1184, 69, 135, 325]]
[562, [790, 1184, 1184, 84, 126, 324]]
[563, [810, 1186, 1186, 84, 117, 325]]
[564, [804, 1190, 1190, 84, 108, 328]]
[565, [794, 1190, 1190, 84, 99, 327]]
[566, [818, 1196, 1196, 84, 90, 332]]
[567, [812, 1200, 1200, 84, 81, 335]]
[568, [802, 1200, 1200, 84, 72, 334]]
[569, [822, 1202, 1202, 84, 63, 335]]
[570, [818, 1208, 1208, 84, 54, 340]]
[571, [816, 1216, 1216, 114, 45, 347]]
[572, [840, 1222, 1222, 114, 36, 352]]
[573, [836, 1228, 1228, 114, 27, 357]]
[574, [834, 1236, 1236, 129, 18, 364]]
[575, [856, 1240, 1240, 129, 9, 367]]
[576, [850, 1244, 1244, 144, 0, 370]]
[577, [846, 1250, 1250, 0, 144, 366]]
[578, [872, 1258, 1258, 0, 135, 373]]
[579, [870, 1266, 1266, 75, 126, 380]]
[580, [868, 1274, 1274, 105, 117, 387]]
[581, [894, 1282, 1282, 105, 108, 394]]
[582, [890, 1288, 1288, 120, 99, 399]]
[583, [886, 1294, 1294, 120, 90, 404]]
[584, [910, 1300, 1300, 120, 81, 409]]
[585, [908, 1308, 1308, 120, 72, 416]]
[586, [906, 1316, 1316, 120, 63, 423]]
[587, [932, 1324, 1324, 120, 54, 430]]
[588, [932, 1334, 1334, 120, 45, 439]]
[589, [930, 1342, 1342, 120, 36, 446]]
[590, [954, 1348, 1348, 120, 27, 451]]
[591, [952, 1356, 1356, 150, 18, 458]]
[592, [950, 1364, 1364, 6, 153, 465]]
[593, [974, 1370, 1370, 6, 144, 470]]
[594, [972, 1378, 1378, 21, 135, 477]]
[595, [968, 1384, 1384, 21, 126, 482]]
[596, [992, 1390, 1390, 36, 117, 487]]
[597, [990, 1398, 1398, 36, 108, 494]]
[598, [984, 1402, 1402, 36, 99, 497]]
[599, [1006, 1406, 1406, 111, 90, 500]]
[600, [998, 1408, 1408, 141, 81, 501]]
[601, [990, 1410, 1410, 141, 72, 502]]
[602, [1014, 1416, 1416, 156, 63, 507]]
[603, [1006, 1418, 1418, 12, 198, 508]]
[604, [1000, 1422, 1422, 12, 189, 511]]
[605, [1022, 1426, 1426, 12, 180, 514]]
[606, [1016, 1430, 1430, 12, 171, 517]]
[607, [1008, 1432, 1432, 12, 162, 518]]
[608, [1026, 1432, 1432, 12, 153, 517]]
[609, [1020, 1436, 1436, 12, 144, 520]]
[610, [1012, 1438, 1438, 12, 135, 521]]
[611, [1032, 1440, 1440, 42, 126, 522]]
[612, [1024, 1442, 1442, 42, 117, 523]]
[613, [1018, 1446, 1446, 42, 108, 526]]
[614, [1036, 1446, 1446, 57, 99, 525]]
[615, [1026, 1446, 1446, 57, 90, 524]]
[616, [1018, 1448, 1448, 72, 81, 525]]
[617, [1036, 1448, 1448, 72, 72, 524]]
[618, [1024, 1446, 1446, 72, 63, 521]]
[619, [1016, 1448, 1448, 132, 54, 522]]
[620, [1036, 1450, 1450, 162, 45, 523]]
[621, [1026, 1450, 1450, 18, 180, 522]]
[622, [1014, 1448, 1448, 48, 171, 519]]
[623, [1034, 1450, 1450, 48, 162, 520]]
[624, [1024, 1450, 1450, 48, 153, 519]]
[625, [1012, 1448, 1448, 48, 144, 516]]
[626, [1030, 1448, 1448, 48, 135, 515]]
[627, [1022, 1450, 1450, 48, 126, 516]]
[628, [1012, 1450, 1450, 48, 117, 515]]
[629, [1028, 1448, 1448, 48, 108, 512]]
[630, [1020, 1450, 1450, 48, 99, 513]]
[631, [1010, 1450, 1450, 78, 90, 512]]
[632, [1026, 1448, 1448, 78, 81, 509]]
[633, [1016, 1448, 1448, 78, 72, 508]]
[634, [1006, 1448, 1448, 93, 63, 507]]
[635, [1024, 1448, 1448, 93, 54, 506]]
[636, [1012, 1446, 1446, 108, 45, 503]]
[637, [1004, 1448, 1448, 108, 36, 504]]
[638, [1022, 1448, 1448, 108, 27, 503]]
[639, [1010, 1446, 1446, 168, 18, 500]]
[640, [1000, 1446, 1446, 54, 153, 499]]
[641, [1018, 1446, 1446, 54, 144, 498]]
[642, [1008, 1446, 1446, 84, 135, 497]]
[643, [996, 1444, 1444, 84, 126, 494]]
[644, [1016, 1446, 1446, 84, 117, 495]]
[645, [1006, 1446, 1446, 84, 108, 494]]
[646, [994, 1444, 1444, 84, 99, 491]]
[647, [1012, 1444, 1444, 84, 90, 490]]
[648, [1002, 1444, 1444, 84, 81, 489]]
[649, [992, 1444, 1444, 84, 72, 488]]
[650, [1008, 1442, 1442, 84, 63, 485]]
[651, [1000, 1444, 1444, 114, 54, 486]]
[652, [990, 1444, 1444, 114, 45, 485]]
[653, [1006, 1442, 1442, 114, 36, 482]]
[654, [996, 1442, 1442, 129, 27, 481]]
[655, [986, 1442, 1442, 129, 18, 480]]
[656, [1004, 1442, 1442, 129, 9, 479]]
[657, [992, 1440, 1440, 129, 0, 476]]
[658, [984, 1442, 1442, 129, 0, 468]]
[659, [1002, 1442, 1442, 189, 0, 458]]
[660, [990, 1440, 1440, 75, 144, 446]]
[661, [980, 1440, 1440, 75, 135, 445]]
[662, [998, 1440, 1440, 105, 126, 444]]
[663, [988, 1440, 1440, 105, 117, 443]]
[664, [976, 1438, 1438, 105, 108, 440]]
[665, [996, 1440, 1440, 105, 99, 441]]
[666, [986, 1440, 1440, 120, 90, 440]]
[667, [974, 1438, 1438, 120, 81, 437]]
[668, [992, 1438, 1438, 120, 72, 436]]
[669, [982, 1438, 1438, 120, 63, 435]]
[670, [972, 1438, 1438, 120, 54, 434]]
[671, [988, 1436, 1436, 150, 45, 431]]
[672, [980, 1438, 1438, 6, 180, 432]]
[673, [970, 1438, 1438, 6, 171, 431]]
[674, [986, 1436, 1436, 21, 162, 428]]
[675, [976, 1436, 1436, 21, 153, 427]]
[676, [966, 1436, 1436, 21, 144, 426]]
[677, [984, 1436, 1436, 21, 135, 425]]
[678, [972, 1434, 1434, 21, 126, 422]]
[679, [964, 1436, 1436, 66, 117, 423]]
[680, [982, 1436, 1436, 96, 108, 422]]
[681, [970, 1434, 1434, 96, 99, 419]]
[682, [960, 1434, 1434, 111, 90, 418]]
[683, [978, 1434, 1434, 111, 81, 417]]
[684, [968, 1434, 1434, 111, 72, 416]]
[685, [956, 1432, 1432, 111, 63, 413]]
[686, [976, 1434, 1434, 126, 54, 414]]
[687, [966, 1434, 1434, 126, 45, 413]]
[688, [954, 1432, 1432, 141, 36, 410]]
[689, [972, 1432, 1432, 141, 27, 409]]
[690, [962, 1432, 1432, 141, 18, 408]]
[691, [952, 1432, 1432, 171, 9, 407]]
[692, [968, 1430, 1430, 27, 144, 404]]
[693, [960, 1432, 1432, 27, 135, 405]]
[694, [950, 1432, 1432, 42, 126, 404]]
[695, [966, 1430, 1430, 42, 117, 401]]
[696, [956, 1430, 1430, 42, 108, 400]]
[697, [946, 1430, 1430, 42, 99, 399]]
[698, [964, 1430, 1430, 57, 90, 398]]
[699, [952, 1428, 1428, 102, 81, 395]]
[700, [944, 1430, 1430, 132, 72, 396]]
[701, [962, 1430, 1430, 132, 63, 395]]
[702, [950, 1428, 1428, 147, 54, 392]]
[703, [940, 1428, 1428, 3, 189, 391]]
[704, [958, 1428, 1428, 3, 180, 390]]
[705, [948, 1428, 1428, 3, 171, 389]]
[706, [936, 1426, 1426, 18, 162, 386]]
[707, [956, 1428, 1428, 18, 153, 387]]
[708, [946, 1428, 1428, 33, 144, 386]]
[709, [934, 1426, 1426, 33, 135, 383]]
[710, [952, 1426, 1426, 33, 126, 382]]
[711, [942, 1426, 1426, 48, 117, 381]]
[712, [932, 1426, 1426, 48, 108, 380]]
[713, [948, 1424, 1424, 48, 99, 377]]
[714, [940, 1426, 1426, 63, 90, 378]]
[715, [930, 1426, 1426, 63, 81, 377]]
[716, [946, 1424, 1424, 63, 72, 374]]
[717, [936, 1424, 1424, 63, 63, 373]]
[718, [926, 1424, 1424, 78, 54, 372]]
[719, [944, 1424, 1424, 138, 45, 371]]
[720, [932, 1422, 1422, 168, 36, 368]]
[721, [924, 1424, 1424, 24, 171, 369]]
[722, [942, 1424, 1424, 39, 162, 368]]
[723, [930, 1422, 1422, 39, 153, 365]]
[724, [920, 1422, 1422, 39, 144, 364]]
[725, [938, 1422, 1422, 39, 135, 363]]
[726, [928, 1422, 1422, 54, 126, 362]]
[727, [916, 1420, 1420, 54, 117, 359]]
[728, [936, 1422, 1422, 69, 108, 360]]
[729, [926, 1422, 1422, 69, 99, 359]]
[730, [914, 1420, 1420, 69, 90, 356]]
[731, [932, 1420, 1420, 84, 81, 355]]
[732, [922, 1420, 1420, 84, 72, 354]]
[733, [912, 1420, 1420, 84, 63, 353]]
[734, [928, 1418, 1418, 99, 54, 350]]
[735, [920, 1420, 1420, 99, 45, 351]]
[736, [910, 1420, 1420, 99, 36, 350]]
[737, [926, 1418, 1418, 99, 27, 347]]
[738, [916, 1418, 1418, 99, 18, 346]]
[739, [906, 1418, 1418, 159, 9, 345]]
[740, [924, 1418, 1418, 45, 144, 344]]
[741, [912, 1416, 1416, 45, 135, 341]]
[742, [904, 1418, 1418, 60, 126, 342]]
[743, [922, 1418, 1418, 60, 117, 341]]
[744, [910, 1416, 1416, 60, 108, 338]]
[745, [900, 1416, 1416, 60, 99, 337]]
[746, [918, 1416, 1416, 75, 90, 336]]
[747, [908, 1416, 1416, 75, 81, 335]]
[748, [896, 1414, 1414, 90, 72, 332]]
[749, [916, 1416, 1416, 90, 63, 333]]
[750, [906, 1416, 1416, 90, 54, 332]]
[751, [894, 1414, 1414, 105, 45, 329]]
[752, [912, 1414, 1414, 105, 36, 328]]
[753, [902, 1414, 1414, 105, 27, 327]]
[754, [892, 1414, 1414, 120, 18, 326]]
[755, [908, 1412, 1412, 120, 9, 323]]
[756, [900, 1414, 1414, 120, 0, 324]]
[757, [890, 1414, 1414, 120, 0, 314]]
[758, [906, 1412, 1412, 120, 0, 302]]
[759, [896, 1412, 1412, 165, 0, 292]]
[760, [886, 1412, 1412, 51, 144, 282]]
[761, [904, 1412, 1412, 51, 135, 281]]
[762, [892, 1410, 1410, 66, 126, 278]]
[763, [884, 1412, 1412, 81, 117, 279]]
[764, [902, 1412, 1412, 81, 108, 278]]
[765, [890, 1410, 1410, 81, 99, 275]]
[766, [880, 1410, 1410, 96, 90, 274]]
[767, [898, 1410, 1410, 111, 81, 273]]
[768, [888, 1410, 1410, 126, 72, 272]]
[769, [876, 1408, 1408, 126, 63, 269]]
[770, [896, 1410, 1410, 126, 54, 270]]
[771, [886, 1410, 1410, 141, 45, 269]]
[772, [874, 1408, 1408, 141, 36, 266]]
[773, [892, 1408, 1408, 141, 27, 265]]
[774, [882, 1408, 1408, 156, 18, 264]]
[775, [872, 1408, 1408, 12, 153, 263]]
[776, [888, 1406, 1406, 12, 144, 260]]
[777, [880, 1408, 1408, 12, 135, 261]]
[778, [870, 1408, 1408, 12, 126, 260]]
[779, [886, 1406, 1406, 57, 117, 257]]
[780, [876, 1406, 1406, 87, 108, 256]]
[781, [866, 1406, 1406, 87, 99, 255]]
[782, [884, 1406, 1406, 102, 90, 254]]
[783, [872, 1404, 1404, 117, 81, 251]]
[784, [864, 1406, 1406, 117, 72, 252]]
[785, [882, 1406, 1406, 117, 63, 251]]
[786, [870, 1404, 1404, 132, 54, 248]]
[787, [860, 1404, 1404, 147, 45, 247]]
[788, [878, 1404, 1404, 18, 180, 246]]
[789, [868, 1404, 1404, 18, 171, 245]]
[790, [856, 1402, 1402, 18, 162, 242]]
[791, [876, 1404, 1404, 18, 153, 243]]
[792, [866, 1404, 1404, 18, 144, 242]]
[793, [854, 1402, 1402, 18, 135, 239]]
[794, [872, 1402, 1402, 33, 126, 238]]
[795, [862, 1402, 1402, 33, 117, 237]]
[796, [852, 1402, 1402, 33, 108, 236]]
[797, [868, 1400, 1400, 33, 99, 233]]
[798, [860, 1402, 1402, 33, 90, 234]]
[799, [850, 1402, 1402, 78, 81, 233]]
[800, [866, 1400, 1400, 108, 72, 230]]
[801, [856, 1400, 1400, 108, 63, 229]]
[802, [846, 1400, 1400, 123, 54, 228]]
[803, [864, 1400, 1400, 138, 45, 227]]
[804, [852, 1398, 1398, 153, 36, 224]]
[805, [844, 1400, 1400, 9, 171, 225]]
[806, [862, 1400, 1400, 24, 162, 224]]
[807, [850, 1398, 1398, 39, 153, 221]]
[808, [840, 1398, 1398, 54, 144, 220]]
[809, [858, 1398, 1398, 54, 135, 219]]
[810, [848, 1398, 1398, 54, 126, 218]]
[811, [836, 1396, 1396, 54, 117, 215]]
[812, [856, 1398, 1398, 54, 108, 216]]
[813, [846, 1398, 1398, 54, 99, 215]]
[814, [834, 1396, 1396, 69, 90, 212]]
[815, [852, 1396, 1396, 69, 81, 211]]
[816, [842, 1396, 1396, 69, 72, 210]]
[817, [832, 1396, 1396, 69, 63, 209]]
[818, [848, 1394, 1394, 69, 54, 206]]
[819, [840, 1396, 1396, 114, 45, 207]]
[820, [830, 1396, 1396, 144, 36, 206]]
[821, [846, 1394, 1394, 0, 171, 203]]
[822, [836, 1394, 1394, 15, 162, 202]]
[823, [826, 1394, 1394, 30, 153, 201]]
[824, [844, 1394, 1394, 45, 144, 200]]
[825, [832, 1392, 1392, 45, 135, 197]]
[826, [824, 1394, 1394, 60, 126, 198]]
[827, [842, 1394, 1394, 75, 117, 197]]
[828, [830, 1392, 1392, 90, 108, 194]]
[829, [820, 1392, 1392, 90, 99, 193]]
[830, [838, 1392, 1392, 90, 90, 192]]
[831, [828, 1392, 1392, 90, 81, 191]]
[832, [816, 1390, 1390, 90, 72, 188]]
[833, [836, 1392, 1392, 90, 63, 189]]
[834, [826, 1392, 1392, 105, 54, 188]]
[835, [814, 1390, 1390, 105, 45, 185]]
[836, [832, 1390, 1390, 105, 36, 184]]
[837, [822, 1390, 1390, 105, 27, 183]]
[838, [812, 1390, 1390, 105, 18, 182]]
[839, [828, 1388, 1388, 150, 9, 179]]
[840, [820, 1390, 1390, 36, 144, 180]]
[841, [810, 1390, 1390, 36, 135, 179]]
[842, [826, 1388, 1388, 51, 126, 176]]
[843, [816, 1388, 1388, 66, 117, 175]]
[844, [806, 1388, 1388, 81, 108, 174]]
[845, [824, 1388, 1388, 81, 99, 173]]
[846, [812, 1386, 1386, 96, 90, 170]]
[847, [804, 1388, 1388, 111, 81, 171]]
[848, [822, 1388, 1388, 126, 72, 170]]
[849, [810, 1386, 1386, 126, 63, 167]]
[850, [800, 1386, 1386, 126, 54, 166]]
[851, [818, 1386, 1386, 126, 45, 165]]
[852, [808, 1386, 1386, 126, 36, 164]]
[853, [796, 1384, 1384, 126, 27, 161]]
[854, [816, 1386, 1386, 141, 18, 162]]
[855, [806, 1386, 1386, 141, 9, 161]]
[856, [794, 1384, 1384, 141, 0, 158]]
[857, [812, 1384, 1384, 141, 0, 148]]
[858, [802, 1384, 1384, 141, 0, 138]]
[859, [792, 1384, 1384, 186, 0, 128]]
[860, [808, 1382, 1382, 72, 144, 116]]
[861, [800, 1384, 1384, 72, 135, 117]]
[862, [790, 1384, 1384, 87, 126, 116]]
[863, [806, 1382, 1382, 102, 117, 113]]
[864, [796, 1382, 1382, 117, 108, 112]]
[865, [786, 1382, 1382, 117, 99, 111]]
[866, [804, 1382, 1382, 132, 90, 110]]
[867, [792, 1380, 1380, 147, 81, 107]]
[868, [784, 1382, 1382, 18, 216, 108]]
[869, [802, 1382, 1382, 18, 207, 107]]
[870, [790, 1380, 1380, 18, 198, 104]]
[871, [780, 1380, 1380, 18, 189, 103]]
[872, [798, 1380, 1380, 18, 180, 102]]
[873, [788, 1380, 1380, 18, 171, 101]]
[874, [776, 1378, 1378, 33, 162, 98]]
[875, [796, 1380, 1380, 33, 153, 99]]
[876, [786, 1380, 1380, 33, 144, 98]]
[877, [774, 1378, 1378, 33, 135, 95]]
[878, [792, 1378, 1378, 33, 126, 94]]
[879, [782, 1378, 1378, 78, 117, 93]]
[880, [772, 1378, 1378, 108, 108, 92]]
[881, [788, 1376, 1376, 108, 99, 89]]
[882, [780, 1378, 1378, 123, 90, 90]]
[883, [770, 1378, 1378, 138, 81, 89]]
[884, [786, 1376, 1376, 153, 72, 86]]
[885, [776, 1376, 1376, 9, 207, 85]]
[886, [766, 1376, 1376, 24, 198, 84]]
[887, [784, 1376, 1376, 39, 189, 83]]
[888, [772, 1374, 1374, 54, 180, 80]]
[889, [764, 1376, 1376, 54, 171, 81]]
[890, [782, 1376, 1376, 54, 162, 80]]
[891, [770, 1374, 1374, 54, 153, 77]]
[892, [760, 1374, 1374, 54, 144, 76]]
[893, [778, 1374, 1374, 54, 135, 75]]
[894, [768, 1374, 1374, 69, 126, 74]]
[895, [756, 1372, 1372, 69, 117, 71]]
[896, [776, 1374, 1374, 69, 108, 72]]
[897, [766, 1374, 1374, 69, 99, 71]]
[898, [754, 1372, 1372, 69, 90, 68]]
[899, [772, 1372, 1372, 114, 81, 67]]
[900, [762, 1372, 1372, 144, 72, 66]]
[901, [752, 1372, 1372, 0, 207, 65]]
[902, [768, 1370, 1370, 15, 198, 62]]
[903, [760, 1372, 1372, 30, 189, 63]]
[904, [750, 1372, 1372, 45, 180, 62]]
[905, [766, 1370, 1370, 45, 171, 59]]
[906, [756, 1370, 1370, 60, 162, 58]]
[907, [746, 1370, 1370, 75, 153, 57]]
[908, [764, 1370, 1370, 90, 144, 56]]
[909, [752, 1368, 1368, 90, 135, 53]]
[910, [744, 1370, 1370, 90, 126, 54]]
[911, [762, 1370, 1370, 90, 117, 53]]
[912, [750, 1368, 1368, 90, 108, 50]]
[913, [740, 1368, 1368, 90, 99, 49]]
[914, [758, 1368, 1368, 105, 90, 48]]
[915, [748, 1368, 1368, 105, 81, 47]]
[916, [736, 1366, 1366, 105, 72, 44]]
[917, [756, 1368, 1368, 105, 63, 45]]
[918, [746, 1368, 1368, 105, 54, 44]]
[919, [734, 1366, 1366, 150, 45, 41]]
[920, [752, 1366, 1366, 36, 180, 40]]
[921, [742, 1366, 1366, 36, 171, 39]]
[922, [732, 1366, 1366, 51, 162, 38]]
[923, [748, 1364, 1364, 66, 153, 35]]
[924, [740, 1366, 1366, 81, 144, 36]]
[925, [730, 1366, 1366, 81, 135, 35]]
[926, [746, 1364, 1364, 96, 126, 32]]
[927, [736, 1364, 1364, 111, 117, 31]]
[928, [726, 1364, 1364, 126, 108, 30]]
[929, [744, 1364, 1364, 126, 99, 29]]
[930, [732, 1362, 1362, 126, 90, 26]]
[931, [724, 1364, 1364, 126, 81, 27]]
[932, [742, 1364, 1364, 126, 72, 26]]
[933, [730, 1362, 1362, 126, 63, 23]]
[934, [720, 1362, 1362, 141, 54, 22]]
[935, [738, 1362, 1362, 141, 45, 21]]
[936, [728, 1362, 1362, 141, 36, 20]]
[937, [716, 1360, 1360, 141, 27, 17]]
[938, [736, 1362, 1362, 141, 18, 18]]
[939, [726, 1362, 1362, 186, 9, 17]]
[940, [714, 1360, 1360, 72, 144, 14]]
[941, [732, 1360, 1360, 72, 135, 13]]
[942, [722, 1360, 1360, 87, 126, 12]]
[943, [712, 1360, 1360, 102, 117, 11]]
[944, [728, 1358, 1358, 117, 108, 8]]
[945, [720, 1360, 1360, 117, 99, 9]]
[946, [710, 1360, 1360, 132, 90, 8]]
[947, [726, 1358, 1358, 147, 81, 5]]
[948, [716, 1358, 1358, 18, 216, 4]]
[949, [706, 1358, 1358, 18, 207, 3]]
[950, [724, 1358, 1358, 18, 198, 2]]
[951, [714, 1358, 1358, 18, 189, 1]]
[952, [704, 1358, 1358, 18, 180, 0]]
[953, [724, 1360, 1360, 18, 171, 1]]
[954, [714, 1360, 1360, 33, 162, 0]]
[955, [706, 1362, 1362, 33, 153, 1]]
[956, [724, 1362, 1362, 33, 144, 0]]
[957, [716, 1364, 1364, 33, 135, 1]]
[958, [706, 1364, 1364, 33, 126, 0]]
[959, [726, 1366, 1366, 78, 117, 1]]
