SimulationV05.py[0, [0, 16, 16, 0, 0, 0]]
[1, [0, 32, 32, 0, 0, 0]]
[2, [48, 48, 48, 0, 0, 0]]
[3, [48, 64, 64, 0, 0, 0]]
[4, [48, 80, 80, 0, 0, 0]]
[5, [96, 96, 96, 0, 0, 0]]
[6, [96, 112, 112, 0, 0, 0]]
[7, [96, 128, 128, 0, 0, 0]]
[8, [144, 144, 144, 0, 0, 0]]
[9, [144, 160, 160, 0, 0, 0]]
[10, [144, 176, 176, 0, 0, 0]]
[11, [192, 192, 192, 0, 0, 0]]
[12, [192, 208, 208, 0, 0, 0]]
[13, [192, 224, 224, 0, 0, 0]]
[14, [240, 240, 240, 0, 0, 0]]
[15, [240, 256, 256, 0, 0, 0]]
[16, [240, 272, 272, 0, 0, 0]]
[17, [288, 288, 288, 0, 0, 0]]
[18, [288, 304, 304, 0, 0, 0]]
[19, [288, 320, 320, 330, 0, 0]]
[20, [336, 336, 336, 186, 144, 0]]
[21, [192, 208, 208, 42, 144, 0]]
[22, [48, 80, 80, 42, 0, 0]]
[23, [96, 96, 96, 42, 0, 0]]
[24, [96, 112, 112, 42, 0, 0]]
[25, [96, 128, 128, 42, 0, 0]]
[26, [144, 144, 144, 42, 0, 0]]
[27, [144, 160, 160, 42, 0, 0]]
[28, [144, 176, 176, 42, 0, 0]]
[29, [192, 192, 192, 42, 0, 0]]
[30, [192, 208, 208, 42, 0, 0]]
[31, [192, 224, 224, 42, 0, 0]]
[32, [240, 240, 240, 42, 0, 0]]
[33, [240, 256, 256, 42, 0, 0]]
[34, [240, 272, 272, 42, 0, 0]]
[35, [288, 288, 288, 42, 0, 0]]
[36, [288, 304, 304, 42, 0, 0]]
[37, [288, 320, 320, 42, 0, 0]]
[38, [336, 336, 336, 42, 0, 0]]
[39, [336, 352, 352, 357, 0, 0]]
[40, [336, 368, 368, 213, 144, 0]]
[41, [240, 240, 240, 69, 144, 0]]
[42, [96, 112, 112, 69, 0, 0]]
[43, [96, 128, 128, 69, 0, 0]]
[44, [144, 144, 144, 69, 0, 0]]
[45, [144, 160, 160, 69, 0, 0]]
[46, [144, 176, 176, 69, 0, 0]]
[47, [192, 192, 192, 69, 0, 0]]
[48, [192, 208, 208, 69, 0, 0]]
[49, [192, 224, 224, 69, 0, 0]]
[50, [240, 240, 240, 69, 0, 0]]
[51, [240, 256, 256, 69, 0, 0]]
[52, [240, 272, 272, 69, 0, 0]]
[53, [288, 288, 288, 69, 0, 0]]
[54, [288, 304, 304, 69, 0, 0]]
[55, [288, 320, 320, 69, 0, 0]]
[56, [336, 336, 336, 69, 0, 0]]
[57, [336, 352, 352, 69, 0, 0]]
[58, [336, 368, 368, 69, 0, 0]]
[59, [384, 384, 384, 354, 0, 0]]
[60, [384, 400, 400, 225, 144, 0]]
[61, [240, 272, 272, 81, 144, 0]]
[62, [144, 144, 144, 81, 0, 0]]
[63, [144, 160, 160, 96, 0, 0]]
[64, [144, 176, 176, 96, 0, 0]]
[65, [192, 192, 192, 96, 0, 0]]
[66, [192, 208, 208, 96, 0, 0]]
[67, [192, 224, 224, 96, 0, 0]]
[68, [240, 240, 240, 96, 0, 0]]
[69, [240, 256, 256, 96, 0, 0]]
[70, [240, 272, 272, 111, 0, 0]]
[71, [288, 288, 288, 111, 0, 0]]
[72, [288, 304, 304, 111, 0, 0]]
[73, [288, 320, 320, 111, 0, 0]]
[74, [336, 336, 336, 111, 0, 0]]
[75, [336, 352, 352, 111, 0, 0]]
[76, [336, 368, 368, 111, 0, 0]]
[77, [384, 384, 384, 111, 0, 0]]
[78, [384, 400, 400, 111, 0, 0]]
[79, [384, 416, 416, 381, 0, 0]]
[80, [432, 432, 432, 252, 144, 0]]
[81, [288, 304, 304, 123, 144, 0]]
[82, [144, 176, 176, 123, 0, 0]]
[83, [192, 192, 192, 138, 0, 0]]
[84, [192, 208, 208, 138, 0, 0]]
[85, [192, 224, 224, 138, 0, 0]]
[86, [240, 240, 240, 138, 0, 0]]
[87, [240, 256, 256, 138, 0, 0]]
[88, [240, 272, 272, 138, 0, 0]]
[89, [288, 288, 288, 138, 0, 0]]
[90, [288, 304, 304, 153, 0, 0]]
[91, [288, 320, 320, 9, 144, 0]]
[92, [192, 192, 192, 9, 0, 0]]
[93, [192, 208, 208, 9, 0, 0]]
[94, [192, 224, 224, 9, 0, 0]]
[95, [240, 240, 240, 9, 0, 0]]
[96, [240, 256, 256, 9, 0, 0]]
[97, [240, 272, 272, 9, 0, 0]]
[98, [288, 288, 288, 9, 0, 0]]
[99, [288, 304, 304, 264, 0, 0]]
[100, [288, 320, 320, 135, 144, 0]]
[101, [192, 192, 192, 150, 0, 0]]
[102, [192, 208, 208, 6, 144, 0]]
[103, [48, 80, 80, 21, 0, 0]]
[104, [96, 96, 96, 21, 0, 0]]
[105, [96, 112, 112, 21, 0, 0]]
[106, [96, 128, 128, 21, 0, 0]]
[107, [144, 144, 144, 21, 0, 0]]
[108, [144, 160, 160, 21, 0, 0]]
[109, [144, 176, 176, 21, 0, 0]]
[110, [192, 192, 192, 36, 0, 0]]
[111, [192, 208, 208, 36, 0, 0]]
[112, [192, 224, 224, 36, 0, 0]]
[113, [240, 240, 240, 36, 0, 0]]
[114, [240, 256, 256, 36, 0, 0]]
[115, [240, 272, 272, 36, 0, 0]]
[116, [288, 288, 288, 36, 0, 0]]
[117, [288, 304, 304, 36, 0, 0]]
[118, [288, 320, 320, 36, 0, 0]]
[119, [336, 336, 336, 276, 0, 0]]
[120, [336, 352, 352, 147, 144, 0]]
[121, [196, 228, 228, 18, 144, 4]]
[122, [244, 244, 244, 18, 0, 148]]
[123, [244, 260, 260, 33, 0, 148]]
[124, [244, 276, 276, 48, 0, 148]]
[125, [292, 292, 292, 48, 0, 148]]
[126, [292, 308, 308, 48, 0, 148]]
[127, [292, 324, 324, 48, 0, 148]]
[128, [268, 268, 268, 48, 0, 76]]
[129, [268, 284, 284, 48, 0, 76]]
[130, [266, 298, 298, 48, 0, 74]]
[131, [314, 314, 314, 48, 0, 74]]
[132, [314, 330, 330, 48, 0, 74]]
[133, [314, 346, 346, 48, 0, 74]]
[134, [362, 362, 362, 48, 0, 74]]
[135, [342, 358, 358, 48, 0, 54]]
[136, [342, 374, 374, 48, 0, 54]]
[137, [362, 362, 362, 48, 0, 26]]
[138, [362, 378, 378, 48, 0, 26]]
[139, [350, 382, 382, 288, 0, 14]]
[140, [384, 384, 384, 159, 144, 0]]
[141, [372, 388, 388, 30, 144, 132]]
[142, [356, 388, 388, 30, 0, 260]]
[143, [390, 390, 390, 45, 0, 246]]
[144, [346, 362, 362, 60, 0, 202]]
[145, [336, 368, 368, 60, 0, 192]]
[146, [358, 358, 358, 60, 0, 166]]
[147, [336, 352, 352, 60, 0, 144]]
[148, [308, 340, 340, 60, 0, 116]]
[149, [336, 336, 336, 60, 0, 96]]
[150, [312, 328, 328, 75, 0, 72]]
[151, [268, 300, 300, 75, 0, 28]]
[152, [306, 306, 306, 75, 0, 18]]
[153, [288, 304, 304, 75, 0, 0]]
[154, [288, 320, 320, 75, 0, 0]]
[155, [336, 336, 336, 90, 0, 0]]
[156, [336, 352, 352, 90, 0, 0]]
[157, [336, 368, 368, 90, 0, 0]]
[158, [384, 384, 384, 90, 0, 0]]
[159, [384, 400, 400, 330, 0, 0]]
[160, [384, 416, 416, 201, 144, 0]]
[161, [288, 288, 288, 72, 144, 0]]
[162, [188, 204, 204, 72, 0, 44]]
[163, [188, 220, 220, 87, 0, 44]]
[164, [192, 192, 192, 102, 0, 0]]
[165, [192, 208, 208, 102, 0, 0]]
[166, [192, 224, 224, 102, 0, 0]]
[167, [240, 240, 240, 102, 0, 0]]
[168, [240, 256, 256, 102, 0, 0]]
[169, [240, 272, 272, 102, 0, 0]]
[170, [288, 288, 288, 117, 0, 0]]
[171, [288, 304, 304, 117, 0, 0]]
[172, [288, 320, 320, 117, 0, 0]]
[173, [336, 336, 336, 117, 0, 0]]
[174, [336, 352, 352, 117, 0, 0]]
[175, [336, 368, 368, 132, 0, 0]]
[176, [384, 384, 384, 132, 0, 0]]
[177, [384, 400, 400, 132, 0, 0]]
[178, [384, 416, 416, 132, 0, 0]]
[179, [432, 432, 432, 357, 0, 0]]
[180, [432, 448, 448, 213, 144, 0]]
[181, [288, 320, 320, 84, 144, 0]]
[182, [192, 192, 192, 84, 0, 0]]
[183, [192, 208, 208, 114, 0, 0]]
[184, [192, 224, 224, 129, 0, 0]]
[185, [240, 240, 240, 129, 0, 0]]
[186, [240, 256, 256, 129, 0, 0]]
[187, [240, 272, 272, 129, 0, 0]]
[188, [288, 288, 288, 129, 0, 0]]
[189, [288, 304, 304, 129, 0, 0]]
[190, [288, 320, 320, 144, 0, 0]]
[191, [336, 336, 336, 15, 144, 0]]
[192, [192, 208, 208, 15, 0, 0]]
[193, [192, 224, 224, 15, 0, 0]]
[194, [240, 240, 240, 15, 0, 0]]
[195, [240, 256, 256, 30, 0, 0]]
[196, [240, 272, 272, 30, 0, 0]]
[197, [288, 288, 288, 30, 0, 0]]
[198, [288, 304, 304, 30, 0, 0]]
[199, [288, 320, 320, 255, 0, 0]]
[200, [336, 336, 336, 111, 144, 0]]
[201, [192, 208, 208, 126, 0, 0]]
[202, [192, 224, 224, 126, 0, 0]]
[203, [240, 240, 240, 156, 0, 0]]
[204, [240, 256, 256, 27, 144, 0]]
[205, [96, 128, 128, 27, 0, 0]]
[206, [144, 144, 144, 27, 0, 0]]
[207, [144, 160, 160, 27, 0, 0]]
[208, [144, 176, 176, 27, 0, 0]]
[209, [192, 192, 192, 27, 0, 0]]
[210, [192, 208, 208, 42, 0, 0]]
[211, [192, 224, 224, 57, 0, 0]]
[212, [240, 240, 240, 57, 0, 0]]
[213, [240, 256, 256, 57, 0, 0]]
[214, [240, 272, 272, 57, 0, 0]]
[215, [288, 288, 288, 72, 0, 0]]
[216, [288, 304, 304, 72, 0, 0]]
[217, [288, 320, 320, 72, 0, 0]]
[218, [336, 336, 336, 72, 0, 0]]
[219, [336, 352, 352, 297, 0, 0]]
[220, [336, 368, 368, 153, 144, 0]]
[221, [240, 240, 240, 24, 144, 0]]
[222, [96, 112, 112, 24, 0, 0]]
[223, [96, 128, 128, 54, 0, 0]]
[224, [144, 144, 144, 69, 0, 0]]
[225, [144, 160, 160, 69, 0, 0]]
[226, [144, 176, 176, 69, 0, 0]]
[227, [192, 192, 192, 69, 0, 0]]
[228, [192, 208, 208, 69, 0, 0]]
[229, [192, 224, 224, 69, 0, 0]]
[230, [240, 240, 240, 84, 0, 0]]
[231, [240, 256, 256, 99, 0, 0]]
[232, [240, 272, 272, 99, 0, 0]]
[233, [288, 288, 288, 99, 0, 0]]
[234, [288, 304, 304, 99, 0, 0]]
[235, [288, 320, 320, 114, 0, 0]]
[236, [336, 336, 336, 114, 0, 0]]
[237, [336, 352, 352, 114, 0, 0]]
[238, [336, 368, 368, 114, 0, 0]]
[239, [384, 384, 384, 324, 0, 0]]
[240, [384, 400, 400, 195, 144, 0]]
[241, [240, 272, 272, 66, 144, 0]]
[242, [144, 144, 144, 66, 0, 0]]
[243, [144, 160, 160, 96, 0, 0]]
[244, [144, 176, 176, 111, 0, 0]]
[245, [192, 192, 192, 111, 0, 0]]
[246, [192, 208, 208, 111, 0, 0]]
[247, [192, 224, 224, 111, 0, 0]]
[248, [240, 240, 240, 111, 0, 0]]
[249, [240, 256, 256, 111, 0, 0]]
[250, [240, 272, 272, 126, 0, 0]]
[251, [288, 288, 288, 141, 0, 0]]
[252, [288, 304, 304, 141, 0, 0]]
[253, [288, 320, 320, 141, 0, 0]]
[254, [336, 336, 336, 141, 0, 0]]
[255, [336, 352, 352, 156, 0, 0]]
[256, [336, 368, 368, 12, 144, 0]]
[257, [240, 240, 240, 12, 0, 0]]
[258, [240, 256, 256, 12, 0, 0]]
[259, [240, 272, 272, 207, 0, 0]]
[260, [288, 288, 288, 78, 144, 0]]
[261, [188, 204, 204, 93, 0, 44]]
[262, [188, 220, 220, 93, 0, 44]]
[263, [236, 236, 236, 123, 0, 44]]
[264, [192, 208, 208, 138, 0, 0]]
[265, [192, 224, 224, 153, 0, 0]]
[266, [240, 240, 240, 9, 144, 0]]
[267, [196, 212, 212, 9, 0, 100]]
[268, [118, 150, 150, 9, 0, 22]]
[269, [166, 166, 166, 9, 0, 22]]
[270, [166, 182, 182, 24, 0, 22]]
[271, [144, 176, 176, 24, 0, 0]]
[272, [192, 192, 192, 24, 0, 0]]
[273, [192, 208, 208, 24, 0, 0]]
[274, [192, 224, 224, 24, 0, 0]]
[275, [240, 240, 240, 39, 0, 0]]
[276, [240, 256, 256, 39, 0, 0]]
[277, [240, 272, 272, 39, 0, 0]]
[278, [288, 288, 288, 39, 0, 0]]
[279, [288, 304, 304, 234, 0, 0]]
[280, [288, 320, 320, 105, 144, 0]]
[281, [252, 252, 252, 120, 0, 60]]
[282, [246, 262, 262, 120, 0, 54]]
[283, [244, 276, 276, 150, 0, 52]]
[284, [288, 288, 288, 21, 144, 48]]
[285, [284, 300, 300, 36, 0, 188]]
[286, [278, 310, 310, 36, 0, 182]]
[287, [324, 324, 324, 36, 0, 180]]
[288, [262, 278, 278, 36, 0, 118]]
[289, [250, 282, 282, 36, 0, 106]]
[290, [296, 296, 296, 51, 0, 104]]
[291, [292, 308, 308, 66, 0, 100]]
[292, [288, 320, 320, 66, 0, 96]]
[293, [294, 294, 294, 66, 0, 54]]
[294, [288, 304, 304, 66, 0, 48]]
[295, [240, 272, 272, 81, 0, 0]]
[296, [288, 288, 288, 81, 0, 0]]
[297, [288, 304, 304, 81, 0, 0]]
[298, [288, 320, 320, 81, 0, 0]]
[299, [336, 336, 336, 276, 0, 0]]
[300, [336, 352, 352, 147, 144, 0]]
[301, [212, 244, 244, 18, 144, 20]]
[302, [216, 216, 216, 18, 0, 120]]
[303, [194, 210, 210, 48, 0, 98]]
[304, [170, 202, 202, 63, 0, 74]]
[305, [212, 212, 212, 78, 0, 68]]
[306, [202, 218, 218, 78, 0, 58]]
[307, [182, 214, 214, 78, 0, 38]]
[308, [192, 192, 192, 78, 0, 0]]
[309, [192, 208, 208, 78, 0, 0]]
[310, [192, 224, 224, 93, 0, 0]]
[311, [240, 240, 240, 108, 0, 0]]
[312, [240, 256, 256, 108, 0, 0]]
[313, [240, 272, 272, 108, 0, 0]]
[314, [288, 288, 288, 108, 0, 0]]
[315, [288, 304, 304, 123, 0, 0]]
[316, [288, 320, 320, 123, 0, 0]]
[317, [336, 336, 336, 123, 0, 0]]
[318, [336, 352, 352, 123, 0, 0]]
[319, [336, 368, 368, 318, 0, 0]]
[320, [384, 384, 384, 189, 144, 0]]
[321, [240, 256, 256, 60, 144, 0]]
[322, [96, 128, 128, 60, 0, 0]]
[323, [144, 144, 144, 90, 0, 0]]
[324, [144, 160, 160, 105, 0, 0]]
[325, [144, 176, 176, 120, 0, 0]]
[326, [192, 192, 192, 120, 0, 0]]
[327, [192, 208, 208, 120, 0, 0]]
[328, [192, 224, 224, 120, 0, 0]]
[329, [240, 240, 240, 120, 0, 0]]
[330, [240, 256, 256, 135, 0, 0]]
[331, [240, 272, 272, 150, 0, 0]]
[332, [288, 288, 288, 6, 144, 0]]
[333, [144, 160, 160, 6, 0, 0]]
[334, [144, 176, 176, 6, 0, 0]]
[335, [192, 192, 192, 21, 0, 0]]
[336, [192, 208, 208, 21, 0, 0]]
[337, [192, 224, 224, 21, 0, 0]]
[338, [240, 240, 240, 21, 0, 0]]
[339, [240, 256, 256, 216, 0, 0]]
[340, [240, 272, 272, 87, 144, 0]]
[341, [144, 144, 144, 102, 0, 0]]
[342, [144, 160, 160, 102, 0, 0]]
[343, [144, 176, 176, 132, 0, 0]]
[344, [192, 192, 192, 147, 0, 0]]
[345, [192, 208, 208, 18, 144, 0]]
[346, [48, 80, 80, 18, 0, 0]]
[347, [96, 96, 96, 18, 0, 0]]
[348, [96, 112, 112, 18, 0, 0]]
[349, [96, 128, 128, 18, 0, 0]]
[350, [144, 144, 144, 33, 0, 0]]
[351, [144, 160, 160, 48, 0, 0]]
[352, [144, 176, 176, 48, 0, 0]]
[353, [192, 192, 192, 48, 0, 0]]
[354, [192, 208, 208, 48, 0, 0]]
[355, [192, 224, 224, 63, 0, 0]]
[356, [240, 240, 240, 63, 0, 0]]
[357, [240, 256, 256, 63, 0, 0]]
[358, [240, 272, 272, 63, 0, 0]]
[359, [288, 288, 288, 243, 0, 0]]
[360, [288, 304, 304, 114, 144, 0]]
[361, [144, 176, 176, 129, 0, 0]]
[362, [192, 192, 192, 129, 0, 0]]
[363, [192, 208, 208, 159, 0, 0]]
[364, [192, 224, 224, 30, 144, 0]]
[365, [96, 96, 96, 45, 0, 0]]
[366, [96, 112, 112, 45, 0, 0]]
[367, [96, 128, 128, 45, 0, 0]]
[368, [144, 144, 144, 45, 0, 0]]
[369, [144, 160, 160, 45, 0, 0]]
[370, [144, 176, 176, 60, 0, 0]]
[371, [192, 192, 192, 75, 0, 0]]
[372, [192, 208, 208, 75, 0, 0]]
[373, [192, 224, 224, 75, 0, 0]]
[374, [240, 240, 240, 75, 0, 0]]
[375, [240, 256, 256, 90, 0, 0]]
[376, [240, 272, 272, 90, 0, 0]]
[377, [288, 288, 288, 90, 0, 0]]
[378, [288, 304, 304, 90, 0, 0]]
[379, [288, 320, 320, 270, 0, 0]]
[380, [336, 336, 336, 141, 144, 0]]
[381, [192, 208, 208, 156, 0, 0]]
[382, [192, 224, 224, 12, 144, 0]]
[383, [96, 96, 96, 27, 0, 0]]
[384, [96, 112, 112, 42, 0, 0]]
[385, [96, 128, 128, 57, 0, 0]]
[386, [144, 144, 144, 57, 0, 0]]
[387, [144, 160, 160, 57, 0, 0]]
[388, [144, 176, 176, 57, 0, 0]]
[389, [192, 192, 192, 57, 0, 0]]
[390, [192, 208, 208, 72, 0, 0]]
[391, [192, 224, 224, 87, 0, 0]]
[392, [240, 240, 240, 87, 0, 0]]
[393, [240, 256, 256, 87, 0, 0]]
[394, [240, 272, 272, 87, 0, 0]]
[395, [288, 288, 288, 117, 0, 0]]
[396, [288, 304, 304, 117, 0, 0]]
[397, [288, 320, 320, 117, 0, 0]]
[398, [336, 336, 336, 117, 0, 0]]
[399, [336, 352, 352, 297, 0, 0]]
[400, [336, 368, 368, 168, 144, 0]]
[401, [240, 240, 240, 39, 144, 0]]
[402, [124, 140, 140, 39, 0, 28]]
[403, [124, 156, 156, 54, 0, 28]]
[404, [172, 172, 172, 69, 0, 28]]
[405, [172, 188, 188, 84, 0, 28]]
[406, [172, 204, 204, 99, 0, 28]]
[407, [220, 220, 220, 99, 0, 28]]
[408, [192, 208, 208, 99, 0, 0]]
[409, [192, 224, 224, 99, 0, 0]]
[410, [240, 240, 240, 114, 0, 0]]
[411, [240, 256, 256, 129, 0, 0]]
[412, [240, 272, 272, 129, 0, 0]]
[413, [288, 288, 288, 129, 0, 0]]
[414, [288, 304, 304, 129, 0, 0]]
[415, [288, 320, 320, 159, 0, 0]]
[416, [336, 336, 336, 15, 144, 0]]
[417, [192, 208, 208, 15, 0, 0]]
[418, [192, 224, 224, 15, 0, 0]]
[419, [240, 240, 240, 180, 0, 0]]
[420, [240, 256, 256, 51, 144, 0]]
[421, [200, 232, 232, 66, 0, 104]]
[422, [244, 244, 244, 66, 0, 100]]
[423, [240, 256, 256, 81, 0, 96]]
[424, [146, 178, 178, 81, 0, 2]]
[425, [192, 192, 192, 96, 0, 0]]
[426, [192, 208, 208, 111, 0, 0]]
[427, [192, 224, 224, 126, 0, 0]]
[428, [240, 240, 240, 126, 0, 0]]
[429, [240, 256, 256, 126, 0, 0]]
[430, [240, 272, 272, 141, 0, 0]]
[431, [288, 288, 288, 156, 0, 0]]
[432, [288, 304, 304, 12, 144, 0]]
[433, [188, 220, 220, 27, 0, 44]]
[434, [236, 236, 236, 27, 0, 44]]
[435, [236, 252, 252, 57, 0, 44]]
[436, [236, 268, 268, 57, 0, 44]]
[437, [262, 262, 262, 57, 0, 22]]
[438, [240, 256, 256, 57, 0, 0]]
[439, [240, 272, 272, 222, 0, 0]]
[440, [288, 288, 288, 93, 144, 0]]
[441, [198, 214, 214, 108, 0, 54]]
[442, [192, 224, 224, 108, 0, 48]]
[443, [232, 232, 232, 123, 0, 40]]
[444, [202, 218, 218, 123, 0, 10]]
[445, [192, 224, 224, 138, 0, 0]]
[446, [240, 240, 240, 153, 0, 0]]
[447, [240, 256, 256, 24, 144, 0]]
[448, [138, 170, 170, 24, 0, 42]]
[449, [180, 180, 180, 24, 0, 36]]
[450, [172, 188, 188, 39, 0, 28]]
[451, [144, 176, 176, 54, 0, 0]]
[452, [192, 192, 192, 54, 0, 0]]
[453, [192, 208, 208, 69, 0, 0]]
[454, [192, 224, 224, 69, 0, 0]]
[455, [240, 240, 240, 99, 0, 0]]
[456, [240, 256, 256, 99, 0, 0]]
[457, [240, 272, 272, 99, 0, 0]]
[458, [288, 288, 288, 99, 0, 0]]
[459, [288, 304, 304, 264, 0, 0]]
[460, [288, 320, 320, 135, 144, 0]]
[461, [192, 192, 192, 150, 0, 0]]
[462, [192, 208, 208, 6, 144, 0]]
[463, [68, 100, 100, 21, 0, 20]]
[464, [116, 116, 116, 21, 0, 20]]
[465, [116, 132, 132, 36, 0, 20]]
[466, [116, 148, 148, 51, 0, 20]]
[467, [164, 164, 164, 66, 0, 20]]
[468, [144, 160, 160, 66, 0, 0]]
[469, [144, 176, 176, 66, 0, 0]]
[470, [192, 192, 192, 81, 0, 0]]
[471, [192, 208, 208, 96, 0, 0]]
[472, [192, 224, 224, 96, 0, 0]]
[473, [240, 240, 240, 111, 0, 0]]
[474, [240, 256, 256, 111, 0, 0]]
[475, [240, 272, 272, 141, 0, 0]]
[476, [288, 288, 288, 141, 0, 0]]
[477, [288, 304, 304, 141, 0, 0]]
[478, [288, 320, 320, 141, 0, 0]]
[479, [336, 336, 336, 306, 0, 0]]
[480, [336, 352, 352, 177, 144, 0]]
[481, [192, 224, 224, 48, 144, 0]]
[482, [96, 96, 96, 48, 0, 0]]
[483, [96, 112, 112, 63, 0, 0]]
[484, [96, 128, 128, 63, 0, 0]]
[485, [144, 144, 144, 78, 0, 0]]
[486, [144, 160, 160, 93, 0, 0]]
[487, [144, 176, 176, 108, 0, 0]]
[488, [192, 192, 192, 108, 0, 0]]
[489, [192, 208, 208, 108, 0, 0]]
[490, [192, 224, 224, 123, 0, 0]]
[491, [240, 240, 240, 138, 0, 0]]
[492, [240, 256, 256, 138, 0, 0]]
[493, [240, 272, 272, 153, 0, 0]]
[494, [288, 288, 288, 9, 144, 0]]
[495, [144, 160, 160, 39, 0, 0]]
[496, [144, 176, 176, 39, 0, 0]]
[497, [192, 192, 192, 39, 0, 0]]
[498, [192, 208, 208, 39, 0, 0]]
[499, [192, 224, 224, 159, 0, 0]]
[500, [240, 240, 240, 30, 144, 0]]
[501, [96, 112, 112, 45, 0, 0]]
[502, [96, 128, 128, 45, 0, 0]]
[503, [144, 144, 144, 60, 0, 0]]
[504, [144, 160, 160, 60, 0, 0]]
[505, [144, 176, 176, 75, 0, 0]]
[506, [192, 192, 192, 90, 0, 0]]
[507, [192, 208, 208, 105, 0, 0]]
[508, [192, 224, 224, 105, 0, 0]]
[509, [240, 240, 240, 105, 0, 0]]
[510, [240, 256, 256, 120, 0, 0]]
[511, [240, 272, 272, 135, 0, 0]]
[512, [288, 288, 288, 135, 0, 0]]
[513, [288, 304, 304, 150, 0, 0]]
[514, [288, 320, 320, 21, 144, 0]]
[515, [192, 192, 192, 51, 0, 0]]
[516, [192, 208, 208, 51, 0, 0]]
[517, [192, 224, 224, 51, 0, 0]]
[518, [240, 240, 240, 51, 0, 0]]
[519, [240, 256, 256, 156, 0, 0]]
[520, [240, 272, 272, 27, 144, 0]]
[521, [144, 144, 144, 72, 0, 0]]
[522, [144, 160, 160, 72, 0, 0]]
[523, [144, 176, 176, 102, 0, 0]]
[524, [192, 192, 192, 102, 0, 0]]
[525, [192, 208, 208, 117, 0, 0]]
[526, [192, 224, 224, 132, 0, 0]]
[527, [240, 240, 240, 147, 0, 0]]
[528, [240, 256, 256, 3, 144, 0]]
[529, [96, 128, 128, 3, 0, 0]]
[530, [144, 144, 144, 18, 0, 0]]
[531, [144, 160, 160, 33, 0, 0]]
[532, [144, 176, 176, 33, 0, 0]]
[533, [192, 192, 192, 48, 0, 0]]
[534, [192, 208, 208, 63, 0, 0]]
[535, [192, 224, 224, 93, 0, 0]]
[536, [240, 240, 240, 93, 0, 0]]
[537, [240, 256, 256, 93, 0, 0]]
[538, [240, 272, 272, 93, 0, 0]]
[539, [288, 288, 288, 198, 0, 0]]
[540, [288, 304, 304, 69, 144, 0]]
[541, [144, 176, 176, 114, 0, 0]]
[542, [192, 192, 192, 114, 0, 0]]
[543, [192, 208, 208, 144, 0, 0]]
[544, [192, 224, 224, 0, 144, 0]]
[545, [100, 100, 100, 15, 0, 4]]
[546, [100, 116, 116, 30, 0, 4]]
[547, [100, 132, 132, 45, 0, 4]]
[548, [144, 144, 144, 45, 0, 0]]
[549, [144, 160, 160, 45, 0, 0]]
[550, [144, 176, 176, 60, 0, 0]]
[551, [192, 192, 192, 75, 0, 0]]
[552, [192, 208, 208, 75, 0, 0]]
[553, [192, 224, 224, 90, 0, 0]]
[554, [240, 240, 240, 90, 0, 0]]
[555, [240, 256, 256, 120, 0, 0]]
[556, [240, 272, 272, 120, 0, 0]]
[557, [288, 288, 288, 135, 0, 0]]
[558, [288, 304, 304, 135, 0, 0]]
[559, [288, 320, 320, 240, 0, 0]]
[560, [336, 336, 336, 111, 144, 0]]
[561, [192, 208, 208, 156, 0, 0]]
[562, [192, 224, 224, 12, 144, 0]]
[563, [184, 184, 184, 42, 0, 88]]
[564, [182, 198, 198, 42, 0, 86]]
[565, [178, 210, 210, 57, 0, 82]]
[566, [222, 222, 222, 72, 0, 78]]
[567, [222, 238, 238, 87, 0, 78]]
[568, [144, 176, 176, 87, 0, 0]]
[569, [192, 192, 192, 87, 0, 0]]
[570, [192, 208, 208, 102, 0, 0]]
[571, [192, 224, 224, 117, 0, 0]]
[572, [240, 240, 240, 117, 0, 0]]
[573, [240, 256, 256, 132, 0, 0]]
[574, [240, 272, 272, 132, 0, 0]]
[575, [288, 288, 288, 162, 0, 0]]
[576, [288, 304, 304, 18, 144, 0]]
[577, [172, 204, 204, 33, 0, 28]]
[578, [214, 214, 214, 33, 0, 22]]
[579, [214, 230, 230, 138, 0, 22]]
[580, [212, 244, 244, 153, 0, 20]]
[581, [240, 240, 240, 54, 144, 0]]
[582, [238, 254, 254, 54, 0, 142]]
[583, [234, 266, 266, 84, 0, 138]]
[584, [188, 188, 188, 84, 0, 44]]
[585, [180, 196, 196, 99, 0, 36]]
[586, [174, 206, 206, 114, 0, 30]]
[587, [210, 210, 210, 129, 0, 18]]
[588, [192, 208, 208, 129, 0, 0]]
[589, [192, 224, 224, 129, 0, 0]]
[590, [240, 240, 240, 144, 0, 0]]
[591, [240, 256, 256, 15, 144, 0]]
[592, [136, 168, 168, 15, 0, 40]]
[593, [178, 178, 178, 30, 0, 34]]
[594, [166, 182, 182, 30, 0, 22]]
[595, [148, 180, 180, 60, 0, 4]]
[596, [196, 196, 196, 60, 0, 4]]
[597, [192, 208, 208, 75, 0, 0]]
[598, [192, 224, 224, 75, 0, 0]]
[599, [240, 240, 240, 180, 0, 0]]
[600, [240, 256, 256, 51, 144, 0]]
[601, [96, 128, 128, 96, 0, 0]]
[602, [144, 144, 144, 96, 0, 0]]
[603, [144, 160, 160, 126, 0, 0]]
[604, [144, 176, 176, 126, 0, 0]]
[605, [192, 192, 192, 141, 0, 0]]
[606, [192, 208, 208, 156, 0, 0]]
[607, [192, 224, 224, 27, 144, 0]]
[608, [96, 96, 96, 27, 0, 0]]
[609, [96, 112, 112, 27, 0, 0]]
[610, [96, 128, 128, 42, 0, 0]]
[611, [144, 144, 144, 57, 0, 0]]
[612, [144, 160, 160, 57, 0, 0]]
[613, [144, 176, 176, 72, 0, 0]]
[614, [192, 192, 192, 72, 0, 0]]
[615, [192, 208, 208, 102, 0, 0]]
[616, [192, 224, 224, 102, 0, 0]]
[617, [240, 240, 240, 117, 0, 0]]
[618, [240, 256, 256, 117, 0, 0]]
[619, [240, 272, 272, 222, 0, 0]]
[620, [288, 288, 288, 93, 144, 0]]
[621, [144, 160, 160, 138, 0, 0]]
[622, [144, 176, 176, 138, 0, 0]]
[623, [192, 192, 192, 168, 0, 0]]
[624, [192, 208, 208, 24, 144, 0]]
[625, [48, 80, 80, 39, 0, 0]]
[626, [96, 96, 96, 54, 0, 0]]
[627, [96, 112, 112, 69, 0, 0]]
[628, [96, 128, 128, 69, 0, 0]]
[629, [144, 144, 144, 69, 0, 0]]
[630, [144, 160, 160, 84, 0, 0]]
[631, [144, 176, 176, 99, 0, 0]]
[632, [192, 192, 192, 99, 0, 0]]
[633, [192, 208, 208, 114, 0, 0]]
[634, [192, 224, 224, 114, 0, 0]]
[635, [240, 240, 240, 144, 0, 0]]
[636, [240, 256, 256, 0, 144, 0]]
[637, [96, 128, 128, 15, 0, 0]]
[638, [144, 144, 144, 15, 0, 0]]
[639, [144, 160, 160, 120, 0, 0]]
[640, [144, 176, 176, 135, 0, 0]]
[641, [192, 192, 192, 180, 0, 0]]
[642, [192, 208, 208, 36, 144, 0]]
[643, [48, 80, 80, 66, 0, 0]]
[644, [96, 96, 96, 66, 0, 0]]
[645, [96, 112, 112, 81, 0, 0]]
[646, [96, 128, 128, 96, 0, 0]]
[647, [144, 142, 144, 111, 0, 0]]
[648, [144, 156, 160, 111, 0, 0]]
[649, [144, 170, 176, 111, 0, 0]]
[650, [192, 184, 192, 126, 0, 0]]
[651, [192, 198, 208, 141, 0, 0]]
[652, [192, 212, 224, 141, 0, 0]]
[653, [240, 226, 240, 156, 0, 0]]
[654, [240, 240, 256, 12, 144, 0]]
[655, [96, 110, 128, 42, 0, 0]]
[656, [144, 124, 144, 42, 0, 0]]
[657, [144, 138, 160, 57, 0, 0]]
[658, [144, 152, 176, 57, 0, 0]]
[659, [192, 166, 192, 162, 0, 0]]
[660, [192, 180, 208, 33, 144, 0]]
[661, [48, 50, 80, 78, 0, 0]]
[662, [96, 64, 96, 78, 0, 0]]
[663, [96, 78, 112, 108, 0, 0]]
[664, [96, 92, 128, 108, 0, 0]]
[665, [144, 106, 144, 123, 0, 0]]
[666, [144, 120, 160, 138, 0, 0]]
[667, [144, 134, 176, 153, 0, 0]]
[668, [192, 148, 192, 9, 144, 0]]
[669, [48, 18, 64, 9, 0, 0]]
[670, [48, 32, 80, 24, 0, 0]]
[671, [96, 46, 96, 39, 0, 0]]
[672, [96, 60, 112, 39, 0, 0]]
[673, [96, 74, 128, 54, 0, 0]]
[674, [144, 88, 144, 54, 0, 0]]
[675, [144, 102, 160, 84, 0, 0]]
[676, [144, 116, 176, 84, 0, 0]]
[677, [192, 130, 192, 99, 0, 0]]
[678, [192, 146, 208, 99, 0, 0]]
[679, [192, 162, 224, 204, 0, 0]]
[680, [240, 178, 240, 75, 144, 0]]
[681, [96, 50, 112, 120, 0, 0]]
[682, [96, 66, 128, 120, 0, 0]]
[683, [144, 82, 144, 150, 0, 0]]
[684, [144, 98, 160, 6, 144, 0]]
[685, [30, 0, 62, 6, 0, 30]]
[686, [62, 0, 62, 21, 0, 14]]
[687, [48, 2, 64, 36, 0, 0]]
[688, [48, 18, 80, 36, 0, 0]]
[689, [96, 34, 96, 36, 0, 0]]
[690, [96, 50, 112, 51, 0, 0]]
[691, [96, 66, 128, 66, 0, 0]]
[692, [144, 82, 144, 66, 0, 0]]
[693, [144, 98, 160, 96, 0, 0]]
[694, [144, 114, 176, 96, 0, 0]]
[695, [192, 130, 192, 126, 0, 0]]
[696, [192, 146, 208, 126, 0, 0]]
[697, [192, 162, 224, 141, 0, 0]]
[698, [240, 178, 240, 141, 0, 0]]
[699, [240, 194, 256, 246, 0, 0]]
[700, [240, 210, 272, 117, 144, 0]]
[701, [144, 82, 144, 162, 0, 0]]
[702, [144, 98, 160, 18, 144, 0]]
[703, [56, 26, 88, 48, 0, 56]]
[704, [100, 42, 104, 48, 0, 56]]
[705, [96, 54, 116, 48, 0, 52]]
[706, [96, 70, 132, 63, 0, 52]]
[707, [140, 86, 148, 78, 0, 52]]
[708, [88, 50, 112, 78, 0, 0]]
[709, [88, 66, 128, 78, 0, 0]]
[710, [132, 82, 144, 93, 0, 0]]
[711, [132, 98, 160, 108, 0, 0]]
[712, [132, 114, 176, 108, 0, 0]]
[713, [176, 130, 192, 138, 0, 0]]
[714, [176, 146, 208, 138, 0, 0]]
[715, [176, 162, 224, 168, 0, 0]]
[716, [220, 178, 240, 24, 144, 0]]
[717, [76, 50, 112, 39, 0, 0]]
[718, [76, 66, 128, 39, 0, 0]]
[719, [120, 82, 144, 144, 0, 0]]
[720, [120, 98, 160, 15, 144, 0]]
[721, [76, 70, 132, 60, 0, 100]]
[722, [114, 80, 142, 60, 0, 94]]
[723, [112, 94, 156, 90, 0, 92]]
[724, [20, 18, 80, 90, 0, 0]]
[725, [64, 34, 96, 90, 0, 0]]
[726, [64, 50, 112, 105, 0, 0]]
[727, [64, 66, 128, 120, 0, 0]]
[728, [108, 82, 144, 120, 0, 0]]
[729, [108, 98, 160, 120, 0, 0]]
[730, [108, 114, 176, 135, 0, 0]]
[731, [152, 130, 192, 135, 0, 0]]
[732, [152, 146, 208, 135, 0, 0]]
[733, [152, 162, 224, 165, 0, 0]]
[734, [196, 178, 240, 21, 144, 0]]
[735, [60, 58, 120, 36, 0, 8]]
[736, [60, 74, 136, 51, 0, 8]]
[737, [100, 82, 144, 81, 0, 0]]
[738, [100, 98, 160, 81, 0, 0]]
[739, [100, 114, 176, 186, 0, 0]]
[740, [148, 130, 192, 57, 144, 0]]
[741, [122, 120, 182, 102, 0, 118]]
[742, [4, 18, 80, 102, 0, 0]]
[743, [52, 34, 96, 132, 0, 0]]
[744, [52, 50, 112, 132, 0, 0]]
[745, [52, 66, 128, 132, 0, 0]]
[746, [100, 82, 144, 147, 0, 0]]
[747, [100, 98, 160, 18, 144, 0]]
[748, [24, 38, 100, 18, 0, 68]]
[749, [18, 0, 62, 18, 0, 14]]
[750, [4, 2, 64, 33, 0, 0]]
[751, [4, 18, 80, 33, 0, 0]]
[752, [52, 34, 96, 33, 0, 0]]
[753, [52, 50, 112, 63, 0, 0]]
[754, [52, 66, 128, 63, 0, 0]]
[755, [100, 82, 144, 63, 0, 0]]
[756, [100, 98, 160, 78, 0, 0]]
[757, [100, 114, 176, 108, 0, 0]]
[758, [148, 130, 192, 108, 0, 0]]
[759, [148, 146, 208, 198, 0, 0]]
[760, [148, 162, 224, 69, 144, 0]]
[761, [52, 34, 96, 114, 0, 0]]
[762, [52, 50, 112, 129, 0, 0]]
[763, [52, 66, 128, 159, 0, 0]]
[764, [100, 82, 144, 15, 144, 0]]
[765, [2, 0, 62, 15, 0, 46]]
[766, [0, 14, 76, 30, 0, 44]]
[767, [28, 10, 72, 45, 0, 24]]
[768, [4, 2, 64, 45, 0, 0]]
[769, [4, 18, 80, 45, 0, 0]]
[770, [52, 34, 96, 75, 0, 0]]
[771, [52, 50, 112, 75, 0, 0]]
[772, [52, 66, 128, 75, 0, 0]]
[773, [100, 82, 144, 105, 0, 0]]
[774, [100, 98, 160, 105, 0, 0]]
[775, [100, 114, 176, 105, 0, 0]]
[776, [148, 130, 192, 120, 0, 0]]
[777, [148, 146, 208, 150, 0, 0]]
[778, [148, 162, 224, 6, 144, 0]]
[779, [52, 34, 96, 96, 0, 0]]
[780, [52, 50, 112, 111, 0, 0]]
[781, [52, 66, 128, 156, 0, 0]]
[782, [100, 82, 144, 27, 144, 0]]
[783, [2, 0, 62, 57, 0, 46]]
[784, [0, 14, 76, 57, 0, 44]]
[785, [18, 0, 62, 57, 0, 14]]
[786, [4, 2, 64, 72, 0, 0]]
[787, [4, 18, 80, 87, 0, 0]]
[788, [52, 34, 96, 87, 0, 0]]
[789, [52, 50, 112, 87, 0, 0]]
[790, [52, 66, 128, 117, 0, 0]]
[791, [100, 82, 144, 117, 0, 0]]
[792, [100, 98, 160, 117, 0, 0]]
[793, [100, 114, 176, 147, 0, 0]]
[794, [148, 130, 192, 3, 144, 0]]
[795, [4, 2, 64, 3, 0, 0]]
[796, [4, 18, 80, 18, 0, 0]]
[797, [52, 34, 96, 48, 0, 0]]
[798, [52, 50, 112, 48, 0, 0]]
[799, [52, 66, 128, 138, 0, 0]]
[800, [100, 82, 144, 153, 0, 0]]
[801, [100, 98, 160, 54, 144, 0]]
[802, [0, 14, 76, 69, 0, 44]]
[803, [18, 0, 62, 99, 0, 14]]
[804, [4, 2, 64, 99, 0, 0]]
[805, [4, 18, 80, 99, 0, 0]]
[806, [52, 34, 96, 114, 0, 0]]
[807, [52, 50, 112, 129, 0, 0]]
[808, [52, 66, 128, 129, 0, 0]]
[809, [100, 82, 144, 129, 0, 0]]
[810, [100, 98, 160, 159, 0, 0]]
[811, [100, 114, 176, 15, 144, 0]]
[812, [18, 0, 62, 15, 0, 14]]
[813, [4, 2, 64, 45, 0, 0]]
[814, [4, 18, 80, 45, 0, 0]]
[815, [52, 34, 96, 45, 0, 0]]
[816, [52, 50, 112, 60, 0, 0]]
[817, [52, 66, 128, 90, 0, 0]]
[818, [100, 82, 144, 90, 0, 0]]
[819, [100, 98, 160, 180, 0, 0]]
[820, [100, 114, 176, 51, 144, 0]]
[821, [18, 0, 62, 96, 0, 14]]
[822, [4, 2, 64, 111, 0, 0]]
[823, [4, 18, 80, 141, 0, 0]]
[824, [52, 34, 96, 141, 0, 0]]
[825, [52, 50, 112, 141, 0, 0]]
[826, [52, 66, 128, 156, 0, 0]]
[827, [100, 82, 144, 27, 144, 0]]
[828, [2, 0, 62, 27, 0, 46]]
[829, [0, 14, 76, 27, 0, 44]]
[830, [18, 0, 62, 57, 0, 14]]
[831, [4, 2, 64, 57, 0, 0]]
[832, [4, 18, 80, 57, 0, 0]]
[833, [52, 34, 96, 87, 0, 0]]
[834, [52, 50, 112, 87, 0, 0]]
[835, [52, 66, 128, 87, 0, 0]]
[836, [100, 82, 144, 102, 0, 0]]
[837, [100, 98, 160, 132, 0, 0]]
[838, [100, 114, 176, 132, 0, 0]]
[839, [148, 130, 192, 222, 0, 0]]
[840, [148, 146, 208, 93, 144, 0]]
[841, [4, 18, 80, 138, 0, 0]]
[842, [52, 34, 96, 153, 0, 0]]
[843, [52, 50, 112, 39, 144, 0]]
[844, [0, 14, 76, 39, 0, 92]]
[845, [18, 0, 62, 39, 0, 62]]
[846, [2, 0, 62, 54, 0, 46]]
[847, [0, 14, 76, 69, 0, 44]]
[848, [18, 0, 62, 69, 0, 14]]
[849, [4, 2, 64, 69, 0, 0]]
[850, [4, 18, 80, 99, 0, 0]]
[851, [52, 34, 96, 99, 0, 0]]
[852, [52, 50, 112, 99, 0, 0]]
[853, [52, 66, 128, 129, 0, 0]]
[854, [100, 82, 144, 129, 0, 0]]
[855, [100, 98, 160, 129, 0, 0]]
[856, [100, 114, 176, 144, 0, 0]]
[857, [148, 130, 192, 30, 144, 0]]
[858, [4, 2, 64, 30, 0, 0]]
[859, [4, 18, 80, 120, 0, 0]]
[860, [52, 34, 96, 135, 0, 0]]
[861, [52, 50, 112, 180, 0, 0]]
[862, [52, 66, 128, 51, 144, 0]]
[863, [20, 2, 64, 81, 0, 64]]
[864, [16, 14, 76, 81, 0, 60]]
[865, [0, 14, 76, 81, 0, 44]]
[866, [18, 0, 62, 96, 0, 14]]
[867, [4, 2, 64, 111, 0, 0]]
[868, [4, 18, 80, 111, 0, 0]]
[869, [52, 34, 96, 111, 0, 0]]
[870, [52, 50, 112, 141, 0, 0]]
[871, [52, 66, 128, 141, 0, 0]]
[872, [100, 82, 144, 141, 0, 0]]
[873, [100, 98, 160, 171, 0, 0]]
[874, [100, 114, 176, 27, 144, 0]]
[875, [18, 0, 62, 27, 0, 14]]
[876, [4, 2, 64, 42, 0, 0]]
[877, [4, 18, 80, 72, 0, 0]]
[878, [52, 34, 96, 72, 0, 0]]
[879, [52, 50, 112, 162, 0, 0]]
[880, [52, 66, 128, 33, 144, 0]]
[881, [50, 32, 94, 63, 0, 94]]
[882, [2, 0, 62, 78, 0, 46]]
[883, [0, 14, 76, 108, 0, 44]]
[884, [18, 0, 62, 108, 0, 14]]
[885, [4, 2, 64, 108, 0, 0]]
[886, [4, 18, 80, 123, 0, 0]]
[887, [52, 34, 96, 138, 0, 0]]
[888, [52, 50, 112, 138, 0, 0]]
[889, [52, 66, 128, 138, 0, 0]]
[890, [100, 82, 144, 168, 0, 0]]
[891, [100, 98, 160, 24, 144, 0]]
[892, [0, 14, 76, 24, 0, 44]]
[893, [18, 0, 62, 54, 0, 14]]
[894, [4, 2, 64, 54, 0, 0]]
[895, [4, 18, 80, 54, 0, 0]]
[896, [52, 34, 96, 69, 0, 0]]
[897, [52, 50, 112, 99, 0, 0]]
[898, [52, 66, 128, 99, 0, 0]]
[899, [100, 82, 144, 189, 0, 0]]
[900, [100, 98, 160, 60, 144, 0]]
[901, [0, 14, 76, 90, 0, 44]]
[902, [18, 0, 62, 105, 0, 14]]
[903, [4, 2, 64, 135, 0, 0]]
[904, [4, 18, 80, 150, 0, 0]]
[905, [52, 34, 96, 6, 144, 0]]
[906, [2, 0, 62, 21, 0, 94]]
[907, [0, 14, 76, 36, 0, 92]]
[908, [18, 0, 62, 36, 0, 62]]
[909, [2, 0, 62, 36, 0, 46]]
[910, [0, 14, 76, 66, 0, 44]]
[911, [18, 0, 62, 66, 0, 14]]
[912, [4, 2, 64, 66, 0, 0]]
[913, [4, 18, 80, 96, 0, 0]]
[914, [52, 34, 96, 96, 0, 0]]
[915, [52, 50, 112, 96, 0, 0]]
[916, [52, 66, 128, 111, 0, 0]]
[917, [100, 82, 144, 126, 0, 0]]
[918, [100, 98, 160, 141, 0, 0]]
[919, [100, 114, 176, 231, 0, 0]]
[920, [148, 130, 192, 102, 144, 0]]
[921, [4, 2, 64, 132, 0, 0]]
[922, [4, 18, 80, 147, 0, 0]]
[923, [52, 34, 96, 33, 144, 0]]
[924, [2, 0, 62, 48, 0, 94]]
[925, [0, 14, 76, 48, 0, 92]]
[926, [18, 0, 62, 63, 0, 62]]
[927, [2, 0, 62, 78, 0, 46]]
[928, [0, 14, 76, 78, 0, 44]]
[929, [18, 0, 62, 78, 0, 14]]
[930, [4, 2, 64, 108, 0, 0]]
[931, [4, 18, 80, 108, 0, 0]]
[932, [52, 34, 96, 108, 0, 0]]
[933, [52, 50, 112, 138, 0, 0]]
[934, [52, 66, 128, 138, 0, 0]]
[935, [100, 82, 144, 138, 0, 0]]
[936, [100, 98, 160, 153, 0, 0]]
[937, [100, 114, 176, 24, 144, 0]]
[938, [18, 0, 62, 39, 0, 14]]
[939, [4, 2, 64, 129, 0, 0]]
[940, [4, 18, 80, 129, 0, 0]]
[941, [52, 34, 96, 159, 0, 0]]
[942, [52, 50, 112, 30, 144, 0]]
[943, [0, 14, 76, 60, 0, 92]]
[944, [18, 0, 62, 75, 0, 62]]
[945, [2, 0, 62, 75, 0, 46]]
[946, [0, 14, 76, 90, 0, 44]]
[947, [18, 0, 62, 105, 0, 14]]
[948, [4, 2, 64, 105, 0, 0]]
[949, [4, 18, 80, 105, 0, 0]]
[950, [52, 34, 96, 135, 0, 0]]
[951, [52, 50, 112, 135, 0, 0]]
[952, [52, 66, 128, 135, 0, 0]]
[953, [100, 82, 144, 180, 0, 0]]
[954, [100, 98, 160, 36, 144, 0]]
[955, [0, 14, 76, 36, 0, 44]]
[956, [18, 0, 62, 51, 0, 14]]
[957, [4, 2, 64, 66, 0, 0]]
[958, [4, 18, 80, 81, 0, 0]]
[959, [52, 34, 96, 171, 0, 0]]
[960, [52, 50, 112, 27, 144, 0]]
[961, [0, 14, 76, 57, 0, 92]]
[962, [18, 0, 62, 72, 0, 62]]
[963, [2, 0, 62, 102, 0, 46]]
[964, [0, 14, 76, 117, 0, 44]]
[965, [18, 0, 62, 117, 0, 14]]
[966, [4, 2, 64, 132, 0, 0]]
[967, [4, 18, 80, 147, 0, 0]]
[968, [52, 34, 96, 3, 144, 0]]
[969, [2, 0, 62, 3, 0, 94]]
[970, [0, 14, 76, 33, 0, 92]]
[971, [18, 0, 62, 33, 0, 62]]
[972, [2, 0, 62, 33, 0, 46]]
[973, [0, 14, 76, 78, 0, 44]]
[974, [18, 0, 62, 78, 0, 14]]
[975, [4, 2, 64, 78, 0, 0]]
[976, [4, 18, 80, 93, 0, 0]]
[977, [52, 34, 96, 108, 0, 0]]
[978, [52, 50, 112, 123, 0, 0]]
[979, [52, 66, 128, 198, 0, 0]]
[980, [100, 82, 144, 54, 144, 0]]
[981, [2, 0, 62, 84, 0, 46]]
[982, [0, 14, 76, 99, 0, 44]]
[983, [18, 0, 62, 129, 0, 14]]
[984, [4, 2, 64, 144, 0, 0]]
[985, [4, 18, 80, 0, 144, 0]]
[986, [18, 0, 62, 15, 0, 110]]
[987, [2, 0, 62, 30, 0, 94]]
[988, [0, 14, 76, 30, 0, 92]]
[989, [18, 0, 62, 30, 0, 62]]
[990, [2, 0, 62, 45, 0, 46]]
[991, [0, 14, 76, 60, 0, 44]]
[992, [18, 0, 62, 60, 0, 14]]
[993, [4, 2, 64, 105, 0, 0]]
[994, [4, 18, 80, 105, 0, 0]]
[995, [52, 34, 96, 105, 0, 0]]
[996, [52, 50, 112, 120, 0, 0]]
[997, [52, 66, 128, 135, 0, 0]]
[998, [100, 82, 144, 150, 0, 0]]
[999, [100, 98, 160, 51, 144, 0]]
[1000, [0, 14, 76, 51, 0, 44]]
[1001, [18, 0, 62, 81, 0, 14]]
[1002, [4, 2, 64, 96, 0, 0]]
[1003, [4, 18, 80, 126, 0, 0]]
[1004, [52, 34, 96, 141, 0, 0]]
[1005, [52, 50, 112, 141, 0, 0]]
[1006, [52, 66, 128, 171, 0, 0]]
[1007, [100, 82, 144, 42, 144, 0]]
[1008, [2, 0, 62, 42, 0, 46]]
[1009, [0, 14, 76, 42, 0, 44]]
[1010, [18, 0, 62, 57, 0, 14]]
[1011, [4, 2, 64, 72, 0, 0]]
[1012, [4, 18, 80, 72, 0, 0]]
[1013, [52, 34, 96, 117, 0, 0]]
[1014, [52, 50, 112, 117, 0, 0]]
[1015, [52, 66, 128, 117, 0, 0]]
[1016, [100, 82, 144, 132, 0, 0]]
[1017, [100, 98, 160, 147, 0, 0]]
[1018, [100, 114, 176, 18, 144, 0]]
[1019, [18, 0, 62, 63, 0, 14]]
[1020, [4, 2, 64, 63, 0, 0]]
[1021, [4, 18, 80, 93, 0, 0]]
[1022, [52, 34, 96, 108, 0, 0]]
[1023, [52, 50, 112, 138, 0, 0]]
[1024, [52, 66, 128, 153, 0, 0]]
[1025, [100, 82, 144, 9, 144, 0]]
[1026, [2, 0, 62, 54, 0, 46]]
[1027, [0, 14, 76, 69, 0, 44]]
[1028, [18, 0, 62, 69, 0, 14]]
[1029, [4, 2, 64, 69, 0, 0]]
[1030, [4, 18, 80, 84, 0, 0]]
[1031, [52, 34, 96, 99, 0, 0]]
[1032, [52, 50, 112, 99, 0, 0]]
[1033, [52, 66, 128, 129, 0, 0]]
[1034, [100, 82, 144, 129, 0, 0]]
[1035, [100, 98, 160, 129, 0, 0]]
[1036, [100, 114, 176, 144, 0, 0]]
[1037, [148, 130, 192, 15, 144, 0]]
[1038, [4, 2, 64, 45, 0, 0]]
[1039, [4, 18, 80, 75, 0, 0]]
[1040, [52, 34, 96, 75, 0, 0]]
[1041, [52, 50, 112, 120, 0, 0]]
[1042, [52, 66, 128, 135, 0, 0]]
[1043, [100, 82, 144, 165, 0, 0]]
[1044, [100, 98, 160, 36, 144, 0]]
[1045, [0, 14, 76, 36, 0, 44]]
[1046, [18, 0, 62, 81, 0, 14]]
[1047, [4, 2, 64, 96, 0, 0]]
[1048, [4, 18, 80, 96, 0, 0]]
[1049, [52, 34, 96, 96, 0, 0]]
[1050, [52, 50, 112, 111, 0, 0]]
[1051, [52, 66, 128, 126, 0, 0]]
[1052, [100, 82, 144, 126, 0, 0]]
[1053, [100, 98, 160, 156, 0, 0]]
[1054, [100, 114, 176, 12, 144, 0]]
[1055, [18, 0, 62, 12, 0, 14]]
[1056, [4, 2, 64, 42, 0, 0]]
[1057, [4, 18, 80, 57, 0, 0]]
[1058, [52, 34, 96, 87, 0, 0]]
[1059, [52, 50, 112, 117, 0, 0]]
[1060, [52, 66, 128, 117, 0, 0]]
[1061, [100, 82, 144, 162, 0, 0]]
[1062, [100, 98, 160, 33, 144, 0]]
[1063, [0, 14, 76, 63, 0, 44]]
[1064, [18, 0, 62, 78, 0, 14]]
[1065, [4, 2, 64, 78, 0, 0]]
[1066, [4, 18, 80, 123, 0, 0]]
[1067, [52, 34, 96, 138, 0, 0]]
[1068, [52, 50, 112, 138, 0, 0]]
[1069, [52, 66, 128, 138, 0, 0]]
[1070, [100, 82, 144, 153, 0, 0]]
[1071, [100, 98, 160, 24, 144, 0]]
[1072, [0, 14, 76, 24, 0, 44]]
[1073, [18, 0, 62, 54, 0, 14]]
[1074, [4, 2, 64, 54, 0, 0]]
[1075, [4, 18, 80, 54, 0, 0]]
[1076, [52, 34, 96, 69, 0, 0]]
[1077, [52, 50, 112, 84, 0, 0]]
[1078, [52, 66, 128, 114, 0, 0]]
[1079, [100, 82, 144, 144, 0, 0]]
[1080, [100, 98, 160, 0, 144, 0]]
[1081, [0, 14, 76, 45, 0, 44]]
[1082, [18, 0, 62, 60, 0, 14]]
[1083, [4, 2, 64, 90, 0, 0]]
[1084, [4, 18, 80, 105, 0, 0]]
[1085, [52, 34, 96, 105, 0, 0]]
[1086, [52, 50, 112, 150, 0, 0]]
[1087, [52, 66, 128, 21, 144, 0]]
[1088, [18, 0, 62, 36, 0, 62]]
[1089, [2, 0, 62, 36, 0, 46]]
[1090, [0, 14, 76, 51, 0, 44]]
[1091, [18, 0, 62, 66, 0, 14]]
[1092, [4, 2, 64, 66, 0, 0]]
[1093, [4, 18, 80, 96, 0, 0]]
[1094, [52, 34, 96, 96, 0, 0]]
[1095, [52, 50, 112, 96, 0, 0]]
[1096, [52, 66, 128, 111, 0, 0]]
[1097, [100, 82, 144, 126, 0, 0]]
[1098, [100, 98, 160, 156, 0, 0]]
[1099, [100, 114, 176, 42, 144, 0]]
[1100, [18, 0, 62, 42, 0, 14]]
[1101, [4, 2, 64, 72, 0, 0]]
[1102, [4, 18, 80, 87, 0, 0]]
[1103, [52, 34, 96, 117, 0, 0]]
[1104, [52, 50, 112, 147, 0, 0]]
[1105, [52, 66, 128, 3, 144, 0]]
[1106, [18, 0, 62, 48, 0, 62]]
[1107, [2, 0, 62, 63, 0, 46]]
[1108, [0, 14, 76, 78, 0, 44]]
[1109, [18, 0, 62, 78, 0, 14]]
[1110, [4, 2, 64, 93, 0, 0]]
[1111, [4, 18, 80, 108, 0, 0]]
[1112, [52, 34, 96, 108, 0, 0]]
[1113, [52, 50, 112, 123, 0, 0]]
[1114, [52, 66, 128, 123, 0, 0]]
[1115, [100, 82, 144, 123, 0, 0]]
[1116, [100, 98, 160, 138, 0, 0]]
[1117, [100, 114, 176, 153, 0, 0]]
[1118, [148, 130, 192, 39, 144, 0]]
[1119, [4, 2, 64, 84, 0, 0]]
[1120, [4, 18, 80, 84, 0, 0]]
[1121, [52, 34, 96, 114, 0, 0]]
[1122, [52, 50, 112, 129, 0, 0]]
[1123, [52, 66, 128, 159, 0, 0]]
[1124, [100, 82, 144, 45, 144, 0]]
[1125, [2, 0, 62, 45, 0, 46]]
[1126, [0, 14, 76, 90, 0, 44]]
[1127, [18, 0, 62, 105, 0, 14]]
[1128, [4, 2, 64, 120, 0, 0]]
[1129, [4, 18, 80, 120, 0, 0]]
[1130, [52, 34, 96, 135, 0, 0]]
[1131, [52, 50, 112, 150, 0, 0]]
[1132, [52, 66, 128, 6, 144, 0]]
[1133, [18, 0, 62, 21, 0, 62]]
[1134, [2, 0, 62, 21, 0, 46]]
[1135, [0, 14, 76, 21, 0, 44]]
[1136, [18, 0, 62, 36, 0, 14]]
[1137, [4, 2, 64, 51, 0, 0]]
[1138, [4, 18, 80, 81, 0, 0]]
[1139, [52, 34, 96, 126, 0, 0]]
[1140, [52, 50, 112, 126, 0, 0]]
[1141, [52, 66, 128, 156, 0, 0]]
[1142, [100, 82, 144, 27, 144, 0]]
[1143, [2, 0, 62, 57, 0, 46]]
[1144, [0, 14, 76, 87, 0, 44]]
[1145, [18, 0, 62, 87, 0, 14]]
[1146, [4, 2, 64, 132, 0, 0]]
[1147, [4, 18, 80, 147, 0, 0]]
[1148, [52, 34, 96, 18, 144, 0]]
[1149, [2, 0, 62, 18, 0, 94]]
[1150, [0, 14, 76, 33, 0, 92]]
[1151, [18, 0, 62, 48, 0, 62]]
[1152, [2, 0, 62, 48, 0, 46]]
[1153, [0, 14, 76, 63, 0, 44]]
[1154, [18, 0, 62, 63, 0, 14]]
[1155, [4, 2, 64, 63, 0, 0]]
[1156, [4, 18, 80, 78, 0, 0]]
[1157, [52, 34, 96, 93, 0, 0]]
[1158, [52, 50, 112, 123, 0, 0]]
[1159, [52, 66, 128, 168, 0, 0]]
[1160, [100, 82, 144, 24, 144, 0]]
[1161, [2, 0, 62, 54, 0, 46]]
[1162, [0, 14, 76, 69, 0, 44]]
[1163, [18, 0, 62, 99, 0, 14]]
[1164, [4, 2, 64, 129, 0, 0]]
[1165, [4, 18, 80, 129, 0, 0]]
[1166, [52, 34, 96, 174, 0, 0]]
[1167, [52, 50, 112, 45, 144, 0]]
[1168, [0, 14, 76, 60, 0, 92]]
[1169, [18, 0, 62, 60, 0, 62]]
[1170, [2, 0, 62, 75, 0, 46]]
[1171, [0, 14, 76, 90, 0, 44]]
[1172, [18, 0, 62, 90, 0, 14]]
[1173, [4, 2, 64, 105, 0, 0]]
[1174, [4, 18, 80, 105, 0, 0]]
[1175, [52, 34, 96, 105, 0, 0]]
[1176, [52, 50, 112, 120, 0, 0]]
[1177, [52, 66, 128, 135, 0, 0]]
[1178, [100, 82, 144, 165, 0, 0]]
[1179, [100, 98, 160, 66, 144, 0]]
[1180, [0, 14, 76, 66, 0, 44]]
[1181, [18, 0, 62, 96, 0, 14]]
[1182, [4, 2, 64, 111, 0, 0]]
[1183, [4, 18, 80, 141, 0, 0]]
[1184, [52, 34, 96, 171, 0, 0]]
[1185, [52, 50, 112, 27, 144, 0]]
[1186, [0, 14, 76, 72, 0, 92]]
[1187, [18, 0, 62, 87, 0, 62]]
[1188, [2, 0, 62, 102, 0, 46]]
[1189, [0, 14, 76, 102, 0, 44]]
[1190, [18, 0, 62, 117, 0, 14]]
[1191, [4, 2, 64, 132, 0, 0]]
[1192, [4, 18, 80, 132, 0, 0]]
[1193, [52, 34, 96, 132, 0, 0]]
[1194, [52, 50, 112, 147, 0, 0]]
[1195, [52, 66, 128, 3, 144, 0]]
[1196, [18, 0, 62, 18, 0, 62]]
[1197, [2, 0, 62, 33, 0, 46]]
[1198, [0, 14, 76, 63, 0, 44]]
[1199, [18, 0, 62, 108, 0, 14]]
[1200, [4, 2, 64, 108, 0, 0]]
[1201, [4, 18, 80, 138, 0, 0]]
[1202, [52, 34, 96, 153, 0, 0]]
[1203, [52, 50, 112, 39, 144, 0]]
[1204, [0, 14, 76, 69, 0, 92]]
[1205, [18, 0, 62, 69, 0, 62]]
[1206, [2, 0, 62, 114, 0, 46]]
[1207, [0, 14, 76, 129, 0, 44]]
[1208, [18, 0, 62, 144, 0, 14]]
[1209, [4, 2, 64, 0, 144, 0]]
[1210, [0, 14, 76, 15, 0, 140]]
[1211, [18, 0, 62, 30, 0, 110]]
[1212, [2, 0, 62, 30, 0, 94]]
[1213, [0, 14, 76, 30, 0, 92]]
[1214, [18, 0, 62, 45, 0, 62]]
[1215, [2, 0, 62, 45, 0, 46]]
[1216, [0, 14, 76, 60, 0, 44]]
[1217, [18, 0, 62, 75, 0, 14]]
[1218, [4, 2, 64, 105, 0, 0]]
[1219, [4, 18, 80, 150, 0, 0]]
[1220, [52, 34, 96, 6, 144, 0]]
[1221, [2, 0, 62, 36, 0, 94]]
[1222, [0, 14, 76, 36, 0, 92]]
[1223, [18, 0, 62, 81, 0, 62]]
[1224, [2, 0, 62, 111, 0, 46]]
[1225, [0, 14, 76, 111, 0, 44]]
[1226, [18, 0, 62, 156, 0, 14]]
[1227, [4, 2, 64, 27, 144, 0]]
[1228, [0, 14, 76, 42, 0, 140]]
[1229, [18, 0, 62, 42, 0, 110]]
[1230, [2, 0, 62, 57, 0, 94]]
[1231, [0, 14, 76, 72, 0, 92]]
[1232, [18, 0, 62, 72, 0, 62]]
[1233, [2, 0, 62, 72, 0, 46]]
[1234, [0, 14, 76, 87, 0, 44]]
[1235, [18, 0, 62, 87, 0, 14]]
[1236, [4, 2, 64, 102, 0, 0]]
[1237, [4, 18, 80, 117, 0, 0]]
[1238, [52, 34, 96, 147, 0, 0]]
[1239, [52, 50, 112, 48, 144, 0]]
[1240, [0, 14, 76, 48, 0, 92]]
[1241, [18, 0, 62, 63, 0, 62]]
[1242, [2, 0, 62, 63, 0, 46]]
[1243, [0, 14, 76, 108, 0, 44]]
[1244, [18, 0, 62, 138, 0, 14]]
[1245, [4, 2, 64, 138, 0, 0]]
[1246, [4, 18, 80, 183, 0, 0]]
[1247, [52, 34, 96, 54, 144, 0]]
[1248, [2, 0, 62, 69, 0, 94]]
[1249, [0, 14, 76, 69, 0, 92]]
[1250, [18, 0, 62, 84, 0, 62]]
[1251, [2, 0, 62, 99, 0, 46]]
[1252, [0, 14, 76, 99, 0, 44]]
[1253, [18, 0, 62, 99, 0, 14]]
[1254, [4, 2, 64, 114, 0, 0]]
[1255, [4, 18, 80, 114, 0, 0]]
[1256, [52, 34, 96, 144, 0, 0]]
[1257, [52, 50, 112, 15, 144, 0]]
[1258, [0, 14, 76, 45, 0, 92]]
[1259, [18, 0, 62, 90, 0, 62]]
[1260, [2, 0, 62, 90, 0, 46]]
[1261, [0, 14, 76, 105, 0, 44]]
[1262, [18, 0, 62, 105, 0, 14]]
[1263, [4, 2, 64, 150, 0, 0]]
[1264, [4, 18, 80, 36, 144, 0]]
[1265, [18, 0, 62, 36, 0, 110]]
[1266, [2, 0, 62, 81, 0, 94]]
[1267, [0, 14, 76, 96, 0, 92]]
[1268, [18, 0, 62, 111, 0, 62]]
[1269, [2, 0, 62, 111, 0, 46]]
[1270, [0, 14, 76, 126, 0, 44]]
[1271, [18, 0, 62, 141, 0, 14]]
[1272, [4, 2, 64, 141, 0, 0]]
[1273, [4, 18, 80, 141, 0, 0]]
[1274, [52, 34, 96, 156, 0, 0]]
[1275, [52, 50, 112, 12, 144, 0]]
[1276, [0, 14, 76, 42, 0, 92]]
[1277, [18, 0, 62, 57, 0, 62]]
[1278, [2, 0, 62, 87, 0, 46]]
[1279, [0, 14, 76, 102, 0, 44]]
[1280, [18, 0, 62, 102, 0, 14]]
[1281, [4, 2, 64, 132, 0, 0]]
[1282, [4, 18, 80, 132, 0, 0]]
[1283, [52, 34, 96, 177, 0, 0]]
[1284, [52, 50, 112, 78, 144, 0]]
[1285, [0, 14, 76, 78, 0, 92]]
[1286, [18, 0, 62, 123, 0, 62]]
[1287, [2, 0, 62, 138, 0, 46]]
[1288, [0, 14, 76, 153, 0, 44]]
[1289, [18, 0, 62, 9, 144, 14]]
[1290, [2, 0, 62, 24, 0, 142]]
[1291, [0, 14, 76, 39, 0, 140]]
[1292, [18, 0, 62, 39, 0, 110]]
[1293, [2, 0, 62, 39, 0, 94]]
[1294, [0, 14, 76, 54, 0, 92]]
[1295, [18, 0, 62, 54, 0, 62]]
[1296, [2, 0, 62, 84, 0, 46]]
[1297, [0, 14, 76, 99, 0, 44]]
[1298, [18, 0, 62, 129, 0, 14]]
[1299, [4, 2, 64, 144, 0, 0]]
[1300, [4, 18, 80, 0, 144, 0]]
[1301, [18, 0, 62, 30, 0, 110]]
[1302, [2, 0, 62, 30, 0, 94]]
[1303, [0, 14, 76, 75, 0, 92]]
[1304, [18, 0, 62, 120, 0, 62]]
[1305, [2, 0, 62, 120, 0, 46]]
[1306, [0, 14, 76, 165, 0, 44]]
[1307, [18, 0, 62, 36, 144, 14]]
[1308, [2, 0, 62, 51, 0, 142]]
[1309, [0, 14, 76, 51, 0, 140]]
[1310, [18, 0, 62, 66, 0, 110]]
[1311, [2, 0, 62, 81, 0, 94]]
[1312, [0, 14, 76, 81, 0, 92]]
[1313, [18, 0, 62, 81, 0, 62]]
[1314, [2, 0, 62, 96, 0, 46]]
[1315, [0, 14, 76, 96, 0, 44]]
[1316, [18, 0, 62, 126, 0, 14]]
[1317, [4, 2, 64, 141, 0, 0]]
[1318, [4, 18, 80, 171, 0, 0]]
[1319, [52, 34, 96, 42, 144, 0]]
[1320, [2, 0, 62, 42, 0, 94]]
[1321, [0, 14, 76, 72, 0, 92]]
[1322, [18, 0, 62, 72, 0, 62]]
[1323, [2, 0, 62, 117, 0, 46]]
[1324, [0, 14, 76, 162, 0, 44]]
[1325, [18, 0, 62, 18, 144, 14]]
[1326, [2, 0, 62, 63, 0, 142]]
[1327, [0, 14, 76, 78, 0, 140]]
[1328, [18, 0, 62, 78, 0, 110]]
[1329, [2, 0, 62, 93, 0, 94]]
[1330, [0, 14, 76, 108, 0, 92]]
[1331, [18, 0, 62, 123, 0, 62]]
[1332, [2, 0, 62, 123, 0, 46]]
[1333, [0, 14, 76, 123, 0, 44]]
[1334, [18, 0, 62, 138, 0, 14]]
[1335, [4, 2, 64, 138, 0, 0]]
[1336, [4, 18, 80, 168, 0, 0]]
[1337, [52, 34, 96, 39, 144, 0]]
[1338, [2, 0, 62, 54, 0, 94]]
[1339, [0, 14, 76, 69, 0, 92]]
[1340, [18, 0, 62, 69, 0, 62]]
[1341, [2, 0, 62, 99, 0, 46]]
[1342, [0, 14, 76, 99, 0, 44]]
[1343, [18, 0, 62, 144, 0, 14]]
[1344, [4, 2, 64, 45, 144, 0]]
[1345, [0, 14, 76, 45, 0, 140]]
[1346, [18, 0, 62, 90, 0, 110]]
[1347, [2, 0, 62, 105, 0, 94]]
[1348, [0, 14, 76, 105, 0, 92]]
[1349, [18, 0, 62, 120, 0, 62]]
[1350, [2, 0, 62, 135, 0, 46]]
[1351, [0, 14, 76, 150, 0, 44]]
[1352, [18, 0, 62, 6, 144, 14]]
[1353, [2, 0, 62, 6, 0, 142]]
[1354, [0, 14, 76, 21, 0, 140]]
[1355, [18, 0, 62, 21, 0, 110]]
[1356, [2, 0, 62, 51, 0, 94]]
[1357, [0, 14, 76, 66, 0, 92]]
[1358, [18, 0, 62, 81, 0, 62]]
[1359, [2, 0, 62, 96, 0, 46]]
[1360, [0, 14, 76, 96, 0, 44]]
[1361, [18, 0, 62, 126, 0, 14]]
[1362, [4, 2, 64, 126, 0, 0]]
[1363, [4, 18, 80, 171, 0, 0]]
[1364, [52, 34, 96, 72, 144, 0]]
[1365, [2, 0, 62, 72, 0, 94]]
[1366, [0, 14, 76, 117, 0, 92]]
[1367, [18, 0, 62, 132, 0, 62]]
[1368, [2, 0, 62, 132, 0, 46]]
[1369, [0, 14, 76, 147, 0, 44]]
[1370, [18, 0, 62, 18, 144, 14]]
[1371, [2, 0, 62, 33, 0, 142]]
[1372, [0, 14, 76, 33, 0, 140]]
[1373, [18, 0, 62, 33, 0, 110]]
[1374, [2, 0, 62, 48, 0, 94]]
[1375, [0, 14, 76, 48, 0, 92]]
[1376, [18, 0, 62, 78, 0, 62]]
[1377, [2, 0, 62, 93, 0, 46]]
[1378, [0, 14, 76, 108, 0, 44]]
[1379, [18, 0, 62, 108, 0, 14]]
[1380, [4, 2, 64, 108, 0, 0]]
[1381, [4, 18, 80, 138, 0, 0]]
[1382, [52, 34, 96, 138, 0, 0]]
[1383, [52, 50, 112, 183, 0, 0]]
[1384, [52, 66, 128, 99, 144, 0]]
[1385, [18, 0, 62, 99, 0, 62]]
[1386, [2, 0, 62, 144, 0, 46]]
[1387, [0, 14, 76, 15, 144, 44]]
[1388, [18, 0, 62, 30, 0, 158]]
[1389, [2, 0, 62, 45, 0, 142]]
[1390, [0, 14, 76, 60, 0, 140]]
[1391, [18, 0, 62, 75, 0, 110]]
[1392, [2, 0, 62, 75, 0, 94]]
[1393, [0, 14, 76, 75, 0, 92]]
[1394, [18, 0, 62, 90, 0, 62]]
[1395, [2, 0, 62, 90, 0, 46]]
[1396, [0, 14, 76, 120, 0, 44]]
[1397, [18, 0, 62, 135, 0, 14]]
[1398, [4, 2, 64, 150, 0, 0]]
[1399, [4, 18, 80, 6, 144, 0]]
[1400, [18, 0, 62, 6, 0, 110]]
[1401, [2, 0, 62, 36, 0, 94]]
[1402, [0, 14, 76, 36, 0, 92]]
[1403, [18, 0, 62, 81, 0, 62]]
[1404, [2, 0, 62, 141, 0, 46]]
[1405, [0, 14, 76, 141, 0, 44]]
[1406, [18, 0, 62, 186, 0, 14]]
[1407, [4, 2, 64, 57, 144, 0]]
[1408, [0, 14, 76, 72, 0, 140]]
[1409, [18, 0, 62, 87, 0, 110]]
[1410, [2, 0, 62, 102, 0, 94]]
[1411, [0, 14, 76, 102, 0, 92]]
[1412, [18, 0, 62, 102, 0, 62]]
[1413, [2, 0, 62, 102, 0, 46]]
[1414, [0, 14, 76, 117, 0, 44]]
[1415, [18, 0, 62, 117, 0, 14]]
[1416, [4, 2, 64, 147, 0, 0]]
[1417, [4, 18, 80, 18, 144, 0]]
[1418, [18, 0, 62, 33, 0, 110]]
[1419, [2, 0, 62, 33, 0, 94]]
[1420, [0, 14, 76, 33, 0, 92]]
[1421, [18, 0, 62, 63, 0, 62]]
[1422, [2, 0, 62, 63, 0, 46]]
[1423, [0, 14, 76, 108, 0, 44]]
[1424, [18, 0, 62, 168, 0, 14]]
[1425, [4, 2, 64, 24, 144, 0]]
[1426, [0, 14, 76, 69, 0, 140]]
[1427, [18, 0, 62, 84, 0, 110]]
[1428, [2, 0, 62, 99, 0, 94]]
[1429, [0, 14, 76, 114, 0, 92]]
[1430, [18, 0, 62, 129, 0, 62]]
[1431, [2, 0, 62, 129, 0, 46]]
[1432, [0, 14, 76, 129, 0, 44]]
[1433, [18, 0, 62, 129, 0, 14]]
[1434, [4, 2, 64, 144, 0, 0]]
[1435, [4, 18, 80, 0, 144, 0]]
[1436, [18, 0, 62, 30, 0, 110]]
[1437, [2, 0, 62, 45, 0, 94]]
[1438, [0, 14, 76, 75, 0, 92]]
[1439, [18, 0, 62, 75, 0, 62]]
