SimulationV01.py[0, 287]
[1, 135]
[2, 135]
[3, 261]
[4, 135]
[5, 135]
[6, 261]
[7, 135]
[8, 135]
[9, 261]
[10, 135]
[11, 135]
[12, 261]
[13, 135]
[14, 135]
[15, 261]
[16, 135]
[17, 135]
[18, 261]
[19, 135]
[20, 161]
[21, 261]
[22, 135]
[23, 135]
[24, 261]
[25, 135]
[26, 135]
[27, 261]
[28, 135]
[29, 135]
[30, 261]
[31, 135]
[32, 135]
[33, 261]
[34, 135]
[35, 135]
[36, 261]
[37, 135]
[38, 135]
[39, 261]
[40, 160]
[41, 135]
[42, 261]
[43, 135]
[44, 135]
[45, 261]
[46, 135]
[47, 135]
[48, 261]
[49, 135]
[50, 135]
[51, 261]
[52, 135]
[53, 136]
[54, 261]
[55, 135]
[56, 135]
[57, 261]
[58, 135]
[59, 135]
[60, 285]
[61, 135]
[62, 135]
[63, 262]
[64, 135]
[65, 135]
[66, 261]
[67, 135]
[68, 135]
[69, 261]
[70, 135]
[71, 135]
[72, 261]
[73, 136]
[74, 135]
[75, 261]
[76, 135]
[77, 135]
[78, 261]
[79, 135]
[80, 157]
[81, 261]
[82, 135]
[83, 136]
[84, 261]
[85, 136]
[86, 135]
[87, 261]
[88, 135]
[89, 135]
[90, 261]
[91, 135]
[92, 135]
[93, 263]
[94, 135]
[95, 135]
[96, 261]
[97, 135]
[98, 135]
[99, 261]
[100, 155]
[101, 136]
[102, 261]
[103, 137]
[104, 135]
[105, 262]
[106, 135]
[107, 135]
[108, 261]
[109, 135]
[110, 135]
[111, 261]
[112, 135]
[113, 137]
[114, 261]
[115, 135]
[116, 135]
[117, 261]
[118, 135]
[119, 135]
[120, 281]
[121, 136]
[122, 135]
[123, 263]
[124, 135]
[125, 136]
[126, 261]
[127, 135]
[128, 135]
[129, 261]
[130, 135]
[131, 135]
[132, 261]
[133, 137]
[134, 135]
[135, 261]
[136, 135]
[137, 135]
[138, 261]
[139, 135]
[140, 153]
[141, 262]
[142, 135]
[143, 138]
[144, 261]
[145, 136]
[146, 135]
[147, 261]
[148, 135]
[149, 135]
[150, 261]
[151, 136]
[152, 135]
[153, 263]
[154, 135]
[155, 135]
[156, 261]
[157, 135]
[158, 135]
[159, 261]
[160, 153]
[161, 136]
[162, 261]
[163, 138]
[164, 135]
[165, 262]
[166, 135]
[167, 135]
[168, 261]
[169, 135]
[170, 135]
[171, 262]
[172, 135]
[173, 137]
[174, 261]
[175, 135]
[176, 135]
[177, 261]
[178, 135]
[179, 135]
[180, 277]
[181, 136]
[182, 136]
[183, 264]
[184, 135]
[185, 136]
[186, 262]
[187, 135]
[188, 135]
[189, 261]
[190, 135]
[191, 136]
[192, 261]
[193, 137]
[194, 135]
[195, 261]
[196, 135]
[197, 135]
[198, 261]
[199, 135]
[200, 151]
[201, 262]
[202, 136]
[203, 138]
[204, 261]
[205, 136]
[206, 136]
[207, 261]
[208, 135]
[209, 135]
[210, 261]
[211, 136]
[212, 135]
[213, 263]
[214, 135]
[215, 135]
[216, 261]
[217, 135]
[218, 135]
[219, 261]
[220, 151]
[221, 135]
[222, 262]
[223, 138]
[224, 135]
[225, 262]
[226, 136]
[227, 135]
[228, 261]
[229, 136]
[230, 135]
[231, 262]
[232, 135]
[233, 137]
[234, 261]
[235, 135]
[236, 135]
[237, 261]
[238, 135]
[239, 135]
[240, 275]
[241, 135]
[242, 137]
[243, 264]
[244, 136]
[245, 136]
[246, 262]
[247, 135]
[248, 135]
[249, 262]
[250, 135]
[251, 136]
[252, 261]
[253, 137]
[254, 135]
[255, 261]
[256, 135]
[257, 135]
[258, 261]
[259, 135]
[260, 149]
[261, 261]
[262, 137]
[263, 138]
[264, 262]
[265, 135]
[266, 136]
[267, 261]
[268, 135]
[269, 136]
[270, 261]
[271, 136]
[272, 135]
[273, 263]
[274, 135]
[275, 135]
[276, 261]
[277, 135]
[278, 136]
[279, 261]
[280, 149]
[281, 135]
[282, 263]
[283, 137]
[284, 136]
[285, 261]
[286, 136]
[287, 135]
[288, 261]
[289, 136]
[290, 135]
[291, 262]
[292, 135]
[293, 137]
[294, 261]
[295, 136]
[296, 135]
[297, 261]
[298, 136]
[299, 135]
[300, 275]
[301, 135]
[302, 137]
[303, 263]
[304, 136]
[305, 135]
[306, 262]
[307, 135]
[308, 135]
[309, 262]
[310, 135]
[311, 136]
[312, 261]
[313, 136]
[314, 135]
[315, 262]
[316, 135]
[317, 135]
[318, 261]
[319, 135]
[320, 149]
[321, 261]
[322, 138]
[323, 137]
[324, 262]
[325, 135]
[326, 136]
[327, 261]
[328, 136]
[329, 136]
[330, 261]
[331, 136]
[332, 135]
[333, 262]
[334, 135]
[335, 136]
[336, 261]
[337, 135]
[338, 135]
[339, 261]
[340, 149]
[341, 135]
[342, 264]
[343, 136]
[344, 136]
[345, 261]
[346, 136]
[347, 135]
[348, 262]
[349, 136]
[350, 135]
[351, 263]
[352, 135]
[353, 136]
[354, 261]
[355, 136]
[356, 135]
[357, 261]
[358, 135]
[359, 135]
[360, 274]
[361, 135]
[362, 138]
[363, 262]
[364, 135]
[365, 135]
[366, 262]
[367, 135]
[368, 136]
[369, 262]
[370, 135]
[371, 136]
[372, 263]
[373, 136]
[374, 135]
[375, 262]
[376, 135]
[377, 135]
[378, 261]
[379, 135]
[380, 148]
[381, 261]
[382, 138]
[383, 136]
[384, 261]
[385, 135]
[386, 136]
[387, 261]
[388, 136]
[389, 136]
[390, 261]
[391, 136]
[392, 137]
[393, 262]
[394, 135]
[395, 136]
[396, 261]
[397, 135]
[398, 135]
[399, 261]
[400, 148]
[401, 135]
[402, 264]
[403, 136]
[404, 135]
[405, 261]
[406, 137]
[407, 135]
[408, 262]
[409, 136]
[410, 135]
[411, 262]
[412, 137]
[413, 136]
[414, 261]
[415, 136]
[416, 135]
[417, 261]
[418, 135]
[419, 135]
[420, 274]
[421, 135]
[422, 138]
[423, 262]
[424, 135]
[425, 135]
[426, 263]
[427, 135]
[428, 136]
[429, 262]
[430, 135]
[431, 136]
[432, 262]
[433, 136]
[434, 135]
[435, 262]
[436, 135]
[437, 135]
[438, 261]
[439, 135]
[440, 147]
[441, 262]
[442, 138]
[443, 136]
[444, 261]
[445, 135]
[446, 137]
[447, 261]
[448, 136]
[449, 136]
[450, 261]
[451, 137]
[452, 136]
[453, 262]
[454, 135]
[455, 136]
[456, 261]
[457, 135]
[458, 135]
[459, 261]
[460, 146]
[461, 136]
[462, 264]
[463, 136]
[464, 135]
[465, 261]
[466, 137]
[467, 135]
[468, 262]
[469, 136]
[470, 135]
[471, 263]
[472, 136]
[473, 136]
[474, 261]
[475, 136]
[476, 135]
[477, 262]
[478, 135]
[479, 135]
