SimulationV05.py[0, 250]
[1, 120]
[2, 120]
[3, 228]
[4, 120]
[5, 120]
[6, 228]
[7, 120]
[8, 120]
[9, 228]
[10, 120]
[11, 120]
[12, 228]
[13, 120]
[14, 120]
[15, 228]
[16, 120]
[17, 120]
[18, 228]
[19, 120]
[20, 142]
[21, 228]
[22, 120]
[23, 120]
[24, 228]
[25, 120]
[26, 120]
[27, 228]
[28, 120]
[29, 120]
[30, 228]
[31, 120]
[32, 120]
[33, 228]
[34, 120]
[35, 120]
[36, 228]
[37, 120]
[38, 120]
[39, 228]
[40, 141]
[41, 120]
[42, 228]
[43, 120]
[44, 120]
[45, 228]
[46, 120]
[47, 120]
[48, 228]
[49, 120]
[50, 120]
[51, 228]
[52, 120]
[53, 120]
[54, 228]
[55, 120]
[56, 120]
[57, 228]
[58, 120]
[59, 120]
[60, 247]
[61, 121]
[62, 120]
[63, 228]
[64, 121]
[65, 120]
[66, 228]
[67, 120]
[68, 120]
[69, 228]
[70, 120]
[71, 121]
[72, 228]
[73, 120]
[74, 120]
[75, 228]
[76, 120]
[77, 120]
[78, 228]
[79, 120]
[80, 138]
[81, 229]
[82, 121]
[83, 120]
[84, 229]
[85, 120]
[86, 120]
[87, 228]
[88, 120]
[89, 120]
[90, 228]
[91, 121]
[92, 120]
[93, 228]
[94, 120]
[95, 120]
[96, 228]
[97, 120]
[98, 120]
[99, 228]
[100, 137]
[101, 121]
[102, 229]
[103, 120]
[104, 121]
[105, 228]
[106, 120]
[107, 120]
[108, 228]
[109, 120]
[110, 120]
[111, 229]
[112, 120]
[113, 120]
[114, 228]
[115, 120]
[116, 120]
[117, 228]
[118, 120]
[119, 120]
[120, 244]
[121, 121]
[122, 121]
[123, 228]
[124, 121]
[125, 121]
[126, 228]
[127, 120]
[128, 120]
[129, 228]
[130, 120]
[131, 120]
[132, 228]
[133, 120]
[134, 120]
[135, 228]
[136, 120]
[137, 120]
[138, 228]
[139, 120]
[140, 136]
[141, 229]
[142, 121]
[143, 120]
[144, 229]
[145, 121]
[146, 120]
[147, 228]
[148, 120]
[149, 120]
[150, 228]
[151, 121]
[152, 120]
[153, 228]
[154, 120]
[155, 120]
[156, 229]
[157, 120]
[158, 120]
[159, 228]
[160, 136]
[161, 121]
[162, 229]
[163, 120]
[164, 121]
[165, 229]
[166, 120]
[167, 120]
[168, 228]
[169, 120]
[170, 120]
[171, 229]
[172, 120]
[173, 120]
[174, 228]
[175, 120]
[176, 121]
[177, 228]
[178, 120]
[179, 120]
[180, 243]
[181, 120]
[182, 121]
[183, 228]
[184, 122]
[185, 121]
[186, 228]
[187, 120]
[188, 120]
[189, 228]
[190, 120]
[191, 121]
[192, 229]
[193, 120]
[194, 120]
[195, 228]
[196, 121]
[197, 120]
[198, 228]
[199, 120]
[200, 135]
[201, 228]
[202, 121]
[203, 120]
[204, 230]
[205, 121]
[206, 120]
[207, 228]
[208, 120]
[209, 120]
[210, 228]
[211, 121]
[212, 121]
[213, 228]
[214, 120]
[215, 120]
[216, 229]
[217, 120]
[218, 120]
[219, 228]
[220, 135]
[221, 120]
[222, 229]
[223, 120]
[224, 122]
[225, 229]
[226, 120]
[227, 120]
[228, 228]
[229, 120]
[230, 120]
[231, 229]
[232, 121]
[233, 120]
[234, 228]
[235, 120]
[236, 121]
[237, 228]
[238, 120]
[239, 120]
[240, 242]
[241, 121]
[242, 121]
[243, 228]
[244, 122]
[245, 121]
[246, 228]
[247, 120]
[248, 120]
[249, 228]
[250, 120]
[251, 121]
[252, 228]
[253, 120]
[254, 120]
[255, 228]
[256, 121]
[257, 120]
[258, 228]
[259, 120]
[260, 133]
[261, 229]
[262, 121]
[263, 120]
[264, 230]
[265, 121]
[266, 121]
[267, 228]
[268, 120]
[269, 120]
[270, 228]
[271, 121]
[272, 121]
[273, 228]
[274, 120]
[275, 120]
[276, 229]
[277, 120]
[278, 120]
[279, 228]
[280, 133]
[281, 121]
[282, 229]
[283, 120]
[284, 122]
[285, 229]
[286, 121]
[287, 120]
[288, 228]
[289, 120]
[290, 120]
[291, 229]
[292, 121]
[293, 120]
[294, 228]
[295, 120]
[296, 121]
[297, 228]
[298, 120]
[299, 120]
[300, 241]
[301, 121]
[302, 121]
[303, 228]
[304, 122]
[305, 121]
[306, 229]
[307, 120]
[308, 120]
[309, 228]
[310, 120]
[311, 121]
[312, 229]
[313, 120]
[314, 120]
[315, 228]
[316, 121]
[317, 120]
[318, 228]
[319, 120]
[320, 133]
[321, 229]
[322, 121]
[323, 120]
[324, 230]
[325, 121]
[326, 121]
[327, 228]
[328, 120]
[329, 120]
[330, 228]
[331, 121]
[332, 121]
[333, 228]
[334, 120]
[335, 120]
[336, 229]
[337, 120]
[338, 120]
[339, 228]
[340, 133]
[341, 121]
[342, 229]
[343, 120]
[344, 122]
[345, 229]
[346, 121]
[347, 120]
[348, 228]
[349, 120]
[350, 120]
[351, 229]
[352, 121]
[353, 120]
[354, 228]
[355, 120]
[356, 121]
[357, 228]
[358, 120]
[359, 120]
[360, 240]
[361, 121]
[362, 121]
[363, 228]
[364, 122]
[365, 121]
[366, 229]
[367, 120]
[368, 120]
[369, 228]
[370, 120]
[371, 121]
[372, 229]
[373, 120]
[374, 120]
[375, 228]
[376, 121]
[377, 120]
[378, 228]
[379, 120]
[380, 132]
[381, 229]
[382, 121]
[383, 120]
[384, 229]
[385, 121]
[386, 121]
[387, 228]
[388, 120]
[389, 120]
[390, 228]
[391, 121]
[392, 121]
[393, 228]
[394, 120]
[395, 120]
[396, 230]
[397, 120]
[398, 120]
[399, 228]
[400, 132]
[401, 121]
[402, 229]
[403, 120]
[404, 121]
[405, 229]
[406, 121]
[407, 121]
[408, 228]
[409, 120]
[410, 120]
[411, 229]
[412, 121]
[413, 120]
[414, 228]
[415, 120]
[416, 122]
[417, 228]
[418, 120]
[419, 120]
[420, 239]
[421, 121]
[422, 121]
[423, 228]
[424, 121]
[425, 120]
[426, 229]
[427, 121]
[428, 121]
[429, 228]
[430, 120]
[431, 121]
[432, 229]
[433, 120]
[434, 121]
[435, 228]
[436, 122]
[437, 120]
[438, 228]
[439, 120]
[440, 131]
[441, 229]
[442, 121]
[443, 120]
[444, 229]
[445, 120]
[446, 121]
[447, 229]
[448, 121]
[449, 120]
[450, 228]
[451, 121]
[452, 121]
[453, 228]
[454, 121]
[455, 120]
[456, 230]
[457, 120]
[458, 120]
[459, 228]
[460, 131]
[461, 121]
[462, 229]
[463, 120]
[464, 121]
[465, 228]
[466, 121]
[467, 121]
[468, 229]
[469, 120]
[470, 120]
[471, 229]
[472, 121]
[473, 120]
[474, 229]
[475, 120]
[476, 122]
[477, 228]
[478, 120]
[479, 120]
[480, 238]
[481, 121]
[482, 121]
[483, 228]
[484, 121]
[485, 120]
[486, 229]
[487, 121]
[488, 121]
[489, 228]
[490, 120]
[491, 121]
[492, 229]
[493, 120]
[494, 121]
[495, 228]
[496, 122]
[497, 120]
[498, 228]
[499, 120]
[500, 128]
[501, 229]
[502, 121]
[503, 120]
[504, 230]
[505, 120]
[506, 121]
[507, 229]
[508, 121]
[509, 120]
[510, 228]
[511, 121]
[512, 121]
[513, 228]
[514, 121]
[515, 121]
[516, 230]
[517, 120]
[518, 120]
[519, 228]
[520, 127]
[521, 121]
[522, 231]
[523, 120]
[524, 122]
[525, 228]
[526, 121]
[527, 121]
[528, 229]
[529, 120]
[530, 120]
[531, 229]
[532, 121]
[533, 120]
[534, 229]
[535, 121]
[536, 122]
[537, 228]
[538, 120]
[539, 120]
[540, 235]
[541, 121]
[542, 123]
[543, 228]
[544, 122]
[545, 120]
[546, 229]
[547, 121]
[548, 121]
[549, 228]
[550, 120]
[551, 121]
[552, 229]
[553, 120]
[554, 121]
[555, 228]
[556, 122]
[557, 120]
[558, 229]
[559, 120]
[560, 127]
[561, 229]
[562, 123]
[563, 120]
[564, 230]
[565, 120]
[566, 121]
[567, 229]
[568, 121]
[569, 120]
[570, 228]
[571, 121]
[572, 121]
[573, 228]
[574, 121]
[575, 120]
[576, 230]
[577, 120]
[578, 121]
[579, 228]
[580, 127]
[581, 121]
[582, 231]
[583, 120]
[584, 122]
[585, 228]
[586, 121]
[587, 121]
[588, 229]
[589, 120]
[590, 120]
[591, 229]
[592, 121]
[593, 120]
[594, 229]
[595, 120]
[596, 122]
[597, 228]
[598, 121]
[599, 120]
[600, 235]
[601, 121]
[602, 123]
[603, 228]
[604, 122]
[605, 120]
[606, 229]
[607, 121]
[608, 121]
[609, 228]
[610, 120]
[611, 121]
[612, 229]
[613, 120]
[614, 121]
[615, 228]
[616, 122]
[617, 120]
[618, 229]
[619, 120]
[620, 127]
[621, 229]
[622, 123]
[623, 120]
[624, 230]
[625, 120]
[626, 121]
[627, 229]
[628, 121]
[629, 120]
[630, 228]
[631, 121]
[632, 121]
[633, 228]
[634, 121]
[635, 120]
[636, 230]
[637, 120]
[638, 121]
[639, 228]
[640, 127]
[641, 121]
[642, 231]
[643, 120]
[644, 122]
[645, 228]
[646, 121]
[647, 111]
[648, 219]
[649, 110]
[650, 110]
[651, 219]
[652, 111]
[653, 110]
[654, 219]
[655, 110]
[656, 112]
[657, 218]
[658, 111]
[659, 110]
[660, 225]
[661, 111]
[662, 113]
[663, 218]
[664, 112]
[665, 110]
[666, 219]
[667, 111]
[668, 111]
[669, 218]
[670, 110]
[671, 111]
[672, 219]
[673, 110]
[674, 111]
[675, 218]
[676, 112]
[677, 110]
[678, 229]
[679, 120]
[680, 127]
[681, 229]
[682, 123]
[683, 120]
[684, 230]
[685, 120]
[686, 120]
[687, 229]
[688, 121]
[689, 120]
[690, 228]
[691, 121]
[692, 121]
[693, 228]
[694, 122]
[695, 120]
[696, 230]
[697, 120]
[698, 121]
[699, 228]
[700, 127]
[701, 121]
[702, 222]
[703, 120]
[704, 122]
[705, 219]
[706, 120]
[707, 121]
[708, 220]
[709, 120]
[710, 120]
[711, 220]
[712, 121]
[713, 120]
[714, 221]
[715, 120]
[716, 122]
[717, 219]
[718, 121]
[719, 120]
[720, 226]
[721, 121]
[722, 123]
[723, 219]
[724, 122]
[725, 120]
[726, 219]
[727, 121]
[728, 121]
[729, 219]
[730, 120]
[731, 121]
[732, 219]
[733, 120]
[734, 122]
[735, 228]
[736, 121]
[737, 121]
[738, 230]
[739, 120]
[740, 127]
[741, 229]
[742, 123]
[743, 120]
[744, 230]
[745, 120]
[746, 120]
[747, 229]
[748, 121]
[749, 120]
[750, 228]
[751, 121]
[752, 120]
[753, 228]
[754, 122]
[755, 120]
[756, 228]
[757, 121]
[758, 122]
[759, 228]
[760, 126]
[761, 121]
[762, 231]
[763, 121]
[764, 122]
[765, 228]
[766, 120]
[767, 121]
[768, 229]
[769, 120]
[770, 120]
[771, 230]
[772, 120]
[773, 120]
[774, 230]
[775, 120]
[776, 120]
[777, 229]
[778, 122]
[779, 120]
[780, 234]
[781, 121]
[782, 123]
[783, 229]
[784, 122]
[785, 120]
[786, 228]
[787, 121]
[788, 121]
[789, 228]
[790, 120]
[791, 122]
[792, 228]
[793, 120]
[794, 122]
[795, 228]
[796, 120]
[797, 121]
[798, 230]
[799, 120]
[800, 126]
[801, 229]
[802, 123]
[803, 121]
[804, 230]
[805, 120]
[806, 120]
[807, 229]
[808, 121]
[809, 120]
[810, 228]
[811, 122]
[812, 120]
[813, 228]
[814, 122]
[815, 120]
[816, 228]
[817, 121]
[818, 122]
[819, 228]
[820, 126]
[821, 121]
[822, 231]
[823, 121]
[824, 122]
[825, 228]
[826, 120]
[827, 121]
[828, 229]
[829, 120]
[830, 120]
[831, 230]
[832, 120]
[833, 120]
[834, 230]
[835, 120]
[836, 120]
[837, 229]
[838, 122]
[839, 120]
[840, 234]
[841, 121]
[842, 123]
[843, 229]
[844, 122]
[845, 120]
[846, 228]
[847, 121]
[848, 121]
[849, 228]
[850, 120]
[851, 122]
[852, 228]
[853, 120]
[854, 122]
[855, 228]
[856, 120]
[857, 121]
[858, 230]
[859, 120]
[860, 126]
[861, 229]
[862, 123]
[863, 121]
[864, 230]
[865, 120]
[866, 120]
[867, 229]
[868, 121]
[869, 120]
[870, 228]
[871, 122]
[872, 120]
[873, 228]
[874, 122]
[875, 120]
[876, 228]
[877, 121]
[878, 122]
[879, 228]
[880, 126]
[881, 121]
[882, 230]
[883, 121]
[884, 122]
[885, 228]
[886, 120]
[887, 121]
[888, 229]
[889, 120]
[890, 120]
[891, 230]
[892, 120]
[893, 120]
[894, 230]
[895, 120]
[896, 120]
[897, 229]
[898, 122]
[899, 120]
[900, 234]
[901, 121]
[902, 122]
[903, 229]
[904, 122]
[905, 121]
[906, 228]
[907, 121]
[908, 121]
[909, 228]
[910, 120]
[911, 122]
[912, 228]
[913, 120]
[914, 122]
[915, 228]
[916, 120]
[917, 121]
[918, 229]
[919, 121]
[920, 126]
[921, 229]
[922, 122]
[923, 121]
[924, 230]
[925, 121]
[926, 120]
[927, 229]
[928, 121]
[929, 120]
[930, 228]
[931, 122]
[932, 120]
[933, 228]
[934, 122]
[935, 120]
[936, 228]
[937, 121]
[938, 121]
[939, 229]
[940, 126]
[941, 120]
[942, 230]
[943, 121]
[944, 122]
[945, 229]
[946, 120]
[947, 121]
[948, 229]
[949, 120]
[950, 120]
[951, 230]
[952, 120]
[953, 120]
[954, 231]
[955, 120]
[956, 120]
[957, 229]
[958, 121]
[959, 121]
[960, 234]
[961, 120]
[962, 122]
[963, 229]
[964, 122]
[965, 121]
[966, 228]
[967, 121]
[968, 121]
[969, 228]
[970, 120]
[971, 122]
[972, 228]
[973, 120]
[974, 123]
[975, 228]
[976, 120]
[977, 121]
[978, 229]
[979, 121]
[980, 125]
[981, 228]
[982, 122]
[983, 121]
[984, 230]
[985, 121]
[986, 120]
[987, 229]
[988, 121]
[989, 120]
[990, 228]
[991, 121]
[992, 121]
[993, 228]
[994, 123]
[995, 120]
[996, 228]
[997, 121]
[998, 121]
[999, 229]
[1000, 123]
[1001, 120]
[1002, 230]
[1003, 121]
[1004, 122]
[1005, 229]
[1006, 120]
[1007, 122]
[1008, 229]
[1009, 120]
[1010, 120]
[1011, 229]
[1012, 121]
[1013, 120]
[1014, 231]
[1015, 120]
[1016, 120]
[1017, 229]
[1018, 121]
[1019, 121]
[1020, 231]
[1021, 120]
[1022, 122]
[1023, 229]
[1024, 122]
[1025, 121]
[1026, 228]
[1027, 123]
[1028, 121]
[1029, 228]
[1030, 120]
[1031, 121]
[1032, 229]
[1033, 120]
[1034, 122]
[1035, 228]
[1036, 120]
[1037, 121]
[1038, 229]
[1039, 122]
[1040, 122]
[1041, 228]
[1042, 123]
[1043, 121]
[1044, 230]
[1045, 121]
[1046, 120]
[1047, 231]
[1048, 121]
[1049, 120]
[1050, 228]
[1051, 121]
[1052, 121]
[1053, 228]
[1054, 122]
[1055, 120]
[1056, 228]
[1057, 122]
[1058, 121]
[1059, 230]
[1060, 122]
[1061, 120]
[1062, 231]
[1063, 121]
[1064, 122]
[1065, 229]
[1066, 120]
[1067, 123]
[1068, 229]
[1069, 120]
[1070, 120]
[1071, 229]
[1072, 121]
[1073, 120]
[1074, 230]
[1075, 120]
[1076, 120]
[1077, 229]
[1078, 121]
[1079, 122]
[1080, 230]
[1081, 120]
[1082, 123]
[1083, 229]
[1084, 122]
[1085, 121]
[1086, 228]
[1087, 123]
[1088, 121]
[1089, 229]
[1090, 120]
[1091, 121]
[1092, 229]
[1093, 120]
[1094, 122]
[1095, 228]
[1096, 120]
[1097, 121]
[1098, 229]
[1099, 122]
[1100, 122]
[1101, 228]
[1102, 122]
[1103, 121]
[1104, 230]
[1105, 122]
[1106, 120]
[1107, 231]
[1108, 121]
[1109, 121]
[1110, 228]
[1111, 121]
[1112, 121]
[1113, 228]
[1114, 121]
[1115, 120]
[1116, 228]
[1117, 121]
[1118, 121]
[1119, 230]
[1120, 123]
[1121, 120]
[1122, 230]
[1123, 121]
[1124, 122]
[1125, 230]
[1126, 120]
[1127, 123]
[1128, 229]
[1129, 121]
[1130, 120]
[1131, 229]
[1132, 121]
[1133, 120]
[1134, 229]
[1135, 120]
[1136, 120]
[1137, 229]
[1138, 121]
[1139, 122]
[1140, 231]
[1141, 120]
[1142, 122]
[1143, 229]
[1144, 122]
[1145, 122]
[1146, 228]
[1147, 123]
[1148, 121]
[1149, 229]
[1150, 120]
[1151, 121]
[1152, 229]
[1153, 120]
[1154, 121]
[1155, 228]
[1156, 120]
[1157, 121]
[1158, 229]
[1159, 122]
[1160, 123]
[1161, 228]
[1162, 122]
[1163, 121]
[1164, 230]
[1165, 122]
[1166, 120]
[1167, 231]
[1168, 121]
[1169, 121]
[1170, 228]
[1171, 121]
[1172, 121]
[1173, 228]
[1174, 121]
[1175, 120]
[1176, 228]
[1177, 121]
[1178, 121]
[1179, 230]
[1180, 123]
[1181, 120]
[1182, 230]
[1183, 121]
[1184, 122]
[1185, 230]
[1186, 120]
[1187, 123]
[1188, 229]
[1189, 121]
[1190, 120]
[1191, 229]
[1192, 121]
[1193, 120]
[1194, 228]
[1195, 121]
[1196, 120]
[1197, 229]
[1198, 121]
[1199, 122]
[1200, 231]
[1201, 120]
[1202, 122]
[1203, 229]
[1204, 122]
[1205, 122]
[1206, 228]
[1207, 123]
[1208, 121]
[1209, 229]
[1210, 120]
[1211, 121]
[1212, 229]
[1213, 120]
[1214, 120]
[1215, 229]
[1216, 120]
[1217, 121]
[1218, 229]
[1219, 122]
[1220, 123]
[1221, 228]
[1222, 122]
[1223, 120]
[1224, 231]
[1225, 122]
[1226, 120]
[1227, 231]
[1228, 121]
[1229, 121]
[1230, 228]
[1231, 121]
[1232, 121]
[1233, 228]
[1234, 120]
[1235, 121]
[1236, 228]
[1237, 121]
[1238, 121]
[1239, 230]
[1240, 123]
[1241, 120]
[1242, 229]
[1243, 120]
[1244, 123]
[1245, 230]
[1246, 120]
[1247, 123]
[1248, 229]
[1249, 121]
[1250, 120]
[1251, 229]
[1252, 121]
[1253, 120]
[1254, 228]
[1255, 121]
[1256, 120]
[1257, 230]
[1258, 121]
[1259, 122]
[1260, 231]
[1261, 120]
[1262, 121]
[1263, 228]
[1264, 123]
[1265, 122]
[1266, 228]
[1267, 123]
[1268, 121]
[1269, 229]
[1270, 120]
[1271, 121]
[1272, 229]
[1273, 120]
[1274, 120]
[1275, 229]
[1276, 120]
[1277, 122]
[1278, 229]
[1279, 122]
[1280, 121]
[1281, 228]
[1282, 122]
[1283, 120]
[1284, 231]
[1285, 123]
[1286, 120]
[1287, 231]
[1288, 121]
[1289, 121]
[1290, 228]
[1291, 121]
[1292, 121]
[1293, 228]
[1294, 120]
[1295, 121]
[1296, 228]
[1297, 122]
[1298, 121]
[1299, 230]
[1300, 121]
[1301, 120]
[1302, 230]
[1303, 120]
[1304, 123]
[1305, 231]
[1306, 120]
[1307, 123]
[1308, 229]
[1309, 120]
[1310, 121]
[1311, 229]
[1312, 121]
[1313, 120]
[1314, 228]
[1315, 121]
[1316, 120]
[1317, 230]
[1318, 121]
[1319, 122]
[1320, 229]
[1321, 120]
[1322, 122]
[1323, 228]
[1324, 123]
[1325, 123]
[1326, 228]
[1327, 123]
[1328, 121]
[1329, 228]
[1330, 121]
[1331, 121]
[1332, 229]
[1333, 120]
[1334, 120]
[1335, 229]
[1336, 120]
[1337, 122]
[1338, 229]
[1339, 121]
[1340, 121]
[1341, 228]
[1342, 122]
[1343, 120]
[1344, 231]
[1345, 123]
[1346, 120]
[1347, 231]
[1348, 121]
[1349, 120]
[1350, 229]
[1351, 121]
[1352, 121]
[1353, 228]
[1354, 120]
[1355, 121]
[1356, 228]
[1357, 122]
[1358, 121]
[1359, 229]
[1360, 121]
[1361, 120]
[1362, 230]
[1363, 120]
[1364, 123]
[1365, 231]
[1366, 120]
[1367, 123]
[1368, 229]
[1369, 120]
[1370, 121]
[1371, 229]
[1372, 121]
[1373, 120]
[1374, 228]
[1375, 121]
[1376, 120]
[1377, 230]
[1378, 121]
[1379, 121]
[1380, 228]
[1381, 120]
[1382, 122]
[1383, 228]
[1384, 123]
[1385, 124]
[1386, 228]
[1387, 123]
[1388, 121]
[1389, 229]
[1390, 121]
[1391, 121]
[1392, 229]
[1393, 120]
[1394, 120]
[1395, 229]
[1396, 120]
[1397, 122]
[1398, 229]
[1399, 121]
[1400, 120]
[1401, 228]
[1402, 122]
[1403, 120]
[1404, 231]
[1405, 124]
[1406, 120]
[1407, 231]
[1408, 121]
[1409, 121]
[1410, 229]
[1411, 121]
[1412, 120]
[1413, 228]
[1414, 120]
[1415, 121]
[1416, 228]
[1417, 122]
[1418, 121]
[1419, 229]
[1420, 120]
[1421, 120]
[1422, 230]
[1423, 120]
[1424, 123]
[1425, 232]
[1426, 120]
[1427, 123]
[1428, 229]
[1429, 121]
[1430, 121]
[1431, 229]
[1432, 120]
[1433, 120]
[1434, 228]
[1435, 121]
[1436, 120]
[1437, 230]
[1438, 121]
[1439, 122]
