SimulationV06.py[0, 250]
[1, 120]
[2, 120]
[3, 228]
[4, 120]
[5, 120]
[6, 228]
[7, 120]
[8, 120]
[9, 228]
[10, 120]
[11, 120]
[12, 228]
[13, 120]
[14, 120]
[15, 228]
[16, 120]
[17, 120]
[18, 228]
[19, 120]
[20, 141]
[21, 228]
[22, 120]
[23, 120]
[24, 228]
[25, 120]
[26, 120]
[27, 228]
[28, 120]
[29, 120]
[30, 228]
[31, 120]
[32, 120]
[33, 228]
[34, 121]
[35, 120]
[36, 228]
[37, 120]
[38, 120]
[39, 228]
[40, 140]
[41, 120]
[42, 228]
[43, 120]
[44, 120]
[45, 228]
[46, 120]
[47, 120]
[48, 228]
[49, 120]
[50, 120]
[51, 228]
[52, 120]
[53, 120]
[54, 229]
[55, 120]
[56, 120]
[57, 228]
[58, 120]
[59, 120]
[60, 248]
[61, 120]
[62, 120]
[63, 228]
[64, 120]
[65, 120]
[66, 228]
[67, 120]
[68, 120]
[69, 228]
[70, 120]
[71, 120]
[72, 228]
[73, 120]
[74, 121]
[75, 228]
[76, 121]
[77, 120]
[78, 228]
[79, 120]
[80, 138]
[81, 229]
[82, 120]
[83, 120]
[84, 228]
[85, 120]
[86, 120]
[87, 229]
[88, 120]
[89, 120]
[90, 228]
[91, 120]
[92, 120]
[93, 228]
[94, 121]
[95, 120]
[96, 229]
[97, 120]
[98, 120]
[99, 228]
[100, 137]
[101, 121]
[102, 228]
[103, 120]
[104, 120]
[105, 228]
[106, 120]
[107, 121]
[108, 228]
[109, 120]
[110, 120]
[111, 228]
[112, 120]
[113, 120]
[114, 229]
[115, 120]
[116, 121]
[117, 228]
[118, 120]
[119, 120]
[120, 243]
[121, 121]
[122, 120]
[123, 229]
[124, 121]
[125, 120]
[126, 228]
[127, 121]
[128, 120]
[129, 228]
[130, 120]
[131, 120]
[132, 228]
[133, 120]
[134, 121]
[135, 228]
[136, 121]
[137, 121]
[138, 228]
[139, 120]
[140, 133]
[141, 229]
[142, 122]
[143, 121]
[144, 229]
[145, 120]
[146, 120]
[147, 229]
[148, 120]
[149, 120]
[150, 228]
[151, 120]
[152, 120]
[153, 228]
[154, 121]
[155, 120]
[156, 229]
[157, 121]
[158, 120]
[159, 228]
[160, 133]
[161, 121]
[162, 230]
[163, 121]
[164, 121]
[165, 228]
[166, 120]
[167, 121]
[168, 228]
[169, 120]
[170, 120]
[171, 228]
[172, 120]
[173, 120]
[174, 229]
[175, 120]
[176, 121]
[177, 229]
[178, 120]
[179, 120]
[180, 240]
[181, 121]
[182, 122]
[183, 229]
[184, 121]
[185, 120]
[186, 229]
[187, 121]
[188, 120]
[189, 228]
[190, 120]
[191, 120]
[192, 228]
[193, 120]
[194, 121]
[195, 228]
[196, 120]
[197, 122]
[198, 228]
[199, 120]
[200, 132]
[201, 229]
[202, 122]
[203, 121]
[204, 229]
[205, 120]
[206, 121]
[207, 229]
[208, 120]
[209, 120]
[210, 228]
[211, 120]
[212, 120]
[213, 228]
[214, 121]
[215, 120]
[216, 228]
[217, 122]
[218, 120]
[219, 228]
[220, 132]
[221, 121]
[222, 230]
[223, 121]
[224, 121]
[225, 228]
[226, 121]
[227, 120]
[228, 228]
[229, 120]
[230, 120]
[231, 229]
[232, 120]
[233, 120]
[234, 229]
[235, 120]
[236, 120]
[237, 230]
[238, 120]
[239, 120]
[240, 240]
[241, 121]
[242, 122]
[243, 229]
[244, 121]
[245, 120]
[246, 229]
[247, 120]
[248, 120]
[249, 228]
[250, 120]
[251, 121]
[252, 228]
[253, 120]
[254, 121]
[255, 228]
[256, 120]
[257, 122]
[258, 228]
[259, 120]
[260, 132]
[261, 229]
[262, 122]
[263, 121]
[264, 229]
[265, 120]
[266, 121]
[267, 228]
[268, 120]
[269, 120]
[270, 228]
[271, 121]
[272, 120]
[273, 228]
[274, 121]
[275, 120]
[276, 228]
[277, 122]
[278, 120]
[279, 228]
[280, 132]
[281, 121]
[282, 229]
[283, 122]
[284, 121]
[285, 228]
[286, 121]
[287, 120]
[288, 228]
[289, 120]
[290, 120]
[291, 229]
[292, 120]
[293, 120]
[294, 229]
[295, 120]
[296, 120]
[297, 230]
[298, 120]
[299, 120]
[300, 240]
[301, 121]
[302, 121]
[303, 230]
[304, 121]
[305, 120]
[306, 229]
[307, 120]
[308, 120]
[309, 228]
[310, 120]
[311, 121]
[312, 228]
[313, 120]
[314, 121]
[315, 228]
[316, 120]
[317, 122]
[318, 228]
[319, 120]
[320, 131]
[321, 230]
[322, 121]
[323, 122]
[324, 229]
[325, 120]
[326, 121]
[327, 228]
[328, 120]
[329, 120]
[330, 228]
[331, 121]
[332, 120]
[333, 228]
[334, 121]
[335, 120]
[336, 228]
[337, 122]
[338, 120]
[339, 228]
[340, 131]
[341, 122]
[342, 229]
[343, 122]
[344, 121]
[345, 228]
[346, 121]
[347, 120]
[348, 228]
[349, 120]
[350, 120]
[351, 229]
[352, 120]
[353, 120]
[354, 229]
[355, 120]
[356, 120]
[357, 230]
[358, 120]
[359, 120]
[360, 239]
[361, 122]
[362, 121]
[363, 230]
[364, 121]
[365, 120]
[366, 229]
[367, 120]
[368, 120]
[369, 228]
[370, 120]
[371, 121]
[372, 228]
[373, 120]
[374, 121]
[375, 228]
[376, 120]
[377, 122]
[378, 228]
[379, 120]
[380, 131]
[381, 230]
[382, 121]
[383, 122]
[384, 229]
[385, 120]
[386, 121]
[387, 228]
[388, 120]
[389, 120]
[390, 228]
[391, 121]
[392, 120]
[393, 228]
[394, 121]
[395, 120]
[396, 228]
[397, 122]
[398, 120]
[399, 228]
[400, 131]
[401, 122]
[402, 229]
[403, 122]
[404, 121]
[405, 228]
[406, 121]
[407, 120]
[408, 228]
[409, 120]
[410, 120]
[411, 229]
[412, 120]
[413, 120]
[414, 229]
[415, 120]
[416, 120]
[417, 230]
[418, 120]
[419, 120]
[420, 239]
[421, 122]
[422, 121]
[423, 230]
[424, 121]
[425, 120]
[426, 229]
[427, 120]
[428, 120]
[429, 228]
[430, 120]
[431, 121]
[432, 228]
[433, 120]
[434, 121]
[435, 228]
[436, 120]
[437, 122]
[438, 228]
[439, 120]
[440, 131]
[441, 221]
[442, 121]
[443, 122]
[444, 220]
[445, 120]
[446, 121]
[447, 219]
[448, 120]
[449, 120]
[450, 219]
[451, 121]
[452, 120]
[453, 219]
[454, 121]
[455, 120]
[456, 219]
[457, 122]
[458, 120]
[459, 219]
[460, 130]
[461, 122]
[462, 220]
[463, 122]
[464, 121]
[465, 219]
[466, 121]
[467, 120]
[468, 220]
[469, 120]
[470, 120]
[471, 220]
[472, 120]
[473, 129]
[474, 220]
[475, 120]
[476, 129]
[477, 221]
[478, 120]
[479, 129]
[480, 229]
[481, 122]
[482, 130]
[483, 221]
[484, 121]
[485, 129]
[486, 220]
[487, 120]
[488, 130]
[489, 219]
[490, 120]
[491, 130]
[492, 219]
[493, 120]
[494, 130]
[495, 219]
[496, 120]
[497, 131]
[498, 219]
[499, 120]
[500, 139]
[501, 221]
[502, 121]
[503, 131]
[504, 220]
[505, 120]
[506, 130]
[507, 219]
[508, 121]
[509, 129]
[510, 219]
[511, 121]
[512, 129]
[513, 219]
[514, 121]
[515, 129]
[516, 219]
[517, 122]
[518, 129]
[519, 219]
[520, 129]
[521, 131]
[522, 220]
[523, 122]
[524, 130]
[525, 219]
[526, 121]
[527, 130]
[528, 220]
[529, 120]
[530, 129]
[531, 220]
[532, 120]
[533, 129]
[534, 220]
[535, 120]
[536, 129]
[537, 221]
[538, 120]
[539, 129]
[540, 228]
[541, 122]
[542, 130]
[543, 221]
[544, 121]
[545, 129]
[546, 219]
[547, 121]
[548, 130]
[549, 219]
[550, 120]
[551, 130]
[552, 219]
[553, 120]
[554, 130]
[555, 220]
[556, 120]
[557, 131]
[558, 219]
[559, 120]
[560, 138]
[561, 221]
[562, 121]
[563, 131]
[564, 220]
[565, 120]
[566, 129]
[567, 220]
[568, 121]
[569, 129]
[570, 219]
[571, 121]
[572, 129]
[573, 219]
[574, 121]
[575, 130]
[576, 219]
[577, 122]
[578, 129]
[579, 219]
[580, 128]
[581, 131]
[582, 220]
[583, 122]
[584, 130]
[585, 219]
[586, 120]
[587, 130]
[588, 220]
[589, 120]
[590, 129]
[591, 221]
[592, 120]
[593, 129]
[594, 220]
[595, 121]
[596, 129]
[597, 221]
[598, 120]
[599, 129]
[600, 227]
[601, 122]
[602, 130]
[603, 221]
[604, 121]
[605, 129]
[606, 219]
[607, 121]
[608, 130]
[609, 219]
[610, 120]
[611, 131]
[612, 219]
[613, 120]
[614, 130]
[615, 220]
[616, 120]
[617, 131]
[618, 219]
[619, 120]
[620, 135]
[621, 221]
[622, 122]
[623, 131]
[624, 220]
[625, 120]
[626, 130]
[627, 220]
[628, 121]
[629, 129]
[630, 219]
[631, 122]
[632, 129]
[633, 219]
[634, 121]
[635, 130]
[636, 219]
[637, 122]
[638, 129]
[639, 219]
[640, 126]
[641, 131]
[642, 221]
[643, 122]
[644, 130]
[645, 219]
[646, 121]
[647, 130]
[648, 220]
[649, 120]
[650, 129]
[651, 221]
[652, 120]
[653, 129]
[654, 220]
[655, 121]
[656, 129]
[657, 221]
[658, 120]
[659, 129]
[660, 225]
[661, 122]
[662, 130]
[663, 221]
[664, 121]
[665, 129]
[666, 220]
[667, 121]
[668, 130]
[669, 219]
[670, 120]
[671, 130]
[672, 219]
[673, 120]
[674, 130]
[675, 220]
[676, 120]
[677, 131]
[678, 219]
[679, 120]
[680, 135]
[681, 221]
[682, 121]
[683, 131]
[684, 220]
[685, 120]
[686, 130]
[687, 220]
[688, 121]
[689, 129]
[690, 219]
[691, 121]
[692, 129]
[693, 220]
[694, 121]
[695, 130]
[696, 219]
[697, 122]
[698, 129]
[699, 219]
[700, 126]
[701, 131]
[702, 220]
[703, 122]
[704, 130]
[705, 219]
[706, 121]
[707, 130]
[708, 220]
[709, 120]
[710, 129]
[711, 220]
[712, 120]
[713, 131]
[714, 220]
[715, 121]
[716, 129]
[717, 221]
[718, 120]
[719, 129]
[720, 225]
[721, 122]
[722, 130]
[723, 221]
[724, 121]
[725, 129]
[726, 220]
[727, 121]
[728, 130]
[729, 219]
[730, 120]
[731, 130]
[732, 219]
[733, 122]
[734, 130]
[735, 220]
[736, 120]
[737, 131]
[738, 219]
[739, 120]
[740, 134]
[741, 221]
[742, 121]
[743, 131]
[744, 219]
[745, 120]
[746, 130]
[747, 220]
[748, 121]
[749, 129]
[750, 220]
[751, 121]
[752, 129]
[753, 221]
[754, 121]
[755, 131]
[756, 219]
[757, 122]
[758, 129]
[759, 219]
[760, 125]
[761, 131]
[762, 220]
[763, 122]
[764, 129]
[765, 219]
[766, 121]
[767, 130]
[768, 220]
[769, 120]
[770, 129]
[771, 220]
[772, 120]
[773, 131]
[774, 220]
[775, 122]
[776, 129]
[777, 221]
[778, 120]
[779, 129]
[780, 224]
[781, 122]
[782, 130]
[783, 221]
[784, 121]
[785, 129]
[786, 220]
[787, 121]
[788, 130]
[789, 219]
[790, 120]
[791, 130]
[792, 219]
[793, 122]
[794, 130]
[795, 221]
[796, 120]
[797, 131]
[798, 219]
[799, 120]
[800, 134]
[801, 220]
[802, 121]
[803, 131]
[804, 220]
[805, 121]
[806, 130]
[807, 220]
[808, 121]
[809, 129]
[810, 219]
[811, 121]
[812, 129]
[813, 220]
[814, 122]
[815, 131]
[816, 219]
[817, 122]
[818, 129]
[819, 219]
[820, 125]
[821, 130]
[822, 220]
[823, 122]
[824, 130]
[825, 220]
[826, 121]
[827, 130]
[828, 220]
[829, 120]
[830, 129]
[831, 220]
[832, 120]
[833, 130]
[834, 221]
[835, 122]
[836, 129]
[837, 221]
[838, 120]
[839, 129]
[840, 222]
[841, 122]
[842, 130]
[843, 221]
[844, 121]
[845, 131]
[846, 220]
[847, 121]
[848, 130]
[849, 219]
[850, 120]
[851, 130]
[852, 219]
[853, 121]
[854, 131]
[855, 221]
[856, 120]
[857, 131]
[858, 219]
[859, 120]
[860, 132]
[861, 221]
[862, 121]
[863, 131]
[864, 220]
[865, 122]
[866, 130]
[867, 220]
[868, 121]
[869, 129]
[870, 219]
[871, 121]
[872, 129]
[873, 220]
[874, 122]
[875, 131]
[876, 219]
[877, 122]
[878, 129]
[879, 219]
[880, 123]
[881, 131]
[882, 220]
[883, 122]
[884, 130]
[885, 221]
[886, 121]
[887, 130]
[888, 220]
[889, 120]
[890, 129]
[891, 220]
[892, 120]
[893, 130]
[894, 221]
[895, 122]
[896, 129]
[897, 221]
[898, 120]
[899, 129]
[900, 222]
[901, 121]
[902, 130]
[903, 221]
[904, 121]
[905, 131]
[906, 220]
[907, 122]
[908, 130]
[909, 219]
[910, 120]
[911, 130]
[912, 219]
[913, 121]
[914, 131]
[915, 221]
[916, 120]
[917, 131]
[918, 219]
[919, 120]
[920, 132]
[921, 220]
[922, 121]
[923, 131]
[924, 220]
[925, 122]
[926, 130]
[927, 221]
[928, 121]
[929, 129]
[930, 219]
[931, 121]
[932, 129]
[933, 220]
[934, 122]
[935, 131]
[936, 219]
[937, 122]
[938, 129]
[939, 219]
[940, 123]
[941, 130]
[942, 220]
[943, 122]
[944, 130]
[945, 221]
[946, 121]
[947, 131]
[948, 220]
[949, 120]
[950, 129]
[951, 220]
[952, 120]
[953, 130]
[954, 221]
[955, 122]
[956, 129]
[957, 221]
[958, 120]
[959, 129]
[960, 222]
[961, 121]
[962, 130]
[963, 221]
[964, 121]
[965, 131]
[966, 220]
[967, 122]
[968, 130]
[969, 219]
[970, 120]
[971, 130]
[972, 219]
[973, 121]
[974, 131]
[975, 221]
[976, 120]
[977, 131]
[978, 219]
[979, 120]
[980, 132]
[981, 220]
[982, 121]
[983, 131]
[984, 220]
[985, 122]
[986, 130]
[987, 221]
[988, 121]
[989, 129]
[990, 219]
[991, 121]
[992, 129]
[993, 220]
[994, 122]
[995, 131]
[996, 219]
[997, 122]
[998, 129]
[999, 219]
[1000, 123]
[1001, 130]
[1002, 220]
[1003, 122]
[1004, 130]
[1005, 221]
[1006, 121]
[1007, 131]
[1008, 220]
[1009, 120]
[1010, 129]
[1011, 220]
[1012, 120]
[1013, 130]
[1014, 221]
[1015, 122]
[1016, 129]
[1017, 221]
[1018, 120]
[1019, 129]
[1020, 222]
[1021, 121]
[1022, 130]
[1023, 221]
[1024, 121]
[1025, 131]
[1026, 220]
[1027, 122]
[1028, 130]
[1029, 219]
[1030, 120]
[1031, 130]
[1032, 219]
[1033, 121]
[1034, 131]
[1035, 221]
[1036, 120]
[1037, 130]
[1038, 219]
[1039, 120]
[1040, 131]
[1041, 220]
[1042, 121]
[1043, 132]
[1044, 220]
[1045, 122]
[1046, 130]
[1047, 221]
[1048, 121]
[1049, 129]
[1050, 219]
[1051, 121]
[1052, 129]
[1053, 220]
[1054, 122]
[1055, 131]
[1056, 219]
[1057, 121]
[1058, 129]
[1059, 219]
[1060, 122]
[1061, 130]
[1062, 220]
[1063, 124]
[1064, 130]
[1065, 221]
[1066, 121]
[1067, 131]
[1068, 220]
[1069, 120]
[1070, 129]
[1071, 220]
[1072, 120]
[1073, 130]
[1074, 221]
[1075, 122]
[1076, 129]
[1077, 220]
[1078, 120]
[1079, 129]
[1080, 221]
[1081, 121]
[1082, 130]
[1083, 223]
[1084, 121]
[1085, 131]
[1086, 220]
[1087, 122]
[1088, 130]
[1089, 219]
[1090, 120]
[1091, 130]
[1092, 219]
[1093, 121]
[1094, 131]
[1095, 221]
[1096, 120]
[1097, 130]
[1098, 219]
[1099, 120]
[1100, 131]
[1101, 220]
[1102, 121]
[1103, 133]
[1104, 220]
[1105, 121]
[1106, 130]
[1107, 221]
[1108, 121]
[1109, 129]
[1110, 219]
[1111, 121]
[1112, 129]
[1113, 220]
[1114, 122]
[1115, 131]
[1116, 220]
[1117, 121]
[1118, 129]
[1119, 219]
[1120, 122]
[1121, 130]
[1122, 220]
[1123, 124]
[1124, 130]
[1125, 220]
[1126, 120]
[1127, 132]
[1128, 220]
[1129, 120]
[1130, 129]
[1131, 220]
[1132, 120]
[1133, 130]
[1134, 221]
[1135, 122]
[1136, 130]
[1137, 220]
[1138, 120]
[1139, 129]
[1140, 221]
[1141, 121]
[1142, 130]
[1143, 223]
[1144, 121]
[1145, 130]
[1146, 219]
[1147, 123]
[1148, 129]
[1149, 219]
[1150, 120]
[1151, 129]
[1152, 219]
[1153, 122]
[1154, 131]
[1155, 221]
[1156, 121]
[1157, 130]
[1158, 219]
[1159, 120]
[1160, 131]
[1161, 220]
[1162, 121]
[1163, 133]
[1164, 220]
[1165, 121]
[1166, 129]
[1167, 222]
[1168, 120]
[1169, 129]
[1170, 219]
[1171, 120]
[1172, 129]
[1173, 221]
[1174, 122]
[1175, 131]
[1176, 220]
[1177, 121]
[1178, 129]
[1179, 219]
[1180, 122]
[1181, 130]
[1182, 221]
[1183, 124]
[1184, 130]
[1185, 220]
[1186, 120]
[1187, 132]
[1188, 219]
[1189, 120]
[1190, 129]
[1191, 219]
[1192, 120]
[1193, 131]
[1194, 221]
[1195, 122]
[1196, 130]
[1197, 220]
[1198, 120]
[1199, 129]
[1200, 221]
[1201, 121]
[1202, 131]
[1203, 223]
[1204, 121]
[1205, 130]
[1206, 219]
[1207, 123]
[1208, 129]
[1209, 219]
[1210, 120]
[1211, 129]
[1212, 219]
[1213, 122]
[1214, 131]
[1215, 221]
[1216, 121]
[1217, 130]
[1218, 219]
[1219, 120]
[1220, 131]
[1221, 220]
[1222, 122]
[1223, 132]
[1224, 220]
[1225, 121]
[1226, 129]
[1227, 222]
[1228, 120]
[1229, 129]
[1230, 219]
[1231, 120]
[1232, 129]
[1233, 221]
[1234, 122]
[1235, 130]
[1236, 220]
[1237, 120]
[1238, 129]
[1239, 219]
[1240, 122]
[1241, 130]
[1242, 221]
[1243, 122]
[1244, 131]
[1245, 221]
[1246, 120]
[1247, 133]
[1248, 219]
[1249, 120]
[1250, 129]
[1251, 219]
[1252, 120]
[1253, 131]
[1254, 221]
[1255, 121]
[1256, 130]
[1257, 219]
[1258, 120]
[1259, 129]
[1260, 221]
[1261, 121]
[1262, 131]
[1263, 221]
[1264, 122]
[1265, 132]
[1266, 219]
[1267, 124]
[1268, 129]
[1269, 219]
[1270, 120]
[1271, 129]
[1272, 219]
[1273, 122]
[1274, 131]
[1275, 220]
[1276, 121]
[1277, 129]
[1278, 219]
[1279, 120]
[1280, 131]
[1281, 220]
[1282, 122]
[1283, 131]
[1284, 221]
[1285, 123]
[1286, 129]
[1287, 222]
[1288, 120]
[1289, 129]
[1290, 219]
[1291, 120]
[1292, 129]
[1293, 221]
[1294, 122]
[1295, 130]
[1296, 220]
[1297, 120]
[1298, 129]
[1299, 219]
[1300, 122]
[1301, 130]
[1302, 221]
[1303, 122]
[1304, 131]
[1305, 222]
[1306, 120]
[1307, 132]
[1308, 219]
[1309, 120]
[1310, 129]
[1311, 219]
[1312, 120]
[1313, 131]
[1314, 221]
[1315, 121]
[1316, 130]
[1317, 219]
[1318, 120]
[1319, 129]
[1320, 221]
[1321, 120]
[1322, 131]
[1323, 222]
[1324, 122]
[1325, 132]
[1326, 219]
[1327, 123]
[1328, 129]
[1329, 219]
[1330, 120]
[1331, 129]
[1332, 219]
[1333, 122]
[1334, 131]
[1335, 220]
[1336, 121]
[1337, 129]
[1338, 219]
[1339, 120]
[1340, 131]
[1341, 219]
[1342, 122]
[1343, 132]
[1344, 221]
[1345, 124]
[1346, 129]
[1347, 222]
[1348, 120]
[1349, 129]
[1350, 219]
[1351, 120]
[1352, 129]
[1353, 221]
[1354, 121]
[1355, 130]
[1356, 220]
[1357, 120]
[1358, 129]
[1359, 219]
[1360, 122]
[1361, 129]
[1362, 221]
[1363, 123]
[1364, 131]
[1365, 223]
[1366, 120]
[1367, 132]
[1368, 219]
[1369, 120]
[1370, 129]
[1371, 219]
[1372, 120]
[1373, 131]
[1374, 221]
[1375, 121]
[1376, 130]
[1377, 219]
[1378, 120]
[1379, 129]
[1380, 221]
[1381, 120]
[1382, 131]
[1383, 222]
[1384, 122]
[1385, 133]
[1386, 219]
[1387, 123]
[1388, 129]
[1389, 219]
[1390, 120]
[1391, 129]
[1392, 219]
[1393, 122]
[1394, 131]
[1395, 220]
[1396, 121]
[1397, 129]
[1398, 219]
[1399, 120]
[1400, 131]
[1401, 219]
[1402, 122]
[1403, 132]
[1404, 221]
[1405, 123]
[1406, 129]
[1407, 222]
[1408, 120]
[1409, 129]
[1410, 219]
[1411, 120]
[1412, 129]
[1413, 222]
[1414, 121]
[1415, 130]
[1416, 221]
[1417, 120]
[1418, 129]
[1419, 219]
[1420, 122]
[1421, 129]
[1422, 221]
[1423, 123]
[1424, 131]
[1425, 222]
[1426, 120]
[1427, 132]
[1428, 219]
[1429, 120]
[1430, 129]
[1431, 219]
[1432, 120]
[1433, 132]
[1434, 220]
[1435, 121]
[1436, 130]
[1437, 219]
[1438, 120]
[1439, 129]
