SimulationV04.py[0, 250]
[1, 120]
[2, 120]
[3, 228]
[4, 120]
[5, 120]
[6, 228]
[7, 120]
[8, 120]
[9, 228]
[10, 120]
[11, 120]
[12, 228]
[13, 120]
[14, 120]
[15, 228]
[16, 120]
[17, 120]
[18, 228]
[19, 120]
[20, 142]
[21, 228]
[22, 120]
[23, 120]
[24, 228]
[25, 120]
[26, 120]
[27, 228]
[28, 120]
[29, 120]
[30, 228]
[31, 120]
[32, 120]
[33, 228]
[34, 120]
[35, 120]
[36, 228]
[37, 120]
[38, 120]
[39, 228]
[40, 142]
[41, 120]
[42, 228]
[43, 120]
[44, 120]
[45, 228]
[46, 120]
[47, 120]
[48, 228]
[49, 120]
[50, 120]
[51, 228]
[52, 120]
[53, 120]
[54, 228]
[55, 120]
[56, 120]
[57, 228]
[58, 120]
[59, 120]
[60, 250]
[61, 120]
[62, 120]
[63, 228]
[64, 120]
[65, 120]
[66, 228]
[67, 120]
[68, 120]
[69, 228]
[70, 120]
[71, 120]
[72, 228]
[73, 120]
[74, 120]
[75, 228]
[76, 120]
[77, 120]
[78, 228]
[79, 120]
[80, 142]
[81, 228]
[82, 120]
[83, 120]
[84, 228]
[85, 120]
[86, 120]
[87, 228]
[88, 120]
[89, 120]
[90, 228]
[91, 120]
[92, 120]
[93, 228]
[94, 120]
[95, 120]
[96, 228]
[97, 120]
[98, 120]
[99, 228]
[100, 142]
[101, 120]
[102, 228]
[103, 120]
[104, 120]
[105, 228]
[106, 120]
[107, 120]
[108, 228]
[109, 120]
[110, 120]
[111, 228]
[112, 120]
[113, 120]
[114, 228]
[115, 120]
[116, 120]
[117, 228]
[118, 120]
[119, 120]
[120, 250]
[121, 120]
[122, 120]
[123, 228]
[124, 120]
[125, 120]
[126, 228]
[127, 120]
[128, 120]
[129, 228]
[130, 120]
[131, 120]
[132, 228]
[133, 120]
[134, 120]
[135, 228]
[136, 120]
[137, 120]
[138, 228]
[139, 120]
[140, 142]
[141, 228]
[142, 120]
[143, 120]
[144, 228]
[145, 120]
[146, 120]
[147, 228]
[148, 120]
[149, 120]
[150, 228]
[151, 120]
[152, 120]
[153, 228]
[154, 120]
[155, 120]
[156, 228]
[157, 120]
[158, 120]
[159, 228]
[160, 141]
[161, 120]
[162, 228]
[163, 120]
[164, 121]
[165, 228]
[166, 120]
[167, 120]
[168, 228]
[169, 120]
[170, 120]
[171, 228]
[172, 120]
[173, 120]
[174, 228]
[175, 120]
[176, 120]
[177, 228]
[178, 120]
[179, 120]
[180, 249]
[181, 120]
[182, 120]
[183, 228]
[184, 121]
[185, 120]
[186, 228]
[187, 120]
[188, 120]
[189, 228]
[190, 120]
[191, 120]
[192, 228]
[193, 120]
[194, 120]
[195, 228]
[196, 120]
[197, 120]
[198, 228]
[199, 120]
[200, 140]
[201, 228]
[202, 120]
[203, 120]
[204, 229]
[205, 120]
[206, 120]
[207, 229]
[208, 120]
[209, 120]
[210, 228]
[211, 120]
[212, 120]
[213, 228]
[214, 120]
[215, 120]
[216, 228]
[217, 120]
[218, 120]
[219, 228]
[220, 140]
[221, 120]
[222, 228]
[223, 120]
[224, 121]
[225, 228]
[226, 120]
[227, 121]
[228, 228]
[229, 120]
[230, 120]
[231, 228]
[232, 120]
[233, 120]
[234, 228]
[235, 120]
[236, 120]
[237, 228]
[238, 120]
[239, 120]
[240, 248]
[241, 120]
[242, 120]
[243, 228]
[244, 121]
[245, 120]
[246, 228]
[247, 121]
[248, 120]
[249, 228]
[250, 120]
[251, 120]
[252, 228]
[253, 120]
[254, 120]
[255, 228]
[256, 120]
[257, 120]
[258, 228]
[259, 120]
[260, 139]
[261, 228]
[262, 120]
[263, 120]
[264, 229]
[265, 120]
[266, 120]
[267, 220]
[268, 120]
[269, 120]
[270, 219]
[271, 120]
[272, 120]
[273, 219]
[274, 120]
[275, 121]
[276, 219]
[277, 120]
[278, 120]
[279, 219]
[280, 139]
[281, 120]
[282, 219]
[283, 120]
[284, 121]
[285, 219]
[286, 120]
[287, 121]
[288, 219]
[289, 120]
[290, 120]
[291, 219]
[292, 120]
[293, 120]
[294, 219]
[295, 121]
[296, 120]
[297, 219]
[298, 120]
[299, 120]
[300, 238]
[301, 120]
[302, 120]
[303, 219]
[304, 121]
[305, 120]
[306, 219]
[307, 120]
[308, 121]
[309, 219]
[310, 120]
[311, 120]
[312, 228]
[313, 120]
[314, 120]
[315, 229]
[316, 120]
[317, 120]
[318, 228]
[319, 120]
[320, 139]
[321, 228]
[322, 120]
[323, 120]
[324, 229]
[325, 120]
[326, 120]
[327, 228]
[328, 121]
[329, 120]
[330, 228]
[331, 120]
[332, 120]
[333, 228]
[334, 120]
[335, 121]
[336, 228]
[337, 120]
[338, 120]
[339, 228]
[340, 136]
[341, 120]
[342, 228]
[343, 121]
[344, 122]
[345, 228]
[346, 120]
[347, 120]
[348, 229]
[349, 120]
[350, 120]
[351, 228]
[352, 120]
[353, 120]
[354, 228]
[355, 121]
[356, 120]
[357, 228]
[358, 120]
[359, 120]
[360, 243]
[361, 120]
[362, 121]
[363, 229]
[364, 123]
[365, 120]
[366, 228]
[367, 120]
[368, 121]
[369, 228]
[370, 120]
[371, 120]
[372, 228]
[373, 120]
[374, 120]
[375, 229]
[376, 120]
[377, 120]
[378, 228]
[379, 120]
[380, 135]
[381, 228]
[382, 121]
[383, 121]
[384, 231]
[385, 120]
[386, 120]
[387, 228]
[388, 121]
[389, 120]
[390, 228]
[391, 120]
[392, 120]
[393, 228]
[394, 120]
[395, 121]
[396, 228]
[397, 120]
[398, 120]
[399, 228]
[400, 135]
[401, 120]
[402, 229]
[403, 121]
[404, 123]
[405, 228]
[406, 120]
[407, 120]
[408, 229]
[409, 120]
[410, 120]
[411, 228]
[412, 120]
[413, 120]
[414, 228]
[415, 121]
[416, 120]
[417, 228]
[418, 120]
[419, 120]
[420, 242]
[421, 120]
[422, 121]
[423, 229]
[424, 122]
[425, 120]
[426, 228]
[427, 120]
[428, 121]
[429, 228]
[430, 120]
[431, 120]
[432, 228]
[433, 120]
[434, 122]
[435, 229]
[436, 120]
[437, 120]
[438, 228]
[439, 120]
[440, 134]
[441, 228]
[442, 121]
[443, 121]
[444, 230]
[445, 120]
[446, 120]
[447, 228]
[448, 121]
[449, 120]
[450, 228]
[451, 120]
[452, 120]
[453, 228]
[454, 112]
[455, 111]
[456, 218]
[457, 110]
[458, 110]
[459, 218]
[460, 123]
[461, 110]
[462, 219]
[463, 111]
[464, 112]
[465, 218]
[466, 110]
[467, 110]
[468, 219]
[469, 110]
[470, 110]
[471, 218]
[472, 110]
[473, 110]
[474, 220]
[475, 111]
[476, 110]
[477, 218]
[478, 110]
[479, 110]
[480, 230]
[481, 110]
[482, 112]
[483, 219]
[484, 112]
[485, 120]
[486, 229]
[487, 120]
[488, 121]
[489, 228]
[490, 120]
[491, 120]
[492, 228]
[493, 120]
[494, 122]
[495, 229]
[496, 120]
[497, 120]
[498, 228]
[499, 120]
[500, 131]
[501, 228]
[502, 122]
[503, 121]
[504, 230]
[505, 120]
[506, 121]
[507, 228]
[508, 121]
[509, 120]
[510, 228]
[511, 120]
[512, 120]
[513, 228]
[514, 122]
[515, 121]
[516, 228]
[517, 120]
[518, 120]
[519, 228]
[520, 132]
[521, 120]
[522, 230]
[523, 121]
[524, 122]
[525, 228]
[526, 121]
[527, 120]
[528, 229]
[529, 120]
[530, 120]
[531, 228]
[532, 120]
[533, 120]
[534, 230]
[535, 121]
[536, 120]
[537, 228]
[538, 120]
[539, 120]
[540, 239]
[541, 120]
[542, 122]
[543, 229]
[544, 122]
[545, 120]
[546, 228]
[547, 120]
[548, 121]
[549, 228]
[550, 120]
[551, 120]
[552, 229]
[553, 120]
[554, 122]
[555, 229]
[556, 120]
[557, 120]
[558, 228]
[559, 120]
[560, 131]
[561, 228]
[562, 122]
[563, 121]
[564, 230]
[565, 120]
[566, 120]
[567, 228]
[568, 120]
[569, 120]
[570, 228]
[571, 120]
[572, 121]
[573, 228]
[574, 122]
[575, 121]
[576, 228]
[577, 121]
[578, 120]
[579, 228]
[580, 131]
[581, 120]
[582, 230]
[583, 121]
[584, 122]
[585, 228]
[586, 120]
[587, 120]
[588, 228]
[589, 121]
[590, 120]
[591, 228]
[592, 121]
[593, 120]
[594, 230]
[595, 121]
[596, 120]
[597, 229]
[598, 120]
[599, 120]
[600, 239]
[601, 120]
[602, 122]
[603, 229]
[604, 122]
[605, 120]
[606, 228]
[607, 120]
[608, 120]
[609, 229]
[610, 120]
[611, 120]
[612, 229]
[613, 120]
[614, 122]
[615, 229]
[616, 120]
[617, 121]
[618, 228]
[619, 120]
[620, 130]
[621, 228]
[622, 122]
[623, 121]
[624, 229]
[625, 120]
[626, 121]
[627, 228]
[628, 120]
[629, 121]
[630, 228]
[631, 120]
[632, 121]
[633, 228]
[634, 122]
[635, 121]
[636, 228]
[637, 121]
[638, 120]
[639, 229]
[640, 130]
[641, 120]
[642, 230]
[643, 121]
[644, 121]
[645, 228]
[646, 121]
[647, 120]
[648, 228]
[649, 121]
[650, 120]
[651, 228]
[652, 121]
[653, 120]
[654, 230]
[655, 121]
[656, 120]
[657, 229]
[658, 120]
[659, 121]
[660, 237]
[661, 120]
[662, 123]
[663, 229]
[664, 121]
[665, 120]
[666, 229]
[667, 120]
[668, 120]
[669, 229]
[670, 120]
[671, 120]
[672, 229]
[673, 120]
[674, 122]
[675, 229]
[676, 120]
[677, 121]
[678, 228]
[679, 121]
[680, 129]
[681, 228]
[682, 123]
[683, 121]
[684, 229]
[685, 120]
[686, 121]
[687, 228]
[688, 120]
[689, 121]
[690, 228]
[691, 120]
[692, 121]
[693, 228]
[694, 121]
[695, 121]
[696, 228]
[697, 121]
[698, 121]
[699, 229]
[700, 129]
[701, 120]
[702, 231]
[703, 121]
[704, 121]
[705, 228]
[706, 121]
[707, 120]
[708, 228]
[709, 121]
[710, 120]
[711, 228]
[712, 121]
[713, 120]
[714, 229]
[715, 121]
[716, 120]
[717, 229]
[718, 120]
[719, 121]
[720, 236]
[721, 120]
[722, 123]
[723, 229]
[724, 121]
[725, 121]
[726, 229]
[727, 121]
[728, 120]
[729, 229]
[730, 120]
[731, 120]
[732, 229]
[733, 120]
[734, 121]
[735, 229]
[736, 120]
[737, 121]
[738, 228]
[739, 121]
[740, 128]
[741, 228]
[742, 123]
[743, 121]
[744, 229]
[745, 121]
[746, 121]
[747, 229]
[748, 120]
[749, 121]
[750, 228]
[751, 120]
[752, 121]
[753, 228]
[754, 121]
[755, 120]
[756, 228]
[757, 121]
[758, 120]
[759, 229]
[760, 128]
[761, 120]
[762, 231]
[763, 121]
[764, 121]
[765, 229]
[766, 121]
[767, 122]
[768, 228]
[769, 121]
[770, 120]
[771, 228]
[772, 121]
[773, 120]
[774, 229]
[775, 120]
[776, 120]
[777, 229]
[778, 120]
[779, 121]
[780, 235]
[781, 120]
[782, 123]
[783, 229]
[784, 121]
[785, 121]
[786, 228]
[787, 122]
[788, 121]
[789, 229]
[790, 120]
[791, 121]
[792, 229]
[793, 120]
[794, 121]
[795, 228]
[796, 120]
[797, 121]
[798, 228]
[799, 121]
[800, 127]
[801, 228]
[802, 123]
[803, 121]
[804, 229]
[805, 120]
[806, 120]
[807, 230]
[808, 121]
[809, 121]
[810, 228]
[811, 122]
[812, 121]
[813, 228]
[814, 121]
[815, 120]
[816, 228]
[817, 121]
[818, 120]
[819, 229]
[820, 127]
[821, 120]
[822, 231]
[823, 121]
[824, 121]
[825, 228]
[826, 120]
[827, 122]
[828, 229]
[829, 121]
[830, 120]
[831, 230]
[832, 121]
[833, 120]
[834, 229]
[835, 120]
[836, 120]
[837, 229]
[838, 120]
[839, 121]
[840, 235]
[841, 120]
[842, 122]
[843, 229]
[844, 121]
[845, 120]
[846, 228]
[847, 122]
[848, 121]
[849, 230]
[850, 120]
[851, 122]
[852, 229]
[853, 120]
[854, 121]
[855, 228]
[856, 120]
[857, 121]
[858, 228]
[859, 121]
[860, 127]
[861, 228]
[862, 122]
[863, 121]
[864, 229]
[865, 120]
[866, 120]
[867, 230]
[868, 121]
[869, 122]
[870, 228]
[871, 122]
[872, 121]
[873, 228]
[874, 121]
[875, 120]
[876, 228]
[877, 121]
[878, 120]
[879, 229]
[880, 127]
[881, 120]
[882, 230]
[883, 121]
[884, 121]
[885, 228]
[886, 120]
[887, 122]
[888, 229]
[889, 122]
[890, 120]
[891, 230]
[892, 121]
[893, 120]
[894, 229]
[895, 120]
[896, 120]
[897, 229]
[898, 120]
[899, 121]
[900, 235]
[901, 120]
[902, 122]
[903, 229]
[904, 121]
[905, 120]
[906, 228]
[907, 122]
[908, 121]
[909, 230]
[910, 120]
[911, 122]
[912, 229]
[913, 120]
[914, 121]
[915, 228]
[916, 120]
[917, 121]
[918, 228]
[919, 121]
[920, 127]
[921, 228]
[922, 122]
[923, 121]
[924, 229]
[925, 120]
[926, 120]
[927, 230]
[928, 121]
[929, 122]
[930, 228]
[931, 122]
[932, 121]
[933, 228]
[934, 121]
[935, 120]
[936, 228]
[937, 120]
[938, 121]
[939, 229]
[940, 127]
[941, 120]
[942, 230]
[943, 121]
[944, 121]
[945, 228]
[946, 120]
[947, 122]
[948, 229]
[949, 122]
[950, 120]
[951, 230]
[952, 121]
[953, 120]
[954, 229]
[955, 120]
[956, 120]
[957, 228]
[958, 121]
[959, 121]
