SimulationV08.py[0, 277]
[1, 135]
[2, 135]
[3, 252]
[4, 135]
[5, 135]
[6, 252]
[7, 135]
[8, 135]
[9, 252]
[10, 135]
[11, 135]
[12, 252]
[13, 135]
[14, 135]
[15, 252]
[16, 135]
[17, 135]
[18, 252]
[19, 135]
[20, 156]
[21, 253]
[22, 135]
[23, 135]
[24, 252]
[25, 137]
[26, 135]
[27, 252]
[28, 135]
[29, 136]
[30, 252]
[31, 135]
[32, 135]
[33, 252]
[34, 135]
[35, 135]
[36, 252]
[37, 135]
[38, 135]
[39, 252]
[40, 156]
[41, 136]
[42, 252]
[43, 135]
[44, 135]
[45, 254]
[46, 135]
[47, 135]
[48, 252]
[49, 136]
[50, 135]
[51, 252]
[52, 135]
[53, 135]
[54, 252]
[55, 135]
[56, 135]
[57, 252]
[58, 135]
[59, 135]
[60, 271]
[61, 136]
[62, 135]
[63, 252]
[64, 135]
[65, 137]
[66, 253]
[67, 135]
[68, 135]
[69, 253]
[70, 135]
[71, 135]
[72, 252]
[73, 135]
[74, 135]
[75, 252]
[76, 135]
[77, 135]
[78, 252]
[79, 135]
[80, 154]
[81, 253]
[82, 135]
[83, 135]
[84, 252]
[85, 137]
[86, 136]
[87, 252]
[88, 136]
[89, 136]
[90, 252]
[91, 135]
[92, 135]
[93, 252]
[94, 135]
[95, 135]
[96, 252]
[97, 135]
[98, 135]
[99, 252]
[100, 154]
[101, 136]
[102, 252]
[103, 135]
[104, 135]
[105, 254]
[106, 136]
[107, 135]
[108, 253]
[109, 136]
[110, 135]
[111, 252]
[112, 135]
[113, 135]
[114, 252]
[115, 135]
[116, 135]
[117, 252]
[118, 135]
[119, 135]
[120, 269]
[121, 136]
[122, 135]
[123, 253]
[124, 135]
[125, 137]
[126, 253]
[127, 135]
[128, 136]
[129, 253]
[130, 135]
[131, 135]
[132, 252]
[133, 135]
[134, 135]
[135, 252]
[136, 135]
[137, 135]
[138, 252]
[139, 135]
[140, 150]
[141, 253]
[142, 136]
[143, 136]
[144, 253]
[145, 137]
[146, 136]
[147, 252]
[148, 136]
[149, 136]
[150, 253]
[151, 135]
[152, 135]
[153, 252]
[154, 135]
[155, 135]
[156, 252]
[157, 135]
[158, 135]
[159, 252]
[160, 150]
[161, 136]
[162, 253]
[163, 136]
[164, 136]
[165, 254]
[166, 136]
[167, 135]
[168, 252]
[169, 137]
[170, 136]
[171, 252]
[172, 135]
[173, 135]
[174, 252]
[175, 135]
[176, 135]
[177, 252]
[178, 135]
[179, 135]
[180, 267]
[181, 136]
[182, 136]
[183, 253]
[184, 135]
[185, 137]
[186, 254]
[187, 135]
[188, 135]
[189, 254]
[190, 136]
[191, 135]
[192, 252]
[193, 135]
[194, 135]
[195, 252]
[196, 135]
[197, 135]
[198, 252]
[199, 135]
[200, 147]
[201, 254]
[202, 137]
[203, 136]
[204, 253]
[205, 137]
[206, 137]
[207, 252]
[208, 135]
[209, 137]
[210, 253]
[211, 135]
[212, 135]
[213, 252]
[214, 135]
[215, 135]
[216, 252]
[217, 135]
[218, 135]
[219, 252]
[220, 145]
[221, 137]
[222, 254]
[223, 137]
[224, 136]
[225, 253]
[226, 137]
[227, 135]
[228, 252]
[229, 137]
[230, 136]
[231, 252]
[232, 135]
[233, 135]
[234, 252]
[235, 135]
[236, 135]
[237, 252]
[238, 135]
[239, 135]
[240, 262]
[241, 136]
[242, 137]
[243, 254]
[244, 137]
[245, 136]
[246, 254]
[247, 136]
[248, 135]
[249, 254]
[250, 136]
[251, 135]
[252, 252]
[253, 135]
[254, 135]
[255, 252]
[256, 135]
[257, 135]
[258, 252]
[259, 135]
[260, 145]
[261, 253]
[262, 137]
[263, 137]
[264, 255]
[265, 136]
[266, 137]
[267, 253]
[268, 135]
[269, 136]
[270, 253]
[271, 135]
[272, 135]
[273, 252]
[274, 135]
[275, 135]
[276, 252]
[277, 135]
[278, 136]
[279, 252]
[280, 145]
[281, 136]
[282, 254]
[283, 137]
[284, 138]
[285, 253]
[286, 137]
[287, 136]
[288, 252]
[289, 136]
[290, 136]
[291, 252]
[292, 135]
[293, 135]
[294, 252]
[295, 135]
[296, 135]
[297, 252]
[298, 136]
[299, 135]
[300, 262]
[301, 136]
[302, 137]
[303, 254]
[304, 138]
[305, 136]
[306, 254]
[307, 136]
[308, 135]
[309, 253]
[310, 136]
[311, 135]
[312, 252]
[313, 135]
[314, 135]
[315, 252]
[316, 135]
[317, 135]
[318, 253]
[319, 135]
[320, 143]
[321, 253]
[322, 137]
[323, 138]
[324, 255]
[325, 136]
[326, 137]
[327, 254]
[328, 135]
[329, 136]
[330, 253]
[331, 135]
[332, 135]
[333, 252]
[334, 135]
[335, 135]
[336, 252]
[337, 135]
[338, 135]
[339, 252]
[340, 143]
[341, 136]
[342, 255]
[343, 138]
[344, 138]
[345, 253]
[346, 137]
[347, 137]
[348, 252]
[349, 136]
[350, 135]
[351, 252]
[352, 135]
[353, 135]
[354, 252]
[355, 136]
[356, 135]
[357, 252]
[358, 135]
[359, 135]
[360, 260]
[361, 136]
[362, 138]
[363, 255]
[364, 138]
[365, 136]
[366, 254]
[367, 137]
[368, 135]
[369, 253]
[370, 135]
[371, 135]
[372, 252]
[373, 135]
[374, 135]
[375, 253]
[376, 135]
[377, 135]
[378, 252]
[379, 135]
[380, 143]
[381, 252]
[382, 138]
[383, 138]
[384, 255]
[385, 136]
[386, 137]
[387, 254]
[388, 135]
[389, 136]
[390, 252]
[391, 135]
[392, 135]
[393, 252]
[394, 135]
[395, 136]
[396, 252]
[397, 135]
[398, 135]
[399, 252]
[400, 143]
[401, 136]
[402, 255]
[403, 138]
[404, 138]
[405, 253]
[406, 137]
[407, 137]
[408, 252]
[409, 136]
[410, 135]
[411, 252]
[412, 135]
[413, 135]
[414, 252]
[415, 136]
[416, 135]
[417, 252]
[418, 135]
[419, 135]
[420, 260]
[421, 136]
[422, 138]
[423, 255]
[424, 138]
[425, 136]
[426, 254]
[427, 137]
[428, 135]
[429, 253]
[430, 135]
[431, 135]
[432, 252]
[433, 135]
[434, 135]
[435, 253]
[436, 135]
[437, 135]
[438, 252]
[439, 135]
[440, 143]
[441, 253]
[442, 138]
[443, 138]
[444, 255]
[445, 136]
[446, 137]
[447, 254]
[448, 135]
[449, 136]
[450, 252]
[451, 135]
[452, 135]
[453, 252]
[454, 135]
[455, 136]
[456, 252]
[457, 135]
[458, 135]
[459, 252]
[460, 142]
[461, 136]
[462, 255]
[463, 137]
[464, 138]
[465, 253]
[466, 137]
[467, 137]
[468, 252]
[469, 137]
[470, 135]
[471, 252]
[472, 135]
[473, 135]
[474, 252]
[475, 136]
[476, 135]
[477, 253]
[478, 135]
[479, 135]
