SimulationV02.py[0, 287]
[1, 135]
[2, 135]
[3, 261]
[4, 135]
[5, 135]
[6, 261]
[7, 135]
[8, 135]
[9, 261]
[10, 135]
[11, 135]
[12, 261]
[13, 135]
[14, 135]
[15, 261]
[16, 135]
[17, 135]
[18, 261]
[19, 135]
[20, 161]
[21, 261]
[22, 135]
[23, 135]
[24, 261]
[25, 135]
[26, 135]
[27, 261]
[28, 135]
[29, 135]
[30, 261]
[31, 135]
[32, 135]
[33, 261]
[34, 135]
[35, 135]
[36, 261]
[37, 135]
[38, 135]
[39, 261]
[40, 160]
[41, 135]
[42, 261]
[43, 135]
[44, 135]
[45, 262]
[46, 135]
[47, 135]
[48, 261]
[49, 135]
[50, 135]
[51, 261]
[52, 135]
[53, 135]
[54, 261]
[55, 135]
[56, 135]
[57, 261]
[58, 135]
[59, 135]
[60, 285]
[61, 135]
[62, 136]
[63, 261]
[64, 135]
[65, 136]
[66, 261]
[67, 135]
[68, 135]
[69, 261]
[70, 135]
[71, 135]
[72, 261]
[73, 135]
[74, 135]
[75, 261]
[76, 135]
[77, 135]
[78, 261]
[79, 135]
[80, 158]
[81, 261]
[82, 136]
[83, 136]
[84, 261]
[85, 136]
[86, 135]
[87, 261]
[88, 135]
[89, 135]
[90, 261]
[91, 135]
[92, 135]
[93, 261]
[94, 135]
[95, 135]
[96, 261]
[97, 135]
[98, 135]
[99, 261]
[100, 158]
[101, 135]
[102, 262]
[103, 136]
[104, 135]
[105, 262]
[106, 135]
[107, 135]
[108, 261]
[109, 135]
[110, 135]
[111, 261]
[112, 135]
[113, 135]
[114, 261]
[115, 135]
[116, 135]
[117, 261]
[118, 135]
[119, 135]
[120, 283]
[121, 135]
[122, 136]
[123, 262]
[124, 135]
[125, 136]
[126, 261]
[127, 135]
[128, 135]
[129, 262]
[130, 135]
[131, 135]
[132, 261]
[133, 135]
[134, 135]
[135, 261]
[136, 135]
[137, 135]
[138, 261]
[139, 135]
[140, 155]
[141, 261]
[142, 136]
[143, 136]
[144, 261]
[145, 136]
[146, 135]
[147, 261]
[148, 135]
[149, 135]
[150, 261]
[151, 136]
[152, 135]
[153, 261]
[154, 136]
[155, 135]
[156, 261]
[157, 135]
[158, 135]
[159, 261]
[160, 151]
[161, 136]
[162, 263]
[163, 137]
[164, 136]
[165, 262]
[166, 135]
[167, 135]
[168, 261]
[169, 135]
[170, 135]
[171, 262]
[172, 135]
[173, 135]
[174, 262]
[175, 135]
[176, 135]
[177, 261]
[178, 135]
[179, 135]
[180, 277]
[181, 136]
[182, 137]
[183, 263]
[184, 136]
[185, 136]
[186, 261]
[187, 135]
[188, 135]
[189, 261]
[190, 135]
[191, 137]
[192, 261]
[193, 135]
[194, 136]
[195, 261]
[196, 135]
[197, 135]
[198, 261]
[199, 135]
[200, 151]
[201, 261]
[202, 137]
[203, 137]
[204, 262]
[205, 136]
[206, 135]
[207, 261]
[208, 135]
[209, 135]
[210, 261]
[211, 137]
[212, 135]
[213, 261]
[214, 136]
[215, 136]
[216, 261]
[217, 135]
[218, 135]
[219, 261]
[220, 151]
[221, 135]
[222, 263]
[223, 137]
[224, 136]
[225, 262]
[226, 135]
[227, 135]
[228, 261]
[229, 135]
[230, 135]
[231, 263]
[232, 135]
[233, 135]
[234, 262]
[235, 136]
[236, 135]
[237, 261]
[238, 135]
[239, 135]
[240, 276]
[241, 135]
[242, 137]
[243, 263]
[244, 136]
[245, 136]
[246, 262]
[247, 135]
[248, 135]
[249, 261]
[250, 135]
[251, 137]
[252, 261]
[253, 135]
[254, 136]
[255, 262]
[256, 135]
[257, 135]
[258, 261]
[259, 135]
[260, 150]
[261, 261]
[262, 137]
[263, 137]
[264, 262]
[265, 136]
[266, 136]
[267, 261]
[268, 135]
[269, 135]
[270, 261]
[271, 137]
[272, 135]
[273, 261]
[274, 136]
[275, 136]
[276, 261]
[277, 135]
[278, 135]
[279, 261]
[280, 150]
[281, 135]
[282, 263]
[283, 137]
[284, 136]
[285, 262]
[286, 136]
[287, 135]
[288, 261]
[289, 135]
[290, 135]
[291, 263]
[292, 135]
[293, 135]
[294, 262]
[295, 136]
[296, 135]
[297, 261]
[298, 135]
[299, 135]
[300, 276]
[301, 135]
[302, 137]
[303, 263]
[304, 136]
[305, 135]
[306, 262]
[307, 135]
[308, 135]
[309, 261]
[310, 135]
[311, 137]
[312, 261]
[313, 135]
[314, 136]
[315, 262]
[316, 135]
[317, 135]
[318, 261]
[319, 135]
[320, 150]
[321, 262]
[322, 137]
[323, 137]
[324, 262]
[325, 135]
[326, 136]
[327, 261]
[328, 135]
[329, 135]
[330, 261]
[331, 137]
[332, 135]
[333, 261]
[334, 136]
[335, 136]
[336, 261]
[337, 135]
[338, 135]
[339, 261]
[340, 150]
[341, 136]
[342, 263]
[343, 137]
[344, 136]
[345, 261]
[346, 136]
[347, 135]
[348, 261]
[349, 135]
[350, 135]
[351, 263]
[352, 135]
[353, 135]
[354, 262]
[355, 136]
[356, 135]
[357, 261]
[358, 135]
[359, 135]
[360, 276]
[361, 136]
[362, 137]
[363, 263]
[364, 136]
[365, 135]
[366, 262]
[367, 135]
[368, 135]
[369, 261]
[370, 135]
[371, 137]
[372, 261]
[373, 135]
[374, 136]
[375, 262]
[376, 135]
[377, 135]
[378, 261]
[379, 135]
[380, 150]
[381, 262]
[382, 137]
[383, 137]
[384, 262]
[385, 135]
[386, 136]
[387, 261]
[388, 135]
[389, 135]
[390, 261]
[391, 136]
[392, 135]
[393, 261]
[394, 136]
[395, 136]
[396, 261]
[397, 135]
[398, 135]
[399, 261]
[400, 149]
[401, 136]
[402, 264]
[403, 137]
[404, 136]
[405, 262]
[406, 136]
[407, 135]
[408, 261]
[409, 135]
[410, 135]
[411, 262]
[412, 135]
[413, 135]
[414, 262]
[415, 136]
[416, 135]
[417, 261]
[418, 135]
[419, 135]
[420, 275]
[421, 136]
[422, 138]
[423, 263]
[424, 136]
[425, 136]
[426, 262]
[427, 135]
[428, 135]
[429, 261]
[430, 135]
[431, 136]
[432, 261]
[433, 135]
[434, 136]
[435, 262]
[436, 135]
[437, 135]
[438, 261]
[439, 135]
[440, 149]
[441, 262]
[442, 138]
[443, 137]
[444, 262]
[445, 136]
[446, 136]
[447, 261]
[448, 135]
[449, 135]
[450, 261]
[451, 136]
[452, 135]
[453, 261]
[454, 136]
[455, 136]
[456, 261]
[457, 135]
[458, 135]
[459, 261]
[460, 149]
[461, 136]
[462, 264]
[463, 137]
[464, 136]
[465, 262]
[466, 136]
[467, 135]
[468, 261]
[469, 135]
[470, 135]
[471, 262]
[472, 135]
[473, 135]
[474, 262]
[475, 136]
[476, 135]
[477, 261]
[478, 135]
[479, 135]
