SimulationV012.py[0, [0, 16, 16, 0, 0, 0]]
[1, [0, 32, 32, 0, 0, 0]]
[2, [48, 48, 48, 0, 0, 0]]
[3, [48, 64, 64, 0, 0, 0]]
[4, [48, 80, 80, 0, 0, 0]]
[5, [96, 96, 96, 0, 0, 0]]
[6, [96, 112, 112, 0, 0, 0]]
[7, [96, 128, 128, 0, 0, 0]]
[8, [144, 144, 144, 0, 0, 0]]
[9, [144, 160, 160, 0, 0, 0]]
[10, [144, 176, 176, 0, 0, 0]]
[11, [184, 188, 186, 0, 0, 0]]
[19, [184, 188, 186, 165, 0, 0]]
[20, [184, 188, 186, 156, 144, 0]]
[21, [154, 158, 156, 42, 114, 0]]
[22, [132, 144, 142, 42, 84, 0]]
[23, [102, 130, 128, 42, 54, 0]]
[24, [112, 116, 114, 42, 168, 0]]
[25, [90, 102, 100, 42, 138, 0]]
[26, [60, 88, 86, 42, 108, 0]]
[27, [70, 74, 72, 42, 78, 0]]
[28, [48, 60, 58, 42, 48, 0]]
[29, [18, 46, 44, 42, 18, 0]]
[30, [48, 52, 50, 42, 0, 8]]
[31, [56, 68, 66, 42, 0, 8]]
[32, [56, 84, 82, 42, 0, 8]]
[33, [96, 100, 98, 42, 0, 8]]
[34, [104, 116, 114, 42, 0, 8]]
[35, [104, 132, 130, 42, 0, 8]]
[36, [144, 148, 146, 42, 0, 8]]
[37, [152, 164, 162, 42, 0, 8]]
[38, [152, 180, 178, 42, 0, 8]]
[39, [184, 188, 186, 162, 0, 8]]
[40, [184, 188, 186, 63, 144, 8]]
[41, [154, 158, 156, 153, 114, 8]]
[42, [132, 144, 142, 54, 84, 8]]
[43, [110, 130, 128, 84, 54, 8]]
[44, [112, 116, 114, 84, 168, 8]]
[45, [90, 102, 100, 84, 138, 8]]
[46, [68, 88, 86, 84, 108, 8]]
[47, [70, 74, 72, 84, 78, 8]]
[48, [48, 60, 58, 84, 48, 8]]
[49, [26, 46, 44, 84, 18, 8]]
[50, [38, 42, 40, 84, 0, 6]]
[51, [46, 58, 56, 84, 0, 6]]
[52, [54, 74, 72, 84, 0, 6]]
[53, [86, 90, 88, 84, 0, 6]]
[54, [94, 106, 104, 84, 0, 6]]
[55, [102, 122, 120, 84, 0, 6]]
[56, [134, 138, 136, 84, 0, 6]]
[57, [142, 154, 152, 84, 0, 6]]
[58, [150, 170, 168, 84, 0, 6]]
[59, [182, 186, 184, 159, 0, 6]]
[60, [182, 188, 186, 60, 144, 6]]
[61, [152, 158, 156, 105, 114, 6]]
[62, [122, 144, 142, 165, 84, 6]]
[63, [100, 130, 128, 51, 54, 6]]
[64, [110, 116, 114, 96, 168, 6]]
[65, [80, 102, 100, 126, 138, 6]]
[66, [58, 88, 86, 126, 108, 6]]
[67, [68, 74, 72, 126, 78, 6]]
[68, [38, 60, 58, 126, 48, 6]]
[69, [16, 46, 44, 126, 18, 6]]
[70, [36, 42, 40, 126, 0, 4]]
[71, [36, 58, 56, 126, 0, 4]]
[72, [44, 74, 72, 126, 0, 4]]
[73, [84, 90, 88, 126, 0, 4]]
[74, [84, 106, 104, 126, 0, 4]]
[75, [92, 122, 120, 126, 0, 4]]
[76, [132, 138, 136, 126, 0, 4]]
[77, [132, 154, 152, 126, 0, 4]]
[78, [140, 170, 168, 126, 0, 4]]
[79, [180, 186, 184, 156, 0, 4]]
[80, [180, 188, 186, 57, 144, 4]]
[81, [154, 158, 156, 102, 114, 4]]
[82, [152, 144, 142, 147, 84, 4]]
[83, [130, 130, 128, 63, 54, 4]]
[84, [108, 116, 114, 93, 168, 4]]
[85, [110, 102, 100, 138, 138, 4]]
[86, [88, 88, 86, 153, 108, 4]]
[87, [66, 74, 72, 24, 78, 4]]
[88, [68, 60, 58, 24, 48, 4]]
[89, [46, 46, 44, 24, 162, 4]]
[90, [24, 32, 30, 24, 132, 4]]
[91, [26, 18, 16, 24, 102, 4]]
[92, [4, 4, 2, 24, 72, 4]]
[93, [2, 10, 8, 24, 42, 24]]
[94, [14, 6, 4, 24, 12, 34]]
[95, [2, 2, 0, 24, 0, 26]]
[96, [0, 8, 6, 24, 0, 16]]
[97, [22, 14, 12, 24, 0, 6]]
[98, [30, 30, 28, 24, 0, 6]]
[99, [38, 46, 44, 54, 0, 6]]
[100, [70, 62, 60, 99, 0, 6]]
[101, [78, 78, 76, 144, 0, 6]]
[102, [86, 94, 92, 45, 144, 6]]
[103, [88, 80, 78, 105, 114, 6]]
[104, [66, 66, 64, 135, 84, 6]]
[105, [44, 52, 50, 165, 54, 6]]
[106, [46, 38, 36, 36, 168, 6]]
[107, [24, 24, 22, 51, 138, 6]]
[108, [2, 10, 8, 66, 108, 6]]
[109, [14, 6, 4, 66, 78, 16]]
[110, [2, 2, 0, 66, 48, 26]]
[111, [0, 8, 6, 66, 18, 46]]
[112, [12, 4, 2, 66, 0, 44]]
[113, [10, 10, 8, 66, 0, 34]]
[114, [8, 16, 14, 66, 0, 24]]
[115, [20, 12, 10, 66, 0, 4]]
[116, [28, 28, 26, 66, 0, 4]]
[117, [36, 44, 42, 66, 0, 4]]
[118, [68, 60, 58, 66, 0, 4]]
[119, [76, 76, 74, 96, 0, 4]]
[120, [84, 92, 90, 141, 0, 4]]
[121, [116, 108, 106, 156, 0, 4]]
[122, [124, 124, 122, 42, 144, 4]]
[123, [102, 110, 108, 87, 114, 4]]
[124, [104, 96, 94, 147, 84, 4]]
[125, [82, 82, 80, 33, 54, 4]]
[126, [60, 68, 66, 63, 168, 4]]
[127, [72, 64, 62, 78, 138, 14]]
[128, [80, 80, 78, 93, 108, 44]]
[129, [88, 96, 94, 108, 78, 74]]
[130, [110, 102, 100, 108, 48, 94]]
[131, [118, 118, 116, 108, 18, 124]]
[132, [116, 124, 122, 108, 0, 132]]
[133, [148, 140, 138, 108, 0, 132]]
[134, [156, 156, 154, 108, 0, 132]]
[135, [164, 172, 170, 108, 0, 132]]
[136, [164, 168, 166, 108, 0, 112]]
[137, [176, 184, 182, 108, 0, 112]]
[138, [174, 178, 176, 108, 0, 102]]
[139, [132, 138, 136, 138, 0, 52]]
[140, [134, 144, 142, 153, 0, 42]]
[141, [134, 140, 138, 39, 144, 22]]
[142, [140, 146, 144, 54, 114, 42]]
[143, [132, 142, 140, 84, 84, 52]]
[144, [122, 128, 126, 129, 54, 52]]
[145, [118, 124, 122, 159, 24, 62]]
[146, [130, 140, 138, 45, 144, 86]]
[147, [140, 146, 144, 75, 114, 106]]
[148, [106, 112, 110, 105, 84, 86]]
[149, [88, 98, 96, 120, 54, 86]]
[150, [78, 84, 82, 135, 24, 86]]
[151, [54, 60, 58, 150, 0, 70]]
[152, [16, 26, 24, 6, 144, 20]]
[153, [16, 22, 20, 6, 114, 30]]
[154, [2, 8, 6, 6, 84, 30]]
[155, [4, 14, 12, 6, 54, 50]]
[156, [4, 10, 8, 6, 24, 60]]
[157, [0, 6, 4, 6, 0, 64]]
[158, [2, 12, 10, 6, 0, 54]]
[159, [2, 8, 6, 36, 0, 34]]
[160, [8, 14, 12, 51, 0, 24]]
[161, [0, 10, 8, 81, 0, 4]]
[162, [20, 26, 24, 96, 0, 4]]
[163, [36, 42, 40, 126, 0, 4]]
[164, [48, 58, 56, 156, 0, 4]]
[165, [68, 74, 72, 27, 144, 4]]
[166, [54, 60, 58, 57, 114, 4]]
[167, [36, 46, 44, 87, 84, 4]]
[168, [26, 32, 30, 117, 54, 4]]
[169, [12, 18, 16, 147, 24, 4]]
[170, [4, 14, 12, 18, 144, 8]]
[171, [4, 10, 8, 33, 114, 18]]
[172, [0, 6, 4, 48, 84, 28]]
[173, [2, 12, 10, 48, 54, 48]]
[174, [2, 8, 6, 48, 24, 58]]
[175, [8, 14, 12, 48, 0, 72]]
[176, [0, 10, 8, 48, 0, 52]]
[177, [0, 6, 4, 48, 0, 32]]
[178, [6, 12, 10, 48, 0, 22]]
[179, [8, 18, 16, 78, 0, 12]]
[180, [18, 24, 22, 93, 0, 2]]
[181, [34, 40, 38, 123, 0, 2]]
[182, [46, 56, 54, 138, 0, 2]]
[183, [66, 72, 70, 153, 0, 2]]
[184, [82, 88, 86, 24, 144, 2]]
[185, [64, 74, 72, 54, 114, 2]]
[186, [54, 60, 58, 69, 84, 2]]
[187, [40, 46, 44, 99, 54, 2]]
[188, [22, 32, 30, 129, 24, 2]]
[189, [22, 28, 26, 159, 0, 6]]
[190, [38, 44, 42, 15, 144, 6]]
[191, [20, 30, 28, 45, 114, 6]]
[192, [10, 16, 14, 60, 84, 6]]
[193, [6, 12, 10, 75, 54, 16]]
[194, [8, 18, 16, 90, 24, 36]]
[195, [8, 14, 12, 90, 0, 40]]
[196, [4, 10, 8, 90, 0, 20]]
[197, [6, 16, 14, 90, 0, 10]]
[198, [16, 22, 20, 90, 0, 0]]
[199, [32, 38, 36, 120, 0, 0]]
[200, [44, 54, 52, 135, 0, 0]]
[201, [64, 70, 68, 165, 0, 0]]
[202, [80, 86, 84, 21, 144, 0]]
[203, [62, 72, 70, 36, 114, 0]]
[204, [52, 58, 56, 51, 84, 0]]
[205, [38, 44, 42, 66, 54, 0]]
[206, [20, 30, 28, 96, 24, 0]]
[207, [20, 26, 24, 111, 0, 4]]
[208, [36, 42, 40, 141, 0, 4]]
[209, [48, 58, 56, 156, 0, 4]]
[210, [68, 74, 72, 27, 144, 4]]
[211, [54, 60, 58, 57, 114, 4]]
[212, [36, 46, 44, 57, 84, 4]]
[213, [26, 32, 30, 87, 54, 4]]
[214, [12, 18, 16, 102, 24, 4]]
[215, [4, 14, 12, 117, 0, 8]]
[216, [24, 30, 28, 132, 0, 8]]
[217, [40, 46, 44, 132, 0, 8]]
[218, [52, 62, 60, 132, 0, 8]]
[219, [72, 78, 76, 162, 0, 8]]
[220, [88, 94, 92, 18, 144, 8]]
[221, [70, 80, 78, 33, 114, 8]]
[222, [60, 66, 64, 63, 84, 8]]
[223, [46, 52, 50, 63, 54, 8]]
[224, [28, 38, 36, 78, 24, 8]]
[225, [18, 24, 22, 93, 0, 2]]
[226, [34, 40, 38, 108, 0, 2]]
[227, [46, 56, 54, 138, 0, 2]]
[228, [66, 72, 70, 153, 0, 2]]
[229, [82, 88, 86, 9, 144, 2]]
[230, [64, 74, 72, 39, 114, 2]]
[231, [54, 60, 58, 54, 84, 2]]
[232, [40, 46, 44, 69, 54, 2]]
[233, [22, 32, 30, 99, 24, 2]]
[234, [22, 28, 26, 99, 0, 6]]
[235, [38, 44, 42, 129, 0, 6]]
[236, [50, 60, 58, 144, 0, 6]]
[237, [70, 76, 74, 15, 144, 6]]
[238, [56, 62, 60, 30, 114, 6]]
[239, [38, 48, 46, 60, 84, 6]]
[240, [28, 34, 32, 60, 54, 6]]
[241, [14, 20, 18, 75, 24, 6]]
[242, [6, 16, 14, 105, 0, 10]]
[243, [16, 22, 20, 105, 0, 0]]
[244, [32, 38, 36, 120, 0, 0]]
[245, [44, 54, 52, 135, 0, 0]]
[246, [64, 70, 68, 150, 0, 0]]
[247, [80, 86, 84, 36, 144, 0]]
[248, [62, 72, 70, 51, 114, 0]]
[249, [52, 58, 56, 51, 84, 0]]
[250, [38, 44, 42, 81, 54, 0]]
[251, [20, 30, 28, 96, 24, 0]]
[252, [20, 26, 24, 111, 0, 4]]
[253, [36, 42, 40, 141, 0, 4]]
[254, [48, 58, 56, 141, 0, 4]]
[255, [68, 74, 72, 156, 0, 4]]
[256, [84, 90, 88, 27, 144, 4]]
[257, [66, 76, 74, 42, 114, 4]]
[258, [56, 62, 60, 57, 84, 4]]
[259, [42, 48, 46, 102, 54, 4]]
[260, [24, 34, 32, 102, 24, 4]]
[261, [24, 30, 28, 117, 0, 8]]
[262, [40, 46, 44, 147, 0, 8]]
[263, [52, 62, 60, 3, 144, 8]]
[264, [42, 48, 46, 18, 114, 8]]
[265, [28, 34, 32, 33, 84, 8]]
[266, [10, 20, 18, 48, 54, 8]]
[267, [0, 6, 4, 78, 24, 8]]
[268, [6, 12, 10, 93, 0, 22]]
[269, [8, 18, 16, 93, 0, 12]]
[270, [18, 24, 22, 123, 0, 2]]
[271, [34, 40, 38, 138, 0, 2]]
[272, [46, 56, 54, 153, 0, 2]]
[273, [66, 72, 70, 9, 144, 2]]
[274, [52, 58, 56, 39, 114, 2]]
[275, [34, 44, 42, 39, 84, 2]]
[276, [24, 30, 28, 54, 54, 2]]
[277, [10, 16, 14, 69, 24, 2]]
[278, [2, 12, 10, 84, 0, 6]]
[279, [22, 28, 26, 129, 0, 6]]
[280, [38, 44, 42, 144, 0, 6]]
[281, [50, 60, 58, 15, 144, 6]]
[282, [40, 46, 44, 45, 114, 6]]
[283, [26, 32, 30, 45, 84, 6]]
[284, [8, 18, 16, 60, 54, 6]]
[285, [8, 14, 12, 75, 24, 16]]
[286, [4, 10, 8, 90, 0, 20]]
[287, [6, 16, 14, 120, 0, 10]]
[288, [16, 22, 20, 135, 0, 0]]
[289, [32, 38, 36, 135, 0, 0]]
[290, [44, 54, 52, 165, 0, 0]]
[291, [64, 70, 68, 21, 144, 0]]
[292, [50, 56, 54, 36, 114, 0]]
[293, [32, 42, 40, 51, 84, 0]]
[294, [22, 28, 26, 51, 54, 0]]
[295, [8, 14, 12, 81, 24, 0]]
[296, [0, 10, 8, 81, 0, 4]]
[297, [20, 26, 24, 96, 0, 4]]
[298, [36, 42, 40, 111, 0, 4]]
[299, [48, 58, 56, 156, 0, 4]]
[300, [68, 74, 72, 12, 144, 4]]
[301, [54, 60, 58, 42, 114, 4]]
[302, [36, 46, 44, 87, 84, 4]]
[303, [26, 32, 30, 87, 54, 4]]
[304, [12, 18, 16, 102, 24, 4]]
[305, [4, 14, 12, 117, 0, 8]]
[306, [24, 30, 28, 132, 0, 8]]
[307, [40, 46, 44, 162, 0, 8]]
[308, [52, 62, 60, 18, 144, 8]]
[309, [42, 48, 46, 33, 114, 8]]
[310, [28, 34, 32, 33, 84, 8]]
[311, [10, 20, 18, 63, 54, 8]]
[312, [0, 6, 4, 63, 24, 8]]
[313, [6, 12, 10, 78, 0, 22]]
[314, [8, 18, 16, 93, 0, 12]]
[315, [18, 24, 22, 93, 0, 2]]
[316, [34, 40, 38, 123, 0, 2]]
[317, [46, 56, 54, 123, 0, 2]]
[318, [66, 72, 70, 138, 0, 2]]
[319, [82, 88, 86, 153, 0, 2]]
[320, [94, 104, 102, 39, 144, 2]]
[321, [84, 90, 88, 54, 114, 2]]
[322, [70, 76, 74, 69, 84, 2]]
[323, [52, 62, 60, 114, 54, 2]]
[324, [42, 48, 46, 129, 24, 2]]
[325, [38, 44, 42, 144, 0, 6]]
[326, [50, 60, 58, 15, 144, 6]]
[327, [40, 46, 44, 30, 114, 6]]
[328, [26, 32, 30, 60, 84, 6]]
[329, [8, 18, 16, 60, 54, 6]]
[330, [8, 14, 12, 75, 24, 16]]
[331, [4, 10, 8, 75, 0, 20]]
[332, [6, 16, 14, 105, 0, 10]]
[333, [16, 22, 20, 105, 0, 0]]
[334, [32, 38, 36, 120, 0, 0]]
[335, [44, 54, 52, 135, 0, 0]]
[336, [64, 70, 68, 135, 0, 0]]
[337, [80, 86, 84, 165, 0, 0]]
[338, [92, 102, 100, 21, 144, 0]]
[339, [82, 88, 86, 36, 114, 0]]
[340, [68, 74, 72, 66, 84, 0]]
[341, [50, 60, 58, 81, 54, 0]]
[342, [40, 46, 44, 111, 24, 0]]
[343, [36, 42, 40, 141, 0, 4]]
[344, [48, 58, 56, 156, 0, 4]]
[345, [68, 74, 72, 27, 144, 4]]
[346, [54, 60, 58, 57, 114, 4]]
[347, [36, 46, 44, 72, 84, 4]]
[348, [26, 32, 30, 102, 54, 4]]
[349, [12, 18, 16, 102, 24, 4]]
[350, [4, 14, 12, 117, 0, 8]]
[351, [24, 30, 28, 117, 0, 8]]
[352, [40, 46, 44, 147, 0, 8]]
[353, [52, 62, 60, 3, 144, 8]]
[354, [42, 48, 46, 18, 114, 8]]
[355, [28, 34, 32, 33, 84, 8]]
[356, [10, 20, 18, 33, 54, 8]]
[357, [0, 6, 4, 63, 24, 8]]
[358, [6, 12, 10, 63, 0, 22]]
[359, [8, 18, 16, 78, 0, 12]]
[360, [18, 24, 22, 108, 0, 2]]
[361, [34, 40, 38, 123, 0, 2]]
[362, [46, 56, 54, 153, 0, 2]]
[363, [66, 72, 70, 39, 144, 2]]
[364, [52, 58, 56, 39, 114, 2]]
[365, [34, 44, 42, 69, 84, 2]]
[366, [24, 30, 28, 84, 54, 2]]
[367, [10, 16, 14, 114, 24, 2]]
[368, [2, 12, 10, 144, 0, 6]]
[369, [22, 28, 26, 0, 144, 6]]
[370, [8, 14, 12, 15, 114, 6]]
[371, [0, 10, 8, 15, 84, 16]]
[372, [0, 6, 4, 45, 54, 26]]
[373, [6, 12, 10, 45, 24, 46]]
[374, [8, 18, 16, 60, 0, 60]]
[375, [8, 14, 12, 75, 0, 40]]
[376, [4, 10, 8, 75, 0, 20]]
[377, [6, 16, 14, 105, 0, 10]]
[378, [16, 22, 20, 105, 0, 0]]
[379, [32, 38, 36, 120, 0, 0]]
[380, [44, 54, 52, 150, 0, 0]]
[381, [64, 70, 68, 21, 144, 0]]
[382, [50, 56, 54, 51, 114, 0]]
[383, [32, 42, 40, 81, 84, 0]]
[384, [22, 28, 26, 81, 54, 0]]
[385, [8, 14, 12, 111, 24, 0]]
[386, [0, 10, 8, 126, 0, 4]]
[387, [20, 26, 24, 156, 0, 4]]
[388, [36, 42, 40, 42, 144, 4]]
[389, [18, 28, 26, 42, 114, 4]]
[390, [8, 14, 12, 57, 84, 4]]
[391, [4, 10, 8, 57, 54, 14]]
[392, [6, 16, 14, 87, 24, 34]]
[393, [6, 12, 10, 87, 0, 38]]
[394, [2, 8, 6, 102, 0, 18]]
[395, [4, 14, 12, 117, 0, 8]]
[396, [24, 30, 28, 117, 0, 8]]
[397, [40, 46, 44, 147, 0, 8]]
[398, [52, 62, 60, 3, 144, 8]]
[399, [42, 48, 46, 18, 114, 8]]
[400, [28, 34, 32, 48, 84, 8]]
[401, [10, 20, 18, 63, 54, 8]]
[402, [0, 6, 4, 93, 24, 8]]
[403, [6, 12, 10, 123, 0, 22]]
[404, [8, 18, 16, 123, 0, 12]]
[405, [18, 24, 22, 153, 0, 2]]
[406, [34, 40, 38, 24, 144, 2]]
[407, [16, 26, 24, 39, 114, 2]]
[408, [6, 12, 10, 84, 84, 2]]
[409, [2, 8, 6, 84, 54, 12]]
[410, [4, 14, 12, 99, 24, 32]]
[411, [4, 10, 8, 99, 0, 36]]
[412, [0, 6, 4, 129, 0, 16]]
[413, [2, 12, 10, 129, 0, 6]]
[414, [22, 28, 26, 144, 0, 6]]
[415, [38, 44, 42, 15, 144, 6]]
[416, [20, 30, 28, 15, 114, 6]]
[417, [10, 16, 14, 45, 84, 6]]
[418, [6, 12, 10, 45, 54, 16]]
[419, [8, 18, 16, 60, 24, 36]]
[420, [8, 14, 12, 90, 0, 40]]
[421, [4, 10, 8, 105, 0, 20]]
[422, [6, 16, 14, 135, 0, 10]]
[423, [16, 22, 20, 165, 0, 0]]
[424, [32, 38, 36, 21, 144, 0]]
[425, [14, 24, 22, 21, 114, 0]]
[426, [4, 10, 8, 51, 84, 0]]
[427, [0, 6, 4, 66, 54, 10]]
[428, [2, 12, 10, 81, 24, 30]]
[429, [2, 8, 6, 126, 0, 34]]
[430, [8, 14, 12, 126, 0, 24]]
[431, [0, 10, 8, 141, 0, 4]]
[432, [20, 26, 24, 141, 0, 4]]
[433, [36, 42, 40, 156, 0, 4]]
[434, [48, 58, 56, 27, 144, 4]]
[435, [38, 44, 42, 27, 114, 4]]
[436, [24, 30, 28, 42, 84, 4]]
[437, [6, 16, 14, 57, 54, 4]]
[438, [6, 12, 10, 57, 24, 14]]
[439, [2, 8, 6, 102, 0, 18]]
[440, [4, 14, 12, 117, 0, 8]]
[441, [24, 30, 28, 117, 0, 8]]
[442, [40, 46, 44, 147, 0, 8]]
[443, [52, 62, 60, 48, 144, 8]]
[444, [42, 48, 46, 63, 114, 8]]
[445, [28, 34, 32, 63, 84, 8]]
[446, [10, 20, 18, 78, 54, 8]]
[447, [0, 6, 4, 108, 24, 8]]
[448, [6, 12, 10, 123, 0, 22]]
[449, [8, 18, 16, 153, 0, 12]]
[450, [18, 24, 22, 9, 144, 2]]
[451, [4, 10, 8, 24, 114, 2]]
[452, [6, 16, 14, 39, 84, 22]]
[453, [6, 12, 10, 39, 54, 32]]
[454, [2, 8, 6, 54, 24, 42]]
[455, [4, 14, 12, 69, 0, 56]]
[456, [4, 10, 8, 69, 0, 36]]
[457, [0, 6, 4, 84, 0, 16]]
[458, [2, 12, 10, 99, 0, 6]]
[459, [22, 28, 26, 114, 0, 6]]
[460, [38, 44, 42, 159, 0, 6]]
[461, [50, 60, 58, 15, 144, 6]]
[462, [40, 46, 44, 30, 114, 6]]
[463, [26, 32, 30, 60, 84, 6]]
[464, [8, 18, 16, 75, 54, 6]]
[465, [8, 14, 12, 90, 24, 16]]
[466, [4, 10, 8, 120, 0, 20]]
[467, [6, 16, 14, 135, 0, 10]]
[468, [16, 22, 20, 150, 0, 0]]
[469, [32, 38, 36, 51, 144, 0]]
[470, [14, 24, 22, 51, 114, 0]]
[471, [4, 10, 8, 51, 84, 0]]
[472, [0, 6, 4, 81, 54, 10]]
[473, [2, 12, 10, 81, 24, 30]]
[474, [2, 8, 6, 96, 0, 34]]
[475, [8, 14, 12, 111, 0, 24]]
[476, [0, 10, 8, 111, 0, 4]]
[477, [20, 26, 24, 126, 0, 4]]
[478, [36, 42, 40, 141, 0, 4]]
[479, [48, 58, 56, 156, 0, 4]]
[480, [68, 74, 72, 12, 144, 4]]
[481, [54, 60, 58, 57, 114, 4]]
[482, [36, 46, 44, 57, 84, 4]]
[483, [26, 32, 30, 72, 54, 4]]
[484, [12, 18, 16, 102, 24, 4]]
[485, [4, 14, 12, 117, 0, 8]]
[486, [24, 30, 28, 132, 0, 8]]
[487, [40, 46, 44, 162, 0, 8]]
[488, [52, 62, 60, 33, 144, 8]]
[489, [42, 48, 46, 48, 114, 8]]
[490, [28, 34, 32, 78, 84, 8]]
[491, [10, 20, 18, 93, 54, 8]]
[492, [0, 6, 4, 93, 24, 8]]
[493, [6, 12, 10, 108, 0, 22]]
[494, [8, 18, 16, 123, 0, 12]]
[495, [18, 24, 22, 138, 0, 2]]
[496, [34, 40, 38, 153, 0, 2]]
[497, [46, 56, 54, 9, 144, 2]]
[498, [36, 42, 40, 9, 114, 2]]
[499, [22, 28, 26, 39, 84, 2]]
[500, [4, 14, 12, 54, 54, 2]]
[501, [4, 10, 8, 69, 24, 12]]
[502, [0, 6, 4, 99, 0, 16]]
[503, [2, 12, 10, 114, 0, 6]]
[504, [22, 28, 26, 144, 0, 6]]
[505, [38, 44, 42, 0, 144, 6]]
[506, [20, 30, 28, 15, 114, 6]]
[507, [10, 16, 14, 45, 84, 6]]
[508, [6, 12, 10, 75, 54, 16]]
[509, [8, 18, 16, 90, 24, 36]]
[510, [8, 14, 12, 120, 0, 40]]
[511, [4, 10, 8, 120, 0, 20]]
[512, [6, 16, 14, 135, 0, 10]]
[513, [16, 22, 20, 150, 0, 0]]
[514, [32, 38, 36, 6, 144, 0]]
[515, [14, 24, 22, 36, 114, 0]]
[516, [4, 10, 8, 51, 84, 0]]
[517, [0, 6, 4, 51, 54, 10]]
[518, [2, 12, 10, 51, 24, 30]]
[519, [2, 8, 6, 81, 0, 34]]
[520, [8, 14, 12, 96, 0, 24]]
[521, [0, 10, 8, 111, 0, 4]]
[522, [20, 26, 24, 141, 0, 4]]
[523, [36, 42, 40, 156, 0, 4]]
[524, [48, 58, 56, 12, 144, 4]]
[525, [38, 44, 42, 42, 114, 4]]
[526, [24, 30, 28, 42, 84, 4]]
[527, [6, 16, 14, 57, 54, 4]]
[528, [6, 12, 10, 87, 24, 14]]
[529, [2, 8, 6, 117, 0, 18]]
[530, [4, 14, 12, 132, 0, 8]]
[531, [24, 30, 28, 162, 0, 8]]
[532, [40, 46, 44, 18, 144, 8]]
[533, [22, 32, 30, 18, 114, 8]]
[534, [12, 18, 16, 33, 84, 8]]
[535, [8, 14, 12, 48, 54, 18]]
[536, [0, 10, 8, 48, 24, 28]]
[537, [0, 6, 4, 78, 0, 32]]
[538, [6, 12, 10, 93, 0, 22]]
[539, [8, 18, 16, 108, 0, 12]]
[540, [18, 24, 22, 108, 0, 2]]
[541, [34, 40, 38, 138, 0, 2]]
[542, [46, 56, 54, 153, 0, 2]]
[543, [66, 72, 70, 24, 144, 2]]
[544, [52, 58, 56, 24, 114, 2]]
[545, [34, 44, 42, 84, 84, 2]]
[546, [24, 30, 28, 84, 54, 2]]
[547, [10, 16, 14, 84, 24, 2]]
[548, [2, 12, 10, 99, 0, 6]]
[549, [22, 28, 26, 129, 0, 6]]
[550, [38, 44, 42, 159, 0, 6]]
[551, [50, 60, 58, 45, 144, 6]]
[552, [40, 46, 44, 60, 114, 6]]
[553, [26, 32, 30, 60, 84, 6]]
[554, [8, 18, 16, 60, 54, 6]]
[555, [8, 14, 12, 75, 24, 16]]
[556, [4, 10, 8, 90, 0, 20]]
[557, [6, 16, 14, 105, 0, 10]]
[558, [16, 22, 20, 120, 0, 0]]
[559, [32, 38, 36, 150, 0, 0]]
[560, [44, 54, 52, 6, 144, 0]]
[561, [34, 40, 38, 36, 114, 0]]
[562, [20, 26, 24, 51, 84, 0]]
[563, [2, 12, 10, 66, 54, 0]]
[564, [2, 8, 6, 66, 24, 10]]
[565, [8, 14, 12, 126, 0, 24]]
[566, [0, 10, 8, 126, 0, 4]]
[567, [20, 26, 24, 126, 0, 4]]
[568, [36, 42, 40, 141, 0, 4]]
[569, [48, 58, 56, 156, 0, 4]]
[570, [68, 74, 72, 27, 144, 4]]
[571, [54, 60, 58, 57, 114, 4]]
[572, [36, 46, 44, 87, 84, 4]]
[573, [26, 32, 30, 102, 54, 4]]
[574, [12, 18, 16, 102, 24, 4]]
[575, [4, 14, 12, 102, 0, 8]]
[576, [24, 30, 28, 117, 0, 8]]
[577, [40, 46, 44, 132, 0, 8]]
[578, [52, 62, 60, 147, 0, 8]]
[579, [72, 78, 76, 33, 144, 8]]
[580, [58, 64, 62, 48, 114, 8]]
[581, [40, 50, 48, 63, 84, 8]]
[582, [30, 36, 34, 78, 54, 8]]
[583, [16, 22, 20, 108, 24, 8]]
[584, [8, 18, 16, 108, 0, 12]]
[585, [18, 24, 22, 138, 0, 2]]
[586, [34, 40, 38, 153, 0, 2]]
[587, [46, 56, 54, 24, 144, 2]]
[588, [36, 42, 40, 39, 114, 2]]
[589, [22, 28, 26, 54, 84, 2]]
[590, [4, 14, 12, 54, 54, 2]]
[591, [4, 10, 8, 84, 24, 12]]
[592, [0, 6, 4, 129, 0, 16]]
[593, [2, 12, 10, 129, 0, 6]]
[594, [22, 28, 26, 144, 0, 6]]
[595, [38, 44, 42, 0, 144, 6]]
[596, [20, 30, 28, 15, 114, 6]]
[597, [10, 16, 14, 15, 84, 6]]
[598, [6, 12, 10, 45, 54, 16]]
[599, [8, 18, 16, 75, 24, 36]]
[600, [8, 14, 12, 75, 0, 40]]
[601, [4, 10, 8, 105, 0, 20]]
[602, [6, 16, 14, 120, 0, 10]]
[603, [16, 22, 20, 150, 0, 0]]
[604, [32, 38, 36, 6, 144, 0]]
[605, [14, 24, 22, 36, 114, 0]]
[606, [4, 10, 8, 51, 84, 0]]
[607, [0, 6, 4, 66, 54, 10]]
[608, [2, 12, 10, 81, 24, 30]]
[609, [2, 8, 6, 96, 0, 34]]
[610, [8, 14, 12, 96, 0, 24]]
[611, [0, 10, 8, 126, 0, 4]]
[612, [20, 26, 24, 156, 0, 4]]
[613, [36, 42, 40, 27, 144, 4]]
[614, [18, 28, 26, 27, 114, 4]]
[615, [8, 14, 12, 42, 84, 4]]
[616, [4, 10, 8, 42, 54, 14]]
[617, [6, 16, 14, 57, 24, 34]]
[618, [6, 12, 10, 57, 0, 38]]
[619, [2, 8, 6, 102, 0, 18]]
[620, [4, 14, 12, 117, 0, 8]]
[621, [24, 30, 28, 132, 0, 8]]
[622, [40, 46, 44, 147, 0, 8]]
[623, [52, 62, 60, 33, 144, 8]]
[624, [42, 48, 46, 48, 114, 8]]
[625, [28, 34, 32, 78, 84, 8]]
[626, [10, 20, 18, 78, 54, 8]]
[627, [0, 6, 4, 93, 24, 8]]
[628, [6, 12, 10, 123, 0, 22]]
[629, [8, 18, 16, 138, 0, 12]]
[630, [18, 24, 22, 138, 0, 2]]
[631, [34, 40, 38, 153, 0, 2]]
[632, [46, 56, 54, 9, 144, 2]]
[633, [36, 42, 40, 54, 114, 2]]
[634, [22, 28, 26, 69, 84, 2]]
[635, [4, 14, 12, 69, 54, 2]]
[636, [4, 10, 8, 84, 24, 12]]
[637, [0, 6, 4, 84, 0, 16]]
[638, [2, 12, 10, 99, 0, 6]]
[639, [22, 28, 26, 114, 0, 6]]
[640, [38, 44, 42, 144, 0, 6]]
[641, [50, 60, 58, 30, 144, 6]]
[642, [40, 46, 44, 30, 114, 6]]
[643, [26, 32, 30, 60, 84, 6]]
[644, [8, 18, 16, 75, 54, 6]]
[645, [8, 14, 12, 120, 24, 16]]
[646, [4, 10, 8, 120, 0, 20]]
[647, [6, 16, 14, 120, 0, 10]]
[648, [16, 22, 20, 150, 0, 0]]
[649, [32, 38, 36, 36, 144, 0]]
[650, [14, 24, 22, 36, 114, 0]]
[651, [4, 10, 8, 51, 84, 0]]
[652, [0, 6, 4, 51, 54, 10]]
[653, [2, 12, 10, 96, 24, 30]]
[654, [2, 8, 6, 111, 0, 34]]
[655, [8, 14, 12, 111, 0, 24]]
[656, [0, 10, 8, 126, 0, 4]]
[657, [20, 26, 24, 126, 0, 4]]
[658, [36, 42, 40, 141, 0, 4]]
[659, [48, 58, 56, 156, 0, 4]]
[660, [68, 74, 72, 12, 144, 4]]
[661, [54, 60, 58, 42, 114, 4]]
[662, [36, 46, 44, 72, 84, 4]]
[663, [26, 32, 30, 72, 54, 4]]
[664, [12, 18, 16, 102, 24, 4]]
[665, [4, 14, 12, 117, 0, 8]]
[666, [24, 30, 28, 162, 0, 8]]
[667, [40, 46, 44, 18, 144, 8]]
[668, [22, 32, 30, 18, 114, 8]]
[669, [12, 18, 16, 33, 84, 8]]
[670, [8, 14, 12, 63, 54, 18]]
[671, [0, 10, 8, 78, 24, 28]]
[672, [0, 6, 4, 93, 0, 32]]
[673, [6, 12, 10, 93, 0, 22]]
[674, [8, 18, 16, 123, 0, 12]]
[675, [18, 24, 22, 138, 0, 2]]
[676, [34, 40, 38, 153, 0, 2]]
[677, [46, 56, 54, 9, 144, 2]]
[678, [36, 42, 40, 9, 114, 2]]
[679, [22, 28, 26, 54, 84, 2]]
[680, [4, 14, 12, 54, 54, 2]]
[681, [4, 10, 8, 69, 24, 12]]
[682, [0, 6, 4, 99, 0, 16]]
[683, [2, 12, 10, 114, 0, 6]]
[684, [22, 28, 26, 129, 0, 6]]
[685, [38, 44, 42, 144, 0, 6]]
[686, [50, 60, 58, 60, 144, 6]]
[687, [40, 46, 44, 60, 114, 6]]
[688, [26, 32, 30, 60, 84, 6]]
[689, [8, 18, 16, 75, 54, 6]]
[690, [8, 14, 12, 105, 24, 16]]
[691, [4, 10, 8, 120, 0, 20]]
[692, [6, 16, 14, 135, 0, 10]]
[693, [16, 22, 20, 135, 0, 0]]
[694, [32, 38, 36, 165, 0, 0]]
[695, [44, 54, 52, 21, 144, 0]]
[696, [34, 40, 38, 36, 114, 0]]
[697, [20, 26, 24, 51, 84, 0]]
[698, [2, 12, 10, 51, 54, 0]]
[699, [2, 8, 6, 66, 24, 10]]
[700, [8, 14, 12, 96, 0, 24]]
[701, [0, 10, 8, 96, 0, 4]]
[702, [20, 26, 24, 126, 0, 4]]
[703, [36, 42, 40, 141, 0, 4]]
[704, [48, 58, 56, 156, 0, 4]]
[705, [68, 74, 72, 27, 144, 4]]
[706, [54, 60, 58, 27, 114, 4]]
[707, [36, 46, 44, 72, 84, 4]]
[708, [26, 32, 30, 102, 54, 4]]
[709, [12, 18, 16, 102, 24, 4]]
[710, [4, 14, 12, 117, 0, 8]]
[711, [24, 30, 28, 132, 0, 8]]
[712, [40, 46, 44, 147, 0, 8]]
[713, [52, 62, 60, 33, 144, 8]]
[714, [42, 48, 46, 33, 114, 8]]
[715, [28, 34, 32, 63, 84, 8]]
[716, [10, 20, 18, 63, 54, 8]]
[717, [0, 6, 4, 78, 24, 8]]
[718, [6, 12, 10, 93, 0, 22]]
[719, [8, 18, 16, 108, 0, 12]]
[720, [18, 24, 22, 108, 0, 2]]
[721, [34, 40, 38, 138, 0, 2]]
[722, [46, 56, 54, 153, 0, 2]]
[723, [66, 72, 70, 9, 144, 2]]
[724, [52, 58, 56, 24, 114, 2]]
[725, [34, 44, 42, 54, 84, 2]]
[726, [24, 30, 28, 69, 54, 2]]
[727, [10, 16, 14, 69, 24, 2]]
[728, [2, 12, 10, 114, 0, 6]]
[729, [22, 28, 26, 144, 0, 6]]
[730, [38, 44, 42, 0, 144, 6]]
[731, [20, 30, 28, 15, 114, 6]]
[732, [10, 16, 14, 30, 84, 6]]
[733, [6, 12, 10, 45, 54, 16]]
[734, [8, 18, 16, 75, 24, 36]]
[735, [8, 14, 12, 75, 0, 40]]
[736, [4, 10, 8, 105, 0, 20]]
[737, [6, 16, 14, 105, 0, 10]]
[738, [16, 22, 20, 120, 0, 0]]
[739, [32, 38, 36, 150, 0, 0]]
[740, [44, 54, 52, 6, 144, 0]]
[741, [34, 40, 38, 6, 114, 0]]
[742, [20, 26, 24, 51, 84, 0]]
[743, [2, 12, 10, 51, 54, 0]]
[744, [2, 8, 6, 66, 24, 10]]
[745, [8, 14, 12, 96, 0, 24]]
[746, [0, 10, 8, 111, 0, 4]]
[747, [20, 26, 24, 111, 0, 4]]
[748, [36, 42, 40, 156, 0, 4]]
[749, [48, 58, 56, 12, 144, 4]]
[750, [38, 44, 42, 42, 114, 4]]
[751, [24, 30, 28, 57, 84, 4]]
[752, [6, 16, 14, 72, 54, 4]]
[753, [6, 12, 10, 72, 24, 14]]
[754, [2, 8, 6, 102, 0, 18]]
[755, [4, 14, 12, 117, 0, 8]]
[756, [24, 30, 28, 147, 0, 8]]
[757, [40, 46, 44, 3, 144, 8]]
[758, [22, 32, 30, 3, 114, 8]]
[759, [12, 18, 16, 33, 84, 8]]
[760, [8, 14, 12, 48, 54, 18]]
[761, [0, 10, 8, 48, 24, 28]]
[762, [0, 6, 4, 78, 0, 32]]
[763, [6, 12, 10, 93, 0, 22]]
[764, [8, 18, 16, 108, 0, 12]]
[765, [18, 24, 22, 138, 0, 2]]
[766, [34, 40, 38, 138, 0, 2]]
[767, [46, 56, 54, 153, 0, 2]]
[768, [66, 72, 70, 54, 144, 2]]
[769, [52, 58, 56, 54, 114, 2]]
[770, [34, 44, 42, 69, 84, 2]]
[771, [24, 30, 28, 99, 54, 2]]
[772, [10, 16, 14, 114, 24, 2]]
[773, [2, 12, 10, 114, 0, 6]]
[774, [22, 28, 26, 144, 0, 6]]
[775, [38, 44, 42, 15, 144, 6]]
[776, [20, 30, 28, 45, 114, 6]]
[777, [10, 16, 14, 45, 84, 6]]
[778, [6, 12, 10, 45, 54, 16]]
[779, [8, 18, 16, 75, 24, 36]]
[780, [8, 14, 12, 90, 0, 40]]
[781, [4, 10, 8, 90, 0, 20]]
[782, [6, 16, 14, 120, 0, 10]]
[783, [16, 22, 20, 135, 0, 0]]
[784, [32, 38, 36, 150, 0, 0]]
[785, [44, 54, 52, 36, 144, 0]]
[786, [34, 40, 38, 36, 114, 0]]
[787, [20, 26, 24, 51, 84, 0]]
[788, [2, 12, 10, 96, 54, 0]]
[789, [2, 8, 6, 96, 24, 10]]
[790, [8, 14, 12, 111, 0, 24]]
[791, [0, 10, 8, 141, 0, 4]]
[792, [20, 26, 24, 156, 0, 4]]
[793, [36, 42, 40, 12, 144, 4]]
[794, [18, 28, 26, 12, 114, 4]]
[795, [8, 14, 12, 42, 84, 4]]
[796, [4, 10, 8, 57, 54, 14]]
[797, [6, 16, 14, 87, 24, 34]]
[798, [6, 12, 10, 87, 0, 38]]
[799, [2, 8, 6, 102, 0, 18]]
[800, [4, 14, 12, 117, 0, 8]]
[801, [24, 30, 28, 132, 0, 8]]
[802, [40, 46, 44, 147, 0, 8]]
[803, [52, 62, 60, 18, 144, 8]]
[804, [42, 48, 46, 33, 114, 8]]
[805, [28, 34, 32, 63, 84, 8]]
[806, [10, 20, 18, 78, 54, 8]]
[807, [0, 6, 4, 78, 24, 8]]
[808, [6, 12, 10, 123, 0, 22]]
[809, [8, 18, 16, 138, 0, 12]]
[810, [18, 24, 22, 138, 0, 2]]
[811, [34, 40, 38, 153, 0, 2]]
[812, [46, 56, 54, 24, 144, 2]]
[813, [36, 42, 40, 54, 114, 2]]
[814, [22, 28, 26, 54, 84, 2]]
[815, [4, 14, 12, 54, 54, 2]]
[816, [4, 10, 8, 84, 24, 12]]
[817, [0, 6, 4, 99, 0, 16]]
[818, [2, 12, 10, 129, 0, 6]]
[819, [22, 28, 26, 144, 0, 6]]
[820, [38, 44, 42, 0, 144, 6]]
[821, [20, 30, 28, 15, 114, 6]]
[822, [10, 16, 14, 45, 84, 6]]
[823, [6, 12, 10, 45, 54, 16]]
[824, [8, 18, 16, 60, 24, 36]]
[825, [8, 14, 12, 90, 0, 40]]
[826, [4, 10, 8, 105, 0, 20]]
[827, [6, 16, 14, 120, 0, 10]]
[828, [16, 22, 20, 150, 0, 0]]
[829, [32, 38, 36, 21, 144, 0]]
[830, [14, 24, 22, 36, 114, 0]]
[831, [4, 10, 8, 51, 84, 0]]
[832, [0, 6, 4, 66, 54, 10]]
[833, [2, 12, 10, 96, 24, 30]]
[834, [2, 8, 6, 96, 0, 34]]
[835, [8, 14, 12, 96, 0, 24]]
[836, [0, 10, 8, 126, 0, 4]]
[837, [20, 26, 24, 141, 0, 4]]
[838, [36, 42, 40, 156, 0, 4]]
[839, [48, 58, 56, 42, 144, 4]]
[840, [38, 44, 42, 42, 114, 4]]
[841, [24, 30, 28, 42, 84, 4]]
[842, [6, 16, 14, 72, 54, 4]]
[843, [6, 12, 10, 87, 24, 14]]
[844, [2, 8, 6, 87, 0, 18]]
[845, [4, 14, 12, 117, 0, 8]]
[846, [24, 30, 28, 132, 0, 8]]
[847, [40, 46, 44, 147, 0, 8]]
[848, [52, 62, 60, 48, 144, 8]]
[849, [42, 48, 46, 48, 114, 8]]
[850, [28, 34, 32, 63, 84, 8]]
[851, [10, 20, 18, 93, 54, 8]]
[852, [0, 6, 4, 93, 24, 8]]
[853, [6, 12, 10, 123, 0, 22]]
[854, [8, 18, 16, 138, 0, 12]]
[855, [18, 24, 22, 138, 0, 2]]
[856, [34, 40, 38, 153, 0, 2]]
[857, [46, 56, 54, 9, 144, 2]]
[858, [36, 42, 40, 24, 114, 2]]
[859, [22, 28, 26, 69, 84, 2]]
[860, [4, 14, 12, 84, 54, 2]]
[861, [4, 10, 8, 84, 24, 12]]
[862, [0, 6, 4, 99, 0, 16]]
[863, [2, 12, 10, 114, 0, 6]]
[864, [22, 28, 26, 129, 0, 6]]
[865, [38, 44, 42, 144, 0, 6]]
[866, [50, 60, 58, 15, 144, 6]]
[867, [40, 46, 44, 30, 114, 6]]
[868, [26, 32, 30, 75, 84, 6]]
[869, [8, 18, 16, 90, 54, 6]]
[870, [8, 14, 12, 90, 24, 16]]
[871, [4, 10, 8, 120, 0, 20]]
[872, [6, 16, 14, 135, 0, 10]]
[873, [16, 22, 20, 150, 0, 0]]
[874, [32, 38, 36, 21, 144, 0]]
[875, [14, 24, 22, 36, 114, 0]]
[876, [4, 10, 8, 51, 84, 0]]
[877, [0, 6, 4, 51, 54, 10]]
[878, [2, 12, 10, 66, 24, 30]]
[879, [2, 8, 6, 111, 0, 34]]
[880, [8, 14, 12, 126, 0, 24]]
[881, [0, 10, 8, 126, 0, 4]]
[882, [20, 26, 24, 141, 0, 4]]
[883, [36, 42, 40, 156, 0, 4]]
[884, [48, 58, 56, 12, 144, 4]]
[885, [38, 44, 42, 42, 114, 4]]
[886, [24, 30, 28, 57, 84, 4]]
[887, [6, 16, 14, 57, 54, 4]]
[888, [6, 12, 10, 117, 24, 14]]
[889, [2, 8, 6, 132, 0, 18]]
[890, [4, 14, 12, 132, 0, 8]]
[891, [24, 30, 28, 147, 0, 8]]
[892, [40, 46, 44, 33, 144, 8]]
[893, [22, 32, 30, 48, 114, 8]]
[894, [12, 18, 16, 63, 84, 8]]
[895, [8, 14, 12, 63, 54, 18]]
[896, [0, 10, 8, 93, 24, 28]]
[897, [0, 6, 4, 93, 0, 32]]
[898, [6, 12, 10, 108, 0, 22]]
[899, [8, 18, 16, 153, 0, 12]]
[900, [18, 24, 22, 24, 144, 2]]
[901, [4, 10, 8, 24, 114, 2]]
[902, [6, 16, 14, 39, 84, 22]]
[903, [6, 12, 10, 39, 54, 32]]
[904, [2, 8, 6, 54, 24, 42]]
[905, [4, 14, 12, 69, 0, 56]]
[906, [4, 10, 8, 99, 0, 36]]
[907, [0, 6, 4, 99, 0, 16]]
[908, [2, 12, 10, 144, 0, 6]]
[909, [22, 28, 26, 30, 144, 6]]
[910, [8, 14, 12, 30, 114, 6]]
[911, [0, 10, 8, 45, 84, 16]]
[912, [0, 6, 4, 60, 54, 26]]
[913, [6, 12, 10, 90, 24, 46]]
[914, [8, 18, 16, 105, 0, 60]]
[915, [8, 14, 12, 105, 0, 40]]
[916, [4, 10, 8, 120, 0, 20]]
[917, [6, 16, 14, 135, 0, 10]]
[918, [16, 22, 20, 150, 0, 0]]
[919, [32, 38, 36, 51, 144, 0]]
[920, [14, 24, 22, 66, 114, 0]]
[921, [4, 10, 8, 66, 84, 0]]
[922, [0, 6, 4, 81, 54, 10]]
[923, [2, 12, 10, 81, 24, 30]]
[924, [2, 8, 6, 96, 0, 34]]
[925, [8, 14, 12, 111, 0, 24]]
[926, [0, 10, 8, 141, 0, 4]]
[927, [20, 26, 24, 141, 0, 4]]
[928, [36, 42, 40, 156, 0, 4]]
[929, [48, 58, 56, 42, 144, 4]]
[930, [38, 44, 42, 72, 114, 4]]
[931, [24, 30, 28, 72, 84, 4]]
[932, [6, 16, 14, 87, 54, 4]]
[933, [6, 12, 10, 102, 24, 14]]
[934, [2, 8, 6, 132, 0, 18]]
[935, [4, 14, 12, 147, 0, 8]]
[936, [24, 30, 28, 3, 144, 8]]
[937, [10, 16, 14, 18, 114, 8]]
[938, [2, 12, 10, 33, 84, 18]]
[939, [2, 8, 6, 63, 54, 28]]
[940, [8, 14, 12, 93, 24, 48]]
[941, [0, 10, 8, 108, 0, 52]]
[942, [0, 6, 4, 123, 0, 32]]
[943, [6, 12, 10, 123, 0, 22]]
[944, [8, 18, 16, 123, 0, 12]]
[945, [18, 24, 22, 153, 0, 2]]
[946, [34, 40, 38, 9, 144, 2]]
[947, [16, 26, 24, 24, 114, 2]]
[948, [6, 12, 10, 54, 84, 2]]
[949, [2, 8, 6, 84, 54, 12]]
[950, [4, 14, 12, 99, 24, 32]]
[951, [4, 10, 8, 114, 0, 36]]
[952, [0, 6, 4, 129, 0, 16]]
[953, [2, 12, 10, 144, 0, 6]]
[954, [22, 28, 26, 15, 144, 6]]
[955, [8, 14, 12, 45, 114, 6]]
[956, [0, 10, 8, 45, 84, 16]]
[957, [0, 6, 4, 60, 54, 26]]
[958, [6, 12, 10, 60, 24, 46]]
[959, [8, 18, 16, 105, 0, 60]]
[960, [8, 14, 12, 135, 0, 40]]
[961, [4, 10, 8, 150, 0, 20]]
[962, [6, 16, 14, 21, 144, 10]]
[963, [6, 12, 10, 21, 114, 20]]
[964, [2, 8, 6, 21, 84, 30]]
[965, [4, 14, 12, 51, 54, 50]]
[966, [4, 10, 8, 51, 24, 60]]
[967, [0, 6, 4, 66, 0, 64]]
[968, [2, 12, 10, 96, 0, 54]]
[969, [2, 8, 6, 126, 0, 34]]
[970, [8, 14, 12, 141, 0, 24]]
[971, [0, 10, 8, 156, 0, 4]]
[972, [20, 26, 24, 27, 144, 4]]
[973, [6, 12, 10, 42, 114, 4]]
[974, [8, 18, 16, 57, 84, 24]]
[975, [8, 14, 12, 72, 54, 34]]
[976, [4, 10, 8, 87, 24, 44]]
[977, [6, 16, 14, 102, 0, 58]]
[978, [6, 12, 10, 102, 0, 38]]
[979, [2, 8, 6, 132, 0, 18]]
[980, [4, 14, 12, 162, 0, 8]]
[981, [24, 30, 28, 48, 144, 8]]
[982, [10, 16, 14, 63, 114, 8]]
[983, [2, 12, 10, 63, 84, 18]]
[984, [2, 8, 6, 63, 54, 28]]
[985, [8, 14, 12, 78, 24, 48]]
[986, [0, 10, 8, 93, 0, 52]]
[987, [0, 6, 4, 108, 0, 32]]
[988, [6, 12, 10, 123, 0, 22]]
[989, [8, 18, 16, 153, 0, 12]]
[990, [18, 24, 22, 24, 144, 2]]
[991, [4, 10, 8, 39, 114, 2]]
[992, [6, 16, 14, 54, 84, 22]]
[993, [6, 12, 10, 69, 54, 32]]
[994, [2, 8, 6, 99, 24, 42]]
[995, [4, 14, 12, 99, 0, 56]]
[996, [4, 10, 8, 114, 0, 36]]
[997, [0, 6, 4, 129, 0, 16]]
[998, [2, 12, 10, 144, 0, 6]]
[999, [22, 28, 26, 15, 144, 6]]
[1000, [8, 14, 12, 45, 114, 6]]
[1001, [0, 10, 8, 75, 84, 16]]
[1002, [0, 6, 4, 105, 54, 26]]
[1003, [6, 12, 10, 105, 24, 46]]
[1004, [8, 18, 16, 105, 0, 60]]
[1005, [8, 14, 12, 120, 0, 40]]
[1006, [4, 10, 8, 120, 0, 20]]
[1007, [6, 16, 14, 150, 0, 10]]
[1008, [16, 22, 20, 21, 144, 0]]
[1009, [2, 8, 6, 51, 114, 0]]
[1010, [4, 14, 12, 66, 84, 20]]
[1011, [4, 10, 8, 81, 54, 30]]
[1012, [0, 6, 4, 96, 24, 40]]
[1013, [2, 12, 10, 111, 0, 54]]
[1014, [2, 8, 6, 141, 0, 34]]
[1015, [8, 14, 12, 141, 0, 24]]
[1016, [0, 10, 8, 156, 0, 4]]
[1017, [20, 26, 24, 27, 144, 4]]
[1018, [6, 12, 10, 27, 114, 4]]
[1019, [8, 18, 16, 57, 84, 24]]
[1020, [8, 14, 12, 72, 54, 34]]
[1021, [4, 10, 8, 102, 24, 44]]
[1022, [6, 16, 14, 132, 0, 58]]
[1023, [6, 12, 10, 147, 0, 38]]
[1024, [2, 8, 6, 3, 144, 18]]
[1025, [4, 14, 12, 18, 114, 38]]
[1026, [4, 10, 8, 18, 84, 48]]
[1027, [0, 6, 4, 33, 54, 58]]
[1028, [2, 12, 10, 63, 24, 78]]
[1029, [2, 8, 6, 93, 0, 82]]
[1030, [8, 14, 12, 93, 0, 72]]
[1031, [0, 10, 8, 123, 0, 52]]
[1032, [0, 6, 4, 138, 0, 32]]
[1033, [6, 12, 10, 138, 0, 22]]
[1034, [8, 18, 16, 153, 0, 12]]
[1035, [18, 24, 22, 39, 144, 2]]
[1036, [4, 10, 8, 39, 114, 2]]
[1037, [6, 16, 14, 54, 84, 22]]
[1038, [6, 12, 10, 69, 54, 32]]
[1039, [2, 8, 6, 84, 24, 42]]
[1040, [4, 14, 12, 99, 0, 56]]
[1041, [4, 10, 8, 114, 0, 36]]
[1042, [0, 6, 4, 159, 0, 16]]
[1043, [2, 12, 10, 15, 144, 6]]
[1044, [2, 8, 6, 30, 114, 16]]
[1045, [8, 14, 12, 60, 84, 36]]
[1046, [0, 10, 8, 60, 54, 46]]
[1047, [0, 6, 4, 60, 24, 56]]
[1048, [6, 12, 10, 90, 0, 70]]
[1049, [8, 18, 16, 105, 0, 60]]
[1050, [8, 14, 12, 135, 0, 40]]
[1051, [4, 10, 8, 135, 0, 20]]
[1052, [6, 16, 14, 165, 0, 10]]
[1053, [16, 22, 20, 21, 144, 0]]
[1054, [2, 8, 6, 51, 114, 0]]
[1055, [4, 14, 12, 51, 84, 20]]
[1056, [4, 10, 8, 66, 54, 30]]
[1057, [0, 6, 4, 81, 24, 40]]
[1058, [2, 12, 10, 111, 0, 54]]
[1059, [2, 8, 6, 126, 0, 34]]
[1060, [8, 14, 12, 126, 0, 24]]
[1061, [0, 10, 8, 141, 0, 4]]
[1062, [20, 26, 24, 156, 0, 4]]
[1063, [36, 42, 40, 42, 144, 4]]
[1064, [18, 28, 26, 57, 114, 4]]
[1065, [8, 14, 12, 57, 84, 4]]
[1066, [4, 10, 8, 87, 54, 14]]
[1067, [6, 16, 14, 102, 24, 34]]
[1068, [6, 12, 10, 102, 0, 38]]
[1069, [2, 8, 6, 132, 0, 18]]
[1070, [4, 14, 12, 147, 0, 8]]
[1071, [24, 30, 28, 18, 144, 8]]
[1072, [10, 16, 14, 33, 114, 8]]
[1073, [2, 12, 10, 63, 84, 18]]
[1074, [2, 8, 6, 63, 54, 28]]
[1075, [8, 14, 12, 93, 24, 48]]
[1076, [0, 10, 8, 93, 0, 52]]
[1077, [0, 6, 4, 108, 0, 32]]
[1078, [6, 12, 10, 123, 0, 22]]
[1079, [8, 18, 16, 153, 0, 12]]
[1080, [18, 24, 22, 24, 144, 2]]
[1081, [4, 10, 8, 24, 114, 2]]
[1082, [6, 16, 14, 39, 84, 22]]
[1083, [6, 12, 10, 54, 54, 32]]
[1084, [2, 8, 6, 84, 24, 42]]
[1085, [4, 14, 12, 99, 0, 56]]
[1086, [4, 10, 8, 114, 0, 36]]
[1087, [0, 6, 4, 129, 0, 16]]
[1088, [2, 12, 10, 144, 0, 6]]
[1089, [22, 28, 26, 15, 144, 6]]
[1090, [8, 14, 12, 45, 114, 6]]
[1091, [0, 10, 8, 45, 84, 16]]
[1092, [0, 6, 4, 60, 54, 26]]
[1093, [6, 12, 10, 90, 24, 46]]
[1094, [8, 18, 16, 105, 0, 60]]
[1095, [8, 14, 12, 120, 0, 40]]
[1096, [4, 10, 8, 135, 0, 20]]
[1097, [6, 16, 14, 135, 0, 10]]
[1098, [16, 22, 20, 150, 0, 0]]
[1099, [32, 38, 36, 51, 144, 0]]
[1100, [14, 24, 22, 66, 114, 0]]
[1101, [4, 10, 8, 66, 84, 0]]
[1102, [0, 6, 4, 81, 54, 10]]
[1103, [2, 12, 10, 96, 24, 30]]
[1104, [2, 8, 6, 126, 0, 34]]
[1105, [8, 14, 12, 141, 0, 24]]
[1106, [0, 10, 8, 156, 0, 4]]
[1107, [20, 26, 24, 12, 144, 4]]
[1108, [6, 12, 10, 27, 114, 4]]
[1109, [8, 18, 16, 42, 84, 24]]
[1110, [8, 14, 12, 57, 54, 34]]
[1111, [4, 10, 8, 87, 24, 44]]
[1112, [6, 16, 14, 87, 0, 58]]
[1113, [6, 12, 10, 102, 0, 38]]
[1114, [2, 8, 6, 132, 0, 18]]
[1115, [4, 14, 12, 147, 0, 8]]
[1116, [24, 30, 28, 18, 144, 8]]
[1117, [10, 16, 14, 33, 114, 8]]
[1118, [2, 12, 10, 33, 84, 18]]
[1119, [2, 8, 6, 63, 54, 28]]
[1120, [8, 14, 12, 93, 24, 48]]
[1121, [0, 10, 8, 108, 0, 52]]
[1122, [0, 6, 4, 123, 0, 32]]
[1123, [6, 12, 10, 123, 0, 22]]
[1124, [8, 18, 16, 138, 0, 12]]
[1125, [18, 24, 22, 153, 0, 2]]
[1126, [34, 40, 38, 39, 144, 2]]
[1127, [16, 26, 24, 54, 114, 2]]
[1128, [6, 12, 10, 54, 84, 2]]
[1129, [2, 8, 6, 69, 54, 12]]
[1130, [4, 14, 12, 99, 24, 32]]
[1131, [4, 10, 8, 114, 0, 36]]
[1132, [0, 6, 4, 129, 0, 16]]
[1133, [2, 12, 10, 129, 0, 6]]
[1134, [22, 28, 26, 159, 0, 6]]
[1135, [38, 44, 42, 15, 144, 6]]
[1136, [20, 30, 28, 45, 114, 6]]
[1137, [10, 16, 14, 60, 84, 6]]
[1138, [6, 12, 10, 60, 54, 16]]
[1139, [8, 18, 16, 90, 24, 36]]
[1140, [8, 14, 12, 105, 0, 40]]
[1141, [4, 10, 8, 120, 0, 20]]
[1142, [6, 16, 14, 150, 0, 10]]
[1143, [16, 22, 20, 21, 144, 0]]
[1144, [2, 8, 6, 36, 114, 0]]
[1145, [4, 14, 12, 51, 84, 20]]
[1146, [4, 10, 8, 66, 54, 30]]
[1147, [0, 6, 4, 81, 24, 40]]
[1148, [2, 12, 10, 96, 0, 54]]
[1149, [2, 8, 6, 96, 0, 34]]
[1150, [8, 14, 12, 126, 0, 24]]
[1151, [0, 10, 8, 156, 0, 4]]
[1152, [20, 26, 24, 27, 144, 4]]
[1153, [6, 12, 10, 27, 114, 4]]
[1154, [8, 18, 16, 57, 84, 24]]
[1155, [8, 14, 12, 57, 54, 34]]
[1156, [4, 10, 8, 87, 24, 44]]
[1157, [6, 16, 14, 102, 0, 58]]
[1158, [6, 12, 10, 102, 0, 38]]
[1159, [2, 8, 6, 132, 0, 18]]
[1160, [4, 14, 12, 147, 0, 8]]
[1161, [24, 30, 28, 18, 144, 8]]
[1162, [10, 16, 14, 48, 114, 8]]
[1163, [2, 12, 10, 63, 84, 18]]
[1164, [2, 8, 6, 78, 54, 28]]
[1165, [8, 14, 12, 93, 24, 48]]
[1166, [0, 10, 8, 108, 0, 52]]
[1167, [0, 6, 4, 123, 0, 32]]
[1168, [6, 12, 10, 138, 0, 22]]
[1169, [8, 18, 16, 138, 0, 12]]
[1170, [18, 24, 22, 153, 0, 2]]
[1171, [34, 40, 38, 24, 144, 2]]
[1172, [16, 26, 24, 54, 114, 2]]
[1173, [6, 12, 10, 69, 84, 2]]
[1174, [2, 8, 6, 69, 54, 12]]
[1175, [4, 14, 12, 99, 24, 32]]
[1176, [4, 10, 8, 99, 0, 36]]
[1177, [0, 6, 4, 129, 0, 16]]
[1178, [2, 12, 10, 144, 0, 6]]
[1179, [22, 28, 26, 15, 144, 6]]
[1180, [8, 14, 12, 30, 114, 6]]
[1181, [0, 10, 8, 45, 84, 16]]
[1182, [0, 6, 4, 75, 54, 26]]
[1183, [6, 12, 10, 90, 24, 46]]
[1184, [8, 18, 16, 105, 0, 60]]
[1185, [8, 14, 12, 120, 0, 40]]
[1186, [4, 10, 8, 150, 0, 20]]
[1187, [6, 16, 14, 6, 144, 10]]
[1188, [6, 12, 10, 21, 114, 20]]
[1189, [2, 8, 6, 36, 84, 30]]
[1190, [4, 14, 12, 51, 54, 50]]
[1191, [4, 10, 8, 66, 24, 60]]
[1192, [0, 6, 4, 96, 0, 64]]
[1193, [2, 12, 10, 111, 0, 54]]
[1194, [2, 8, 6, 111, 0, 34]]
[1195, [8, 14, 12, 141, 0, 24]]
[1196, [0, 10, 8, 141, 0, 4]]
[1197, [20, 26, 24, 156, 0, 4]]
[1198, [36, 42, 40, 27, 144, 4]]
[1199, [18, 28, 26, 57, 114, 4]]
[1200, [8, 14, 12, 57, 84, 4]]
[1201, [4, 10, 8, 72, 54, 14]]
[1202, [6, 16, 14, 102, 24, 34]]
[1203, [6, 12, 10, 117, 0, 38]]
[1204, [2, 8, 6, 132, 0, 18]]
[1205, [4, 14, 12, 147, 0, 8]]
[1206, [24, 30, 28, 33, 144, 8]]
[1207, [10, 16, 14, 48, 114, 8]]
[1208, [2, 12, 10, 48, 84, 18]]
[1209, [2, 8, 6, 63, 54, 28]]
[1210, [8, 14, 12, 93, 24, 48]]
[1211, [0, 10, 8, 93, 0, 52]]
[1212, [0, 6, 4, 123, 0, 32]]
[1213, [6, 12, 10, 138, 0, 22]]
[1214, [8, 18, 16, 153, 0, 12]]
[1215, [18, 24, 22, 24, 144, 2]]
[1216, [4, 10, 8, 24, 114, 2]]
[1217, [6, 16, 14, 54, 84, 22]]
[1218, [6, 12, 10, 54, 54, 32]]
[1219, [2, 8, 6, 84, 24, 42]]
[1220, [4, 14, 12, 99, 0, 56]]
[1221, [4, 10, 8, 99, 0, 36]]
[1222, [0, 6, 4, 144, 0, 16]]
[1223, [2, 12, 10, 0, 144, 6]]
[1224, [2, 8, 6, 15, 114, 16]]
[1225, [8, 14, 12, 30, 84, 36]]
[1226, [0, 10, 8, 75, 54, 46]]
[1227, [0, 6, 4, 90, 24, 56]]
[1228, [6, 12, 10, 90, 0, 70]]
[1229, [8, 18, 16, 90, 0, 60]]
[1230, [8, 14, 12, 120, 0, 40]]
[1231, [4, 10, 8, 135, 0, 20]]
[1232, [6, 16, 14, 150, 0, 10]]
[1233, [16, 22, 20, 21, 144, 0]]
[1234, [2, 8, 6, 51, 114, 0]]
[1235, [4, 14, 12, 66, 84, 20]]
[1236, [4, 10, 8, 66, 54, 30]]
[1237, [0, 6, 4, 96, 24, 40]]
[1238, [2, 12, 10, 96, 0, 54]]
[1239, [2, 8, 6, 126, 0, 34]]
[1240, [8, 14, 12, 141, 0, 24]]
[1241, [0, 10, 8, 141, 0, 4]]
[1242, [20, 26, 24, 156, 0, 4]]
[1243, [36, 42, 40, 42, 144, 4]]
[1244, [18, 28, 26, 42, 114, 4]]
[1245, [8, 14, 12, 57, 84, 4]]
[1246, [4, 10, 8, 72, 54, 14]]
[1247, [6, 16, 14, 117, 24, 34]]
[1248, [6, 12, 10, 132, 0, 38]]
[1249, [2, 8, 6, 132, 0, 18]]
[1250, [4, 14, 12, 132, 0, 8]]
[1251, [24, 30, 28, 162, 0, 8]]
[1252, [40, 46, 44, 33, 144, 8]]
[1253, [22, 32, 30, 48, 114, 8]]
[1254, [12, 18, 16, 63, 84, 8]]
[1255, [8, 14, 12, 78, 54, 18]]
[1256, [0, 10, 8, 108, 24, 28]]
[1257, [0, 6, 4, 108, 0, 32]]
[1258, [6, 12, 10, 138, 0, 22]]
[1259, [8, 18, 16, 153, 0, 12]]
[1260, [18, 24, 22, 9, 144, 2]]
[1261, [4, 10, 8, 24, 114, 2]]
[1262, [6, 16, 14, 39, 84, 22]]
[1263, [6, 12, 10, 54, 54, 32]]
[1264, [2, 8, 6, 84, 24, 42]]
[1265, [4, 14, 12, 84, 0, 56]]
[1266, [4, 10, 8, 99, 0, 36]]
[1267, [0, 6, 4, 114, 0, 16]]
[1268, [2, 12, 10, 159, 0, 6]]
[1269, [22, 28, 26, 30, 144, 6]]
[1270, [8, 14, 12, 30, 114, 6]]
[1271, [0, 10, 8, 30, 84, 16]]
[1272, [0, 6, 4, 45, 54, 26]]
[1273, [6, 12, 10, 60, 24, 46]]
[1274, [8, 18, 16, 90, 0, 60]]
[1275, [8, 14, 12, 90, 0, 40]]
[1276, [4, 10, 8, 120, 0, 20]]
[1277, [6, 16, 14, 135, 0, 10]]
[1278, [16, 22, 20, 150, 0, 0]]
[1279, [32, 38, 36, 51, 144, 0]]
[1280, [14, 24, 22, 51, 114, 0]]
[1281, [4, 10, 8, 51, 84, 0]]
[1282, [0, 6, 4, 81, 54, 10]]
[1283, [2, 12, 10, 96, 24, 30]]
[1284, [2, 8, 6, 111, 0, 34]]
[1285, [8, 14, 12, 126, 0, 24]]
[1286, [0, 10, 8, 141, 0, 4]]
[1287, [20, 26, 24, 141, 0, 4]]
[1288, [36, 42, 40, 156, 0, 4]]
[1289, [48, 58, 56, 57, 144, 4]]
[1290, [38, 44, 42, 72, 114, 4]]
[1291, [24, 30, 28, 72, 84, 4]]
[1292, [6, 16, 14, 72, 54, 4]]
[1293, [6, 12, 10, 87, 24, 14]]
[1294, [2, 8, 6, 102, 0, 18]]
[1295, [4, 14, 12, 132, 0, 8]]
[1296, [24, 30, 28, 132, 0, 8]]
[1297, [40, 46, 44, 162, 0, 8]]
[1298, [52, 62, 60, 33, 144, 8]]
[1299, [42, 48, 46, 48, 114, 8]]
[1300, [28, 34, 32, 93, 84, 8]]
[1301, [10, 20, 18, 93, 54, 8]]
[1302, [0, 6, 4, 93, 24, 8]]
[1303, [6, 12, 10, 123, 0, 22]]
[1304, [8, 18, 16, 138, 0, 12]]
[1305, [18, 24, 22, 153, 0, 2]]
[1306, [34, 40, 38, 9, 144, 2]]
[1307, [16, 26, 24, 9, 114, 2]]
[1308, [6, 12, 10, 54, 84, 2]]
[1309, [2, 8, 6, 54, 54, 12]]
[1310, [4, 14, 12, 84, 24, 32]]
[1311, [4, 10, 8, 114, 0, 36]]
[1312, [0, 6, 4, 114, 0, 16]]
[1313, [2, 12, 10, 129, 0, 6]]
[1314, [22, 28, 26, 129, 0, 6]]
[1315, [38, 44, 42, 144, 0, 6]]
[1316, [50, 60, 58, 30, 144, 6]]
[1317, [40, 46, 44, 30, 114, 6]]
[1318, [26, 32, 30, 75, 84, 6]]
[1319, [8, 18, 16, 90, 54, 6]]
[1320, [8, 14, 12, 105, 24, 16]]
[1321, [4, 10, 8, 135, 0, 20]]
[1322, [6, 16, 14, 135, 0, 10]]
[1323, [16, 22, 20, 150, 0, 0]]
[1324, [32, 38, 36, 21, 144, 0]]
[1325, [14, 24, 22, 51, 114, 0]]
[1326, [4, 10, 8, 51, 84, 0]]
[1327, [0, 6, 4, 51, 54, 10]]
[1328, [2, 12, 10, 96, 24, 30]]
[1329, [2, 8, 6, 96, 0, 34]]
[1330, [8, 14, 12, 126, 0, 24]]
[1331, [0, 10, 8, 156, 0, 4]]
[1332, [20, 26, 24, 12, 144, 4]]
[1333, [6, 12, 10, 27, 114, 4]]
[1334, [8, 18, 16, 27, 84, 24]]
[1335, [8, 14, 12, 42, 54, 34]]
[1336, [4, 10, 8, 57, 24, 44]]
[1337, [6, 16, 14, 72, 0, 58]]
[1338, [6, 12, 10, 117, 0, 38]]
[1339, [2, 8, 6, 132, 0, 18]]
[1340, [4, 14, 12, 147, 0, 8]]
[1341, [24, 30, 28, 18, 144, 8]]
[1342, [10, 16, 14, 33, 114, 8]]
[1343, [2, 12, 10, 48, 84, 18]]
[1344, [2, 8, 6, 63, 54, 28]]
[1345, [8, 14, 12, 93, 24, 48]]
[1346, [0, 10, 8, 93, 0, 52]]
[1347, [0, 6, 4, 93, 0, 32]]
[1348, [6, 12, 10, 138, 0, 22]]
[1349, [8, 18, 16, 138, 0, 12]]
[1350, [18, 24, 22, 153, 0, 2]]
[1351, [34, 40, 38, 24, 144, 2]]
[1352, [16, 26, 24, 54, 114, 2]]
[1353, [6, 12, 10, 69, 84, 2]]
[1354, [2, 8, 6, 69, 54, 12]]
[1355, [4, 14, 12, 84, 24, 32]]
[1356, [4, 10, 8, 84, 0, 36]]
[1357, [0, 6, 4, 99, 0, 16]]
[1358, [2, 12, 10, 129, 0, 6]]
[1359, [22, 28, 26, 159, 0, 6]]
[1360, [38, 44, 42, 45, 144, 6]]
[1361, [20, 30, 28, 45, 114, 6]]
[1362, [10, 16, 14, 45, 84, 6]]
[1363, [6, 12, 10, 75, 54, 16]]
[1364, [8, 18, 16, 90, 24, 36]]
[1365, [8, 14, 12, 105, 0, 40]]
[1366, [4, 10, 8, 120, 0, 20]]
[1367, [6, 16, 14, 135, 0, 10]]
[1368, [16, 22, 20, 150, 0, 0]]
[1369, [32, 38, 36, 6, 144, 0]]
[1370, [14, 24, 22, 51, 114, 0]]
[1371, [4, 10, 8, 51, 84, 0]]
[1372, [0, 6, 4, 81, 54, 10]]
[1373, [2, 12, 10, 111, 24, 30]]
[1374, [2, 8, 6, 111, 0, 34]]
[1375, [8, 14, 12, 126, 0, 24]]
[1376, [0, 10, 8, 126, 0, 4]]
[1377, [20, 26, 24, 126, 0, 4]]
[1378, [36, 42, 40, 156, 0, 4]]
[1379, [48, 58, 56, 42, 144, 4]]
[1380, [38, 44, 42, 72, 114, 4]]
[1381, [24, 30, 28, 87, 84, 4]]
[1382, [6, 16, 14, 87, 54, 4]]
[1383, [6, 12, 10, 117, 24, 14]]
[1384, [2, 8, 6, 117, 0, 18]]
[1385, [4, 14, 12, 147, 0, 8]]
[1386, [24, 30, 28, 18, 144, 8]]
[1387, [10, 16, 14, 18, 114, 8]]
[1388, [2, 12, 10, 48, 84, 18]]
[1389, [2, 8, 6, 48, 54, 28]]
[1390, [8, 14, 12, 78, 24, 48]]
[1391, [0, 10, 8, 93, 0, 52]]
[1392, [0, 6, 4, 123, 0, 32]]
[1393, [6, 12, 10, 138, 0, 22]]
[1394, [8, 18, 16, 153, 0, 12]]
[1395, [18, 24, 22, 24, 144, 2]]
[1396, [4, 10, 8, 24, 114, 2]]
[1397, [6, 16, 14, 24, 84, 22]]
[1398, [6, 12, 10, 54, 54, 32]]
[1399, [2, 8, 6, 84, 24, 42]]
[1400, [4, 14, 12, 99, 0, 56]]
[1401, [4, 10, 8, 129, 0, 36]]
[1402, [0, 6, 4, 129, 0, 16]]
[1403, [2, 12, 10, 159, 0, 6]]
[1404, [22, 28, 26, 15, 144, 6]]
[1405, [8, 14, 12, 30, 114, 6]]
[1406, [0, 10, 8, 30, 84, 16]]
[1407, [0, 6, 4, 60, 54, 26]]
[1408, [6, 12, 10, 75, 24, 46]]
[1409, [8, 18, 16, 90, 0, 60]]
[1410, [8, 14, 12, 105, 0, 40]]
[1411, [4, 10, 8, 120, 0, 20]]
[1412, [6, 16, 14, 150, 0, 10]]
[1413, [16, 22, 20, 36, 144, 0]]
[1414, [2, 8, 6, 36, 114, 0]]
[1415, [4, 14, 12, 66, 84, 20]]
[1416, [4, 10, 8, 66, 54, 30]]
[1417, [0, 6, 4, 66, 24, 40]]
[1418, [2, 12, 10, 81, 0, 54]]
[1419, [2, 8, 6, 126, 0, 34]]
[1420, [8, 14, 12, 141, 0, 24]]
[1421, [0, 10, 8, 141, 0, 4]]
[1422, [20, 26, 24, 156, 0, 4]]
[1423, [36, 42, 40, 57, 144, 4]]
[1424, [18, 28, 26, 57, 114, 4]]
[1425, [8, 14, 12, 72, 84, 4]]
[1426, [4, 10, 8, 72, 54, 14]]
[1427, [6, 16, 14, 87, 24, 34]]
[1428, [6, 12, 10, 117, 0, 38]]
[1429, [2, 8, 6, 117, 0, 18]]
[1430, [4, 14, 12, 147, 0, 8]]
[1431, [24, 30, 28, 18, 144, 8]]
[1432, [10, 16, 14, 33, 114, 8]]
[1433, [2, 12, 10, 78, 84, 18]]
[1434, [2, 8, 6, 78, 54, 28]]
[1435, [8, 14, 12, 93, 24, 48]]
[1436, [0, 10, 8, 108, 0, 52]]
[1437, [0, 6, 4, 108, 0, 32]]
[1438, [6, 12, 10, 123, 0, 22]]
[1439, [8, 18, 16, 153, 0, 12]]
