SimulationV09.py[0, [0, 16, 16, 0, 0, 0]]
[1, [0, 32, 32, 0, 0, 0]]
[2, [48, 48, 48, 0, 0, 0]]
[3, [48, 64, 64, 0, 0, 0]]
[4, [48, 80, 80, 0, 0, 0]]
[5, [96, 96, 96, 0, 0, 0]]
[6, [96, 112, 112, 0, 0, 0]]
[7, [96, 128, 128, 0, 0, 0]]
[8, [144, 144, 144, 0, 0, 0]]
[9, [144, 160, 160, 0, 0, 0]]
[10, [144, 176, 176, 0, 0, 0]]
[11, [192, 192, 192, 0, 0, 0]]
[12, [192, 208, 208, 0, 0, 0]]
[13, [192, 210, 210, 0, 0, 0]]
[14, [216, 210, 210, 0, 0, 0]]
[19, [216, 210, 210, 165, 0, 0]]
[20, [216, 210, 210, 171, 144, 0]]
[21, [184, 178, 178, 27, 111, 1]]
[22, [174, 160, 160, 27, 78, 0]]
[23, [142, 144, 144, 27, 189, 1]]
[24, [132, 126, 126, 27, 156, 0]]
[25, [124, 110, 110, 27, 123, 1]]
[26, [90, 92, 92, 27, 90, 0]]
[27, [82, 76, 76, 27, 57, 1]]
[28, [72, 58, 58, 27, 24, 0]]
[29, [48, 50, 50, 27, 0, 0]]
[30, [72, 66, 66, 27, 0, 0]]
[31, [96, 82, 82, 27, 0, 0]]
[32, [96, 98, 98, 27, 0, 0]]
[33, [120, 114, 114, 27, 0, 0]]
[34, [144, 130, 130, 27, 0, 0]]
[35, [144, 146, 146, 27, 0, 0]]
[36, [168, 162, 162, 27, 0, 0]]
[37, [192, 178, 178, 27, 0, 0]]
[38, [192, 194, 194, 27, 0, 0]]
[39, [216, 210, 210, 162, 0, 0]]
[40, [216, 210, 210, 48, 144, 0]]
[41, [184, 178, 178, 168, 111, 1]]
[42, [150, 160, 160, 54, 78, 0]]
[43, [142, 144, 144, 54, 189, 1]]
[44, [132, 126, 126, 54, 156, 0]]
[45, [100, 110, 110, 54, 123, 1]]
[46, [90, 92, 92, 69, 90, 0]]
[47, [82, 76, 76, 69, 57, 1]]
[48, [48, 58, 58, 69, 24, 0]]
[49, [48, 50, 50, 69, 0, 0]]
[50, [72, 66, 66, 69, 0, 0]]
[51, [72, 82, 82, 69, 0, 0]]
[52, [96, 98, 98, 69, 0, 0]]
[53, [120, 114, 114, 69, 0, 0]]
[54, [120, 130, 130, 69, 0, 0]]
[55, [144, 146, 146, 69, 0, 0]]
[56, [168, 162, 162, 69, 0, 0]]
[57, [168, 178, 178, 69, 0, 0]]
[58, [192, 194, 194, 69, 0, 0]]
[59, [216, 210, 210, 174, 0, 0]]
[60, [216, 210, 210, 60, 144, 0]]
[61, [184, 178, 178, 90, 111, 1]]
[62, [150, 160, 160, 165, 78, 0]]
[63, [118, 144, 144, 66, 189, 1]]
[64, [132, 126, 126, 96, 156, 0]]
[65, [100, 110, 110, 96, 123, 1]]
[66, [66, 92, 92, 111, 90, 0]]
[67, [82, 76, 76, 111, 57, 1]]
[68, [48, 58, 58, 111, 24, 0]]
[69, [24, 50, 50, 111, 0, 0]]
[70, [72, 66, 66, 111, 0, 0]]
[71, [72, 82, 82, 111, 0, 0]]
[72, [72, 98, 98, 111, 0, 0]]
[73, [120, 114, 114, 111, 0, 0]]
[74, [120, 130, 130, 111, 0, 0]]
[75, [120, 146, 146, 111, 0, 0]]
[76, [168, 162, 162, 111, 0, 0]]
[77, [168, 178, 178, 111, 0, 0]]
[78, [168, 194, 194, 111, 0, 0]]
[79, [216, 210, 210, 171, 0, 0]]
[80, [216, 210, 210, 72, 144, 0]]
[81, [184, 178, 178, 102, 111, 1]]
[82, [150, 160, 160, 132, 78, 0]]
[83, [118, 144, 144, 162, 45, 1]]
[84, [132, 126, 126, 63, 156, 0]]
[85, [100, 110, 110, 108, 123, 1]]
[86, [66, 92, 92, 138, 90, 0]]
[87, [82, 76, 76, 153, 57, 1]]
[88, [48, 58, 58, 9, 168, 0]]
[89, [16, 42, 42, 9, 135, 1]]
[90, [30, 24, 24, 9, 102, 0]]
[91, [0, 10, 10, 9, 69, 3]]
[92, [0, 26, 26, 9, 36, 36]]
[93, [6, 0, 0, 9, 3, 27]]
[94, [0, 10, 10, 9, 0, 24]]
[95, [0, 26, 26, 9, 0, 24]]
[96, [24, 18, 18, 9, 0, 0]]
[97, [24, 34, 34, 9, 0, 0]]
[98, [24, 50, 50, 9, 0, 0]]
[99, [72, 66, 66, 69, 0, 0]]
[100, [72, 82, 82, 114, 0, 0]]
[101, [72, 98, 98, 144, 0, 0]]
[102, [120, 114, 114, 30, 144, 0]]
[103, [88, 98, 98, 60, 111, 1]]
[104, [54, 80, 80, 105, 78, 0]]
[105, [70, 64, 64, 150, 45, 1]]
[106, [36, 46, 46, 36, 156, 0]]
[107, [4, 30, 30, 51, 123, 1]]
[108, [18, 12, 12, 51, 90, 0]]
[109, [0, 10, 10, 51, 57, 15]]
[110, [0, 26, 26, 51, 24, 48]]
[111, [6, 0, 0, 51, 0, 30]]
[112, [0, 10, 10, 51, 0, 24]]
[113, [0, 26, 26, 51, 0, 24]]
[114, [24, 18, 18, 51, 0, 0]]
[115, [24, 34, 34, 51, 0, 0]]
[116, [24, 50, 50, 51, 0, 0]]
[117, [72, 66, 66, 51, 0, 0]]
[118, [72, 82, 82, 51, 0, 0]]
[119, [72, 98, 98, 111, 0, 0]]
[120, [120, 114, 114, 156, 0, 0]]
[121, [120, 130, 130, 42, 144, 0]]
[122, [88, 114, 114, 72, 111, 1]]
[123, [102, 96, 96, 102, 78, 0]]
[124, [70, 80, 80, 147, 45, 1]]
[125, [46, 72, 72, 48, 156, 10]]
[126, [94, 88, 88, 78, 123, 43]]
[127, [92, 102, 102, 93, 90, 74]]
[128, [92, 118, 118, 93, 57, 107]]
[129, [132, 126, 126, 93, 24, 132]]
[130, [120, 130, 130, 93, 0, 144]]
[131, [104, 130, 130, 93, 0, 128]]
[132, [142, 136, 136, 93, 0, 118]]
[133, [140, 150, 150, 93, 0, 116]]
[134, [134, 160, 160, 93, 0, 110]]
[135, [180, 174, 174, 93, 0, 108]]
[136, [172, 182, 182, 93, 0, 100]]
[137, [170, 196, 196, 93, 0, 98]]
[138, [208, 204, 204, 93, 0, 92]]
[139, [202, 200, 200, 153, 0, 82]]
[140, [188, 196, 196, 54, 144, 68]]
[141, [192, 186, 186, 84, 111, 77]]
[142, [198, 192, 192, 114, 78, 100]]
[143, [182, 188, 188, 144, 45, 113]]
[144, [192, 186, 186, 45, 156, 128]]
[145, [184, 178, 178, 90, 123, 137]]
[146, [172, 178, 178, 120, 90, 154]]
[147, [150, 144, 144, 135, 57, 131]]
[148, [132, 126, 126, 135, 30, 130]]
[149, [110, 116, 116, 135, 0, 134]]
[150, [98, 92, 92, 135, 0, 94]]
[151, [80, 74, 74, 135, 0, 60]]
[152, [44, 50, 50, 135, 0, 20]]
[153, [54, 48, 48, 135, 0, 2]]
[154, [68, 62, 62, 135, 0, 0]]
[155, [72, 78, 78, 135, 0, 0]]
[156, [100, 94, 94, 135, 0, 0]]
[157, [116, 110, 110, 135, 0, 0]]
[158, [120, 126, 126, 135, 0, 0]]
[159, [148, 142, 142, 165, 0, 0]]
[160, [164, 158, 158, 51, 144, 0]]
[161, [136, 142, 142, 96, 111, 1]]
[162, [130, 124, 124, 126, 78, 0]]
[163, [114, 108, 108, 156, 45, 1]]
[164, [84, 90, 90, 42, 156, 0]]
[165, [80, 74, 74, 87, 123, 1]]
[166, [62, 56, 56, 132, 90, 0]]
[167, [34, 40, 40, 162, 57, 1]]
[168, [28, 22, 22, 33, 168, 0]]
[169, [12, 6, 6, 33, 135, 1]]
[170, [0, 6, 6, 33, 102, 18]]
[171, [6, 0, 0, 33, 69, 29]]
[172, [6, 0, 0, 33, 36, 46]]
[173, [0, 6, 6, 33, 3, 69]]
[174, [6, 0, 0, 33, 0, 50]]
[175, [6, 0, 0, 33, 0, 34]]
[176, [0, 6, 6, 33, 0, 24]]
[177, [6, 0, 0, 33, 0, 2]]
[178, [20, 14, 14, 33, 0, 0]]
[179, [24, 30, 30, 63, 0, 0]]
[180, [52, 46, 46, 93, 0, 0]]
[181, [68, 62, 62, 138, 0, 0]]
[182, [72, 78, 78, 168, 0, 0]]
[183, [100, 94, 94, 24, 144, 0]]
[184, [84, 78, 78, 54, 111, 1]]
[185, [54, 60, 60, 84, 78, 0]]
[186, [50, 44, 44, 129, 45, 1]]
[187, [32, 26, 26, 174, 12, 0]]
[188, [24, 30, 30, 45, 144, 0]]
[189, [20, 14, 14, 75, 111, 1]]
[190, [6, 0, 0, 75, 78, 4]]
[191, [0, 6, 6, 75, 45, 27]]
[192, [6, 0, 0, 75, 12, 38]]
[193, [6, 0, 0, 75, 0, 34]]
[194, [0, 6, 6, 75, 0, 24]]
[195, [6, 0, 0, 75, 0, 2]]
[196, [20, 14, 14, 75, 0, 0]]
[197, [24, 30, 30, 75, 0, 0]]
[198, [52, 46, 46, 75, 0, 0]]
[199, [68, 62, 62, 105, 0, 0]]
[200, [72, 78, 78, 135, 0, 0]]
[201, [100, 94, 94, 165, 0, 0]]
[202, [116, 110, 110, 36, 144, 0]]
[203, [88, 94, 94, 66, 111, 1]]
[204, [82, 76, 76, 66, 78, 0]]
[205, [66, 60, 60, 96, 45, 1]]
[206, [36, 42, 42, 126, 12, 0]]
[207, [52, 46, 46, 171, 0, 0]]
[208, [68, 62, 62, 27, 144, 0]]
[209, [40, 46, 46, 87, 111, 1]]
[210, [34, 28, 28, 87, 78, 0]]
[211, [18, 12, 12, 117, 45, 1]]
[212, [0, 6, 6, 117, 12, 12]]
[213, [6, 0, 0, 117, 0, 2]]
[214, [20, 14, 14, 117, 0, 0]]
[215, [24, 30, 30, 117, 0, 0]]
[216, [52, 46, 46, 117, 0, 0]]
[217, [68, 62, 62, 117, 0, 0]]
[218, [72, 78, 78, 117, 0, 0]]
[219, [100, 94, 94, 147, 0, 0]]
[220, [116, 110, 110, 33, 144, 0]]
[221, [88, 94, 94, 63, 111, 1]]
[222, [82, 76, 76, 78, 78, 0]]
[223, [66, 60, 60, 108, 45, 1]]
[224, [36, 42, 42, 108, 12, 0]]
[225, [52, 46, 46, 138, 0, 0]]
[226, [68, 62, 62, 168, 0, 0]]
[227, [72, 78, 78, 24, 144, 0]]
[228, [68, 62, 62, 69, 111, 1]]
[229, [50, 44, 44, 84, 78, 0]]
[230, [22, 28, 28, 129, 45, 1]]
[231, [16, 10, 10, 129, 12, 0]]
[232, [20, 14, 14, 159, 0, 0]]
[233, [24, 30, 30, 15, 144, 0]]
[234, [20, 14, 14, 15, 111, 1]]
[235, [6, 0, 0, 15, 78, 4]]
[236, [0, 6, 6, 15, 45, 27]]
[237, [6, 0, 0, 15, 12, 38]]
[238, [6, 0, 0, 15, 0, 34]]
[239, [0, 6, 6, 45, 0, 24]]
[240, [6, 0, 0, 75, 0, 2]]
[241, [20, 14, 14, 105, 0, 0]]
[242, [24, 30, 30, 120, 0, 0]]
[243, [52, 46, 46, 150, 0, 0]]
[244, [68, 62, 62, 6, 144, 0]]
[245, [40, 46, 46, 36, 111, 1]]
[246, [34, 28, 28, 66, 78, 0]]
[247, [18, 12, 12, 66, 45, 1]]
[248, [0, 6, 6, 111, 12, 12]]
[249, [6, 0, 0, 126, 0, 2]]
[250, [20, 14, 14, 171, 0, 0]]
[251, [24, 30, 30, 27, 144, 0]]
[252, [20, 14, 14, 27, 111, 1]]
[253, [6, 0, 0, 57, 78, 4]]
[254, [0, 6, 6, 57, 45, 27]]
[255, [6, 0, 0, 57, 12, 38]]
[256, [6, 0, 0, 57, 0, 34]]
[257, [0, 6, 6, 57, 0, 24]]
[258, [6, 0, 0, 57, 0, 2]]
[259, [20, 14, 14, 87, 0, 0]]
[260, [24, 30, 30, 117, 0, 0]]
[261, [52, 46, 46, 147, 0, 0]]
[262, [68, 62, 62, 18, 144, 0]]
[263, [40, 46, 46, 48, 111, 1]]
[264, [34, 28, 28, 48, 78, 0]]
[265, [18, 12, 12, 78, 45, 1]]
[266, [0, 6, 6, 108, 12, 12]]
[267, [6, 0, 0, 108, 0, 2]]
[268, [20, 14, 14, 153, 0, 0]]
[269, [24, 30, 30, 24, 144, 0]]
[270, [20, 14, 14, 69, 111, 1]]
[271, [6, 0, 0, 69, 78, 4]]
[272, [0, 6, 6, 69, 45, 27]]
[273, [6, 0, 0, 99, 12, 38]]
[274, [6, 0, 0, 99, 0, 34]]
[275, [0, 6, 6, 99, 0, 24]]
[276, [10, 4, 4, 99, 0, 6]]
[277, [20, 14, 14, 99, 0, 0]]
[278, [24, 30, 30, 99, 0, 0]]
[279, [52, 46, 46, 129, 0, 0]]
[280, [68, 62, 62, 159, 0, 0]]
[281, [72, 78, 78, 45, 144, 0]]
[282, [68, 62, 62, 60, 111, 1]]
[283, [50, 44, 44, 90, 78, 0]]
[284, [24, 30, 30, 90, 45, 3]]
[285, [46, 40, 40, 120, 12, 30]]
[286, [54, 48, 48, 150, 0, 34]]
[287, [54, 60, 60, 6, 144, 30]]
[288, [74, 68, 68, 51, 111, 55]]
[289, [66, 60, 60, 66, 78, 64]]
[290, [34, 40, 40, 111, 45, 61]]
[291, [24, 18, 18, 111, 12, 56]]
[292, [16, 10, 10, 111, 0, 44]]
[293, [2, 8, 8, 141, 0, 26]]
[294, [18, 12, 12, 141, 0, 14]]
[295, [20, 14, 14, 141, 0, 0]]
[296, [24, 30, 30, 141, 0, 0]]
[297, [52, 46, 46, 141, 0, 0]]
[298, [68, 62, 62, 141, 0, 0]]
[299, [72, 78, 78, 171, 0, 0]]
[300, [100, 94, 94, 27, 144, 0]]
[301, [84, 78, 78, 57, 111, 1]]
[302, [54, 60, 60, 87, 78, 0]]
[303, [50, 44, 44, 102, 45, 1]]
[304, [32, 26, 26, 132, 12, 0]]
[305, [24, 30, 30, 132, 0, 0]]
[306, [52, 46, 46, 162, 0, 0]]
[307, [68, 62, 62, 18, 144, 0]]
[308, [40, 46, 46, 48, 111, 1]]
[309, [34, 28, 28, 48, 78, 0]]
[310, [18, 12, 12, 108, 45, 1]]
[311, [0, 6, 6, 108, 12, 12]]
[312, [6, 0, 0, 153, 0, 2]]
[313, [20, 14, 14, 9, 144, 0]]
[314, [0, 6, 6, 9, 111, 9]]
[315, [6, 0, 0, 39, 78, 20]]
[316, [6, 0, 0, 39, 45, 37]]
[317, [0, 6, 6, 39, 12, 60]]
[318, [6, 0, 0, 39, 0, 50]]
[319, [6, 0, 0, 69, 0, 34]]
[320, [0, 6, 6, 69, 0, 24]]
[321, [6, 0, 0, 99, 0, 2]]
[322, [20, 14, 14, 129, 0, 0]]
[323, [24, 30, 30, 144, 0, 0]]
[324, [52, 46, 46, 30, 144, 0]]
[325, [36, 30, 30, 30, 111, 1]]
[326, [6, 12, 12, 60, 78, 0]]
[327, [6, 0, 0, 60, 45, 5]]
[328, [6, 0, 0, 90, 12, 22]]
[329, [0, 6, 6, 90, 0, 24]]
[330, [6, 0, 0, 150, 0, 2]]
[331, [20, 14, 14, 6, 144, 0]]
[332, [0, 6, 6, 51, 111, 9]]
[333, [6, 0, 0, 51, 78, 20]]
[334, [6, 0, 0, 51, 45, 37]]
[335, [0, 6, 6, 81, 12, 60]]
[336, [6, 0, 0, 81, 0, 50]]
[337, [6, 0, 0, 81, 0, 34]]
[338, [0, 6, 6, 81, 0, 24]]
[339, [6, 0, 0, 111, 0, 2]]
[340, [20, 14, 14, 111, 0, 0]]
[341, [24, 30, 30, 141, 0, 0]]
[342, [52, 46, 46, 171, 0, 0]]
[343, [68, 62, 62, 27, 144, 0]]
[344, [40, 46, 46, 42, 111, 1]]
[345, [34, 28, 28, 72, 78, 0]]
[346, [18, 12, 12, 72, 45, 1]]
[347, [0, 6, 6, 102, 12, 12]]
[348, [6, 0, 0, 102, 0, 2]]
[349, [20, 14, 14, 132, 0, 0]]
[350, [24, 30, 30, 132, 0, 0]]
[351, [52, 46, 46, 162, 0, 0]]
[352, [68, 62, 62, 48, 144, 0]]
[353, [40, 46, 46, 48, 111, 1]]
[354, [34, 28, 28, 93, 78, 0]]
[355, [18, 12, 12, 93, 45, 1]]
[356, [0, 6, 6, 93, 12, 12]]
[357, [6, 0, 0, 123, 0, 2]]
[358, [20, 14, 14, 123, 0, 0]]
[359, [24, 30, 30, 153, 0, 0]]
[360, [52, 46, 46, 9, 144, 0]]
[361, [36, 30, 30, 39, 111, 1]]
[362, [6, 12, 12, 69, 78, 0]]
[363, [6, 0, 0, 69, 45, 5]]
[364, [6, 0, 0, 84, 12, 22]]
[365, [0, 6, 6, 114, 0, 24]]
[366, [6, 0, 0, 114, 0, 2]]
[367, [20, 14, 14, 144, 0, 0]]
[368, [24, 30, 30, 0, 144, 0]]
[369, [20, 14, 14, 30, 111, 1]]
[370, [6, 0, 0, 30, 78, 4]]
[371, [0, 6, 6, 60, 45, 27]]
[372, [6, 0, 0, 90, 12, 38]]
[373, [6, 0, 0, 90, 0, 34]]
[374, [0, 6, 6, 135, 0, 24]]
[375, [6, 0, 0, 135, 0, 2]]
[376, [20, 14, 14, 135, 0, 0]]
[377, [24, 30, 30, 165, 0, 0]]
[378, [52, 46, 46, 21, 144, 0]]
[379, [36, 30, 30, 51, 111, 1]]
[380, [6, 12, 12, 51, 78, 0]]
[381, [6, 0, 0, 81, 45, 5]]
[382, [6, 0, 0, 111, 12, 22]]
[383, [0, 6, 6, 111, 0, 24]]
[384, [6, 0, 0, 126, 0, 2]]
[385, [20, 14, 14, 156, 0, 0]]
[386, [24, 30, 30, 12, 144, 0]]
[387, [20, 14, 14, 42, 111, 1]]
[388, [6, 0, 0, 42, 78, 4]]
[389, [0, 6, 6, 72, 45, 27]]
[390, [6, 0, 0, 72, 12, 38]]
[391, [6, 0, 0, 102, 0, 34]]
[392, [0, 6, 6, 132, 0, 24]]
[393, [6, 0, 0, 132, 0, 2]]
[394, [20, 14, 14, 162, 0, 0]]
[395, [24, 30, 30, 33, 144, 0]]
[396, [20, 14, 14, 33, 111, 1]]
[397, [6, 0, 0, 33, 78, 4]]
[398, [0, 6, 6, 63, 45, 27]]
[399, [6, 0, 0, 93, 12, 38]]
[400, [6, 0, 0, 93, 0, 34]]
[401, [0, 6, 6, 123, 0, 24]]
[402, [6, 0, 0, 153, 0, 2]]
[403, [20, 14, 14, 9, 144, 0]]
[404, [0, 6, 6, 24, 111, 9]]
[405, [6, 0, 0, 54, 78, 20]]
[406, [6, 0, 0, 54, 45, 37]]
[407, [0, 6, 6, 84, 12, 60]]
[408, [6, 0, 0, 84, 0, 50]]
[409, [6, 0, 0, 114, 0, 34]]
[410, [0, 6, 6, 114, 0, 24]]
[411, [6, 0, 0, 144, 0, 2]]
[412, [20, 14, 14, 30, 144, 0]]
[413, [0, 6, 6, 30, 111, 9]]
[414, [6, 0, 0, 60, 78, 20]]
[415, [6, 0, 0, 75, 45, 37]]
[416, [0, 6, 6, 75, 12, 60]]
[417, [6, 0, 0, 75, 0, 50]]
[418, [6, 0, 0, 105, 0, 34]]
[419, [0, 6, 6, 135, 0, 24]]
[420, [6, 0, 0, 135, 0, 2]]
[421, [20, 14, 14, 165, 0, 0]]
[422, [24, 30, 30, 21, 144, 0]]
[423, [20, 14, 14, 51, 111, 1]]
[424, [6, 0, 0, 51, 78, 4]]
[425, [0, 6, 6, 66, 45, 27]]
[426, [6, 0, 0, 96, 12, 38]]
[427, [6, 0, 0, 96, 0, 34]]
[428, [0, 6, 6, 126, 0, 24]]
[429, [6, 0, 0, 126, 0, 2]]
[430, [20, 14, 14, 156, 0, 0]]
[431, [24, 30, 30, 12, 144, 0]]
[432, [20, 14, 14, 42, 111, 1]]
[433, [6, 0, 0, 72, 78, 4]]
[434, [0, 6, 6, 72, 45, 27]]
[435, [6, 0, 0, 102, 12, 38]]
[436, [6, 0, 0, 117, 0, 34]]
[437, [0, 6, 6, 117, 0, 24]]
[438, [6, 0, 0, 117, 0, 2]]
[439, [20, 14, 14, 162, 0, 0]]
[440, [24, 30, 30, 33, 144, 0]]
[441, [20, 14, 14, 63, 111, 1]]
[442, [6, 0, 0, 63, 78, 4]]
[443, [0, 6, 6, 93, 45, 27]]
[444, [6, 0, 0, 93, 12, 38]]
[445, [6, 0, 0, 108, 0, 34]]
[446, [0, 6, 6, 138, 0, 24]]
[447, [6, 0, 0, 138, 0, 2]]
[448, [20, 14, 14, 168, 0, 0]]
[449, [24, 30, 30, 24, 144, 0]]
[450, [20, 14, 14, 24, 111, 1]]
[451, [6, 0, 0, 54, 78, 4]]
[452, [0, 6, 6, 69, 45, 27]]
[453, [6, 0, 0, 84, 12, 38]]
[454, [6, 0, 0, 114, 0, 34]]
[455, [0, 6, 6, 114, 0, 24]]
[456, [6, 0, 0, 144, 0, 2]]
[457, [20, 14, 14, 15, 144, 0]]
[458, [0, 6, 6, 15, 111, 9]]
[459, [6, 0, 0, 45, 78, 20]]
[460, [6, 0, 0, 60, 45, 37]]
[461, [0, 6, 6, 105, 12, 60]]
[462, [6, 0, 0, 105, 0, 50]]
[463, [6, 0, 0, 135, 0, 34]]
[464, [0, 6, 6, 135, 0, 24]]
[465, [6, 0, 0, 150, 0, 2]]
[466, [20, 14, 14, 36, 144, 0]]
[467, [0, 6, 6, 36, 111, 9]]
[468, [6, 0, 0, 66, 78, 20]]
[469, [6, 0, 0, 66, 45, 37]]
[470, [0, 6, 6, 66, 12, 60]]
[471, [6, 0, 0, 96, 0, 50]]
[472, [6, 0, 0, 111, 0, 34]]
[473, [0, 6, 6, 126, 0, 24]]
[474, [6, 0, 0, 156, 0, 2]]
[475, [20, 14, 14, 12, 144, 0]]
[476, [0, 6, 6, 42, 111, 9]]
[477, [6, 0, 0, 57, 78, 20]]
[478, [6, 0, 0, 57, 45, 37]]
[479, [0, 6, 6, 87, 12, 60]]
[480, [6, 0, 0, 102, 0, 50]]
[481, [6, 0, 0, 147, 0, 34]]
[482, [0, 6, 6, 3, 144, 24]]
[483, [6, 0, 0, 33, 111, 35]]
[484, [6, 0, 0, 33, 78, 52]]
[485, [0, 6, 6, 48, 45, 75]]
[486, [6, 0, 0, 78, 12, 86]]
[487, [6, 0, 0, 78, 0, 82]]
[488, [0, 6, 6, 108, 0, 72]]
[489, [6, 0, 0, 108, 0, 50]]
[490, [6, 0, 0, 108, 0, 34]]
[491, [0, 6, 6, 138, 0, 24]]
[492, [6, 0, 0, 153, 0, 2]]
[493, [20, 14, 14, 24, 144, 0]]
[494, [0, 6, 6, 54, 111, 9]]
[495, [6, 0, 0, 54, 78, 20]]
[496, [6, 0, 0, 84, 45, 37]]
[497, [0, 6, 6, 99, 12, 60]]
[498, [6, 0, 0, 99, 0, 50]]
[499, [6, 0, 0, 129, 0, 34]]
[500, [0, 6, 6, 144, 0, 24]]
[501, [6, 0, 0, 45, 144, 2]]
[502, [6, 0, 0, 45, 111, 19]]
[503, [0, 6, 6, 75, 78, 42]]
[504, [6, 0, 0, 75, 45, 53]]
[505, [6, 0, 0, 90, 12, 70]]
[506, [0, 6, 6, 120, 0, 72]]
[507, [6, 0, 0, 120, 0, 50]]
[508, [6, 0, 0, 150, 0, 34]]
[509, [0, 6, 6, 6, 144, 24]]
[510, [6, 0, 0, 6, 111, 35]]
[511, [6, 0, 0, 36, 78, 52]]
[512, [0, 6, 6, 51, 45, 75]]
[513, [6, 0, 0, 66, 12, 86]]
[514, [6, 0, 0, 96, 0, 82]]
[515, [0, 6, 6, 96, 0, 72]]
[516, [6, 0, 0, 126, 0, 50]]
[517, [6, 0, 0, 141, 0, 34]]
[518, [0, 6, 6, 141, 0, 24]]
[519, [6, 0, 0, 171, 0, 2]]
[520, [20, 14, 14, 27, 144, 0]]
[521, [0, 6, 6, 42, 111, 9]]
[522, [6, 0, 0, 87, 78, 20]]
[523, [6, 0, 0, 87, 45, 37]]
[524, [0, 6, 6, 117, 12, 60]]
[525, [6, 0, 0, 117, 0, 50]]
[526, [6, 0, 0, 132, 0, 34]]
[527, [0, 6, 6, 162, 0, 24]]
[528, [6, 0, 0, 18, 144, 2]]
[529, [6, 0, 0, 18, 111, 19]]
[530, [0, 6, 6, 48, 78, 42]]
[531, [6, 0, 0, 48, 45, 53]]
[532, [6, 0, 0, 48, 12, 70]]
[533, [0, 6, 6, 93, 0, 72]]
[534, [6, 0, 0, 93, 0, 50]]
[535, [6, 0, 0, 108, 0, 34]]
[536, [0, 6, 6, 138, 0, 24]]
[537, [6, 0, 0, 138, 0, 2]]
[538, [20, 14, 14, 168, 0, 0]]
[539, [24, 30, 30, 54, 144, 0]]
[540, [20, 14, 14, 69, 111, 1]]
[541, [6, 0, 0, 69, 78, 4]]
[542, [0, 6, 6, 99, 45, 27]]
[543, [6, 0, 0, 114, 12, 38]]
[544, [6, 0, 0, 159, 0, 34]]
[545, [0, 6, 6, 15, 144, 24]]
[546, [6, 0, 0, 30, 111, 35]]
[547, [6, 0, 0, 60, 78, 52]]
[548, [0, 6, 6, 60, 45, 75]]
[549, [6, 0, 0, 60, 12, 86]]
[550, [6, 0, 0, 90, 0, 82]]
[551, [0, 6, 6, 90, 0, 72]]
[552, [6, 0, 0, 90, 0, 50]]
[553, [6, 0, 0, 135, 0, 34]]
[554, [0, 6, 6, 135, 0, 24]]
[555, [6, 0, 0, 150, 0, 2]]
[556, [20, 14, 14, 36, 144, 0]]
[557, [0, 6, 6, 36, 111, 9]]
[558, [6, 0, 0, 66, 78, 20]]
[559, [6, 0, 0, 96, 45, 37]]
[560, [0, 6, 6, 111, 12, 60]]
[561, [6, 0, 0, 111, 0, 50]]
[562, [6, 0, 0, 141, 0, 34]]
[563, [0, 6, 6, 156, 0, 24]]
[564, [6, 0, 0, 57, 144, 2]]
[565, [6, 0, 0, 57, 111, 19]]
[566, [0, 6, 6, 72, 78, 42]]
[567, [6, 0, 0, 102, 45, 53]]
[568, [6, 0, 0, 102, 12, 70]]
[569, [0, 6, 6, 102, 0, 72]]
[570, [6, 0, 0, 132, 0, 50]]
[571, [6, 0, 0, 132, 0, 34]]
[572, [0, 6, 6, 132, 0, 24]]
[573, [6, 0, 0, 162, 0, 2]]
[574, [20, 14, 14, 33, 144, 0]]
[575, [0, 6, 6, 33, 111, 9]]
[576, [6, 0, 0, 48, 78, 20]]
[577, [6, 0, 0, 78, 45, 37]]
[578, [0, 6, 6, 78, 12, 60]]
[579, [6, 0, 0, 138, 0, 50]]
[580, [6, 0, 0, 138, 0, 34]]
[581, [0, 6, 6, 153, 0, 24]]
[582, [6, 0, 0, 39, 144, 2]]
[583, [6, 0, 0, 39, 111, 19]]
[584, [0, 6, 6, 84, 78, 42]]
[585, [6, 0, 0, 99, 45, 53]]
[586, [6, 0, 0, 114, 12, 70]]
[587, [0, 6, 6, 144, 0, 72]]
[588, [6, 0, 0, 0, 144, 50]]
[589, [6, 0, 0, 0, 111, 67]]
[590, [0, 6, 6, 30, 78, 90]]
[591, [6, 0, 0, 30, 45, 101]]
[592, [6, 0, 0, 30, 12, 118]]
[593, [0, 6, 6, 60, 0, 120]]
[594, [6, 0, 0, 75, 0, 98]]
[595, [6, 0, 0, 75, 0, 82]]
[596, [0, 6, 6, 90, 0, 72]]
[597, [6, 0, 0, 120, 0, 50]]
[598, [6, 0, 0, 120, 0, 34]]
[599, [0, 6, 6, 165, 0, 24]]
[600, [6, 0, 0, 36, 144, 2]]
[601, [6, 0, 0, 36, 111, 19]]
[602, [0, 6, 6, 81, 78, 42]]
[603, [6, 0, 0, 81, 45, 53]]
[604, [6, 0, 0, 111, 12, 70]]
[605, [0, 6, 6, 126, 0, 72]]
[606, [6, 0, 0, 156, 0, 50]]
[607, [6, 0, 0, 42, 144, 34]]
[608, [0, 6, 6, 42, 111, 57]]
[609, [6, 0, 0, 42, 78, 68]]
[610, [6, 0, 0, 72, 45, 85]]
[611, [0, 6, 6, 72, 12, 108]]
[612, [6, 0, 0, 72, 0, 98]]
[613, [6, 0, 0, 102, 0, 82]]
[614, [0, 6, 6, 117, 0, 72]]
[615, [6, 0, 0, 117, 0, 50]]
[616, [6, 0, 0, 132, 0, 34]]
[617, [0, 6, 6, 162, 0, 24]]
[618, [6, 0, 0, 18, 144, 2]]
[619, [6, 0, 0, 48, 111, 19]]
[620, [0, 6, 6, 63, 78, 42]]
[621, [6, 0, 0, 78, 45, 53]]
[622, [6, 0, 0, 108, 12, 70]]
[623, [0, 6, 6, 123, 0, 72]]
[624, [6, 0, 0, 153, 0, 50]]
[625, [6, 0, 0, 9, 144, 34]]
[626, [0, 6, 6, 39, 111, 57]]
[627, [6, 0, 0, 84, 78, 68]]
[628, [6, 0, 0, 84, 45, 85]]
[629, [0, 6, 6, 84, 12, 108]]
[630, [6, 0, 0, 114, 0, 98]]
[631, [6, 0, 0, 114, 0, 82]]
[632, [0, 6, 6, 114, 0, 72]]
[633, [6, 0, 0, 144, 0, 50]]
[634, [6, 0, 0, 15, 144, 34]]
[635, [0, 6, 6, 15, 111, 57]]
[636, [6, 0, 0, 30, 78, 68]]
[637, [6, 0, 0, 60, 45, 85]]
[638, [0, 6, 6, 60, 12, 108]]
[639, [6, 0, 0, 90, 0, 98]]
[640, [6, 0, 0, 105, 0, 82]]
[641, [0, 6, 6, 120, 0, 72]]
[642, [6, 0, 0, 150, 0, 50]]
[643, [6, 0, 0, 21, 144, 34]]
[644, [0, 6, 6, 51, 111, 57]]
[645, [6, 0, 0, 51, 78, 68]]
[646, [6, 0, 0, 81, 45, 85]]
[647, [0, 6, 6, 126, 12, 108]]
[648, [6, 0, 0, 126, 0, 98]]
[649, [6, 0, 0, 126, 0, 82]]
[650, [0, 6, 6, 156, 0, 72]]
[651, [6, 0, 0, 12, 144, 50]]
[652, [6, 0, 0, 12, 111, 67]]
[653, [0, 6, 6, 42, 78, 90]]
[654, [6, 0, 0, 57, 45, 101]]
[655, [6, 0, 0, 57, 12, 118]]
[656, [0, 6, 6, 72, 0, 120]]
[657, [6, 0, 0, 102, 0, 98]]
[658, [6, 0, 0, 102, 0, 82]]
[659, [0, 6, 6, 132, 0, 72]]
[660, [6, 0, 0, 147, 0, 50]]
[661, [6, 0, 0, 18, 144, 34]]
[662, [0, 6, 6, 48, 111, 57]]
[663, [6, 0, 0, 63, 78, 68]]
[664, [6, 0, 0, 93, 45, 85]]
[665, [0, 6, 6, 93, 12, 108]]
[666, [6, 0, 0, 123, 0, 98]]
[667, [6, 0, 0, 168, 0, 82]]
[668, [0, 6, 6, 24, 144, 72]]
[669, [6, 0, 0, 24, 111, 83]]
[670, [6, 0, 0, 54, 78, 100]]
[671, [0, 6, 6, 54, 45, 123]]
[672, [6, 0, 0, 54, 12, 134]]
[673, [6, 0, 0, 84, 0, 130]]
[674, [0, 6, 6, 99, 0, 120]]
[675, [6, 0, 0, 99, 0, 98]]
[676, [6, 0, 0, 114, 0, 82]]
[677, [0, 6, 6, 144, 0, 72]]
[678, [6, 0, 0, 0, 144, 50]]
[679, [6, 0, 0, 30, 111, 67]]
[680, [0, 6, 6, 45, 78, 90]]
[681, [6, 0, 0, 60, 45, 101]]
[682, [6, 0, 0, 90, 12, 118]]
[683, [0, 6, 6, 105, 0, 120]]
[684, [6, 0, 0, 135, 0, 98]]
[685, [6, 0, 0, 135, 0, 82]]
[686, [0, 6, 6, 165, 0, 72]]
[687, [6, 0, 0, 51, 144, 50]]
[688, [6, 0, 0, 66, 111, 67]]
[689, [0, 6, 6, 66, 78, 90]]
[690, [6, 0, 0, 96, 45, 101]]
[691, [6, 0, 0, 96, 12, 118]]
[692, [0, 6, 6, 96, 0, 120]]
[693, [6, 0, 0, 126, 0, 98]]
[694, [6, 0, 0, 141, 0, 82]]
[695, [0, 6, 6, 141, 0, 72]]
[696, [6, 0, 0, 156, 0, 50]]
[697, [6, 0, 0, 42, 144, 34]]
[698, [0, 6, 6, 42, 111, 57]]
[699, [6, 0, 0, 72, 78, 68]]
[700, [6, 0, 0, 87, 45, 85]]
[701, [0, 6, 6, 102, 12, 108]]
[702, [6, 0, 0, 132, 0, 98]]
[703, [6, 0, 0, 147, 0, 82]]
[704, [0, 6, 6, 33, 144, 72]]
[705, [6, 0, 0, 33, 111, 83]]
[706, [6, 0, 0, 63, 78, 100]]
[707, [0, 6, 6, 93, 45, 123]]
[708, [6, 0, 0, 108, 12, 134]]
[709, [6, 0, 0, 108, 0, 130]]
[710, [0, 6, 6, 138, 0, 120]]
[711, [6, 0, 0, 138, 0, 98]]
[712, [6, 0, 0, 138, 0, 82]]
[713, [0, 6, 6, 168, 0, 72]]
[714, [6, 0, 0, 24, 144, 50]]
[715, [6, 0, 0, 39, 111, 67]]
[716, [0, 6, 6, 39, 78, 90]]
[717, [6, 0, 0, 54, 45, 101]]
[718, [6, 0, 0, 84, 12, 118]]
[719, [0, 6, 6, 114, 0, 120]]
[720, [6, 0, 0, 114, 0, 98]]
[721, [6, 0, 0, 129, 0, 82]]
[722, [0, 6, 6, 174, 0, 72]]
[723, [6, 0, 0, 30, 144, 50]]
[724, [6, 0, 0, 60, 111, 67]]
[725, [0, 6, 6, 75, 78, 90]]
[726, [6, 0, 0, 90, 45, 101]]
[727, [6, 0, 0, 120, 12, 118]]
[728, [0, 6, 6, 135, 0, 120]]
[729, [6, 0, 0, 135, 0, 98]]
[730, [6, 0, 0, 165, 0, 82]]
[731, [0, 6, 6, 36, 144, 72]]
[732, [6, 0, 0, 36, 111, 83]]
[733, [6, 0, 0, 51, 78, 100]]
[734, [0, 6, 6, 66, 45, 123]]
[735, [6, 0, 0, 66, 12, 134]]
[736, [6, 0, 0, 81, 0, 130]]
[737, [0, 6, 6, 81, 0, 120]]
[738, [6, 0, 0, 96, 0, 98]]
[739, [6, 0, 0, 156, 0, 82]]
[740, [0, 6, 6, 12, 144, 72]]
[741, [6, 0, 0, 12, 111, 83]]
[742, [6, 0, 0, 57, 78, 100]]
[743, [0, 6, 6, 72, 45, 123]]
[744, [6, 0, 0, 102, 12, 134]]
[745, [6, 0, 0, 102, 0, 130]]
[746, [0, 6, 6, 132, 0, 120]]
[747, [6, 0, 0, 162, 0, 98]]
[748, [6, 0, 0, 18, 144, 82]]
[749, [0, 6, 6, 18, 111, 105]]
[750, [6, 0, 0, 33, 78, 116]]
[751, [6, 0, 0, 63, 45, 133]]
[752, [0, 6, 6, 78, 12, 156]]
[753, [6, 0, 0, 93, 0, 146]]
[754, [6, 0, 0, 93, 0, 130]]
[755, [0, 6, 6, 108, 0, 120]]
[756, [6, 0, 0, 108, 0, 98]]
[757, [6, 0, 0, 123, 0, 82]]
[758, [0, 6, 6, 123, 0, 72]]
[759, [6, 0, 0, 168, 0, 50]]
[760, [6, 0, 0, 24, 144, 34]]
[761, [0, 6, 6, 54, 111, 57]]
[762, [6, 0, 0, 84, 78, 68]]
[763, [6, 0, 0, 84, 45, 85]]
[764, [0, 6, 6, 129, 12, 108]]
[765, [6, 0, 0, 144, 0, 98]]
[766, [6, 0, 0, 15, 144, 82]]
[767, [0, 6, 6, 45, 111, 105]]
[768, [6, 0, 0, 60, 78, 116]]
[769, [6, 0, 0, 60, 45, 133]]
[770, [0, 6, 6, 60, 12, 156]]
[771, [6, 0, 0, 105, 0, 146]]
[772, [6, 0, 0, 105, 0, 130]]
[773, [0, 6, 6, 135, 0, 120]]
[774, [6, 0, 0, 135, 0, 98]]
[775, [6, 0, 0, 150, 0, 82]]
[776, [0, 6, 6, 6, 144, 72]]
[777, [6, 0, 0, 21, 111, 83]]
[778, [6, 0, 0, 21, 78, 100]]
[779, [0, 6, 6, 66, 45, 123]]
[780, [6, 0, 0, 66, 12, 134]]
[781, [6, 0, 0, 96, 0, 130]]
[782, [0, 6, 6, 126, 0, 120]]
[783, [6, 0, 0, 126, 0, 98]]
[784, [6, 0, 0, 171, 0, 82]]
[785, [0, 6, 6, 27, 144, 72]]
[786, [6, 0, 0, 57, 111, 83]]
[787, [6, 0, 0, 87, 78, 100]]
[788, [0, 6, 6, 87, 45, 123]]
[789, [6, 0, 0, 102, 12, 134]]
[790, [6, 0, 0, 102, 0, 130]]
[791, [0, 6, 6, 132, 0, 120]]
[792, [6, 0, 0, 147, 0, 98]]
[793, [6, 0, 0, 18, 144, 82]]
[794, [0, 6, 6, 33, 111, 105]]
[795, [6, 0, 0, 48, 78, 116]]
[796, [6, 0, 0, 48, 45, 133]]
[797, [0, 6, 6, 63, 12, 156]]
[798, [6, 0, 0, 63, 0, 146]]
[799, [6, 0, 0, 108, 0, 130]]
[800, [0, 6, 6, 108, 0, 120]]
[801, [6, 0, 0, 138, 0, 98]]
[802, [6, 0, 0, 168, 0, 82]]
[803, [0, 6, 6, 24, 144, 72]]
[804, [6, 0, 0, 24, 111, 83]]
[805, [6, 0, 0, 69, 78, 100]]
[806, [0, 6, 6, 69, 45, 123]]
[807, [6, 0, 0, 99, 12, 134]]
[808, [6, 0, 0, 129, 0, 130]]
[809, [0, 6, 6, 129, 0, 120]]
[810, [6, 0, 0, 144, 0, 98]]
[811, [6, 0, 0, 0, 144, 82]]
[812, [0, 6, 6, 30, 111, 105]]
[813, [6, 0, 0, 45, 78, 116]]
[814, [6, 0, 0, 60, 45, 133]]
[815, [0, 6, 6, 75, 12, 156]]
[816, [6, 0, 0, 90, 0, 146]]
[817, [6, 0, 0, 90, 0, 130]]
[818, [0, 6, 6, 105, 0, 120]]
[819, [6, 0, 0, 135, 0, 98]]
[820, [6, 0, 0, 150, 0, 82]]
[821, [0, 6, 6, 6, 144, 72]]
[822, [6, 0, 0, 66, 111, 83]]
[823, [6, 0, 0, 66, 78, 100]]
[824, [0, 6, 6, 66, 45, 123]]
[825, [6, 0, 0, 111, 12, 134]]
[826, [6, 0, 0, 111, 0, 130]]
[827, [0, 6, 6, 141, 0, 120]]
[828, [6, 0, 0, 171, 0, 98]]
[829, [6, 0, 0, 27, 144, 82]]
[830, [0, 6, 6, 27, 111, 105]]
[831, [6, 0, 0, 42, 78, 116]]
[832, [6, 0, 0, 42, 45, 133]]
[833, [0, 6, 6, 72, 12, 156]]
[834, [6, 0, 0, 102, 0, 146]]
[835, [6, 0, 0, 102, 0, 130]]
[836, [0, 6, 6, 117, 0, 120]]
[837, [6, 0, 0, 132, 0, 98]]
[838, [6, 0, 0, 132, 0, 82]]
[839, [0, 6, 6, 162, 0, 72]]
[840, [6, 0, 0, 33, 144, 50]]
[841, [6, 0, 0, 33, 111, 67]]
[842, [0, 6, 6, 48, 78, 90]]
[843, [6, 0, 0, 78, 45, 101]]
[844, [6, 0, 0, 108, 12, 118]]
[845, [0, 6, 6, 108, 0, 120]]
[846, [6, 0, 0, 138, 0, 98]]
[847, [6, 0, 0, 153, 0, 82]]
[848, [0, 6, 6, 24, 144, 72]]
[849, [6, 0, 0, 69, 111, 83]]
[850, [6, 0, 0, 69, 78, 100]]
[851, [0, 6, 6, 69, 45, 123]]
[852, [6, 0, 0, 84, 12, 134]]
[853, [6, 0, 0, 84, 0, 130]]
[854, [0, 6, 6, 114, 0, 120]]
[855, [6, 0, 0, 144, 0, 98]]
[856, [6, 0, 0, 0, 144, 82]]
[857, [0, 6, 6, 15, 111, 105]]
[858, [6, 0, 0, 30, 78, 116]]
[859, [6, 0, 0, 60, 45, 133]]
[860, [0, 6, 6, 75, 12, 156]]
[861, [6, 0, 0, 75, 0, 146]]
[862, [6, 0, 0, 90, 0, 130]]
[863, [0, 6, 6, 120, 0, 120]]
[864, [6, 0, 0, 150, 0, 98]]
[865, [6, 0, 0, 6, 144, 82]]
[866, [0, 6, 6, 36, 111, 105]]
[867, [6, 0, 0, 51, 78, 116]]
[868, [6, 0, 0, 66, 45, 133]]
[869, [0, 6, 6, 111, 12, 156]]
[870, [6, 0, 0, 111, 0, 146]]
[871, [6, 0, 0, 111, 0, 130]]
[872, [0, 6, 6, 126, 0, 120]]
[873, [6, 0, 0, 126, 0, 98]]
[874, [6, 0, 0, 156, 0, 82]]
[875, [0, 6, 6, 42, 144, 72]]
[876, [6, 0, 0, 42, 111, 83]]
[877, [6, 0, 0, 57, 78, 100]]
[878, [0, 6, 6, 72, 45, 123]]
[879, [6, 0, 0, 102, 12, 134]]
[880, [6, 0, 0, 117, 0, 130]]
[881, [0, 6, 6, 117, 0, 120]]
[882, [6, 0, 0, 132, 0, 98]]
[883, [6, 0, 0, 162, 0, 82]]
[884, [0, 6, 6, 18, 144, 72]]
[885, [6, 0, 0, 48, 111, 83]]
[886, [6, 0, 0, 48, 78, 100]]
[887, [0, 6, 6, 78, 45, 123]]
[888, [6, 0, 0, 93, 12, 134]]
[889, [6, 0, 0, 108, 0, 130]]
[890, [0, 6, 6, 153, 0, 120]]
[891, [6, 0, 0, 9, 144, 98]]
[892, [6, 0, 0, 9, 111, 115]]
[893, [0, 6, 6, 24, 78, 138]]
[894, [6, 0, 0, 24, 45, 149]]
[895, [6, 0, 0, 54, 12, 166]]
[896, [0, 6, 6, 84, 0, 168]]
[897, [6, 0, 0, 84, 0, 146]]
[898, [6, 0, 0, 99, 0, 130]]
[899, [0, 6, 6, 144, 0, 120]]
[900, [6, 0, 0, 0, 144, 98]]
[901, [6, 0, 0, 15, 111, 115]]
[902, [0, 6, 6, 15, 78, 138]]
[903, [6, 0, 0, 60, 45, 149]]
[904, [6, 0, 0, 60, 12, 166]]
[905, [0, 6, 6, 90, 0, 168]]
[906, [6, 0, 0, 90, 0, 146]]
[907, [6, 0, 0, 120, 0, 130]]
[908, [0, 6, 6, 135, 0, 120]]
[909, [6, 0, 0, 150, 0, 98]]
[910, [6, 0, 0, 51, 144, 82]]
[911, [0, 6, 6, 51, 111, 105]]
[912, [6, 0, 0, 51, 78, 116]]
[913, [6, 0, 0, 66, 45, 133]]
[914, [0, 6, 6, 66, 12, 156]]
[915, [6, 0, 0, 96, 0, 146]]
[916, [6, 0, 0, 126, 0, 130]]
[917, [0, 6, 6, 126, 0, 120]]
[918, [6, 0, 0, 141, 0, 98]]
[919, [6, 0, 0, 171, 0, 82]]
[920, [0, 6, 6, 42, 144, 72]]
[921, [6, 0, 0, 42, 111, 83]]
[922, [6, 0, 0, 57, 78, 100]]
[923, [0, 6, 6, 57, 45, 123]]
[924, [6, 0, 0, 102, 12, 134]]
[925, [6, 0, 0, 102, 0, 130]]
[926, [0, 6, 6, 132, 0, 120]]
[927, [6, 0, 0, 132, 0, 98]]
[928, [6, 0, 0, 162, 0, 82]]
[929, [0, 6, 6, 18, 144, 72]]
[930, [6, 0, 0, 33, 111, 83]]
[931, [6, 0, 0, 48, 78, 100]]
[932, [0, 6, 6, 93, 45, 123]]
[933, [6, 0, 0, 93, 12, 134]]
[934, [6, 0, 0, 93, 0, 130]]
[935, [0, 6, 6, 108, 0, 120]]
[936, [6, 0, 0, 108, 0, 98]]
[937, [6, 0, 0, 138, 0, 82]]
[938, [0, 6, 6, 168, 0, 72]]
[939, [6, 0, 0, 54, 144, 50]]
[940, [6, 0, 0, 54, 111, 67]]
[941, [0, 6, 6, 84, 78, 90]]
[942, [6, 0, 0, 84, 45, 101]]
[943, [6, 0, 0, 99, 12, 118]]
[944, [0, 6, 6, 129, 0, 120]]
[945, [6, 0, 0, 144, 0, 98]]
[946, [6, 0, 0, 0, 144, 82]]
[947, [0, 6, 6, 30, 111, 105]]
[948, [6, 0, 0, 60, 78, 116]]
[949, [6, 0, 0, 60, 45, 133]]
[950, [0, 6, 6, 75, 12, 156]]
[951, [6, 0, 0, 90, 0, 146]]
[952, [6, 0, 0, 135, 0, 130]]
[953, [0, 6, 6, 135, 0, 120]]
[954, [6, 0, 0, 135, 0, 98]]
[955, [6, 0, 0, 150, 0, 82]]
[956, [0, 6, 6, 6, 144, 72]]
[957, [6, 0, 0, 36, 111, 83]]
[958, [6, 0, 0, 66, 78, 100]]
[959, [0, 6, 6, 96, 45, 123]]
