SimulationV05.py[0, [0, 16, 16, 0, 0, 0]]
[1, [0, 32, 32, 0, 0, 0]]
[2, [48, 48, 48, 0, 0, 0]]
[3, [48, 64, 64, 0, 0, 0]]
[4, [48, 80, 80, 0, 0, 0]]
[5, [96, 96, 96, 0, 0, 0]]
[6, [96, 112, 112, 0, 0, 0]]
[7, [96, 128, 128, 0, 0, 0]]
[8, [144, 144, 144, 0, 0, 0]]
[9, [144, 160, 160, 0, 0, 0]]
[10, [144, 176, 176, 0, 0, 0]]
[11, [192, 192, 192, 0, 0, 0]]
[12, [192, 208, 208, 0, 0, 0]]
[13, [192, 224, 224, 0, 0, 0]]
[14, [240, 240, 240, 0, 0, 0]]
[15, [240, 256, 256, 0, 0, 0]]
[16, [240, 272, 272, 0, 0, 0]]
[17, [288, 288, 288, 0, 0, 0]]
[18, [288, 304, 304, 0, 0, 0]]
[19, [288, 320, 320, 330, 0, 0]]
[20, [336, 336, 336, 186, 144, 0]]
[21, [306, 322, 322, 42, 258, 0]]
[22, [276, 308, 308, 42, 228, 0]]
[23, [294, 294, 294, 42, 198, 0]]
[24, [264, 280, 280, 42, 168, 0]]
[25, [234, 266, 266, 42, 138, 0]]
[26, [252, 252, 252, 42, 108, 0]]
[27, [222, 238, 238, 42, 78, 0]]
[28, [192, 224, 224, 42, 48, 0]]
[29, [210, 210, 210, 42, 18, 0]]
[30, [192, 208, 208, 42, 0, 0]]
[31, [192, 224, 224, 42, 0, 0]]
[32, [240, 240, 240, 42, 0, 0]]
[33, [240, 256, 256, 42, 0, 0]]
[34, [240, 272, 272, 42, 0, 0]]
[35, [288, 288, 288, 42, 0, 0]]
[36, [288, 304, 304, 42, 0, 0]]
[37, [288, 320, 320, 42, 0, 0]]
[38, [336, 336, 336, 42, 0, 0]]
[39, [336, 352, 352, 372, 0, 0]]
[40, [336, 368, 368, 228, 144, 0]]
[41, [354, 354, 354, 84, 258, 0]]
[42, [324, 340, 340, 84, 228, 0]]
[43, [294, 326, 326, 84, 198, 0]]
[44, [312, 312, 312, 84, 168, 0]]
[45, [282, 298, 298, 84, 138, 0]]
[46, [252, 284, 284, 84, 108, 0]]
[47, [270, 270, 270, 84, 78, 0]]
[48, [240, 256, 256, 84, 48, 0]]
[49, [210, 242, 242, 84, 18, 0]]
[50, [240, 240, 240, 84, 0, 0]]
[51, [240, 256, 256, 84, 0, 0]]
[52, [240, 272, 272, 84, 0, 0]]
[53, [288, 288, 288, 84, 0, 0]]
[54, [288, 304, 304, 84, 0, 0]]
[55, [288, 320, 320, 84, 0, 0]]
[56, [336, 336, 336, 84, 0, 0]]
[57, [336, 352, 352, 84, 0, 0]]
[58, [336, 368, 368, 84, 0, 0]]
[59, [384, 384, 384, 414, 0, 0]]
[60, [384, 400, 400, 270, 144, 0]]
[61, [354, 386, 386, 126, 258, 0]]
[62, [372, 372, 372, 126, 228, 0]]
[63, [342, 358, 358, 126, 198, 0]]
[64, [312, 344, 344, 126, 168, 0]]
[65, [330, 330, 330, 126, 138, 0]]
[66, [300, 316, 316, 126, 108, 0]]
[67, [270, 302, 302, 126, 78, 0]]
[68, [288, 288, 288, 126, 48, 0]]
[69, [258, 274, 274, 126, 18, 0]]
[70, [240, 272, 272, 126, 0, 0]]
[71, [288, 288, 288, 126, 0, 0]]
[72, [288, 304, 304, 126, 0, 0]]
[73, [288, 320, 320, 126, 0, 0]]
[74, [336, 336, 336, 126, 0, 0]]
[75, [336, 352, 352, 126, 0, 0]]
[76, [336, 368, 368, 126, 0, 0]]
[77, [384, 384, 384, 126, 0, 0]]
[78, [384, 400, 400, 126, 0, 0]]
[79, [384, 416, 416, 456, 0, 0]]
[80, [432, 432, 432, 312, 144, 0]]
[81, [402, 418, 418, 168, 258, 0]]
[82, [372, 404, 404, 24, 372, 0]]
[83, [390, 390, 390, 24, 342, 0]]
[84, [360, 376, 376, 24, 312, 0]]
[85, [330, 362, 362, 24, 282, 0]]
[86, [348, 348, 348, 24, 252, 0]]
[87, [318, 334, 334, 24, 222, 0]]
[88, [288, 320, 320, 24, 192, 0]]
[89, [306, 306, 306, 24, 162, 0]]
[90, [276, 292, 292, 24, 132, 0]]
[91, [246, 278, 278, 24, 102, 0]]
[92, [264, 264, 264, 24, 72, 0]]
[93, [234, 250, 250, 24, 42, 0]]
[94, [204, 236, 236, 24, 12, 0]]
[95, [240, 240, 240, 24, 0, 0]]
[96, [240, 256, 256, 24, 0, 0]]
[97, [240, 272, 272, 24, 0, 0]]
[98, [288, 288, 288, 24, 0, 0]]
[99, [288, 304, 304, 354, 0, 0]]
[100, [288, 320, 320, 210, 144, 0]]
[101, [306, 306, 306, 66, 258, 0]]
[102, [276, 292, 292, 66, 228, 0]]
[103, [246, 278, 278, 66, 198, 0]]
[104, [264, 264, 264, 66, 168, 0]]
[105, [234, 250, 250, 66, 138, 0]]
[106, [204, 236, 236, 66, 108, 0]]
[107, [222, 222, 222, 66, 78, 0]]
[108, [192, 208, 208, 66, 48, 0]]
[109, [162, 194, 194, 66, 18, 0]]
[110, [192, 192, 192, 66, 0, 0]]
[111, [192, 208, 208, 66, 0, 0]]
[112, [192, 224, 224, 66, 0, 0]]
[113, [240, 240, 240, 66, 0, 0]]
[114, [240, 256, 256, 66, 0, 0]]
[115, [240, 272, 272, 66, 0, 0]]
[116, [288, 288, 288, 66, 0, 0]]
[117, [288, 304, 304, 66, 0, 0]]
[118, [288, 320, 320, 66, 0, 0]]
[119, [336, 336, 336, 396, 0, 0]]
[120, [336, 352, 352, 252, 144, 0]]
[121, [306, 338, 338, 108, 258, 0]]
[122, [324, 324, 324, 108, 228, 0]]
[123, [294, 310, 310, 108, 198, 0]]
[124, [282, 314, 314, 108, 168, 18]]
[125, [330, 330, 330, 108, 138, 48]]
[126, [330, 346, 346, 108, 108, 78]]
[127, [330, 362, 362, 108, 78, 108]]
[128, [360, 360, 360, 108, 48, 120]]
[129, [348, 364, 364, 108, 18, 138]]
[130, [340, 372, 372, 108, 0, 148]]
[131, [380, 380, 380, 108, 0, 140]]
[132, [378, 394, 394, 108, 0, 138]]
[133, [376, 408, 408, 108, 0, 136]]
[134, [420, 420, 420, 108, 0, 132]]
[135, [412, 428, 428, 108, 0, 124]]
[136, [406, 438, 438, 108, 0, 118]]
[137, [454, 454, 454, 108, 0, 118]]
[138, [444, 460, 460, 108, 0, 108]]
[139, [438, 470, 470, 438, 0, 102]]
[140, [482, 482, 482, 294, 144, 98]]
[141, [474, 490, 490, 150, 258, 120]]
[142, [468, 492, 492, 6, 372, 144]]
[143, [478, 480, 480, 6, 342, 156]]
[144, [476, 474, 474, 6, 312, 164]]
[145, [452, 466, 466, 6, 282, 170]]
[146, [458, 460, 460, 6, 252, 178]]
[147, [464, 462, 462, 6, 222, 194]]
[148, [442, 456, 456, 6, 192, 202]]
[149, [446, 448, 448, 6, 162, 208]]
[150, [436, 434, 434, 6, 132, 208]]
[151, [408, 422, 422, 6, 102, 210]]
[152, [406, 408, 408, 6, 72, 210]]
[153, [404, 402, 402, 6, 42, 218]]
[154, [390, 404, 404, 6, 12, 234]]
[155, [396, 398, 398, 6, 0, 224]]
[156, [392, 390, 390, 6, 0, 200]]
[157, [350, 364, 364, 6, 0, 158]]
[158, [332, 334, 334, 6, 0, 112]]
[159, [300, 298, 298, 336, 0, 60]]
[160, [272, 286, 286, 192, 144, 32]]
[161, [286, 288, 288, 48, 258, 48]]
[162, [284, 282, 282, 48, 228, 56]]
[163, [260, 274, 274, 48, 198, 62]]
[164, [234, 236, 236, 48, 168, 38]]
[165, [202, 200, 200, 48, 138, 16]]
[166, [156, 170, 170, 48, 108, 0]]
[167, [154, 156, 156, 48, 78, 0]]
[168, [144, 142, 142, 48, 48, 0]]
[169, [122, 136, 136, 48, 18, 8]]
[170, [126, 128, 128, 48, 0, 2]]
[171, [144, 142, 142, 48, 0, 0]]
[172, [144, 158, 158, 48, 0, 0]]
[173, [172, 174, 174, 48, 0, 0]]
[174, [192, 190, 190, 48, 0, 0]]
[175, [192, 206, 206, 48, 0, 0]]
[176, [220, 222, 222, 48, 0, 0]]
[177, [240, 238, 238, 48, 0, 0]]
[178, [240, 254, 254, 48, 0, 0]]
[179, [268, 270, 270, 378, 0, 0]]
[180, [288, 286, 286, 234, 144, 0]]
[181, [258, 272, 272, 90, 258, 0]]
[182, [256, 258, 258, 90, 228, 0]]
[183, [246, 244, 244, 90, 198, 0]]
[184, [216, 230, 230, 90, 168, 0]]
[185, [214, 216, 216, 90, 138, 0]]
[186, [204, 202, 202, 90, 108, 0]]
[187, [174, 188, 188, 90, 78, 0]]
[188, [172, 174, 174, 90, 48, 0]]
[189, [162, 160, 160, 90, 18, 0]]
[190, [144, 158, 158, 90, 0, 0]]
[191, [172, 174, 174, 90, 0, 0]]
[192, [192, 190, 190, 90, 0, 0]]
[193, [192, 206, 206, 90, 0, 0]]
[194, [220, 222, 222, 90, 0, 0]]
[195, [240, 238, 238, 90, 0, 0]]
[196, [240, 254, 254, 90, 0, 0]]
[197, [268, 270, 270, 90, 0, 0]]
[198, [288, 286, 286, 90, 0, 0]]
[199, [288, 302, 302, 420, 0, 0]]
[200, [316, 318, 318, 276, 144, 0]]
[201, [306, 304, 304, 132, 258, 0]]
[202, [276, 290, 290, 132, 228, 0]]
[203, [274, 276, 276, 132, 198, 0]]
[204, [264, 262, 262, 132, 168, 0]]
[205, [234, 248, 248, 132, 138, 0]]
[206, [232, 234, 234, 132, 108, 0]]
[207, [222, 220, 220, 132, 78, 0]]
[208, [192, 206, 206, 132, 48, 0]]
[209, [190, 192, 192, 132, 18, 0]]
[210, [192, 190, 190, 132, 0, 0]]
[211, [192, 206, 206, 132, 0, 0]]
[212, [220, 222, 222, 132, 0, 0]]
[213, [240, 238, 238, 132, 0, 0]]
[214, [240, 254, 254, 132, 0, 0]]
[215, [268, 270, 270, 132, 0, 0]]
[216, [288, 286, 286, 132, 0, 0]]
[217, [288, 302, 302, 132, 0, 0]]
[218, [316, 318, 318, 132, 0, 0]]
[219, [336, 334, 334, 462, 0, 0]]
[220, [336, 350, 350, 318, 144, 0]]
[221, [334, 336, 336, 174, 258, 0]]
[222, [324, 322, 322, 30, 372, 0]]
[223, [294, 308, 308, 30, 342, 0]]
[224, [292, 294, 294, 30, 312, 0]]
[225, [282, 280, 280, 30, 282, 0]]
[226, [252, 266, 266, 30, 252, 0]]
[227, [250, 252, 252, 30, 222, 0]]
[228, [240, 238, 238, 30, 192, 0]]
[229, [210, 224, 224, 30, 162, 0]]
[230, [208, 210, 210, 30, 132, 0]]
[231, [198, 196, 196, 30, 102, 0]]
[232, [168, 182, 182, 30, 72, 0]]
[233, [166, 168, 168, 30, 42, 0]]
[234, [156, 154, 154, 30, 12, 0]]
[235, [144, 158, 158, 30, 0, 0]]
[236, [172, 174, 174, 30, 0, 0]]
[237, [192, 190, 190, 30, 0, 0]]
[238, [192, 206, 206, 30, 0, 0]]
[239, [220, 222, 222, 360, 0, 0]]
[240, [240, 238, 238, 216, 144, 0]]
[241, [210, 224, 224, 72, 258, 0]]
[242, [208, 210, 210, 72, 228, 0]]
[243, [198, 196, 196, 72, 198, 0]]
[244, [168, 182, 182, 72, 168, 0]]
[245, [166, 168, 168, 72, 138, 0]]
[246, [156, 154, 154, 72, 108, 0]]
[247, [126, 140, 140, 72, 78, 0]]
[248, [124, 126, 126, 72, 48, 0]]
[249, [114, 112, 112, 72, 18, 0]]
[250, [96, 110, 110, 72, 0, 0]]
[251, [124, 126, 126, 72, 0, 0]]
[252, [144, 142, 142, 72, 0, 0]]
[253, [144, 158, 158, 72, 0, 0]]
[254, [172, 174, 174, 72, 0, 0]]
[255, [192, 190, 190, 72, 0, 0]]
[256, [192, 206, 206, 72, 0, 0]]
[257, [220, 222, 222, 72, 0, 0]]
[258, [240, 238, 238, 72, 0, 0]]
[259, [240, 254, 254, 402, 0, 0]]
[260, [268, 270, 270, 258, 144, 0]]
[261, [258, 256, 256, 114, 258, 0]]
[262, [228, 242, 242, 114, 228, 0]]
[263, [226, 228, 228, 114, 198, 0]]
[264, [216, 214, 214, 114, 168, 0]]
[265, [186, 200, 200, 114, 138, 0]]
[266, [184, 186, 186, 114, 108, 0]]
[267, [202, 200, 200, 114, 78, 28]]
[268, [178, 192, 192, 114, 48, 34]]
[269, [190, 192, 192, 114, 18, 48]]
[270, [190, 188, 188, 114, 0, 46]]
[271, [166, 180, 180, 114, 0, 22]]
[272, [172, 174, 174, 114, 0, 0]]
[273, [192, 190, 190, 114, 0, 0]]
[274, [192, 206, 206, 114, 0, 0]]
[275, [220, 222, 222, 114, 0, 0]]
[276, [240, 238, 238, 114, 0, 0]]
[277, [240, 254, 254, 114, 0, 0]]
[278, [268, 270, 270, 114, 0, 0]]
[279, [288, 286, 286, 444, 0, 0]]
[280, [288, 302, 302, 300, 144, 0]]
[281, [286, 288, 288, 156, 258, 0]]
[282, [278, 276, 276, 12, 372, 2]]
[283, [276, 290, 290, 12, 342, 30]]
[284, [304, 306, 306, 12, 312, 60]]
[285, [316, 314, 314, 12, 282, 82]]
[286, [308, 322, 322, 12, 252, 104]]
[287, [328, 330, 330, 12, 222, 126]]
[288, [328, 326, 326, 12, 192, 136]]
[289, [308, 322, 322, 12, 162, 146]]
[290, [332, 334, 334, 12, 132, 172]]
[291, [342, 340, 340, 12, 102, 192]]
[292, [328, 342, 342, 12, 72, 208]]
[293, [344, 346, 346, 12, 42, 226]]
[294, [344, 342, 342, 12, 12, 236]]
[295, [324, 338, 338, 12, 0, 228]]
[296, [336, 338, 338, 12, 0, 212]]
[297, [346, 344, 344, 12, 0, 202]]
[298, [322, 336, 336, 12, 0, 178]]
[299, [324, 326, 326, 342, 0, 152]]
[300, [324, 322, 322, 198, 144, 132]]
[301, [296, 310, 310, 54, 258, 134]]
[302, [296, 298, 298, 54, 228, 136]]
[303, [300, 298, 298, 54, 198, 150]]
[304, [272, 286, 286, 54, 168, 152]]
[305, [268, 270, 270, 54, 138, 150]]
[306, [252, 250, 250, 54, 108, 144]]
[307, [218, 232, 232, 54, 78, 140]]
[308, [196, 198, 198, 54, 48, 120]]
[309, [182, 180, 180, 54, 18, 116]]
[310, [162, 176, 176, 54, 0, 114]]
[311, [162, 164, 164, 54, 0, 86]]
[312, [150, 148, 148, 54, 0, 54]]
[313, [114, 128, 128, 54, 0, 18]]
[314, [124, 126, 126, 54, 0, 0]]
[315, [144, 142, 142, 54, 0, 0]]
[316, [144, 158, 158, 54, 0, 0]]
[317, [172, 174, 174, 54, 0, 0]]
[318, [192, 190, 190, 54, 0, 0]]
[319, [192, 206, 206, 384, 0, 0]]
[320, [220, 222, 222, 240, 144, 0]]
[321, [210, 208, 208, 96, 258, 0]]
[322, [180, 194, 194, 96, 228, 0]]
[323, [178, 180, 180, 96, 198, 0]]
[324, [168, 166, 166, 96, 168, 0]]
[325, [138, 152, 152, 96, 138, 0]]
[326, [136, 138, 138, 96, 108, 0]]
[327, [126, 124, 124, 96, 78, 0]]
[328, [96, 110, 110, 96, 48, 0]]
[329, [94, 96, 96, 96, 18, 0]]
[330, [96, 94, 94, 96, 0, 0]]
[331, [96, 110, 110, 96, 0, 0]]
[332, [124, 126, 126, 96, 0, 0]]
[333, [144, 142, 142, 96, 0, 0]]
[334, [144, 158, 158, 96, 0, 0]]
[335, [172, 174, 174, 96, 0, 0]]
[336, [192, 190, 190, 96, 0, 0]]
[337, [192, 206, 206, 96, 0, 0]]
[338, [220, 222, 222, 96, 0, 0]]
[339, [240, 238, 238, 426, 0, 0]]
[340, [240, 254, 254, 282, 144, 0]]
[341, [238, 240, 240, 138, 258, 0]]
[342, [228, 226, 226, 138, 228, 0]]
[343, [198, 212, 212, 138, 198, 0]]
[344, [196, 198, 198, 138, 168, 0]]
[345, [186, 184, 184, 138, 138, 0]]
[346, [156, 170, 170, 138, 108, 0]]
[347, [154, 156, 156, 138, 78, 0]]
[348, [144, 142, 142, 138, 48, 0]]
[349, [114, 128, 128, 138, 18, 0]]
[350, [124, 126, 126, 138, 0, 0]]
[351, [144, 142, 142, 138, 0, 0]]
[352, [144, 158, 158, 138, 0, 0]]
[353, [172, 174, 174, 138, 0, 0]]
[354, [192, 190, 190, 138, 0, 0]]
[355, [192, 206, 206, 138, 0, 0]]
[356, [220, 222, 222, 138, 0, 0]]
[357, [240, 238, 238, 138, 0, 0]]
[358, [240, 254, 254, 138, 0, 0]]
[359, [268, 270, 270, 468, 0, 0]]
[360, [288, 286, 286, 324, 144, 0]]
[361, [258, 272, 272, 180, 258, 0]]
[362, [256, 258, 258, 36, 372, 0]]
[363, [246, 244, 244, 36, 342, 0]]
[364, [216, 230, 230, 36, 312, 0]]
[365, [214, 216, 216, 36, 282, 0]]
[366, [204, 202, 202, 36, 252, 0]]
[367, [174, 188, 188, 36, 222, 0]]
[368, [172, 174, 174, 36, 192, 0]]
[369, [162, 160, 160, 36, 162, 0]]
[370, [132, 146, 146, 36, 132, 0]]
[371, [130, 132, 132, 36, 102, 0]]
[372, [120, 118, 118, 36, 72, 0]]
[373, [90, 104, 104, 36, 42, 0]]
[374, [88, 90, 90, 36, 12, 0]]
[375, [96, 94, 94, 36, 0, 0]]
[376, [96, 110, 110, 36, 0, 0]]
[377, [124, 126, 126, 36, 0, 0]]
[378, [144, 142, 142, 36, 0, 0]]
[379, [144, 158, 158, 366, 0, 0]]
[380, [172, 174, 174, 222, 144, 0]]
[381, [162, 160, 160, 78, 258, 0]]
[382, [132, 146, 146, 78, 228, 0]]
[383, [130, 132, 132, 78, 198, 0]]
[384, [120, 118, 118, 78, 168, 0]]
[385, [90, 104, 104, 78, 138, 0]]
[386, [88, 90, 90, 78, 108, 0]]
[387, [78, 76, 76, 78, 78, 0]]
[388, [48, 62, 62, 78, 48, 0]]
[389, [46, 48, 48, 78, 18, 0]]
[390, [48, 46, 46, 78, 0, 0]]
[391, [48, 62, 62, 78, 0, 0]]
[392, [76, 78, 78, 78, 0, 0]]
[393, [96, 94, 94, 78, 0, 0]]
[394, [96, 110, 110, 78, 0, 0]]
[395, [124, 126, 126, 78, 0, 0]]
[396, [144, 142, 142, 78, 0, 0]]
[397, [144, 158, 158, 78, 0, 0]]
[398, [172, 174, 174, 78, 0, 0]]
[399, [192, 190, 190, 408, 0, 0]]
[400, [192, 206, 206, 264, 144, 0]]
[401, [190, 192, 192, 120, 258, 0]]
[402, [180, 178, 178, 120, 228, 0]]
[403, [150, 164, 164, 120, 198, 0]]
[404, [148, 150, 150, 120, 168, 0]]
[405, [138, 136, 136, 120, 138, 0]]
[406, [108, 122, 122, 120, 108, 0]]
[407, [106, 108, 108, 120, 78, 0]]
[408, [96, 94, 94, 120, 48, 0]]
[409, [66, 80, 80, 120, 18, 0]]
[410, [76, 78, 78, 120, 0, 0]]
[411, [96, 94, 94, 120, 0, 0]]
[412, [96, 110, 110, 120, 0, 0]]
[413, [124, 126, 126, 120, 0, 0]]
[414, [144, 142, 142, 120, 0, 0]]
[415, [144, 158, 158, 120, 0, 0]]
[416, [172, 174, 174, 120, 0, 0]]
[417, [192, 190, 190, 120, 0, 0]]
[418, [192, 206, 206, 120, 0, 0]]
[419, [220, 222, 222, 450, 0, 0]]
[420, [240, 238, 238, 306, 144, 0]]
[421, [210, 224, 224, 162, 258, 0]]
[422, [208, 210, 210, 18, 372, 0]]
[423, [198, 196, 196, 18, 342, 0]]
[424, [168, 182, 182, 18, 312, 0]]
[425, [180, 182, 182, 18, 282, 14]]
[426, [198, 196, 196, 18, 252, 42]]
[427, [198, 212, 212, 18, 222, 72]]
[428, [204, 206, 206, 18, 192, 80]]
[429, [200, 198, 198, 18, 162, 86]]
[430, [178, 192, 192, 18, 132, 94]]
[431, [188, 190, 190, 18, 102, 106]]
[432, [186, 184, 184, 18, 72, 114]]
[433, [184, 198, 198, 18, 42, 142]]
[434, [212, 214, 214, 18, 12, 172]]
[435, [212, 210, 210, 18, 0, 164]]
[436, [194, 208, 208, 18, 0, 146]]
[437, [208, 210, 210, 18, 0, 132]]
[438, [216, 214, 214, 18, 0, 120]]
[439, [194, 208, 208, 348, 0, 98]]
[440, [216, 218, 218, 204, 144, 92]]
[441, [226, 224, 224, 60, 258, 112]]
[442, [204, 218, 218, 60, 228, 120]]
[443, [212, 214, 214, 60, 198, 130]]
[444, [210, 208, 208, 60, 168, 138]]
[445, [182, 196, 196, 60, 138, 140]]
[446, [180, 182, 182, 60, 108, 140]]
[447, [186, 184, 184, 60, 78, 156]]
[448, [168, 182, 182, 60, 48, 168]]
[449, [174, 176, 176, 60, 18, 176]]
[450, [174, 172, 172, 60, 0, 174]]
[451, [144, 158, 158, 60, 0, 144]]
[452, [140, 142, 142, 60, 0, 112]]
[453, [128, 126, 126, 60, 0, 80]]
[454, [114, 128, 128, 60, 0, 66]]
[455, [124, 126, 126, 60, 0, 48]]
[456, [124, 122, 122, 60, 0, 28]]
[457, [96, 110, 110, 60, 0, 0]]
[458, [124, 126, 126, 60, 0, 0]]
[459, [144, 142, 142, 390, 0, 0]]
[460, [144, 158, 158, 246, 144, 0]]
[461, [142, 144, 144, 102, 258, 0]]
[462, [132, 130, 130, 102, 228, 0]]
[463, [102, 116, 116, 102, 198, 0]]
[464, [100, 102, 102, 102, 168, 0]]
[465, [90, 88, 88, 102, 138, 0]]
[466, [60, 74, 74, 102, 108, 0]]
[467, [58, 60, 60, 102, 78, 0]]
[468, [48, 46, 46, 102, 48, 0]]
[469, [18, 32, 32, 102, 18, 0]]
[470, [28, 30, 30, 102, 0, 0]]
[471, [48, 46, 46, 102, 0, 0]]
[472, [48, 62, 62, 102, 0, 0]]
[473, [76, 78, 78, 102, 0, 0]]
[474, [96, 94, 94, 102, 0, 0]]
[475, [96, 110, 110, 102, 0, 0]]
[476, [124, 126, 126, 102, 0, 0]]
[477, [144, 142, 142, 102, 0, 0]]
[478, [144, 158, 158, 102, 0, 0]]
[479, [172, 174, 174, 432, 0, 0]]
[480, [192, 190, 190, 288, 144, 0]]
[481, [162, 176, 176, 144, 258, 0]]
[482, [160, 162, 162, 0, 372, 0]]
[483, [150, 148, 148, 0, 342, 0]]
[484, [120, 134, 134, 0, 312, 0]]
[485, [118, 120, 120, 0, 282, 0]]
[486, [108, 106, 106, 0, 252, 0]]
[487, [78, 92, 92, 0, 222, 0]]
[488, [76, 78, 78, 0, 192, 0]]
[489, [66, 64, 64, 0, 162, 0]]
[490, [36, 50, 50, 0, 132, 0]]
[491, [34, 36, 36, 0, 102, 0]]
[492, [24, 22, 22, 0, 72, 0]]
[493, [0, 14, 14, 0, 42, 6]]
[494, [0, 2, 2, 0, 12, 8]]
[495, [2, 0, 0, 0, 0, 2]]
[496, [0, 14, 14, 0, 0, 0]]
[497, [28, 30, 30, 0, 0, 0]]
[498, [48, 46, 46, 0, 0, 0]]
[499, [48, 62, 62, 330, 0, 0]]
[500, [76, 78, 78, 186, 144, 0]]
[501, [66, 64, 64, 42, 258, 0]]
[502, [36, 50, 50, 42, 228, 0]]
[503, [34, 36, 36, 42, 198, 0]]
[504, [24, 22, 22, 42, 168, 0]]
[505, [0, 14, 14, 42, 138, 6]]
[506, [0, 2, 2, 42, 108, 8]]
[507, [2, 0, 0, 42, 78, 20]]
[508, [0, 14, 14, 42, 48, 48]]
[509, [0, 2, 2, 42, 18, 50]]
[510, [2, 0, 0, 42, 0, 50]]
[511, [0, 14, 14, 42, 0, 48]]
[512, [0, 2, 2, 42, 0, 20]]
[513, [2, 0, 0, 42, 0, 2]]
[514, [0, 14, 14, 42, 0, 0]]
[515, [28, 30, 30, 42, 0, 0]]
[516, [48, 46, 46, 42, 0, 0]]
[517, [48, 62, 62, 42, 0, 0]]
[518, [76, 78, 78, 42, 0, 0]]
[519, [96, 94, 94, 372, 0, 0]]
[520, [96, 110, 110, 228, 144, 0]]
[521, [94, 96, 96, 84, 258, 0]]
[522, [84, 82, 82, 84, 228, 0]]
[523, [54, 68, 68, 84, 198, 0]]
[524, [52, 54, 54, 84, 168, 0]]
[525, [42, 40, 40, 84, 138, 0]]
[526, [12, 26, 26, 84, 108, 0]]
[527, [10, 12, 12, 84, 78, 0]]
[528, [2, 0, 0, 84, 48, 2]]
[529, [0, 14, 14, 84, 18, 30]]
[530, [0, 2, 2, 84, 0, 20]]
[531, [2, 0, 0, 84, 0, 2]]
[532, [0, 14, 14, 84, 0, 0]]
[533, [28, 30, 30, 84, 0, 0]]
[534, [48, 46, 46, 84, 0, 0]]
[535, [48, 62, 62, 84, 0, 0]]
[536, [76, 78, 78, 84, 0, 0]]
[537, [96, 94, 94, 84, 0, 0]]
[538, [96, 110, 110, 84, 0, 0]]
[539, [124, 126, 126, 414, 0, 0]]
[540, [144, 142, 142, 270, 144, 0]]
[541, [114, 128, 128, 126, 258, 0]]
[542, [112, 114, 114, 126, 228, 0]]
[543, [102, 100, 100, 126, 198, 0]]
[544, [72, 86, 86, 126, 168, 0]]
[545, [70, 72, 72, 126, 138, 0]]
[546, [60, 58, 58, 126, 108, 0]]
[547, [30, 44, 44, 126, 78, 0]]
[548, [28, 30, 30, 126, 48, 0]]
[549, [18, 16, 16, 126, 18, 0]]
[550, [0, 14, 14, 126, 0, 0]]
[551, [28, 30, 30, 126, 0, 0]]
[552, [48, 46, 46, 126, 0, 0]]
[553, [48, 62, 62, 126, 0, 0]]
[554, [76, 78, 78, 126, 0, 0]]
[555, [96, 94, 94, 126, 0, 0]]
[556, [96, 110, 110, 126, 0, 0]]
[557, [124, 126, 126, 126, 0, 0]]
[558, [144, 142, 142, 126, 0, 0]]
[559, [144, 158, 158, 456, 0, 0]]
[560, [172, 174, 174, 312, 144, 0]]
[561, [162, 160, 160, 168, 258, 0]]
[562, [132, 146, 146, 24, 372, 0]]
[563, [130, 132, 132, 24, 342, 0]]
[564, [120, 118, 118, 24, 312, 0]]
[565, [90, 104, 104, 24, 282, 0]]
[566, [112, 114, 114, 24, 252, 24]]
[567, [132, 130, 130, 24, 222, 54]]
[568, [106, 120, 120, 24, 192, 58]]
[569, [116, 118, 118, 24, 162, 70]]
[570, [108, 106, 106, 24, 132, 72]]
[571, [84, 98, 98, 24, 102, 78]]
[572, [90, 92, 92, 24, 72, 86]]
[573, [104, 102, 102, 24, 42, 110]]
[574, [104, 118, 118, 24, 12, 140]]
[575, [108, 110, 110, 24, 0, 128]]
[576, [116, 114, 114, 24, 0, 116]]
[577, [92, 106, 106, 24, 0, 92]]
[578, [90, 92, 92, 24, 0, 62]]
[579, [88, 86, 86, 354, 0, 40]]
[580, [76, 90, 90, 210, 144, 28]]
[581, [102, 104, 104, 66, 258, 56]]
[582, [102, 100, 100, 66, 228, 66]]
[583, [86, 100, 100, 66, 198, 80]]
[584, [88, 90, 90, 66, 168, 84]]
[585, [72, 70, 70, 66, 138, 78]]
[586, [58, 72, 72, 66, 108, 94]]
[587, [58, 60, 60, 66, 78, 96]]
[588, [76, 74, 74, 66, 48, 124]]
[589, [58, 72, 72, 66, 18, 136]]
[590, [60, 62, 62, 66, 0, 128]]
[591, [58, 56, 56, 66, 0, 106]]
[592, [22, 36, 36, 66, 0, 70]]
[593, [36, 38, 38, 66, 0, 56]]
[594, [30, 28, 28, 66, 0, 30]]
[595, [28, 42, 42, 66, 0, 28]]
[596, [44, 46, 46, 66, 0, 16]]
[597, [48, 46, 46, 66, 0, 0]]
[598, [48, 62, 62, 66, 0, 0]]
[599, [76, 78, 78, 396, 0, 0]]
[600, [96, 94, 94, 252, 144, 0]]
[601, [66, 80, 80, 108, 258, 0]]
[602, [64, 66, 66, 108, 228, 0]]
[603, [54, 52, 52, 108, 198, 0]]
[604, [24, 38, 38, 108, 168, 0]]
[605, [22, 24, 24, 108, 138, 0]]
[606, [12, 10, 10, 108, 108, 0]]
[607, [4, 18, 18, 108, 78, 22]]
[608, [0, 2, 2, 108, 48, 20]]
[609, [2, 0, 0, 108, 18, 32]]
[610, [0, 14, 14, 108, 0, 48]]
[611, [0, 2, 2, 108, 0, 20]]
[612, [2, 0, 0, 108, 0, 2]]
[613, [0, 14, 14, 108, 0, 0]]
[614, [28, 30, 30, 108, 0, 0]]
[615, [48, 46, 46, 108, 0, 0]]
[616, [48, 62, 62, 108, 0, 0]]
[617, [76, 78, 78, 108, 0, 0]]
[618, [96, 94, 94, 108, 0, 0]]
[619, [96, 110, 110, 438, 0, 0]]
[620, [124, 126, 126, 294, 144, 0]]
[621, [114, 112, 112, 150, 258, 0]]
[622, [84, 98, 98, 6, 372, 0]]
[623, [82, 84, 84, 6, 342, 0]]
[624, [72, 70, 70, 6, 312, 0]]
[625, [42, 56, 56, 6, 282, 0]]
[626, [40, 42, 42, 6, 252, 0]]
[627, [30, 28, 28, 6, 222, 0]]
[628, [0, 14, 14, 6, 192, 0]]
[629, [0, 2, 2, 6, 162, 2]]
[630, [2, 0, 0, 6, 132, 14]]
[631, [0, 14, 14, 6, 102, 42]]
[632, [0, 2, 2, 6, 72, 44]]
[633, [2, 0, 0, 6, 42, 56]]
[634, [0, 14, 14, 6, 12, 84]]
[635, [0, 2, 2, 6, 0, 68]]
[636, [2, 0, 0, 6, 0, 50]]
[637, [0, 14, 14, 6, 0, 48]]
[638, [0, 2, 2, 6, 0, 20]]
[639, [2, 0, 0, 336, 0, 2]]
[640, [0, 14, 14, 192, 144, 0]]
[641, [0, 2, 2, 48, 258, 2]]
[642, [2, 0, 0, 48, 228, 14]]
[643, [0, 14, 14, 48, 198, 42]]
[644, [0, 2, 2, 48, 168, 44]]
[645, [2, 0, 0, 48, 138, 56]]
[646, [0, 14, 14, 48, 108, 84]]
[647, [0, 2, 2, 48, 78, 86]]
[648, [2, 0, 0, 48, 48, 98]]
[649, [0, 14, 14, 48, 18, 126]]
[650, [0, 2, 2, 48, 0, 116]]
[651, [2, 0, 0, 48, 0, 98]]
[652, [0, 14, 14, 48, 0, 96]]
[653, [0, 2, 2, 48, 0, 68]]
[654, [2, 0, 0, 48, 0, 50]]
[655, [0, 14, 14, 48, 0, 48]]
[656, [0, 2, 2, 48, 0, 20]]
[657, [2, 0, 0, 48, 0, 2]]
[658, [0, 14, 14, 48, 0, 0]]
[659, [28, 30, 30, 378, 0, 0]]
[660, [48, 46, 46, 234, 144, 0]]
[661, [18, 32, 32, 90, 258, 0]]
[662, [16, 18, 18, 90, 228, 0]]
[663, [6, 4, 4, 90, 198, 0]]
[664, [0, 14, 14, 90, 168, 24]]
[665, [0, 2, 2, 90, 138, 26]]
[666, [2, 0, 0, 90, 108, 38]]
[667, [0, 14, 14, 90, 78, 66]]
[668, [0, 2, 2, 90, 48, 68]]
[669, [2, 0, 0, 90, 18, 80]]
[670, [0, 14, 14, 90, 0, 96]]
[671, [0, 2, 2, 90, 0, 68]]
[672, [2, 0, 0, 90, 0, 50]]
[673, [0, 14, 14, 90, 0, 48]]
[674, [0, 2, 2, 90, 0, 20]]
[675, [2, 0, 0, 90, 0, 2]]
[676, [0, 14, 14, 90, 0, 0]]
[677, [28, 30, 30, 90, 0, 0]]
[678, [48, 46, 46, 90, 0, 0]]
[679, [48, 62, 62, 420, 0, 0]]
[680, [76, 78, 78, 276, 144, 0]]
[681, [66, 64, 64, 132, 258, 0]]
[682, [36, 50, 50, 132, 228, 0]]
[683, [34, 36, 36, 132, 198, 0]]
[684, [24, 22, 22, 132, 168, 0]]
[685, [0, 14, 14, 132, 138, 6]]
[686, [0, 2, 2, 132, 108, 8]]
[687, [2, 0, 0, 132, 78, 20]]
[688, [0, 14, 14, 132, 48, 48]]
[689, [0, 2, 2, 132, 18, 50]]
[690, [2, 0, 0, 132, 0, 50]]
[691, [0, 14, 14, 132, 0, 48]]
[692, [0, 2, 2, 132, 0, 20]]
[693, [2, 0, 0, 132, 0, 2]]
[694, [0, 14, 14, 132, 0, 0]]
[695, [28, 30, 30, 132, 0, 0]]
[696, [48, 46, 46, 132, 0, 0]]
[697, [48, 62, 62, 132, 0, 0]]
[698, [76, 78, 78, 132, 0, 0]]
[699, [96, 94, 94, 462, 0, 0]]
[700, [96, 110, 110, 318, 144, 0]]
[701, [94, 96, 96, 174, 258, 0]]
[702, [84, 82, 82, 30, 372, 0]]
[703, [54, 68, 68, 30, 342, 0]]
[704, [52, 54, 54, 30, 312, 0]]
[705, [42, 40, 40, 30, 282, 0]]
[706, [12, 26, 26, 30, 252, 0]]
[707, [16, 18, 18, 30, 222, 6]]
[708, [10, 8, 8, 30, 192, 10]]
[709, [0, 14, 14, 30, 162, 30]]
[710, [0, 2, 2, 30, 132, 32]]
[711, [2, 0, 0, 30, 102, 44]]
[712, [0, 14, 14, 30, 72, 72]]
[713, [0, 2, 2, 30, 42, 74]]
[714, [2, 0, 0, 30, 12, 86]]
[715, [0, 14, 14, 30, 0, 96]]
[716, [0, 2, 2, 30, 0, 68]]
[717, [2, 0, 0, 30, 0, 50]]
[718, [0, 14, 14, 30, 0, 48]]
[719, [0, 2, 2, 360, 0, 20]]
[720, [2, 0, 0, 216, 144, 2]]
[721, [0, 14, 14, 72, 258, 30]]
[722, [0, 2, 2, 72, 228, 32]]
[723, [2, 0, 0, 72, 198, 44]]
[724, [0, 14, 14, 72, 168, 72]]
[725, [0, 2, 2, 72, 138, 74]]
[726, [2, 0, 0, 72, 108, 86]]
[727, [0, 14, 14, 72, 78, 114]]
[728, [0, 2, 2, 72, 48, 116]]
[729, [2, 0, 0, 72, 18, 128]]
[730, [0, 14, 14, 72, 0, 144]]
[731, [0, 2, 2, 72, 0, 116]]
[732, [2, 0, 0, 72, 0, 98]]
[733, [0, 14, 14, 72, 0, 96]]
[734, [0, 2, 2, 72, 0, 68]]
[735, [2, 0, 0, 72, 0, 50]]
[736, [0, 14, 14, 72, 0, 48]]
[737, [0, 2, 2, 72, 0, 20]]
[738, [2, 0, 0, 72, 0, 2]]
[739, [0, 14, 14, 402, 0, 0]]
[740, [28, 30, 30, 258, 144, 0]]
[741, [18, 16, 16, 114, 258, 0]]
[742, [0, 14, 14, 114, 228, 12]]
[743, [0, 2, 2, 114, 198, 14]]
[744, [2, 0, 0, 114, 168, 26]]
[745, [0, 14, 14, 114, 138, 54]]
[746, [0, 2, 2, 114, 108, 56]]
[747, [2, 0, 0, 114, 78, 68]]
[748, [0, 14, 14, 114, 48, 96]]
[749, [0, 2, 2, 114, 18, 98]]
[750, [2, 0, 0, 114, 0, 98]]
[751, [0, 14, 14, 114, 0, 96]]
[752, [0, 2, 2, 114, 0, 68]]
[753, [2, 0, 0, 114, 0, 50]]
[754, [0, 14, 14, 114, 0, 48]]
[755, [0, 2, 2, 114, 0, 20]]
[756, [2, 0, 0, 114, 0, 2]]
[757, [0, 14, 14, 114, 0, 0]]
[758, [28, 30, 30, 114, 0, 0]]
[759, [48, 46, 46, 444, 0, 0]]
[760, [48, 62, 62, 300, 144, 0]]
[761, [46, 48, 48, 156, 258, 0]]
[762, [36, 34, 34, 12, 372, 0]]
[763, [6, 20, 20, 12, 342, 0]]
[764, [4, 6, 6, 12, 312, 0]]
[765, [2, 0, 0, 12, 282, 8]]
[766, [0, 14, 14, 12, 252, 36]]
[767, [0, 2, 2, 12, 222, 38]]
[768, [2, 0, 0, 12, 192, 50]]
[769, [0, 14, 14, 12, 162, 78]]
[770, [0, 2, 2, 12, 132, 80]]
[771, [2, 0, 0, 12, 102, 92]]
[772, [0, 14, 14, 12, 72, 120]]
[773, [0, 2, 2, 12, 42, 122]]
[774, [2, 0, 0, 12, 12, 134]]
[775, [0, 14, 14, 12, 0, 144]]
[776, [0, 2, 2, 12, 0, 116]]
[777, [2, 0, 0, 12, 0, 98]]
[778, [0, 14, 14, 12, 0, 96]]
[779, [0, 2, 2, 342, 0, 68]]
[780, [2, 0, 0, 198, 144, 50]]
[781, [0, 14, 14, 54, 258, 78]]
[782, [0, 2, 2, 54, 228, 80]]
[783, [2, 0, 0, 54, 198, 92]]
[784, [0, 14, 14, 54, 168, 120]]
[785, [0, 2, 2, 54, 138, 122]]
[786, [2, 0, 0, 54, 108, 134]]
[787, [0, 14, 14, 54, 78, 162]]
[788, [0, 2, 2, 54, 48, 164]]
[789, [2, 0, 0, 54, 18, 176]]
[790, [0, 14, 14, 54, 0, 192]]
[791, [0, 2, 2, 54, 0, 164]]
[792, [2, 0, 0, 54, 0, 146]]
[793, [0, 14, 14, 54, 0, 144]]
[794, [0, 2, 2, 54, 0, 116]]
[795, [2, 0, 0, 54, 0, 98]]
[796, [0, 14, 14, 54, 0, 96]]
[797, [0, 2, 2, 54, 0, 68]]
[798, [2, 0, 0, 54, 0, 50]]
[799, [0, 14, 14, 384, 0, 48]]
[800, [0, 2, 2, 240, 144, 20]]
[801, [2, 0, 0, 96, 258, 32]]
[802, [0, 14, 14, 96, 228, 60]]
[803, [0, 2, 2, 96, 198, 62]]
[804, [2, 0, 0, 96, 168, 74]]
[805, [0, 14, 14, 96, 138, 102]]
[806, [0, 2, 2, 96, 108, 104]]
[807, [2, 0, 0, 96, 78, 116]]
[808, [0, 14, 14, 96, 48, 144]]
[809, [0, 2, 2, 96, 18, 146]]
[810, [2, 0, 0, 96, 0, 146]]
[811, [0, 14, 14, 96, 0, 144]]
[812, [0, 2, 2, 96, 0, 116]]
[813, [2, 0, 0, 96, 0, 98]]
[814, [0, 14, 14, 96, 0, 96]]
[815, [0, 2, 2, 96, 0, 68]]
[816, [2, 0, 0, 96, 0, 50]]
[817, [0, 14, 14, 96, 0, 48]]
[818, [0, 2, 2, 96, 0, 20]]
[819, [2, 0, 0, 426, 0, 2]]
[820, [0, 14, 14, 282, 144, 0]]
[821, [0, 2, 2, 138, 258, 2]]
[822, [2, 0, 0, 138, 228, 14]]
[823, [0, 14, 14, 138, 198, 42]]
[824, [0, 2, 2, 138, 168, 44]]
[825, [2, 0, 0, 138, 138, 56]]
[826, [0, 14, 14, 138, 108, 84]]
[827, [0, 2, 2, 138, 78, 86]]
[828, [2, 0, 0, 138, 48, 98]]
[829, [0, 14, 14, 138, 18, 126]]
[830, [0, 2, 2, 138, 0, 116]]
[831, [2, 0, 0, 138, 0, 98]]
[832, [0, 14, 14, 138, 0, 96]]
[833, [0, 2, 2, 138, 0, 68]]
[834, [2, 0, 0, 138, 0, 50]]
[835, [0, 14, 14, 138, 0, 48]]
[836, [0, 2, 2, 138, 0, 20]]
[837, [2, 0, 0, 138, 0, 2]]
[838, [0, 14, 14, 138, 0, 0]]
[839, [28, 30, 30, 468, 0, 0]]
[840, [48, 46, 46, 324, 144, 0]]
[841, [18, 32, 32, 180, 258, 0]]
[842, [16, 18, 18, 36, 372, 0]]
[843, [6, 4, 4, 36, 342, 0]]
[844, [0, 14, 14, 36, 312, 24]]
[845, [0, 2, 2, 36, 282, 26]]
[846, [2, 0, 0, 36, 252, 38]]
[847, [0, 14, 14, 36, 222, 66]]
[848, [0, 2, 2, 36, 192, 68]]
[849, [2, 0, 0, 36, 162, 80]]
[850, [0, 14, 14, 36, 132, 108]]
[851, [0, 2, 2, 36, 102, 110]]
[852, [2, 0, 0, 36, 72, 122]]
[853, [0, 14, 14, 36, 42, 150]]
[854, [0, 2, 2, 36, 12, 152]]
[855, [2, 0, 0, 36, 0, 146]]
[856, [0, 14, 14, 36, 0, 144]]
[857, [0, 2, 2, 36, 0, 116]]
[858, [2, 0, 0, 36, 0, 98]]
[859, [0, 14, 14, 366, 0, 96]]
[860, [0, 2, 2, 222, 144, 68]]
[861, [2, 0, 0, 78, 258, 80]]
[862, [0, 14, 14, 78, 228, 108]]
[863, [0, 2, 2, 78, 198, 110]]
[864, [2, 0, 0, 78, 168, 122]]
[865, [0, 14, 14, 78, 138, 150]]
[866, [0, 2, 2, 78, 108, 152]]
[867, [2, 0, 0, 78, 78, 164]]
[868, [0, 14, 14, 78, 48, 192]]
[869, [0, 2, 2, 78, 18, 194]]
[870, [2, 0, 0, 78, 0, 194]]
[871, [0, 14, 14, 78, 0, 192]]
[872, [0, 2, 2, 78, 0, 164]]
[873, [2, 0, 0, 78, 0, 146]]
[874, [0, 14, 14, 78, 0, 144]]
[875, [0, 2, 2, 78, 0, 116]]
[876, [2, 0, 0, 78, 0, 98]]
[877, [0, 14, 14, 78, 0, 96]]
[878, [0, 2, 2, 78, 0, 68]]
[879, [2, 0, 0, 408, 0, 50]]
[880, [0, 14, 14, 264, 144, 48]]
[881, [0, 2, 2, 120, 258, 50]]
[882, [2, 0, 0, 120, 228, 62]]
[883, [0, 14, 14, 120, 198, 90]]
[884, [0, 2, 2, 120, 168, 92]]
[885, [2, 0, 0, 120, 138, 104]]
[886, [0, 14, 14, 120, 108, 132]]
[887, [0, 2, 2, 120, 78, 134]]
[888, [2, 0, 0, 120, 48, 146]]
[889, [0, 14, 14, 120, 18, 174]]
[890, [0, 2, 2, 120, 0, 164]]
[891, [2, 0, 0, 120, 0, 146]]
[892, [0, 14, 14, 120, 0, 144]]
[893, [0, 2, 2, 120, 0, 116]]
[894, [2, 0, 0, 120, 0, 98]]
[895, [0, 14, 14, 120, 0, 96]]
[896, [0, 2, 2, 120, 0, 68]]
[897, [2, 0, 0, 120, 0, 50]]
[898, [0, 14, 14, 120, 0, 48]]
[899, [0, 2, 2, 450, 0, 20]]
[900, [2, 0, 0, 306, 144, 2]]
[901, [0, 14, 14, 162, 258, 30]]
[902, [0, 2, 2, 18, 372, 32]]
[903, [2, 0, 0, 18, 342, 44]]
[904, [0, 14, 14, 18, 312, 72]]
[905, [0, 2, 2, 18, 282, 74]]
[906, [2, 0, 0, 18, 252, 86]]
[907, [0, 14, 14, 18, 222, 114]]
[908, [0, 2, 2, 18, 192, 116]]
[909, [2, 0, 0, 18, 162, 128]]
[910, [0, 14, 14, 18, 132, 156]]
[911, [0, 2, 2, 18, 102, 158]]
[912, [2, 0, 0, 18, 72, 170]]
[913, [0, 14, 14, 18, 42, 198]]
[914, [0, 2, 2, 18, 12, 200]]
[915, [2, 0, 0, 18, 0, 194]]
[916, [0, 14, 14, 18, 0, 192]]
[917, [0, 2, 2, 18, 0, 164]]
[918, [2, 0, 0, 18, 0, 146]]
[919, [0, 14, 14, 348, 0, 144]]
[920, [0, 2, 2, 204, 144, 116]]
[921, [2, 0, 0, 60, 258, 128]]
[922, [0, 14, 14, 60, 228, 156]]
[923, [0, 2, 2, 60, 198, 158]]
[924, [2, 0, 0, 60, 168, 170]]
[925, [0, 14, 14, 60, 138, 198]]
[926, [0, 2, 2, 60, 108, 200]]
[927, [2, 0, 0, 60, 78, 212]]
[928, [0, 14, 14, 60, 48, 240]]
[929, [0, 2, 2, 60, 18, 242]]
[930, [2, 0, 0, 60, 0, 242]]
[931, [0, 14, 14, 60, 0, 240]]
[932, [0, 2, 2, 60, 0, 212]]
[933, [2, 0, 0, 60, 0, 194]]
[934, [0, 14, 14, 60, 0, 192]]
[935, [0, 2, 2, 60, 0, 164]]
[936, [2, 0, 0, 60, 0, 146]]
[937, [0, 14, 14, 60, 0, 144]]
[938, [0, 2, 2, 60, 0, 116]]
[939, [2, 0, 0, 390, 0, 98]]
[940, [0, 14, 14, 246, 144, 96]]
[941, [0, 2, 2, 102, 258, 98]]
[942, [2, 0, 0, 102, 228, 110]]
[943, [0, 14, 14, 102, 198, 138]]
[944, [0, 2, 2, 102, 168, 140]]
[945, [2, 0, 0, 102, 138, 152]]
[946, [0, 14, 14, 102, 108, 180]]
[947, [0, 2, 2, 102, 78, 182]]
[948, [2, 0, 0, 102, 48, 194]]
[949, [0, 14, 14, 102, 18, 222]]
[950, [0, 2, 2, 102, 0, 212]]
[951, [2, 0, 0, 102, 0, 194]]
[952, [0, 14, 14, 102, 0, 192]]
[953, [0, 2, 2, 102, 0, 164]]
[954, [2, 0, 0, 102, 0, 146]]
[955, [0, 14, 14, 102, 0, 144]]
[956, [0, 2, 2, 102, 0, 116]]
[957, [2, 0, 0, 102, 0, 98]]
[958, [0, 14, 14, 102, 0, 96]]
[959, [0, 2, 2, 432, 0, 68]]
[960, [2, 0, 0, 288, 144, 50]]
[961, [0, 14, 14, 144, 258, 78]]
[962, [0, 2, 2, 0, 372, 80]]
[963, [2, 0, 0, 0, 342, 92]]
[964, [0, 14, 14, 0, 312, 120]]
[965, [0, 2, 2, 0, 282, 122]]
[966, [2, 0, 0, 0, 252, 134]]
[967, [0, 14, 14, 0, 222, 162]]
[968, [0, 2, 2, 0, 192, 164]]
[969, [2, 0, 0, 0, 162, 176]]
[970, [0, 14, 14, 0, 132, 204]]
[971, [0, 2, 2, 0, 102, 206]]
[972, [2, 0, 0, 0, 72, 218]]
[973, [0, 14, 14, 0, 42, 246]]
[974, [0, 2, 2, 0, 12, 248]]
[975, [2, 0, 0, 0, 0, 242]]
[976, [0, 14, 14, 0, 0, 240]]
[977, [0, 2, 2, 0, 0, 212]]
[978, [2, 0, 0, 0, 0, 194]]
[979, [0, 14, 14, 330, 0, 192]]
[980, [0, 2, 2, 186, 144, 164]]
[981, [2, 0, 0, 42, 258, 176]]
[982, [0, 14, 14, 42, 228, 204]]
[983, [0, 2, 2, 42, 198, 206]]
[984, [2, 0, 0, 42, 168, 218]]
[985, [0, 14, 14, 42, 138, 246]]
[986, [0, 2, 2, 42, 108, 248]]
[987, [2, 0, 0, 42, 78, 260]]
[988, [0, 14, 14, 42, 48, 288]]
[989, [0, 2, 2, 42, 18, 290]]
[990, [2, 0, 0, 42, 0, 290]]
[991, [0, 14, 14, 42, 0, 288]]
[992, [0, 2, 2, 42, 0, 260]]
[993, [2, 0, 0, 42, 0, 242]]
[994, [0, 14, 14, 42, 0, 240]]
[995, [0, 2, 2, 42, 0, 212]]
[996, [2, 0, 0, 42, 0, 194]]
[997, [0, 14, 14, 42, 0, 192]]
[998, [0, 2, 2, 42, 0, 164]]
[999, [2, 0, 0, 372, 0, 146]]
[1000, [0, 14, 14, 228, 144, 144]]
[1001, [0, 2, 2, 84, 258, 146]]
[1002, [2, 0, 0, 84, 228, 158]]
[1003, [0, 14, 14, 84, 198, 186]]
[1004, [0, 2, 2, 84, 168, 188]]
[1005, [2, 0, 0, 84, 138, 200]]
[1006, [0, 14, 14, 84, 108, 228]]
[1007, [0, 2, 2, 84, 78, 230]]
[1008, [2, 0, 0, 84, 48, 242]]
[1009, [0, 14, 14, 84, 18, 270]]
[1010, [0, 2, 2, 84, 0, 260]]
[1011, [2, 0, 0, 84, 0, 242]]
[1012, [0, 14, 14, 84, 0, 240]]
[1013, [0, 2, 2, 84, 0, 212]]
[1014, [2, 0, 0, 84, 0, 194]]
[1015, [0, 14, 14, 84, 0, 192]]
[1016, [0, 2, 2, 84, 0, 164]]
[1017, [2, 0, 0, 84, 0, 146]]
[1018, [0, 14, 14, 84, 0, 144]]
[1019, [0, 2, 2, 414, 0, 116]]
[1020, [2, 0, 0, 270, 144, 98]]
[1021, [0, 14, 14, 126, 258, 126]]
[1022, [0, 2, 2, 126, 228, 128]]
[1023, [2, 0, 0, 126, 198, 140]]
[1024, [0, 14, 14, 126, 168, 168]]
[1025, [0, 2, 2, 126, 138, 170]]
[1026, [2, 0, 0, 126, 108, 182]]
[1027, [0, 14, 14, 126, 78, 210]]
[1028, [0, 2, 2, 126, 48, 212]]
[1029, [2, 0, 0, 126, 18, 224]]
[1030, [0, 14, 14, 126, 0, 240]]
[1031, [0, 2, 2, 126, 0, 212]]
[1032, [2, 0, 0, 126, 0, 194]]
[1033, [0, 14, 14, 126, 0, 192]]
[1034, [0, 2, 2, 126, 0, 164]]
[1035, [2, 0, 0, 126, 0, 146]]
[1036, [0, 14, 14, 126, 0, 144]]
[1037, [0, 2, 2, 126, 0, 116]]
[1038, [2, 0, 0, 126, 0, 98]]
[1039, [0, 14, 14, 456, 0, 96]]
[1040, [0, 2, 2, 312, 144, 68]]
[1041, [2, 0, 0, 168, 258, 80]]
[1042, [0, 14, 14, 24, 372, 108]]
[1043, [0, 2, 2, 24, 342, 110]]
[1044, [2, 0, 0, 24, 312, 122]]
[1045, [0, 14, 14, 24, 282, 150]]
[1046, [0, 2, 2, 24, 252, 152]]
[1047, [2, 0, 0, 24, 222, 164]]
[1048, [0, 14, 14, 24, 192, 192]]
[1049, [0, 2, 2, 24, 162, 194]]
[1050, [2, 0, 0, 24, 132, 206]]
[1051, [0, 14, 14, 24, 102, 234]]
[1052, [0, 2, 2, 24, 72, 236]]
[1053, [2, 0, 0, 24, 42, 248]]
[1054, [0, 14, 14, 24, 12, 276]]
[1055, [0, 2, 2, 24, 0, 260]]
[1056, [2, 0, 0, 24, 0, 242]]
[1057, [0, 14, 14, 24, 0, 240]]
[1058, [0, 2, 2, 24, 0, 212]]
[1059, [2, 0, 0, 354, 0, 194]]
[1060, [0, 14, 14, 210, 144, 192]]
[1061, [0, 2, 2, 66, 258, 194]]
[1062, [2, 0, 0, 66, 228, 206]]
[1063, [0, 14, 14, 66, 198, 234]]
[1064, [0, 2, 2, 66, 168, 236]]
[1065, [2, 0, 0, 66, 138, 248]]
[1066, [0, 14, 14, 66, 108, 276]]
[1067, [0, 2, 2, 66, 78, 278]]
[1068, [2, 0, 0, 66, 48, 290]]
[1069, [0, 14, 14, 66, 18, 318]]
[1070, [0, 2, 2, 66, 0, 308]]
[1071, [2, 0, 0, 66, 0, 290]]
[1072, [0, 14, 14, 66, 0, 288]]
[1073, [0, 2, 2, 66, 0, 260]]
[1074, [2, 0, 0, 66, 0, 242]]
[1075, [0, 14, 14, 66, 0, 240]]
[1076, [0, 2, 2, 66, 0, 212]]
[1077, [2, 0, 0, 66, 0, 194]]
[1078, [0, 14, 14, 66, 0, 192]]
[1079, [0, 2, 2, 396, 0, 164]]
[1080, [2, 0, 0, 252, 144, 146]]
[1081, [0, 14, 14, 108, 258, 174]]
[1082, [0, 2, 2, 108, 228, 176]]
[1083, [2, 0, 0, 108, 198, 188]]
[1084, [0, 14, 14, 108, 168, 216]]
[1085, [0, 2, 2, 108, 138, 218]]
[1086, [2, 0, 0, 108, 108, 230]]
[1087, [0, 14, 14, 108, 78, 258]]
[1088, [0, 2, 2, 108, 48, 260]]
[1089, [2, 0, 0, 108, 18, 272]]
[1090, [0, 14, 14, 108, 0, 288]]
[1091, [0, 2, 2, 108, 0, 260]]
[1092, [2, 0, 0, 108, 0, 242]]
[1093, [0, 14, 14, 108, 0, 240]]
[1094, [0, 2, 2, 108, 0, 212]]
[1095, [2, 0, 0, 108, 0, 194]]
[1096, [0, 14, 14, 108, 0, 192]]
[1097, [0, 2, 2, 108, 0, 164]]
[1098, [2, 0, 0, 108, 0, 146]]
[1099, [0, 14, 14, 438, 0, 144]]
[1100, [0, 2, 2, 294, 144, 116]]
[1101, [2, 0, 0, 150, 258, 128]]
[1102, [0, 14, 14, 6, 372, 156]]
[1103, [0, 2, 2, 6, 342, 158]]
[1104, [2, 0, 0, 6, 312, 170]]
[1105, [0, 14, 14, 6, 282, 198]]
[1106, [0, 2, 2, 6, 252, 200]]
[1107, [2, 0, 0, 6, 222, 212]]
[1108, [0, 14, 14, 6, 192, 240]]
[1109, [0, 2, 2, 6, 162, 242]]
[1110, [2, 0, 0, 6, 132, 254]]
[1111, [0, 14, 14, 6, 102, 282]]
[1112, [0, 2, 2, 6, 72, 284]]
[1113, [2, 0, 0, 6, 42, 296]]
[1114, [0, 14, 14, 6, 12, 324]]
[1115, [0, 2, 2, 6, 0, 308]]
[1116, [2, 0, 0, 6, 0, 290]]
[1117, [0, 14, 14, 6, 0, 288]]
[1118, [0, 2, 2, 6, 0, 260]]
[1119, [2, 0, 0, 336, 0, 242]]
[1120, [0, 14, 14, 192, 144, 240]]
[1121, [0, 2, 2, 48, 258, 242]]
[1122, [2, 0, 0, 48, 228, 254]]
[1123, [0, 14, 14, 48, 198, 282]]
[1124, [0, 2, 2, 48, 168, 284]]
[1125, [2, 0, 0, 48, 138, 296]]
[1126, [0, 14, 14, 48, 108, 324]]
[1127, [0, 2, 2, 48, 78, 326]]
[1128, [2, 0, 0, 48, 48, 338]]
[1129, [0, 14, 14, 48, 18, 366]]
[1130, [0, 2, 2, 48, 0, 356]]
[1131, [2, 0, 0, 48, 0, 338]]
[1132, [0, 14, 14, 48, 0, 336]]
[1133, [0, 2, 2, 48, 0, 308]]
[1134, [2, 0, 0, 48, 0, 290]]
[1135, [0, 14, 14, 48, 0, 288]]
[1136, [0, 2, 2, 48, 0, 260]]
[1137, [2, 0, 0, 48, 0, 242]]
[1138, [0, 14, 14, 48, 0, 240]]
[1139, [0, 2, 2, 378, 0, 212]]
[1140, [2, 0, 0, 234, 144, 194]]
[1141, [0, 14, 14, 90, 258, 222]]
[1142, [0, 2, 2, 90, 228, 224]]
[1143, [2, 0, 0, 90, 198, 236]]
[1144, [0, 14, 14, 90, 168, 264]]
[1145, [0, 2, 2, 90, 138, 266]]
[1146, [2, 0, 0, 90, 108, 278]]
[1147, [0, 14, 14, 90, 78, 306]]
[1148, [0, 2, 2, 90, 48, 308]]
[1149, [2, 0, 0, 90, 18, 320]]
[1150, [0, 14, 14, 90, 0, 336]]
[1151, [0, 2, 2, 90, 0, 308]]
[1152, [2, 0, 0, 90, 0, 290]]
[1153, [0, 14, 14, 90, 0, 288]]
[1154, [0, 2, 2, 90, 0, 260]]
[1155, [2, 0, 0, 90, 0, 242]]
[1156, [0, 14, 14, 90, 0, 240]]
[1157, [0, 2, 2, 90, 0, 212]]
[1158, [2, 0, 0, 90, 0, 194]]
[1159, [0, 14, 14, 420, 0, 192]]
[1160, [0, 2, 2, 276, 144, 164]]
[1161, [2, 0, 0, 132, 258, 176]]
[1162, [0, 14, 14, 132, 228, 204]]
[1163, [0, 2, 2, 132, 198, 206]]
[1164, [2, 0, 0, 132, 168, 218]]
[1165, [0, 14, 14, 132, 138, 246]]
[1166, [0, 2, 2, 132, 108, 248]]
[1167, [2, 0, 0, 132, 78, 260]]
[1168, [0, 14, 14, 132, 48, 288]]
[1169, [0, 2, 2, 132, 18, 290]]
[1170, [2, 0, 0, 132, 0, 290]]
[1171, [0, 14, 14, 132, 0, 288]]
[1172, [0, 2, 2, 132, 0, 260]]
[1173, [2, 0, 0, 132, 0, 242]]
[1174, [0, 14, 14, 132, 0, 240]]
[1175, [0, 2, 2, 132, 0, 212]]
[1176, [2, 0, 0, 132, 0, 194]]
[1177, [0, 14, 14, 132, 0, 192]]
[1178, [0, 2, 2, 132, 0, 164]]
[1179, [2, 0, 0, 462, 0, 146]]
[1180, [0, 14, 14, 318, 144, 144]]
[1181, [0, 2, 2, 174, 258, 146]]
[1182, [2, 0, 0, 30, 372, 158]]
[1183, [0, 14, 14, 30, 342, 186]]
[1184, [0, 2, 2, 30, 312, 188]]
[1185, [2, 0, 0, 30, 282, 200]]
[1186, [0, 14, 14, 30, 252, 228]]
[1187, [0, 2, 2, 30, 222, 230]]
[1188, [2, 0, 0, 30, 192, 242]]
[1189, [0, 14, 14, 30, 162, 270]]
[1190, [0, 2, 2, 30, 132, 272]]
[1191, [2, 0, 0, 30, 102, 284]]
[1192, [0, 14, 14, 30, 72, 312]]
[1193, [0, 2, 2, 30, 42, 314]]
[1194, [2, 0, 0, 30, 12, 326]]
[1195, [0, 14, 14, 30, 0, 336]]
[1196, [0, 2, 2, 30, 0, 308]]
[1197, [2, 0, 0, 30, 0, 290]]
[1198, [0, 14, 14, 30, 0, 288]]
[1199, [0, 2, 2, 360, 0, 260]]
[1200, [2, 0, 0, 216, 144, 242]]
[1201, [0, 14, 14, 72, 258, 270]]
[1202, [0, 2, 2, 72, 228, 272]]
[1203, [2, 0, 0, 72, 198, 284]]
[1204, [0, 14, 14, 72, 168, 312]]
[1205, [0, 2, 2, 72, 138, 314]]
[1206, [2, 0, 0, 72, 108, 326]]
[1207, [0, 14, 14, 72, 78, 354]]
[1208, [0, 2, 2, 72, 48, 356]]
[1209, [2, 0, 0, 72, 18, 368]]
[1210, [0, 14, 14, 72, 0, 384]]
[1211, [0, 2, 2, 72, 0, 356]]
[1212, [2, 0, 0, 72, 0, 338]]
[1213, [0, 14, 14, 72, 0, 336]]
[1214, [0, 2, 2, 72, 0, 308]]
[1215, [2, 0, 0, 72, 0, 290]]
[1216, [0, 14, 14, 72, 0, 288]]
[1217, [0, 2, 2, 72, 0, 260]]
[1218, [2, 0, 0, 72, 0, 242]]
[1219, [0, 14, 14, 402, 0, 240]]
[1220, [0, 2, 2, 258, 144, 212]]
[1221, [2, 0, 0, 114, 258, 224]]
[1222, [0, 14, 14, 114, 228, 252]]
[1223, [0, 2, 2, 114, 198, 254]]
[1224, [2, 0, 0, 114, 168, 266]]
[1225, [0, 14, 14, 114, 138, 294]]
[1226, [0, 2, 2, 114, 108, 296]]
[1227, [2, 0, 0, 114, 78, 308]]
[1228, [0, 14, 14, 114, 48, 336]]
[1229, [0, 2, 2, 114, 18, 338]]
[1230, [2, 0, 0, 114, 0, 338]]
[1231, [0, 14, 14, 114, 0, 336]]
[1232, [0, 2, 2, 114, 0, 308]]
[1233, [2, 0, 0, 114, 0, 290]]
[1234, [0, 14, 14, 114, 0, 288]]
[1235, [0, 2, 2, 114, 0, 260]]
[1236, [2, 0, 0, 114, 0, 242]]
[1237, [0, 14, 14, 114, 0, 240]]
[1238, [0, 2, 2, 114, 0, 212]]
[1239, [2, 0, 0, 444, 0, 194]]
[1240, [0, 14, 14, 300, 144, 192]]
[1241, [0, 2, 2, 156, 258, 194]]
[1242, [2, 0, 0, 12, 372, 206]]
[1243, [0, 14, 14, 12, 342, 234]]
[1244, [0, 2, 2, 12, 312, 236]]
[1245, [2, 0, 0, 12, 282, 248]]
[1246, [0, 14, 14, 12, 252, 276]]
[1247, [0, 2, 2, 12, 222, 278]]
[1248, [2, 0, 0, 12, 192, 290]]
[1249, [0, 14, 14, 12, 162, 318]]
[1250, [0, 2, 2, 12, 132, 320]]
[1251, [2, 0, 0, 12, 102, 332]]
[1252, [0, 14, 14, 12, 72, 360]]
[1253, [0, 2, 2, 12, 42, 362]]
[1254, [2, 0, 0, 12, 12, 374]]
[1255, [0, 14, 14, 12, 0, 384]]
[1256, [0, 2, 2, 12, 0, 356]]
[1257, [2, 0, 0, 12, 0, 338]]
[1258, [0, 14, 14, 12, 0, 336]]
[1259, [0, 2, 2, 342, 0, 308]]
[1260, [2, 0, 0, 198, 144, 290]]
[1261, [0, 14, 14, 54, 258, 318]]
[1262, [0, 2, 2, 54, 228, 320]]
[1263, [2, 0, 0, 54, 198, 332]]
[1264, [0, 14, 14, 54, 168, 360]]
[1265, [0, 2, 2, 54, 138, 362]]
[1266, [2, 0, 0, 54, 108, 374]]
[1267, [0, 14, 14, 54, 78, 402]]
[1268, [0, 2, 2, 54, 48, 404]]
[1269, [2, 0, 0, 54, 18, 416]]
[1270, [0, 14, 14, 54, 0, 432]]
[1271, [0, 2, 2, 54, 0, 404]]
[1272, [2, 0, 0, 54, 0, 386]]
[1273, [0, 14, 14, 54, 0, 384]]
[1274, [0, 2, 2, 54, 0, 356]]
[1275, [2, 0, 0, 54, 0, 338]]
[1276, [0, 14, 14, 54, 0, 336]]
[1277, [0, 2, 2, 54, 0, 308]]
[1278, [2, 0, 0, 54, 0, 290]]
[1279, [0, 14, 14, 384, 0, 288]]
[1280, [0, 2, 2, 240, 144, 260]]
[1281, [2, 0, 0, 96, 258, 272]]
[1282, [0, 14, 14, 96, 228, 300]]
[1283, [0, 2, 2, 96, 198, 302]]
[1284, [2, 0, 0, 96, 168, 314]]
[1285, [0, 14, 14, 96, 138, 342]]
[1286, [0, 2, 2, 96, 108, 344]]
[1287, [2, 0, 0, 96, 78, 356]]
[1288, [0, 14, 14, 96, 48, 384]]
[1289, [0, 2, 2, 96, 18, 386]]
[1290, [2, 0, 0, 96, 0, 386]]
[1291, [0, 14, 14, 96, 0, 384]]
[1292, [0, 2, 2, 96, 0, 356]]
[1293, [2, 0, 0, 96, 0, 338]]
[1294, [0, 14, 14, 96, 0, 336]]
[1295, [0, 2, 2, 96, 0, 308]]
[1296, [2, 0, 0, 96, 0, 290]]
[1297, [0, 14, 14, 96, 0, 288]]
[1298, [0, 2, 2, 96, 0, 260]]
[1299, [2, 0, 0, 426, 0, 242]]
[1300, [0, 14, 14, 282, 144, 240]]
[1301, [0, 2, 2, 138, 258, 242]]
[1302, [2, 0, 0, 138, 228, 254]]
[1303, [0, 14, 14, 138, 198, 282]]
[1304, [0, 2, 2, 138, 168, 284]]
[1305, [2, 0, 0, 138, 138, 296]]
[1306, [0, 14, 14, 138, 108, 324]]
[1307, [0, 2, 2, 138, 78, 326]]
[1308, [2, 0, 0, 138, 48, 338]]
[1309, [0, 14, 14, 138, 18, 366]]
[1310, [0, 2, 2, 138, 0, 356]]
[1311, [2, 0, 0, 138, 0, 338]]
[1312, [0, 14, 14, 138, 0, 336]]
[1313, [0, 2, 2, 138, 0, 308]]
[1314, [2, 0, 0, 138, 0, 290]]
[1315, [0, 14, 14, 138, 0, 288]]
[1316, [0, 2, 2, 138, 0, 260]]
[1317, [2, 0, 0, 138, 0, 242]]
[1318, [0, 14, 14, 138, 0, 240]]
[1319, [0, 2, 2, 468, 0, 212]]
[1320, [2, 0, 0, 324, 144, 194]]
[1321, [0, 14, 14, 180, 258, 222]]
[1322, [0, 2, 2, 36, 372, 224]]
[1323, [2, 0, 0, 36, 342, 236]]
[1324, [0, 14, 14, 36, 312, 264]]
[1325, [0, 2, 2, 36, 282, 266]]
[1326, [2, 0, 0, 36, 252, 278]]
[1327, [0, 14, 14, 36, 222, 306]]
[1328, [0, 2, 2, 36, 192, 308]]
[1329, [2, 0, 0, 36, 162, 320]]
[1330, [0, 14, 14, 36, 132, 348]]
[1331, [0, 2, 2, 36, 102, 350]]
[1332, [2, 0, 0, 36, 72, 362]]
[1333, [0, 14, 14, 36, 42, 390]]
[1334, [0, 2, 2, 36, 12, 392]]
[1335, [2, 0, 0, 36, 0, 386]]
[1336, [0, 14, 14, 36, 0, 384]]
[1337, [0, 2, 2, 36, 0, 356]]
[1338, [2, 0, 0, 36, 0, 338]]
[1339, [0, 14, 14, 366, 0, 336]]
[1340, [0, 2, 2, 222, 144, 308]]
[1341, [2, 0, 0, 78, 258, 320]]
[1342, [0, 14, 14, 78, 228, 348]]
[1343, [0, 2, 2, 78, 198, 350]]
[1344, [2, 0, 0, 78, 168, 362]]
[1345, [0, 14, 14, 78, 138, 390]]
[1346, [0, 2, 2, 78, 108, 392]]
[1347, [2, 0, 0, 78, 78, 404]]
[1348, [0, 14, 14, 78, 48, 432]]
[1349, [0, 2, 2, 78, 18, 434]]
[1350, [2, 0, 0, 78, 0, 434]]
[1351, [0, 14, 14, 78, 0, 432]]
[1352, [0, 2, 2, 78, 0, 404]]
[1353, [2, 0, 0, 78, 0, 386]]
[1354, [0, 14, 14, 78, 0, 384]]
[1355, [0, 2, 2, 78, 0, 356]]
[1356, [2, 0, 0, 78, 0, 338]]
[1357, [0, 14, 14, 78, 0, 336]]
[1358, [0, 2, 2, 78, 0, 308]]
[1359, [2, 0, 0, 408, 0, 290]]
[1360, [0, 14, 14, 264, 144, 288]]
[1361, [0, 2, 2, 120, 258, 290]]
[1362, [2, 0, 0, 120, 228, 302]]
[1363, [0, 14, 14, 120, 198, 330]]
[1364, [0, 2, 2, 120, 168, 332]]
[1365, [2, 0, 0, 120, 138, 344]]
[1366, [0, 14, 14, 120, 108, 372]]
[1367, [0, 2, 2, 120, 78, 374]]
[1368, [2, 0, 0, 120, 48, 386]]
[1369, [0, 14, 14, 120, 18, 414]]
[1370, [0, 2, 2, 120, 0, 404]]
[1371, [2, 0, 0, 120, 0, 386]]
[1372, [0, 14, 14, 120, 0, 384]]
[1373, [0, 2, 2, 120, 0, 356]]
[1374, [2, 0, 0, 120, 0, 338]]
[1375, [0, 14, 14, 120, 0, 336]]
[1376, [0, 2, 2, 120, 0, 308]]
[1377, [2, 0, 0, 120, 0, 290]]
[1378, [0, 14, 14, 120, 0, 288]]
[1379, [0, 2, 2, 450, 0, 260]]
[1380, [2, 0, 0, 306, 144, 242]]
[1381, [0, 14, 14, 162, 258, 270]]
[1382, [0, 2, 2, 18, 372, 272]]
[1383, [2, 0, 0, 18, 342, 284]]
[1384, [0, 14, 14, 18, 312, 312]]
[1385, [0, 2, 2, 18, 282, 314]]
[1386, [2, 0, 0, 18, 252, 326]]
[1387, [0, 14, 14, 18, 222, 354]]
[1388, [0, 2, 2, 18, 192, 356]]
[1389, [2, 0, 0, 18, 162, 368]]
[1390, [0, 14, 14, 18, 132, 396]]
[1391, [0, 2, 2, 18, 102, 398]]
[1392, [2, 0, 0, 18, 72, 410]]
[1393, [0, 14, 14, 18, 42, 438]]
[1394, [0, 2, 2, 18, 12, 440]]
[1395, [2, 0, 0, 18, 0, 434]]
[1396, [0, 14, 14, 18, 0, 432]]
[1397, [0, 2, 2, 18, 0, 404]]
[1398, [2, 0, 0, 18, 0, 386]]
[1399, [0, 14, 14, 348, 0, 384]]
[1400, [0, 2, 2, 204, 144, 356]]
[1401, [2, 0, 0, 60, 258, 368]]
[1402, [0, 14, 14, 60, 228, 396]]
[1403, [0, 2, 2, 60, 198, 398]]
[1404, [2, 0, 0, 60, 168, 410]]
[1405, [0, 14, 14, 60, 138, 438]]
[1406, [0, 2, 2, 60, 108, 440]]
[1407, [2, 0, 0, 60, 78, 452]]
[1408, [0, 14, 14, 60, 48, 480]]
[1409, [0, 2, 2, 60, 18, 470]]
[1410, [2, 0, 0, 60, 0, 479]]
[1411, [0, 14, 14, 60, 0, 480]]
[1412, [0, 2, 2, 60, 0, 452]]
[1413, [2, 0, 0, 60, 0, 434]]
[1414, [0, 14, 14, 60, 0, 432]]
[1415, [0, 2, 2, 60, 0, 404]]
[1416, [2, 0, 0, 60, 0, 386]]
[1417, [0, 14, 14, 60, 0, 384]]
[1418, [0, 2, 2, 60, 0, 356]]
[1419, [2, 0, 0, 390, 0, 338]]
[1420, [0, 14, 14, 246, 144, 336]]
[1421, [0, 2, 2, 102, 258, 338]]
[1422, [2, 0, 0, 102, 228, 350]]
[1423, [0, 14, 14, 102, 198, 378]]
[1424, [0, 2, 2, 102, 168, 380]]
[1425, [2, 0, 0, 102, 138, 392]]
[1426, [0, 14, 14, 102, 108, 420]]
[1427, [0, 2, 2, 102, 78, 422]]
[1428, [2, 0, 0, 102, 48, 434]]
[1429, [0, 14, 14, 102, 18, 462]]
[1430, [0, 2, 2, 102, 0, 452]]
[1431, [2, 0, 0, 102, 0, 434]]
[1432, [0, 14, 14, 102, 0, 432]]
[1433, [0, 2, 2, 102, 0, 404]]
[1434, [2, 0, 0, 102, 0, 386]]
[1435, [0, 14, 14, 102, 0, 384]]
[1436, [0, 2, 2, 102, 0, 356]]
[1437, [2, 0, 0, 102, 0, 338]]
[1438, [0, 14, 14, 102, 0, 336]]
[1439, [0, 2, 2, 432, 0, 308]]
