SimulationV011.py[0, [0, 16, 16, 0, 0, 0]]
[1, [0, 32, 32, 0, 0, 0]]
[2, [48, 48, 48, 0, 0, 0]]
[3, [48, 64, 64, 0, 0, 0]]
[4, [48, 80, 80, 0, 0, 0]]
[5, [96, 96, 96, 0, 0, 0]]
[6, [96, 112, 112, 0, 0, 0]]
[7, [96, 128, 128, 0, 0, 0]]
[8, [144, 144, 144, 0, 0, 0]]
[9, [144, 160, 160, 0, 0, 0]]
[10, [144, 176, 176, 0, 0, 0]]
[11, [192, 192, 192, 0, 0, 0]]
[12, [192, 196, 194, 0, 0, 0]]
[14, [208, 196, 194, 0, 0, 0]]
[19, [208, 196, 194, 165, 0, 0]]
[20, [208, 196, 194, 171, 144, 0]]
[21, [178, 166, 164, 42, 114, 0]]
[22, [176, 152, 150, 42, 84, 0]]
[23, [150, 138, 136, 42, 54, 0]]
[24, [136, 124, 122, 42, 168, 0]]
[25, [134, 110, 108, 42, 138, 0]]
[26, [108, 96, 94, 42, 108, 0]]
[27, [94, 82, 80, 42, 78, 0]]
[28, [92, 68, 66, 42, 48, 0]]
[29, [66, 54, 52, 42, 18, 0]]
[30, [64, 52, 50, 42, 0, 0]]
[31, [92, 68, 66, 42, 0, 0]]
[32, [96, 84, 82, 42, 0, 0]]
[33, [112, 100, 98, 42, 0, 0]]
[34, [140, 116, 114, 42, 0, 0]]
[35, [144, 132, 130, 42, 0, 0]]
[36, [160, 148, 146, 42, 0, 0]]
[37, [188, 164, 162, 42, 0, 0]]
[38, [192, 180, 178, 42, 0, 0]]
[39, [208, 196, 194, 162, 0, 0]]
[40, [208, 196, 194, 63, 144, 0]]
[41, [178, 166, 164, 168, 114, 0]]
[42, [148, 152, 150, 69, 84, 0]]
[43, [146, 138, 136, 84, 54, 0]]
[44, [136, 124, 122, 84, 168, 0]]
[45, [106, 110, 108, 84, 138, 0]]
[46, [104, 96, 94, 84, 108, 0]]
[47, [94, 82, 80, 84, 78, 0]]
[48, [64, 68, 66, 84, 48, 0]]
[49, [62, 54, 52, 84, 18, 0]]
[50, [64, 52, 50, 84, 0, 0]]
[51, [64, 68, 66, 84, 0, 0]]
[52, [92, 84, 82, 84, 0, 0]]
[53, [112, 100, 98, 84, 0, 0]]
[54, [112, 116, 114, 84, 0, 0]]
[55, [140, 132, 130, 84, 0, 0]]
[56, [160, 148, 146, 84, 0, 0]]
[57, [160, 164, 162, 84, 0, 0]]
[58, [188, 180, 178, 84, 0, 0]]
[59, [208, 196, 194, 174, 0, 0]]
[60, [208, 196, 194, 60, 144, 0]]
[61, [178, 166, 164, 105, 114, 0]]
[62, [148, 152, 150, 165, 84, 0]]
[63, [146, 138, 136, 66, 54, 0]]
[64, [136, 124, 122, 111, 168, 0]]
[65, [106, 110, 108, 126, 138, 0]]
[66, [104, 96, 94, 126, 108, 0]]
[67, [94, 82, 80, 126, 78, 0]]
[68, [64, 68, 66, 126, 48, 0]]
[69, [62, 54, 52, 126, 18, 0]]
[70, [64, 52, 50, 126, 0, 0]]
[71, [64, 68, 66, 126, 0, 0]]
[72, [92, 84, 82, 126, 0, 0]]
[73, [112, 100, 98, 126, 0, 0]]
[74, [112, 116, 114, 126, 0, 0]]
[75, [140, 132, 130, 126, 0, 0]]
[76, [160, 148, 146, 126, 0, 0]]
[77, [160, 164, 162, 126, 0, 0]]
[78, [188, 180, 178, 126, 0, 0]]
[79, [208, 196, 194, 171, 0, 0]]
[80, [208, 196, 194, 72, 144, 0]]
[81, [178, 166, 164, 102, 114, 0]]
[82, [148, 152, 150, 147, 84, 0]]
[83, [146, 138, 136, 63, 54, 0]]
[84, [136, 124, 122, 108, 168, 0]]
[85, [106, 110, 108, 153, 138, 0]]
[86, [104, 96, 94, 24, 108, 0]]
[87, [94, 82, 80, 24, 78, 0]]
[88, [64, 68, 66, 24, 48, 0]]
[89, [62, 54, 52, 24, 162, 0]]
[90, [52, 40, 38, 24, 132, 0]]
[91, [22, 26, 24, 24, 102, 0]]
[92, [20, 12, 10, 24, 72, 0]]
[93, [14, 2, 0, 24, 42, 4]]
[94, [0, 4, 2, 24, 12, 20]]
[95, [10, 2, 0, 24, 0, 14]]
[96, [16, 4, 2, 24, 0, 0]]
[97, [16, 20, 18, 24, 0, 0]]
[98, [44, 36, 34, 24, 0, 0]]
[99, [64, 52, 50, 69, 0, 0]]
[100, [64, 68, 66, 114, 0, 0]]
[101, [92, 84, 82, 144, 0, 0]]
[102, [112, 100, 98, 45, 144, 0]]
[103, [82, 86, 84, 105, 114, 0]]
[104, [80, 72, 70, 150, 84, 0]]
[105, [70, 58, 56, 51, 54, 0]]
[106, [40, 44, 42, 66, 168, 0]]
[107, [38, 30, 28, 66, 138, 0]]
[108, [28, 16, 14, 66, 108, 0]]
[109, [0, 4, 2, 66, 78, 2]]
[110, [10, 2, 0, 66, 48, 14]]
[111, [14, 2, 0, 66, 18, 28]]
[112, [0, 4, 2, 66, 0, 32]]
[113, [10, 2, 0, 66, 0, 14]]
[114, [16, 4, 2, 66, 0, 0]]
[115, [16, 20, 18, 66, 0, 0]]
[116, [44, 36, 34, 66, 0, 0]]
[117, [64, 52, 50, 66, 0, 0]]
[118, [64, 68, 66, 66, 0, 0]]
[119, [92, 84, 82, 111, 0, 0]]
[120, [112, 100, 98, 156, 0, 0]]
[121, [112, 116, 114, 42, 144, 0]]
[122, [110, 102, 100, 87, 114, 0]]
[123, [100, 88, 86, 147, 84, 0]]
[124, [70, 74, 72, 48, 54, 0]]
[125, [96, 88, 86, 93, 168, 28]]
[126, [116, 104, 102, 108, 138, 58]]
[127, [116, 120, 118, 108, 108, 88]]
[128, [144, 136, 134, 108, 78, 118]]
[129, [150, 138, 136, 108, 48, 134]]
[130, [140, 144, 142, 108, 18, 154]]
[131, [150, 142, 140, 108, 0, 154]]
[132, [162, 150, 148, 108, 0, 146]]
[133, [156, 160, 158, 108, 0, 140]]
[134, [184, 176, 174, 108, 0, 140]]
[135, [202, 190, 188, 108, 0, 138]]
[136, [190, 184, 182, 108, 0, 126]]
[137, [196, 186, 184, 108, 0, 116]]
[138, [202, 190, 188, 108, 0, 110]]
[139, [190, 180, 178, 153, 0, 94]]
[140, [194, 188, 186, 54, 144, 86]]
[141, [200, 190, 188, 84, 114, 110]]
[142, [190, 182, 180, 129, 84, 126]]
[143, [184, 174, 172, 174, 54, 134]]
[144, [182, 172, 170, 45, 168, 146]]
[145, [186, 180, 178, 90, 138, 168]]
[146, [178, 168, 166, 135, 108, 146]]
[147, [168, 158, 156, 150, 102, 150]]
[148, [154, 148, 146, 6, 72, 148]]
[149, [150, 140, 138, 6, 48, 151]]
[150, [124, 114, 112, 6, 165, 133]]
[151, [96, 90, 88, 6, 141, 123]]
[152, [106, 96, 94, 6, 111, 143]]
[153, [86, 76, 74, 6, 81, 137]]
[154, [70, 64, 62, 6, 51, 139]]
[155, [64, 54, 52, 6, 21, 143]]
[156, [56, 46, 44, 6, 0, 140]]
[157, [26, 20, 18, 6, 0, 98]]
[158, [12, 2, 0, 6, 0, 64]]
[159, [12, 2, 0, 51, 0, 48]]
[160, [8, 2, 0, 96, 0, 32]]
[161, [12, 2, 0, 126, 0, 16]]
[162, [12, 2, 0, 171, 0, 0]]
[163, [24, 18, 16, 27, 144, 0]]
[164, [14, 4, 2, 72, 114, 0]]
[165, [12, 2, 0, 87, 84, 12]]
[166, [8, 2, 0, 132, 54, 26]]
[167, [12, 2, 0, 162, 24, 40]]
[168, [12, 2, 0, 33, 144, 48]]
[169, [8, 2, 0, 48, 114, 62]]
[170, [12, 2, 0, 48, 84, 76]]
[171, [12, 2, 0, 48, 54, 90]]
[172, [8, 2, 0, 48, 24, 104]]
[173, [12, 2, 0, 48, 0, 112]]
[174, [12, 2, 0, 48, 0, 96]]
[175, [8, 2, 0, 48, 0, 80]]
[176, [12, 2, 0, 48, 0, 64]]
[177, [12, 2, 0, 48, 0, 48]]
[178, [8, 2, 0, 48, 0, 32]]
[179, [12, 2, 0, 93, 0, 16]]
[180, [12, 2, 0, 138, 0, 0]]
[181, [24, 18, 16, 168, 0, 0]]
[182, [44, 34, 32, 24, 144, 0]]
[183, [30, 20, 18, 69, 114, 0]]
[184, [12, 6, 4, 69, 84, 0]]
[185, [12, 2, 0, 114, 54, 10]]
[186, [12, 2, 0, 129, 24, 24]]
[187, [8, 2, 0, 174, 0, 32]]
[188, [12, 2, 0, 30, 144, 16]]
[189, [12, 2, 0, 60, 114, 30]]
[190, [8, 2, 0, 75, 84, 44]]
[191, [12, 2, 0, 90, 54, 58]]
[192, [12, 2, 0, 90, 24, 72]]
[193, [8, 2, 0, 90, 0, 80]]
[194, [12, 2, 0, 90, 0, 64]]
[195, [12, 2, 0, 90, 0, 48]]
[196, [8, 2, 0, 90, 0, 32]]
[197, [12, 2, 0, 90, 0, 16]]
[198, [12, 2, 0, 90, 0, 0]]
[199, [24, 18, 16, 135, 0, 0]]
[200, [44, 34, 32, 165, 0, 0]]
[201, [60, 50, 48, 36, 144, 0]]
[202, [42, 36, 34, 66, 114, 0]]
[203, [32, 22, 20, 66, 84, 0]]
[204, [18, 8, 6, 111, 54, 0]]
[205, [8, 2, 0, 111, 24, 8]]
[206, [12, 2, 0, 156, 0, 16]]
[207, [12, 2, 0, 27, 144, 0]]
[208, [8, 2, 0, 72, 114, 14]]
[209, [12, 2, 0, 72, 84, 28]]
[210, [12, 2, 0, 102, 54, 42]]
[211, [8, 2, 0, 117, 24, 56]]
[212, [12, 2, 0, 132, 0, 64]]
[213, [12, 2, 0, 132, 0, 48]]
[214, [8, 2, 0, 132, 0, 32]]
[215, [12, 2, 0, 132, 0, 16]]
[216, [12, 2, 0, 132, 0, 0]]
[217, [24, 18, 16, 132, 0, 0]]
[218, [44, 34, 32, 132, 0, 0]]
[219, [60, 50, 48, 162, 0, 0]]
[220, [72, 66, 64, 33, 144, 0]]
[221, [62, 52, 50, 63, 114, 0]]
[222, [48, 38, 36, 78, 84, 0]]
[223, [30, 24, 22, 108, 54, 0]]
[224, [20, 10, 8, 108, 24, 0]]
[225, [12, 2, 0, 153, 0, 0]]
[226, [24, 18, 16, 9, 144, 0]]
[227, [14, 4, 2, 54, 114, 0]]
[228, [12, 2, 0, 69, 84, 12]]
[229, [8, 2, 0, 114, 54, 26]]
[230, [12, 2, 0, 114, 24, 40]]
[231, [12, 2, 0, 144, 0, 48]]
[232, [8, 2, 0, 15, 144, 32]]
[233, [12, 2, 0, 30, 114, 46]]
[234, [12, 2, 0, 30, 84, 60]]
[235, [8, 2, 0, 30, 54, 74]]
[236, [12, 2, 0, 30, 24, 88]]
[237, [12, 2, 0, 30, 0, 96]]
[238, [8, 2, 0, 30, 0, 80]]
[239, [12, 2, 0, 60, 0, 64]]
[240, [12, 2, 0, 75, 0, 48]]
[241, [8, 2, 0, 105, 0, 32]]
[242, [12, 2, 0, 120, 0, 16]]
[243, [12, 2, 0, 150, 0, 0]]
[244, [24, 18, 16, 6, 144, 0]]
[245, [14, 4, 2, 51, 114, 0]]
[246, [12, 2, 0, 51, 84, 12]]
[247, [8, 2, 0, 96, 54, 26]]
[248, [12, 2, 0, 111, 24, 40]]
[249, [12, 2, 0, 156, 0, 48]]
[250, [8, 2, 0, 12, 144, 32]]
[251, [12, 2, 0, 42, 114, 46]]
[252, [12, 2, 0, 57, 84, 60]]
[253, [8, 2, 0, 72, 54, 74]]
[254, [12, 2, 0, 72, 24, 88]]
[255, [12, 2, 0, 72, 0, 96]]
[256, [8, 2, 0, 72, 0, 80]]
[257, [12, 2, 0, 72, 0, 64]]
[258, [12, 2, 0, 72, 0, 48]]
[259, [8, 2, 0, 102, 0, 32]]
[260, [12, 2, 0, 117, 0, 16]]
[261, [12, 2, 0, 147, 0, 0]]
[262, [24, 18, 16, 18, 144, 0]]
[263, [14, 4, 2, 48, 114, 0]]
[264, [12, 2, 0, 48, 84, 12]]
[265, [8, 2, 0, 93, 54, 26]]
[266, [12, 2, 0, 93, 24, 40]]
[267, [12, 2, 0, 138, 0, 48]]
[268, [8, 2, 0, 153, 0, 32]]
[269, [12, 2, 0, 54, 144, 16]]
[270, [12, 2, 0, 54, 114, 30]]
[271, [8, 2, 0, 84, 84, 44]]
[272, [12, 2, 0, 99, 54, 58]]
[273, [12, 2, 0, 114, 24, 72]]
[274, [8, 2, 0, 114, 0, 80]]
[275, [12, 2, 0, 114, 0, 64]]
[276, [12, 2, 0, 114, 0, 48]]
[277, [16, 10, 8, 114, 0, 40]]
[278, [26, 16, 14, 114, 0, 30]]
[279, [24, 14, 12, 144, 0, 12]]
[280, [24, 18, 16, 15, 144, 0]]
[281, [28, 18, 16, 45, 114, 14]]
[282, [34, 24, 22, 60, 84, 34]]
[283, [30, 24, 22, 90, 54, 48]]
[284, [46, 36, 34, 90, 24, 74]]
[285, [48, 38, 36, 135, 0, 84]]
[286, [48, 42, 40, 135, 0, 72]]
[287, [54, 44, 42, 165, 0, 58]]
[288, [58, 48, 46, 36, 144, 46]]
[289, [56, 50, 48, 51, 114, 62]]
[290, [52, 42, 40, 96, 84, 68]]
[291, [58, 48, 46, 96, 54, 88]]
[292, [52, 46, 44, 126, 24, 100]]
[293, [58, 48, 46, 141, 0, 110]]
[294, [58, 48, 46, 156, 0, 94]]
[295, [52, 46, 44, 12, 144, 76]]
[296, [44, 34, 32, 12, 114, 78]]
[297, [26, 16, 14, 12, 84, 74]]
[298, [22, 16, 14, 12, 54, 88]]
[299, [12, 2, 0, 42, 24, 88]]
[300, [12, 2, 0, 57, 0, 96]]
[301, [8, 2, 0, 87, 0, 80]]
[302, [12, 2, 0, 102, 0, 64]]
[303, [12, 2, 0, 132, 0, 48]]
[304, [8, 2, 0, 132, 0, 32]]
[305, [12, 2, 0, 162, 0, 16]]
[306, [12, 2, 0, 33, 144, 0]]
[307, [8, 2, 0, 33, 114, 14]]
[308, [12, 2, 0, 63, 84, 28]]
[309, [12, 2, 0, 78, 54, 42]]
[310, [8, 2, 0, 93, 24, 56]]
[311, [12, 2, 0, 138, 0, 64]]
[312, [12, 2, 0, 138, 0, 48]]
[313, [8, 2, 0, 168, 0, 32]]
[314, [12, 2, 0, 24, 144, 16]]
[315, [12, 2, 0, 39, 114, 30]]
[316, [8, 2, 0, 54, 84, 44]]
[317, [12, 2, 0, 54, 54, 58]]
[318, [12, 2, 0, 54, 24, 72]]
[319, [8, 2, 0, 84, 0, 80]]
[320, [12, 2, 0, 99, 0, 64]]
[321, [12, 2, 0, 129, 0, 48]]
[322, [8, 2, 0, 144, 0, 32]]
[323, [12, 2, 0, 30, 144, 16]]
[324, [12, 2, 0, 30, 114, 30]]
[325, [8, 2, 0, 60, 84, 44]]
[326, [12, 2, 0, 75, 54, 58]]
[327, [12, 2, 0, 75, 24, 72]]
[328, [8, 2, 0, 105, 0, 80]]
[329, [12, 2, 0, 120, 0, 64]]
[330, [12, 2, 0, 135, 0, 48]]
[331, [8, 2, 0, 165, 0, 32]]
[332, [12, 2, 0, 36, 144, 16]]
[333, [12, 2, 0, 36, 114, 30]]
[334, [8, 2, 0, 66, 84, 44]]
[335, [12, 2, 0, 66, 54, 58]]
[336, [12, 2, 0, 81, 24, 72]]
[337, [8, 2, 0, 96, 0, 80]]
[338, [12, 2, 0, 96, 0, 64]]
[339, [12, 2, 0, 126, 0, 48]]
[340, [8, 2, 0, 141, 0, 32]]
[341, [12, 2, 0, 171, 0, 16]]
[342, [12, 2, 0, 27, 144, 0]]
[343, [8, 2, 0, 42, 114, 14]]
[344, [12, 2, 0, 72, 84, 28]]
[345, [12, 2, 0, 72, 54, 42]]
[346, [8, 2, 0, 102, 24, 56]]
[347, [12, 2, 0, 117, 0, 64]]
[348, [12, 2, 0, 117, 0, 48]]
[349, [8, 2, 0, 147, 0, 32]]
[350, [12, 2, 0, 18, 144, 16]]
[351, [12, 2, 0, 33, 114, 30]]
[352, [8, 2, 0, 63, 84, 44]]
[353, [12, 2, 0, 78, 54, 58]]
[354, [12, 2, 0, 78, 24, 72]]
[355, [8, 2, 0, 108, 0, 80]]
[356, [12, 2, 0, 108, 0, 64]]
[357, [12, 2, 0, 123, 0, 48]]
[358, [8, 2, 0, 138, 0, 32]]
[359, [12, 2, 0, 168, 0, 16]]
[360, [12, 2, 0, 24, 144, 0]]
[361, [8, 2, 0, 39, 114, 14]]
[362, [12, 2, 0, 69, 84, 28]]
[363, [12, 2, 0, 69, 54, 42]]
[364, [8, 2, 0, 84, 24, 56]]
[365, [12, 2, 0, 114, 0, 64]]
[366, [12, 2, 0, 114, 0, 48]]
[367, [8, 2, 0, 144, 0, 32]]
[368, [12, 2, 0, 15, 144, 16]]
[369, [12, 2, 0, 15, 114, 30]]
[370, [8, 2, 0, 45, 84, 44]]
[371, [12, 2, 0, 60, 54, 58]]
[372, [12, 2, 0, 75, 24, 72]]
[373, [8, 2, 0, 105, 0, 80]]
[374, [12, 2, 0, 120, 0, 64]]
[375, [12, 2, 0, 120, 0, 48]]
[376, [8, 2, 0, 150, 0, 32]]
[377, [12, 2, 0, 6, 144, 16]]
[378, [12, 2, 0, 21, 114, 30]]
[379, [8, 2, 0, 66, 84, 44]]
[380, [12, 2, 0, 66, 54, 58]]
[381, [12, 2, 0, 81, 24, 72]]
[382, [8, 2, 0, 111, 0, 80]]
[383, [12, 2, 0, 111, 0, 64]]
[384, [12, 2, 0, 126, 0, 48]]
[385, [8, 2, 0, 156, 0, 32]]
[386, [12, 2, 0, 12, 144, 16]]
[387, [12, 2, 0, 42, 114, 30]]
[388, [8, 2, 0, 57, 84, 44]]
[389, [12, 2, 0, 57, 54, 58]]
[390, [12, 2, 0, 87, 24, 72]]
[391, [8, 2, 0, 102, 0, 80]]
[392, [12, 2, 0, 117, 0, 64]]
[393, [12, 2, 0, 147, 0, 48]]
[394, [8, 2, 0, 18, 144, 32]]
[395, [12, 2, 0, 18, 114, 46]]
[396, [12, 2, 0, 48, 84, 60]]
[397, [8, 2, 0, 48, 54, 74]]
[398, [12, 2, 0, 63, 24, 88]]
[399, [12, 2, 0, 108, 0, 96]]
[400, [8, 2, 0, 108, 0, 80]]
[401, [12, 2, 0, 123, 0, 64]]
[402, [12, 2, 0, 153, 0, 48]]
[403, [8, 2, 0, 9, 144, 32]]
[404, [12, 2, 0, 24, 114, 46]]
[405, [12, 2, 0, 54, 84, 60]]
[406, [8, 2, 0, 54, 54, 74]]
[407, [12, 2, 0, 84, 24, 88]]
[408, [12, 2, 0, 99, 0, 96]]
[409, [8, 2, 0, 99, 0, 80]]
[410, [12, 2, 0, 129, 0, 64]]
[411, [12, 2, 0, 144, 0, 48]]
[412, [8, 2, 0, 15, 144, 32]]
[413, [12, 2, 0, 45, 114, 46]]
[414, [12, 2, 0, 60, 84, 60]]
[415, [8, 2, 0, 60, 54, 74]]
[416, [12, 2, 0, 90, 24, 88]]
[417, [12, 2, 0, 90, 0, 96]]
[418, [8, 2, 0, 105, 0, 80]]
[419, [12, 2, 0, 150, 0, 64]]
[420, [12, 2, 0, 6, 144, 48]]
[421, [8, 2, 0, 21, 114, 62]]
[422, [12, 2, 0, 51, 84, 76]]
[423, [12, 2, 0, 51, 54, 90]]
[424, [8, 2, 0, 66, 24, 104]]
[425, [12, 2, 0, 96, 0, 112]]
[426, [12, 2, 0, 96, 0, 96]]
[427, [8, 2, 0, 126, 0, 80]]
[428, [12, 2, 0, 141, 0, 64]]
[429, [12, 2, 0, 141, 0, 48]]
[430, [8, 2, 0, 171, 0, 32]]
[431, [12, 2, 0, 27, 144, 16]]
[432, [12, 2, 0, 42, 114, 30]]
[433, [8, 2, 0, 57, 84, 44]]
[434, [12, 2, 0, 87, 54, 58]]
[435, [12, 2, 0, 102, 24, 72]]
[436, [8, 2, 0, 102, 0, 80]]
[437, [12, 2, 0, 132, 0, 64]]
[438, [12, 2, 0, 132, 0, 48]]
[439, [8, 2, 0, 162, 0, 32]]
[440, [12, 2, 0, 33, 144, 16]]
[441, [12, 2, 0, 48, 114, 30]]
[442, [8, 2, 0, 63, 84, 44]]
[443, [12, 2, 0, 93, 54, 58]]
[444, [12, 2, 0, 93, 24, 72]]
[445, [8, 2, 0, 108, 0, 80]]
[446, [12, 2, 0, 138, 0, 64]]
[447, [12, 2, 0, 138, 0, 48]]
[448, [8, 2, 0, 168, 0, 32]]
[449, [12, 2, 0, 24, 144, 16]]
[450, [12, 2, 0, 39, 114, 30]]
[451, [8, 2, 0, 39, 84, 44]]
[452, [12, 2, 0, 69, 54, 58]]
[453, [12, 2, 0, 69, 24, 72]]
[454, [8, 2, 0, 84, 0, 80]]
[455, [12, 2, 0, 99, 0, 64]]
[456, [12, 2, 0, 129, 0, 48]]
[457, [8, 2, 0, 144, 0, 32]]
[458, [12, 2, 0, 0, 144, 16]]
[459, [12, 2, 0, 60, 114, 30]]
[460, [8, 2, 0, 60, 84, 44]]
[461, [12, 2, 0, 75, 54, 58]]
[462, [12, 2, 0, 105, 24, 72]]
[463, [8, 2, 0, 135, 0, 80]]
[464, [12, 2, 0, 135, 0, 64]]
[465, [12, 2, 0, 150, 0, 48]]
[466, [8, 2, 0, 36, 144, 32]]
[467, [12, 2, 0, 36, 114, 46]]
[468, [12, 2, 0, 66, 84, 60]]
[469, [8, 2, 0, 66, 54, 74]]
[470, [12, 2, 0, 81, 24, 88]]
[471, [12, 2, 0, 81, 0, 96]]
[472, [8, 2, 0, 111, 0, 80]]
[473, [12, 2, 0, 111, 0, 64]]
[474, [12, 2, 0, 126, 0, 48]]
[475, [8, 2, 0, 141, 0, 32]]
[476, [12, 2, 0, 171, 0, 16]]
[477, [12, 2, 0, 27, 144, 0]]
[478, [8, 2, 0, 42, 114, 14]]
[479, [12, 2, 0, 72, 84, 28]]
[480, [12, 2, 0, 102, 54, 42]]
[481, [8, 2, 0, 102, 24, 56]]
[482, [12, 2, 0, 132, 0, 64]]
[483, [12, 2, 0, 162, 0, 48]]
[484, [8, 2, 0, 33, 144, 32]]
[485, [12, 2, 0, 33, 114, 46]]
[486, [12, 2, 0, 48, 84, 60]]
[487, [8, 2, 0, 78, 54, 74]]
[488, [12, 2, 0, 78, 24, 88]]
[489, [12, 2, 0, 108, 0, 96]]
[490, [8, 2, 0, 108, 0, 80]]
[491, [12, 2, 0, 123, 0, 64]]
[492, [12, 2, 0, 123, 0, 48]]
[493, [8, 2, 0, 153, 0, 32]]
[494, [12, 2, 0, 9, 144, 16]]
[495, [12, 2, 0, 24, 114, 30]]
[496, [8, 2, 0, 39, 84, 44]]
[497, [12, 2, 0, 69, 54, 58]]
[498, [12, 2, 0, 69, 24, 72]]
[499, [8, 2, 0, 114, 0, 80]]
[500, [12, 2, 0, 114, 0, 64]]
[501, [12, 2, 0, 144, 0, 48]]
[502, [8, 2, 0, 15, 144, 32]]
[503, [12, 2, 0, 60, 114, 46]]
[504, [12, 2, 0, 75, 84, 60]]
[505, [8, 2, 0, 75, 54, 74]]
[506, [12, 2, 0, 90, 24, 88]]
[507, [12, 2, 0, 120, 0, 96]]
[508, [8, 2, 0, 120, 0, 80]]
[509, [12, 2, 0, 150, 0, 64]]
[510, [12, 2, 0, 6, 144, 48]]
[511, [8, 2, 0, 21, 114, 62]]
[512, [12, 2, 0, 21, 84, 76]]
[513, [12, 2, 0, 51, 54, 90]]
[514, [8, 2, 0, 51, 24, 104]]
[515, [12, 2, 0, 66, 0, 112]]
[516, [12, 2, 0, 81, 0, 96]]
[517, [8, 2, 0, 111, 0, 80]]
[518, [12, 2, 0, 111, 0, 64]]
[519, [12, 2, 0, 156, 0, 48]]
[520, [8, 2, 0, 12, 144, 32]]
[521, [12, 2, 0, 42, 114, 46]]
[522, [12, 2, 0, 57, 84, 60]]
[523, [8, 2, 0, 102, 54, 74]]
[524, [12, 2, 0, 117, 24, 88]]
[525, [12, 2, 0, 117, 0, 96]]
[526, [8, 2, 0, 132, 0, 80]]
[527, [12, 2, 0, 162, 0, 64]]
[528, [12, 2, 0, 18, 144, 48]]
[529, [8, 2, 0, 18, 114, 62]]
[530, [12, 2, 0, 48, 84, 76]]
[531, [12, 2, 0, 48, 54, 90]]
[532, [8, 2, 0, 63, 24, 104]]
[533, [12, 2, 0, 63, 0, 112]]
[534, [12, 2, 0, 93, 0, 96]]
[535, [8, 2, 0, 93, 0, 80]]
[536, [12, 2, 0, 108, 0, 64]]
[537, [12, 2, 0, 123, 0, 48]]
[538, [8, 2, 0, 153, 0, 32]]
[539, [12, 2, 0, 39, 144, 16]]
[540, [12, 2, 0, 54, 114, 30]]
[541, [8, 2, 0, 54, 84, 44]]
[542, [12, 2, 0, 99, 54, 58]]
[543, [12, 2, 0, 129, 24, 72]]
[544, [8, 2, 0, 144, 0, 80]]
[545, [12, 2, 0, 15, 144, 64]]
[546, [12, 2, 0, 30, 114, 78]]
[547, [8, 2, 0, 60, 84, 92]]
[548, [12, 2, 0, 60, 54, 106]]
[549, [12, 2, 0, 60, 24, 120]]
[550, [8, 2, 0, 90, 0, 128]]
[551, [12, 2, 0, 90, 0, 112]]
[552, [12, 2, 0, 105, 0, 96]]
[553, [8, 2, 0, 105, 0, 80]]
[554, [12, 2, 0, 135, 0, 64]]
[555, [12, 2, 0, 135, 0, 48]]
[556, [8, 2, 0, 150, 0, 32]]
[557, [12, 2, 0, 21, 144, 16]]
[558, [12, 2, 0, 51, 114, 30]]
[559, [8, 2, 0, 81, 84, 44]]
[560, [12, 2, 0, 96, 54, 58]]
[561, [12, 2, 0, 96, 24, 72]]
[562, [8, 2, 0, 141, 0, 80]]
[563, [12, 2, 0, 171, 0, 64]]
[564, [12, 2, 0, 27, 144, 48]]
[565, [8, 2, 0, 42, 114, 62]]
[566, [12, 2, 0, 57, 84, 76]]
[567, [12, 2, 0, 72, 54, 90]]
[568, [8, 2, 0, 102, 24, 104]]
[569, [12, 2, 0, 102, 0, 112]]
[570, [12, 2, 0, 102, 0, 96]]
[571, [8, 2, 0, 132, 0, 80]]
[572, [12, 2, 0, 132, 0, 64]]
[573, [12, 2, 0, 147, 0, 48]]
[574, [8, 2, 0, 3, 144, 32]]
[575, [12, 2, 0, 33, 114, 46]]
[576, [12, 2, 0, 33, 84, 60]]
[577, [8, 2, 0, 48, 54, 74]]
[578, [12, 2, 0, 63, 24, 88]]
[579, [12, 2, 0, 123, 0, 96]]
[580, [8, 2, 0, 123, 0, 80]]
[581, [12, 2, 0, 138, 0, 64]]
[582, [12, 2, 0, 153, 0, 48]]
[583, [8, 2, 0, 69, 144, 32]]
[584, [12, 2, 0, 69, 114, 46]]
[585, [12, 2, 0, 84, 84, 60]]
[586, [8, 2, 0, 99, 54, 74]]
[587, [12, 2, 0, 114, 24, 88]]
[588, [12, 2, 0, 144, 0, 96]]
[589, [8, 2, 0, 0, 144, 80]]
[590, [12, 2, 0, 0, 114, 94]]
[591, [12, 2, 0, 30, 84, 108]]
[592, [8, 2, 0, 30, 54, 122]]
[593, [12, 2, 0, 45, 24, 136]]
[594, [12, 2, 0, 45, 0, 144]]
[595, [8, 2, 0, 75, 0, 128]]
[596, [12, 2, 0, 75, 0, 112]]
[597, [12, 2, 0, 90, 0, 96]]
[598, [8, 2, 0, 105, 0, 80]]
[599, [12, 2, 0, 165, 0, 64]]
[600, [12, 2, 0, 21, 144, 48]]
[601, [8, 2, 0, 21, 114, 62]]
[602, [12, 2, 0, 51, 84, 76]]
[603, [12, 2, 0, 81, 54, 90]]
[604, [8, 2, 0, 111, 24, 104]]
[605, [12, 2, 0, 111, 0, 112]]
[606, [12, 2, 0, 126, 0, 96]]
[607, [8, 2, 0, 156, 0, 80]]
[608, [12, 2, 0, 42, 144, 64]]
[609, [12, 2, 0, 42, 114, 78]]
[610, [8, 2, 0, 42, 84, 92]]
[611, [12, 2, 0, 72, 54, 106]]
[612, [12, 2, 0, 72, 24, 120]]
[613, [8, 2, 0, 87, 0, 128]]
[614, [12, 2, 0, 87, 0, 112]]
[615, [12, 2, 0, 117, 0, 96]]
[616, [8, 2, 0, 117, 0, 80]]
[617, [12, 2, 0, 132, 0, 64]]
[618, [12, 2, 0, 147, 0, 48]]
[619, [8, 2, 0, 63, 144, 32]]
[620, [12, 2, 0, 63, 114, 46]]
[621, [12, 2, 0, 63, 84, 60]]
[622, [8, 2, 0, 93, 54, 74]]
[623, [12, 2, 0, 123, 24, 88]]
[624, [12, 2, 0, 153, 0, 96]]
[625, [8, 2, 0, 9, 144, 80]]
[626, [12, 2, 0, 24, 114, 94]]
[627, [12, 2, 0, 54, 84, 108]]
[628, [8, 2, 0, 84, 54, 122]]
[629, [12, 2, 0, 84, 24, 136]]
[630, [12, 2, 0, 84, 0, 144]]
[631, [8, 2, 0, 114, 0, 128]]
[632, [12, 2, 0, 114, 0, 112]]
[633, [12, 2, 0, 129, 0, 96]]
[634, [8, 2, 0, 129, 0, 80]]
[635, [12, 2, 0, 159, 0, 64]]
[636, [12, 2, 0, 15, 144, 48]]
[637, [8, 2, 0, 30, 114, 62]]
[638, [12, 2, 0, 45, 84, 76]]
[639, [12, 2, 0, 105, 54, 90]]
[640, [8, 2, 0, 105, 24, 104]]
[641, [12, 2, 0, 105, 0, 112]]
[642, [12, 2, 0, 135, 0, 96]]
[643, [8, 2, 0, 165, 0, 80]]
[644, [12, 2, 0, 21, 144, 64]]
[645, [12, 2, 0, 51, 114, 78]]
[646, [8, 2, 0, 51, 84, 92]]
[647, [12, 2, 0, 66, 54, 106]]
[648, [12, 2, 0, 96, 24, 120]]
[649, [8, 2, 0, 126, 0, 128]]
[650, [12, 2, 0, 126, 0, 112]]
[651, [12, 2, 0, 126, 0, 96]]
[652, [8, 2, 0, 156, 0, 80]]
[653, [12, 2, 0, 12, 144, 64]]
[654, [12, 2, 0, 27, 114, 78]]
[655, [8, 2, 0, 27, 84, 92]]
[656, [12, 2, 0, 57, 54, 106]]
[657, [12, 2, 0, 57, 24, 120]]
[658, [8, 2, 0, 72, 0, 128]]
[659, [12, 2, 0, 117, 0, 112]]
[660, [12, 2, 0, 147, 0, 96]]
[661, [8, 2, 0, 3, 144, 80]]
[662, [12, 2, 0, 18, 114, 94]]
[663, [12, 2, 0, 63, 84, 108]]
[664, [8, 2, 0, 63, 54, 122]]
[665, [12, 2, 0, 93, 24, 136]]
[666, [12, 2, 0, 93, 0, 144]]
[667, [8, 2, 0, 108, 0, 128]]
[668, [12, 2, 0, 138, 0, 112]]
[669, [12, 2, 0, 168, 0, 96]]
[670, [8, 2, 0, 24, 144, 80]]
[671, [12, 2, 0, 24, 114, 94]]
[672, [12, 2, 0, 24, 84, 108]]
[673, [8, 2, 0, 54, 54, 122]]
[674, [12, 2, 0, 54, 24, 136]]
[675, [12, 2, 0, 69, 0, 144]]
[676, [8, 2, 0, 69, 0, 128]]
[677, [12, 2, 0, 99, 0, 112]]
[678, [12, 2, 0, 99, 0, 96]]
[679, [8, 2, 0, 144, 0, 80]]
[680, [12, 2, 0, 15, 144, 64]]
[681, [12, 2, 0, 45, 114, 78]]
[682, [8, 2, 0, 60, 84, 92]]
[683, [12, 2, 0, 90, 54, 106]]
[684, [12, 2, 0, 105, 24, 120]]
[685, [8, 2, 0, 105, 0, 128]]
[686, [12, 2, 0, 135, 0, 112]]
[687, [12, 2, 0, 135, 0, 96]]
[688, [8, 2, 0, 165, 0, 80]]
[689, [12, 2, 0, 51, 144, 64]]
[690, [12, 2, 0, 66, 114, 78]]
[691, [8, 2, 0, 66, 84, 92]]
[692, [12, 2, 0, 66, 54, 106]]
[693, [12, 2, 0, 96, 24, 120]]
[694, [8, 2, 0, 96, 0, 128]]
[695, [12, 2, 0, 111, 0, 112]]
[696, [12, 2, 0, 111, 0, 96]]
[697, [8, 2, 0, 141, 0, 80]]
[698, [12, 2, 0, 141, 0, 64]]
[699, [12, 2, 0, 171, 0, 48]]
[700, [8, 2, 0, 42, 144, 32]]
[701, [12, 2, 0, 57, 114, 46]]
[702, [12, 2, 0, 87, 84, 60]]
[703, [8, 2, 0, 102, 54, 74]]
[704, [12, 2, 0, 132, 24, 88]]
[705, [12, 2, 0, 147, 0, 96]]
[706, [8, 2, 0, 3, 144, 80]]
[707, [12, 2, 0, 33, 114, 94]]
[708, [12, 2, 0, 33, 84, 108]]
[709, [8, 2, 0, 63, 54, 122]]
[710, [12, 2, 0, 93, 24, 136]]
[711, [12, 2, 0, 108, 0, 144]]
[712, [8, 2, 0, 108, 0, 128]]
[713, [12, 2, 0, 108, 0, 112]]
[714, [12, 2, 0, 138, 0, 96]]
[715, [8, 2, 0, 138, 0, 80]]
[716, [12, 2, 0, 153, 0, 64]]
[717, [12, 2, 0, 9, 144, 48]]
[718, [8, 2, 0, 39, 114, 62]]
[719, [12, 2, 0, 69, 84, 76]]
[720, [12, 2, 0, 84, 54, 90]]
[721, [8, 2, 0, 99, 24, 104]]
[722, [12, 2, 0, 129, 0, 112]]
[723, [12, 2, 0, 144, 0, 96]]
[724, [8, 2, 0, 30, 144, 80]]
[725, [12, 2, 0, 45, 114, 94]]
[726, [12, 2, 0, 45, 84, 108]]
[727, [8, 2, 0, 75, 54, 122]]
[728, [12, 2, 0, 75, 24, 136]]
[729, [12, 2, 0, 105, 0, 144]]
[730, [8, 2, 0, 135, 0, 128]]
[731, [12, 2, 0, 150, 0, 112]]
[732, [12, 2, 0, 6, 144, 96]]
[733, [8, 2, 0, 6, 114, 110]]
[734, [12, 2, 0, 36, 84, 124]]
[735, [12, 2, 0, 36, 54, 138]]
[736, [8, 2, 0, 51, 24, 152]]
[737, [12, 2, 0, 51, 0, 160]]
[738, [12, 2, 0, 81, 0, 144]]
[739, [8, 2, 0, 111, 0, 128]]
[740, [12, 2, 0, 126, 0, 112]]
[741, [12, 2, 0, 141, 0, 96]]
[742, [8, 2, 0, 171, 0, 80]]
[743, [12, 2, 0, 42, 144, 64]]
[744, [12, 2, 0, 72, 114, 78]]
[745, [8, 2, 0, 72, 84, 92]]
[746, [12, 2, 0, 87, 54, 106]]
[747, [12, 2, 0, 87, 24, 120]]
[748, [8, 2, 0, 117, 0, 128]]
[749, [12, 2, 0, 132, 0, 112]]
[750, [12, 2, 0, 162, 0, 96]]
[751, [8, 2, 0, 33, 144, 80]]
[752, [12, 2, 0, 33, 114, 94]]
[753, [12, 2, 0, 48, 84, 108]]
[754, [8, 2, 0, 48, 54, 122]]
[755, [12, 2, 0, 78, 24, 136]]
[756, [12, 2, 0, 78, 0, 144]]
[757, [8, 2, 0, 93, 0, 128]]
[758, [12, 2, 0, 93, 0, 112]]
[759, [12, 2, 0, 153, 0, 96]]
[760, [8, 2, 0, 9, 144, 80]]
[761, [12, 2, 0, 24, 114, 94]]
[762, [12, 2, 0, 39, 84, 108]]
[763, [8, 2, 0, 84, 54, 122]]
[764, [12, 2, 0, 114, 24, 136]]
[765, [12, 2, 0, 114, 0, 144]]
[766, [8, 2, 0, 114, 0, 128]]
[767, [12, 2, 0, 129, 0, 112]]
[768, [12, 2, 0, 129, 0, 96]]
[769, [8, 2, 0, 174, 0, 80]]
[770, [12, 2, 0, 60, 144, 64]]
[771, [12, 2, 0, 60, 114, 78]]
[772, [8, 2, 0, 75, 84, 92]]
[773, [12, 2, 0, 75, 54, 106]]
[774, [12, 2, 0, 90, 24, 120]]
[775, [8, 2, 0, 120, 0, 128]]
[776, [12, 2, 0, 120, 0, 112]]
[777, [12, 2, 0, 135, 0, 96]]
[778, [8, 2, 0, 135, 0, 80]]
[779, [12, 2, 0, 165, 0, 64]]
[780, [12, 2, 0, 51, 144, 48]]
[781, [8, 2, 0, 51, 114, 62]]
[782, [12, 2, 0, 66, 84, 76]]
[783, [12, 2, 0, 81, 54, 90]]
[784, [8, 2, 0, 126, 24, 104]]
[785, [12, 2, 0, 156, 0, 112]]
[786, [12, 2, 0, 12, 144, 96]]
[787, [8, 2, 0, 12, 114, 110]]
[788, [12, 2, 0, 27, 84, 124]]
[789, [12, 2, 0, 27, 54, 138]]
[790, [8, 2, 0, 72, 24, 152]]
[791, [12, 2, 0, 102, 0, 160]]
[792, [12, 2, 0, 102, 0, 144]]
[793, [8, 2, 0, 117, 0, 128]]
[794, [12, 2, 0, 117, 0, 112]]
[795, [12, 2, 0, 132, 0, 96]]
[796, [8, 2, 0, 162, 0, 80]]
[797, [12, 2, 0, 18, 144, 64]]
[798, [12, 2, 0, 18, 114, 78]]
[799, [8, 2, 0, 63, 84, 92]]
[800, [12, 2, 0, 63, 54, 106]]
[801, [12, 2, 0, 93, 24, 120]]
[802, [8, 2, 0, 93, 0, 128]]
[803, [12, 2, 0, 108, 0, 112]]
[804, [12, 2, 0, 138, 0, 96]]
[805, [8, 2, 0, 168, 0, 80]]
[806, [12, 2, 0, 54, 144, 64]]
[807, [12, 2, 0, 54, 114, 78]]
[808, [8, 2, 0, 54, 84, 92]]
[809, [12, 2, 0, 54, 54, 106]]
[810, [12, 2, 0, 69, 24, 120]]
[811, [8, 2, 0, 84, 0, 128]]
[812, [12, 2, 0, 144, 0, 112]]
[813, [12, 2, 0, 0, 144, 96]]
[814, [8, 2, 0, 0, 114, 110]]
[815, [12, 2, 0, 15, 84, 124]]
[816, [12, 2, 0, 15, 54, 138]]
[817, [8, 2, 0, 60, 24, 152]]
[818, [12, 2, 0, 60, 0, 160]]
[819, [12, 2, 0, 90, 0, 144]]
[820, [8, 2, 0, 105, 0, 128]]
[821, [12, 2, 0, 105, 0, 112]]
[822, [12, 2, 0, 135, 0, 96]]
[823, [8, 2, 0, 135, 0, 80]]
[824, [12, 2, 0, 165, 0, 64]]
[825, [12, 2, 0, 51, 144, 48]]
[826, [8, 2, 0, 66, 114, 62]]
[827, [12, 2, 0, 96, 84, 76]]
[828, [12, 2, 0, 96, 54, 90]]
[829, [8, 2, 0, 96, 24, 104]]
[830, [12, 2, 0, 96, 0, 112]]
[831, [12, 2, 0, 126, 0, 96]]
[832, [8, 2, 0, 156, 0, 80]]
[833, [12, 2, 0, 42, 144, 64]]
[834, [12, 2, 0, 42, 114, 78]]
[835, [8, 2, 0, 42, 84, 92]]
[836, [12, 2, 0, 57, 54, 106]]
[837, [12, 2, 0, 87, 24, 120]]
[838, [8, 2, 0, 102, 0, 128]]
[839, [12, 2, 0, 132, 0, 112]]
[840, [12, 2, 0, 147, 0, 96]]
[841, [8, 2, 0, 3, 144, 80]]
[842, [12, 2, 0, 33, 114, 94]]
[843, [12, 2, 0, 33, 84, 108]]
[844, [8, 2, 0, 63, 54, 122]]
[845, [12, 2, 0, 93, 24, 136]]
[846, [12, 2, 0, 108, 0, 144]]
[847, [8, 2, 0, 138, 0, 128]]
[848, [12, 2, 0, 138, 0, 112]]
[849, [12, 2, 0, 138, 0, 96]]
[850, [8, 2, 0, 138, 0, 80]]
[851, [12, 2, 0, 168, 0, 64]]
[852, [12, 2, 0, 54, 144, 48]]
[853, [8, 2, 0, 54, 114, 62]]
[854, [12, 2, 0, 84, 84, 76]]
[855, [12, 2, 0, 84, 54, 90]]
[856, [8, 2, 0, 84, 24, 104]]
[857, [12, 2, 0, 129, 0, 112]]
[858, [12, 2, 0, 129, 0, 96]]
[859, [8, 2, 0, 174, 0, 80]]
[860, [12, 2, 0, 45, 144, 64]]
[861, [12, 2, 0, 45, 114, 78]]
[862, [8, 2, 0, 75, 84, 92]]
[863, [12, 2, 0, 75, 54, 106]]
[864, [12, 2, 0, 105, 24, 120]]
[865, [8, 2, 0, 135, 0, 128]]
[866, [12, 2, 0, 150, 0, 112]]
[867, [12, 2, 0, 36, 144, 96]]
[868, [8, 2, 0, 36, 114, 110]]
[869, [12, 2, 0, 36, 84, 124]]
[870, [12, 2, 0, 36, 54, 138]]
[871, [8, 2, 0, 66, 24, 152]]
[872, [12, 2, 0, 96, 0, 160]]
[873, [12, 2, 0, 96, 0, 144]]
[874, [8, 2, 0, 126, 0, 128]]
[875, [12, 2, 0, 126, 0, 112]]
[876, [12, 2, 0, 126, 0, 96]]
[877, [8, 2, 0, 171, 0, 80]]
[878, [12, 2, 0, 27, 144, 64]]
[879, [12, 2, 0, 57, 114, 78]]
[880, [8, 2, 0, 87, 84, 92]]
[881, [12, 2, 0, 87, 54, 106]]
[882, [12, 2, 0, 117, 24, 120]]
[883, [8, 2, 0, 117, 0, 128]]
[884, [12, 2, 0, 147, 0, 112]]
[885, [12, 2, 0, 33, 144, 96]]
[886, [8, 2, 0, 48, 114, 110]]
[887, [12, 2, 0, 78, 84, 124]]
[888, [12, 2, 0, 78, 54, 138]]
[889, [8, 2, 0, 78, 24, 152]]
[890, [12, 2, 0, 78, 0, 160]]
[891, [12, 2, 0, 108, 0, 144]]
[892, [8, 2, 0, 138, 0, 128]]
[893, [12, 2, 0, 138, 0, 112]]
[894, [12, 2, 0, 168, 0, 96]]
[895, [8, 2, 0, 24, 144, 80]]
[896, [12, 2, 0, 24, 114, 94]]
[897, [12, 2, 0, 54, 84, 108]]
[898, [8, 2, 0, 69, 54, 122]]
[899, [12, 2, 0, 99, 24, 136]]
[900, [12, 2, 0, 114, 0, 144]]
[901, [8, 2, 0, 129, 0, 128]]
[902, [12, 2, 0, 159, 0, 112]]
[903, [12, 2, 0, 15, 144, 96]]
[904, [8, 2, 0, 45, 114, 110]]
[905, [12, 2, 0, 75, 84, 124]]
[906, [12, 2, 0, 90, 54, 138]]
[907, [8, 2, 0, 120, 24, 152]]
[908, [12, 2, 0, 120, 0, 160]]
[909, [12, 2, 0, 120, 0, 144]]
[910, [8, 2, 0, 120, 0, 128]]
[911, [12, 2, 0, 150, 0, 112]]
[912, [12, 2, 0, 36, 144, 96]]
[913, [8, 2, 0, 36, 114, 110]]
[914, [12, 2, 0, 66, 84, 124]]
[915, [12, 2, 0, 66, 54, 138]]
[916, [8, 2, 0, 66, 24, 152]]
[917, [12, 2, 0, 96, 0, 160]]
[918, [12, 2, 0, 111, 0, 144]]
[919, [8, 2, 0, 141, 0, 128]]
[920, [12, 2, 0, 156, 0, 112]]
[921, [12, 2, 0, 27, 144, 96]]
[922, [8, 2, 0, 57, 114, 110]]
[923, [12, 2, 0, 57, 84, 124]]
[924, [12, 2, 0, 87, 54, 138]]
[925, [8, 2, 0, 117, 24, 152]]
[926, [12, 2, 0, 132, 0, 160]]
[927, [12, 2, 0, 162, 0, 144]]
[928, [8, 2, 0, 18, 144, 128]]
[929, [12, 2, 0, 18, 114, 142]]
[930, [12, 2, 0, 18, 84, 156]]
[931, [8, 2, 0, 33, 54, 158]]
[932, [12, 2, 0, 78, 36, 160]]
[933, [12, 2, 0, 78, 18, 159]]
[934, [8, 2, 0, 78, 3, 158]]
[935, [12, 2, 0, 108, 0, 160]]
[936, [12, 2, 0, 108, 0, 144]]
[937, [8, 2, 0, 138, 0, 128]]
[938, [12, 2, 0, 138, 0, 112]]
[939, [12, 2, 0, 168, 0, 96]]
[940, [8, 2, 0, 39, 144, 80]]
[941, [12, 2, 0, 54, 114, 94]]
[942, [12, 2, 0, 54, 84, 108]]
[943, [8, 2, 0, 99, 54, 122]]
[944, [12, 2, 0, 99, 24, 136]]
[945, [12, 2, 0, 129, 0, 144]]
[946, [8, 2, 0, 159, 0, 128]]
[947, [12, 2, 0, 30, 144, 112]]
[948, [12, 2, 0, 60, 114, 126]]
[949, [8, 2, 0, 60, 84, 140]]
[950, [12, 2, 0, 60, 54, 154]]
[951, [12, 2, 0, 60, 24, 159]]
[952, [8, 2, 0, 75, 3, 158]]
[953, [12, 2, 0, 120, 0, 160]]
[954, [12, 2, 0, 120, 0, 144]]
[955, [8, 2, 0, 120, 0, 128]]
[956, [12, 2, 0, 150, 0, 112]]
[957, [12, 2, 0, 6, 144, 96]]
[958, [8, 2, 0, 36, 114, 110]]
[959, [12, 2, 0, 66, 84, 124]]
[960, [12, 2, 0, 81, 54, 138]]
[961, [8, 2, 0, 96, 24, 152]]
[962, [12, 2, 0, 96, 0, 160]]
[963, [12, 2, 0, 141, 0, 144]]
[964, [8, 2, 0, 141, 0, 128]]
[965, [12, 2, 0, 171, 0, 112]]
[966, [12, 2, 0, 57, 144, 96]]
[967, [8, 2, 0, 57, 114, 110]]
[968, [12, 2, 0, 72, 84, 124]]
[969, [12, 2, 0, 102, 54, 138]]
[970, [8, 2, 0, 102, 24, 152]]
[971, [12, 2, 0, 102, 0, 160]]
[972, [12, 2, 0, 117, 0, 144]]
[973, [8, 2, 0, 147, 0, 128]]
[974, [12, 2, 0, 18, 144, 112]]
[975, [12, 2, 0, 18, 114, 126]]
[976, [8, 2, 0, 18, 84, 140]]
[977, [12, 2, 0, 48, 54, 154]]
[978, [12, 2, 0, 78, 24, 159]]
[979, [8, 2, 0, 108, 3, 158]]
[980, [12, 2, 0, 108, 0, 160]]
[981, [12, 2, 0, 138, 0, 144]]
[982, [8, 2, 0, 138, 0, 128]]
[983, [12, 2, 0, 168, 0, 112]]
[984, [12, 2, 0, 24, 144, 96]]
[985, [8, 2, 0, 54, 114, 110]]
[986, [12, 2, 0, 99, 84, 124]]
[987, [12, 2, 0, 99, 54, 138]]
[988, [8, 2, 0, 99, 24, 152]]
[989, [12, 2, 0, 114, 0, 160]]
[990, [12, 2, 0, 144, 0, 144]]
[991, [8, 2, 0, 0, 144, 128]]
[992, [12, 2, 0, 15, 114, 142]]
[993, [12, 2, 0, 45, 84, 156]]
[994, [8, 2, 0, 45, 54, 158]]
[995, [12, 2, 0, 60, 36, 160]]
[996, [12, 2, 0, 60, 18, 159]]
[997, [8, 2, 0, 60, 3, 158]]
[998, [12, 2, 0, 120, 0, 160]]
[999, [12, 2, 0, 150, 0, 144]]
[1000, [8, 2, 0, 6, 144, 128]]
[1001, [12, 2, 0, 21, 114, 142]]
[1002, [12, 2, 0, 36, 84, 156]]
[1003, [8, 2, 0, 66, 54, 158]]
[1004, [12, 2, 0, 66, 36, 160]]
[1005, [12, 2, 0, 96, 18, 159]]
[1006, [8, 2, 0, 141, 3, 158]]
[1007, [12, 2, 0, 141, 0, 160]]
[1008, [12, 2, 0, 141, 0, 144]]
[1009, [8, 2, 0, 156, 0, 128]]
[1010, [12, 2, 0, 42, 144, 112]]
[1011, [12, 2, 0, 42, 114, 126]]
[1012, [8, 2, 0, 57, 84, 140]]
[1013, [12, 2, 0, 87, 54, 154]]
[1014, [12, 2, 0, 87, 24, 159]]
[1015, [8, 2, 0, 102, 3, 158]]
[1016, [12, 2, 0, 102, 0, 160]]
[1017, [12, 2, 0, 102, 0, 144]]
[1018, [8, 2, 0, 162, 0, 128]]
[1019, [12, 2, 0, 48, 144, 112]]
[1020, [12, 2, 0, 48, 114, 126]]
[1021, [8, 2, 0, 63, 84, 140]]
[1022, [12, 2, 0, 63, 54, 154]]
[1023, [12, 2, 0, 108, 24, 159]]
[1024, [8, 2, 0, 108, 3, 158]]
[1025, [12, 2, 0, 123, 0, 160]]
[1026, [12, 2, 0, 168, 0, 144]]
[1027, [8, 2, 0, 39, 144, 128]]
[1028, [12, 2, 0, 39, 114, 142]]
[1029, [12, 2, 0, 39, 84, 156]]
[1030, [8, 2, 0, 54, 54, 158]]
[1031, [12, 2, 0, 84, 36, 160]]
[1032, [12, 2, 0, 99, 18, 159]]
[1033, [8, 2, 0, 129, 3, 158]]
[1034, [12, 2, 0, 129, 0, 160]]
[1035, [12, 2, 0, 129, 0, 144]]
[1036, [8, 2, 0, 144, 0, 128]]
[1037, [12, 2, 0, 0, 144, 112]]
[1038, [12, 2, 0, 30, 114, 126]]
[1039, [8, 2, 0, 90, 84, 140]]
[1040, [12, 2, 0, 90, 54, 154]]
[1041, [12, 2, 0, 105, 24, 159]]
[1042, [8, 2, 0, 105, 3, 158]]
[1043, [12, 2, 0, 135, 0, 160]]
[1044, [12, 2, 0, 150, 0, 144]]
[1045, [8, 2, 0, 21, 144, 128]]
[1046, [12, 2, 0, 66, 114, 142]]
[1047, [12, 2, 0, 81, 84, 156]]
[1048, [8, 2, 0, 81, 54, 158]]
[1049, [12, 2, 0, 81, 36, 160]]
[1050, [12, 2, 0, 96, 18, 159]]
[1051, [8, 2, 0, 126, 3, 158]]
[1052, [12, 2, 0, 141, 0, 160]]
[1053, [12, 2, 0, 171, 0, 144]]
[1054, [8, 2, 0, 27, 144, 128]]
[1055, [12, 2, 0, 27, 114, 142]]
[1056, [12, 2, 0, 27, 84, 156]]
[1057, [8, 2, 0, 42, 54, 158]]
[1058, [12, 2, 0, 42, 36, 160]]
[1059, [12, 2, 0, 102, 18, 159]]
[1060, [8, 2, 0, 132, 3, 158]]
[1061, [12, 2, 0, 132, 0, 160]]
[1062, [12, 2, 0, 147, 0, 144]]
[1063, [8, 2, 0, 3, 144, 128]]
[1064, [12, 2, 0, 33, 114, 142]]
[1065, [12, 2, 0, 63, 84, 156]]
[1066, [8, 2, 0, 93, 54, 158]]
[1067, [12, 2, 0, 108, 36, 160]]
[1068, [12, 2, 0, 123, 18, 159]]
[1069, [8, 2, 0, 123, 3, 158]]
[1070, [12, 2, 0, 123, 0, 160]]
[1071, [12, 2, 0, 138, 0, 144]]
[1072, [8, 2, 0, 168, 0, 128]]
[1073, [12, 2, 0, 69, 144, 112]]
[1074, [12, 2, 0, 69, 114, 126]]
[1075, [8, 2, 0, 69, 84, 140]]
[1076, [12, 2, 0, 69, 54, 154]]
[1077, [12, 2, 0, 69, 24, 159]]
[1078, [8, 2, 0, 84, 3, 158]]
[1079, [12, 2, 0, 144, 0, 160]]
[1080, [12, 2, 0, 0, 144, 144]]
[1081, [8, 2, 0, 30, 114, 158]]
[1082, [12, 2, 0, 45, 84, 160]]
[1083, [12, 2, 0, 45, 66, 159]]
[1084, [8, 2, 0, 75, 51, 158]]
[1085, [12, 2, 0, 90, 36, 160]]
[1086, [12, 2, 0, 135, 18, 159]]
[1087, [8, 2, 0, 150, 3, 158]]
[1088, [12, 2, 0, 6, 144, 160]]
[1089, [12, 2, 0, 21, 114, 159]]
[1090, [8, 2, 0, 21, 99, 158]]
[1091, [12, 2, 0, 36, 84, 160]]
[1092, [12, 2, 0, 66, 66, 159]]
[1093, [8, 2, 0, 111, 51, 158]]
[1094, [12, 2, 0, 111, 36, 160]]
[1095, [12, 2, 0, 111, 18, 159]]
[1096, [8, 2, 0, 111, 3, 158]]
[1097, [12, 2, 0, 111, 0, 160]]
[1098, [12, 2, 0, 126, 0, 144]]
[1099, [8, 2, 0, 171, 0, 128]]
[1100, [12, 2, 0, 42, 144, 112]]
[1101, [12, 2, 0, 42, 114, 126]]
[1102, [8, 2, 0, 72, 84, 140]]
[1103, [12, 2, 0, 87, 54, 154]]
[1104, [12, 2, 0, 87, 24, 159]]
[1105, [8, 2, 0, 132, 3, 158]]
[1106, [12, 2, 0, 162, 0, 160]]
[1107, [12, 2, 0, 18, 144, 144]]
[1108, [8, 2, 0, 33, 114, 158]]
[1109, [12, 2, 0, 48, 84, 160]]
[1110, [12, 2, 0, 48, 66, 159]]
[1111, [8, 2, 0, 63, 51, 158]]
[1112, [12, 2, 0, 63, 36, 160]]
[1113, [12, 2, 0, 93, 18, 159]]
[1114, [8, 2, 0, 138, 3, 158]]
[1115, [12, 2, 0, 153, 0, 160]]
[1116, [12, 2, 0, 9, 144, 144]]
[1117, [8, 2, 0, 9, 114, 158]]
[1118, [12, 2, 0, 9, 84, 160]]
[1119, [12, 2, 0, 39, 66, 159]]
[1120, [8, 2, 0, 69, 51, 158]]
[1121, [12, 2, 0, 84, 36, 160]]
[1122, [12, 2, 0, 84, 18, 159]]
[1123, [8, 2, 0, 114, 3, 158]]
[1124, [12, 2, 0, 129, 0, 160]]
[1125, [12, 2, 0, 144, 0, 144]]
[1126, [8, 2, 0, 60, 144, 128]]
[1127, [12, 2, 0, 60, 114, 142]]
[1128, [12, 2, 0, 75, 84, 156]]
[1129, [8, 2, 0, 90, 54, 158]]
[1130, [12, 2, 0, 90, 36, 160]]
[1131, [12, 2, 0, 105, 18, 159]]
[1132, [8, 2, 0, 105, 3, 158]]
[1133, [12, 2, 0, 135, 0, 160]]
[1134, [12, 2, 0, 165, 0, 144]]
[1135, [8, 2, 0, 36, 144, 128]]
[1136, [12, 2, 0, 51, 114, 142]]
[1137, [12, 2, 0, 51, 84, 156]]
[1138, [8, 2, 0, 51, 54, 158]]
[1139, [12, 2, 0, 81, 36, 160]]
[1140, [12, 2, 0, 81, 18, 159]]
[1141, [8, 2, 0, 111, 3, 158]]
[1142, [12, 2, 0, 126, 0, 160]]
[1143, [12, 2, 0, 126, 0, 144]]
[1144, [8, 2, 0, 156, 0, 128]]
[1145, [12, 2, 0, 42, 144, 112]]
[1146, [12, 2, 0, 72, 114, 126]]
[1147, [8, 2, 0, 102, 84, 140]]
[1148, [12, 2, 0, 102, 54, 154]]
[1149, [12, 2, 0, 117, 24, 159]]
[1150, [8, 2, 0, 132, 3, 158]]
[1151, [12, 2, 0, 132, 0, 160]]
[1152, [12, 2, 0, 147, 0, 144]]
[1153, [8, 2, 0, 18, 144, 128]]
[1154, [12, 2, 0, 48, 114, 142]]
[1155, [12, 2, 0, 78, 84, 156]]
[1156, [8, 2, 0, 93, 54, 158]]
[1157, [12, 2, 0, 93, 36, 160]]
[1158, [12, 2, 0, 93, 18, 159]]
[1159, [8, 2, 0, 123, 3, 158]]
[1160, [12, 2, 0, 123, 0, 160]]
[1161, [12, 2, 0, 153, 0, 144]]
[1162, [8, 2, 0, 24, 144, 128]]
[1163, [12, 2, 0, 24, 114, 142]]
[1164, [12, 2, 0, 54, 84, 156]]
[1165, [8, 2, 0, 84, 54, 158]]
[1166, [12, 2, 0, 114, 36, 160]]
[1167, [12, 2, 0, 144, 18, 159]]
[1168, [8, 2, 0, 0, 147, 158]]
[1169, [12, 2, 0, 15, 132, 160]]
[1170, [12, 2, 0, 30, 114, 159]]
[1171, [8, 2, 0, 30, 99, 158]]
[1172, [12, 2, 0, 45, 84, 160]]
[1173, [12, 2, 0, 60, 66, 159]]
[1174, [8, 2, 0, 90, 51, 158]]
[1175, [12, 2, 0, 120, 36, 160]]
[1176, [12, 2, 0, 135, 18, 159]]
[1177, [8, 2, 0, 135, 3, 158]]
[1178, [12, 2, 0, 135, 0, 160]]
[1179, [12, 2, 0, 165, 0, 144]]
[1180, [8, 2, 0, 21, 144, 128]]
[1181, [12, 2, 0, 21, 114, 142]]
[1182, [12, 2, 0, 51, 84, 156]]
[1183, [8, 2, 0, 66, 54, 158]]
[1184, [12, 2, 0, 66, 36, 160]]
[1185, [12, 2, 0, 96, 18, 159]]
[1186, [8, 2, 0, 126, 3, 158]]
[1187, [12, 2, 0, 156, 0, 160]]
[1188, [12, 2, 0, 42, 144, 144]]
[1189, [8, 2, 0, 42, 114, 158]]
[1190, [12, 2, 0, 57, 84, 160]]
[1191, [12, 2, 0, 72, 66, 159]]
[1192, [8, 2, 0, 72, 51, 158]]
[1193, [12, 2, 0, 87, 36, 160]]
[1194, [12, 2, 0, 102, 18, 159]]
[1195, [8, 2, 0, 132, 3, 158]]
[1196, [12, 2, 0, 162, 0, 160]]
[1197, [12, 2, 0, 18, 144, 144]]
[1198, [8, 2, 0, 33, 114, 158]]
[1199, [12, 2, 0, 63, 84, 160]]
[1200, [12, 2, 0, 63, 66, 159]]
[1201, [8, 2, 0, 63, 51, 158]]
[1202, [12, 2, 0, 78, 36, 160]]
[1203, [12, 2, 0, 108, 18, 159]]
[1204, [8, 2, 0, 108, 3, 158]]
[1205, [12, 2, 0, 108, 0, 160]]
[1206, [12, 2, 0, 168, 0, 144]]
[1207, [8, 2, 0, 54, 144, 128]]
[1208, [12, 2, 0, 84, 114, 142]]
[1209, [12, 2, 0, 84, 84, 156]]
[1210, [8, 2, 0, 84, 54, 158]]
[1211, [12, 2, 0, 99, 36, 160]]
[1212, [12, 2, 0, 114, 18, 159]]
[1213, [8, 2, 0, 114, 3, 158]]
[1214, [12, 2, 0, 129, 0, 160]]
[1215, [12, 2, 0, 174, 0, 144]]
[1216, [8, 2, 0, 60, 144, 128]]
[1217, [12, 2, 0, 60, 114, 142]]
[1218, [12, 2, 0, 75, 84, 156]]
[1219, [8, 2, 0, 105, 54, 158]]
[1220, [12, 2, 0, 105, 36, 160]]
[1221, [12, 2, 0, 105, 18, 159]]
[1222, [8, 2, 0, 120, 3, 158]]
[1223, [12, 2, 0, 150, 0, 160]]
[1224, [12, 2, 0, 6, 144, 144]]
[1225, [8, 2, 0, 6, 114, 158]]
[1226, [12, 2, 0, 66, 84, 160]]
[1227, [12, 2, 0, 96, 66, 159]]
[1228, [8, 2, 0, 126, 51, 158]]
[1229, [12, 2, 0, 126, 36, 160]]
[1230, [12, 2, 0, 126, 18, 159]]
[1231, [8, 2, 0, 141, 3, 158]]
[1232, [12, 2, 0, 156, 0, 160]]
[1233, [12, 2, 0, 12, 144, 144]]
[1234, [8, 2, 0, 27, 114, 158]]
[1235, [12, 2, 0, 72, 84, 160]]
[1236, [12, 2, 0, 102, 66, 159]]
[1237, [8, 2, 0, 102, 51, 158]]
[1238, [12, 2, 0, 117, 36, 160]]
[1239, [12, 2, 0, 147, 18, 159]]
[1240, [8, 2, 0, 3, 147, 158]]
[1241, [12, 2, 0, 3, 132, 160]]
[1242, [12, 2, 0, 18, 114, 159]]
[1243, [8, 2, 0, 48, 99, 158]]
[1244, [12, 2, 0, 48, 84, 160]]
[1245, [12, 2, 0, 48, 66, 159]]
[1246, [8, 2, 0, 108, 51, 158]]
[1247, [12, 2, 0, 138, 36, 160]]
[1248, [12, 2, 0, 168, 18, 159]]
[1249, [8, 2, 0, 24, 147, 158]]
[1250, [12, 2, 0, 24, 132, 160]]
[1251, [12, 2, 0, 24, 114, 159]]
[1252, [8, 2, 0, 39, 99, 158]]
[1253, [12, 2, 0, 54, 84, 160]]
[1254, [12, 2, 0, 69, 66, 159]]
[1255, [8, 2, 0, 84, 51, 158]]
[1256, [12, 2, 0, 129, 36, 160]]
[1257, [12, 2, 0, 144, 18, 159]]
[1258, [8, 2, 0, 0, 147, 158]]
[1259, [12, 2, 0, 45, 132, 160]]
[1260, [12, 2, 0, 45, 114, 159]]
[1261, [8, 2, 0, 45, 99, 158]]
[1262, [12, 2, 0, 60, 84, 160]]
[1263, [12, 2, 0, 75, 66, 159]]
[1264, [8, 2, 0, 90, 51, 158]]
[1265, [12, 2, 0, 90, 36, 160]]
[1266, [12, 2, 0, 120, 18, 159]]
[1267, [8, 2, 0, 165, 3, 158]]
[1268, [12, 2, 0, 66, 144, 160]]
[1269, [12, 2, 0, 66, 114, 159]]
[1270, [8, 2, 0, 66, 99, 158]]
[1271, [12, 2, 0, 66, 84, 160]]
[1272, [12, 2, 0, 81, 66, 159]]
[1273, [8, 2, 0, 81, 51, 158]]
[1274, [12, 2, 0, 111, 36, 160]]
[1275, [12, 2, 0, 126, 18, 159]]
[1276, [8, 2, 0, 156, 3, 158]]
[1277, [12, 2, 0, 42, 144, 160]]
[1278, [12, 2, 0, 42, 114, 159]]
[1279, [8, 2, 0, 87, 99, 158]]
[1280, [12, 2, 0, 87, 84, 160]]
[1281, [12, 2, 0, 87, 66, 159]]
[1282, [8, 2, 0, 102, 51, 158]]
[1283, [12, 2, 0, 117, 36, 160]]
[1284, [12, 2, 0, 132, 18, 159]]
[1285, [8, 2, 0, 132, 3, 158]]
[1286, [12, 2, 0, 162, 0, 160]]
[1287, [12, 2, 0, 48, 144, 144]]
[1288, [8, 2, 0, 63, 114, 158]]
[1289, [12, 2, 0, 108, 84, 160]]
[1290, [12, 2, 0, 108, 66, 159]]
[1291, [8, 2, 0, 108, 51, 158]]
[1292, [12, 2, 0, 108, 36, 160]]
[1293, [12, 2, 0, 123, 18, 159]]
[1294, [8, 2, 0, 138, 3, 158]]
[1295, [12, 2, 0, 168, 0, 160]]
[1296, [12, 2, 0, 39, 144, 144]]
[1297, [8, 2, 0, 54, 114, 158]]
[1298, [12, 2, 0, 69, 84, 160]]
[1299, [12, 2, 0, 114, 66, 159]]
[1300, [8, 2, 0, 129, 51, 158]]
[1301, [12, 2, 0, 129, 36, 160]]
[1302, [12, 2, 0, 144, 18, 159]]
[1303, [8, 2, 0, 15, 147, 158]]
[1304, [12, 2, 0, 15, 132, 160]]
[1305, [12, 2, 0, 30, 114, 159]]
[1306, [8, 2, 0, 60, 99, 158]]
[1307, [12, 2, 0, 90, 84, 160]]
[1308, [12, 2, 0, 105, 66, 159]]
[1309, [8, 2, 0, 150, 51, 158]]
[1310, [12, 2, 0, 6, 36, 160]]
[1311, [12, 2, 0, 6, 162, 159]]
[1312, [8, 2, 0, 6, 147, 158]]
[1313, [12, 2, 0, 21, 132, 160]]
[1314, [12, 2, 0, 36, 114, 159]]
[1315, [8, 2, 0, 66, 99, 158]]
[1316, [12, 2, 0, 81, 84, 160]]
[1317, [12, 2, 0, 96, 66, 159]]
[1318, [8, 2, 0, 111, 51, 158]]
[1319, [12, 2, 0, 156, 36, 160]]
[1320, [12, 2, 0, 27, 162, 159]]
[1321, [8, 2, 0, 27, 147, 158]]
[1322, [12, 2, 0, 42, 132, 160]]
[1323, [12, 2, 0, 57, 114, 159]]
[1324, [8, 2, 0, 57, 99, 158]]
[1325, [12, 2, 0, 72, 84, 160]]
[1326, [12, 2, 0, 102, 66, 159]]
[1327, [8, 2, 0, 132, 51, 158]]
[1328, [12, 2, 0, 147, 36, 160]]
[1329, [12, 2, 0, 48, 162, 159]]
[1330, [8, 2, 0, 48, 147, 158]]
[1331, [12, 2, 0, 48, 132, 160]]
[1332, [12, 2, 0, 48, 114, 159]]
[1333, [8, 2, 0, 63, 99, 158]]
[1334, [12, 2, 0, 78, 84, 160]]
[1335, [12, 2, 0, 108, 66, 159]]
[1336, [8, 2, 0, 123, 51, 158]]
[1337, [12, 2, 0, 138, 36, 160]]
[1338, [12, 2, 0, 153, 18, 159]]
[1339, [8, 2, 0, 54, 147, 158]]
[1340, [12, 2, 0, 69, 132, 160]]
[1341, [12, 2, 0, 69, 114, 159]]
[1342, [8, 2, 0, 84, 99, 158]]
[1343, [12, 2, 0, 99, 84, 160]]
[1344, [12, 2, 0, 99, 66, 159]]
[1345, [8, 2, 0, 114, 51, 158]]
[1346, [12, 2, 0, 144, 36, 160]]
[1347, [12, 2, 0, 30, 162, 159]]
[1348, [8, 2, 0, 45, 147, 158]]
[1349, [12, 2, 0, 90, 132, 160]]
[1350, [12, 2, 0, 90, 114, 159]]
[1351, [8, 2, 0, 90, 99, 158]]
[1352, [12, 2, 0, 90, 84, 160]]
[1353, [12, 2, 0, 105, 66, 159]]
[1354, [8, 2, 0, 120, 51, 158]]
[1355, [12, 2, 0, 150, 36, 160]]
[1356, [12, 2, 0, 21, 162, 159]]
[1357, [8, 2, 0, 36, 147, 158]]
[1358, [12, 2, 0, 51, 132, 160]]
[1359, [12, 2, 0, 96, 114, 159]]
[1360, [8, 2, 0, 111, 99, 158]]
[1361, [12, 2, 0, 111, 84, 160]]
[1362, [12, 2, 0, 126, 66, 159]]
[1363, [8, 2, 0, 141, 51, 158]]
[1364, [12, 2, 0, 141, 36, 160]]
[1365, [12, 2, 0, 156, 18, 159]]
[1366, [8, 2, 0, 42, 147, 158]]
[1367, [12, 2, 0, 72, 132, 160]]
[1368, [12, 2, 0, 87, 114, 159]]
[1369, [8, 2, 0, 132, 99, 158]]
[1370, [12, 2, 0, 132, 84, 160]]
[1371, [12, 2, 0, 132, 66, 159]]
[1372, [8, 2, 0, 132, 51, 158]]
[1373, [12, 2, 0, 147, 36, 160]]
[1374, [12, 2, 0, 18, 162, 159]]
[1375, [8, 2, 0, 48, 147, 158]]
[1376, [12, 2, 0, 63, 132, 160]]
[1377, [12, 2, 0, 78, 114, 159]]
[1378, [8, 2, 0, 93, 99, 158]]
[1379, [12, 2, 0, 138, 84, 160]]
[1380, [12, 2, 0, 153, 66, 159]]
[1381, [8, 2, 0, 9, 51, 158]]
[1382, [12, 2, 0, 24, 36, 160]]
[1383, [12, 2, 0, 39, 162, 159]]
[1384, [8, 2, 0, 39, 147, 158]]
[1385, [12, 2, 0, 54, 132, 160]]
[1386, [12, 2, 0, 84, 114, 159]]
[1387, [8, 2, 0, 114, 99, 158]]
[1388, [12, 2, 0, 129, 84, 160]]
[1389, [12, 2, 0, 174, 66, 159]]
[1390, [8, 2, 0, 30, 51, 158]]
[1391, [12, 2, 0, 30, 36, 160]]
[1392, [12, 2, 0, 30, 162, 159]]
[1393, [8, 2, 0, 45, 147, 158]]
[1394, [12, 2, 0, 60, 132, 160]]
[1395, [12, 2, 0, 75, 114, 159]]
[1396, [8, 2, 0, 105, 99, 158]]
[1397, [12, 2, 0, 120, 84, 160]]
[1398, [12, 2, 0, 135, 66, 159]]
[1399, [8, 2, 0, 165, 51, 158]]
[1400, [12, 2, 0, 21, 36, 160]]
[1401, [12, 2, 0, 51, 162, 159]]
[1402, [8, 2, 0, 51, 147, 158]]
[1403, [12, 2, 0, 66, 132, 160]]
[1404, [12, 2, 0, 81, 114, 159]]
[1405, [8, 2, 0, 81, 99, 158]]
[1406, [12, 2, 0, 96, 84, 160]]
[1407, [12, 2, 0, 126, 66, 159]]
[1408, [8, 2, 0, 156, 51, 158]]
[1409, [12, 2, 0, 27, 36, 160]]
[1410, [12, 2, 0, 72, 162, 159]]
[1411, [8, 2, 0, 72, 147, 158]]
[1412, [12, 2, 0, 72, 132, 160]]
[1413, [12, 2, 0, 72, 114, 159]]
[1414, [8, 2, 0, 87, 99, 158]]
[1415, [12, 2, 0, 102, 84, 160]]
[1416, [12, 2, 0, 117, 66, 159]]
[1417, [8, 2, 0, 147, 51, 158]]
[1418, [12, 2, 0, 18, 36, 160]]
[1419, [12, 2, 0, 63, 162, 159]]
[1420, [8, 2, 0, 63, 147, 158]]
[1421, [12, 2, 0, 93, 132, 160]]
[1422, [12, 2, 0, 93, 114, 159]]
[1423, [8, 2, 0, 108, 99, 158]]
[1424, [12, 2, 0, 123, 84, 160]]
[1425, [12, 2, 0, 123, 66, 159]]
[1426, [8, 2, 0, 138, 51, 158]]
[1427, [12, 2, 0, 168, 36, 160]]
[1428, [12, 2, 0, 54, 162, 159]]
[1429, [8, 2, 0, 54, 147, 158]]
[1430, [12, 2, 0, 69, 132, 160]]
[1431, [12, 2, 0, 114, 114, 159]]
[1432, [8, 2, 0, 114, 99, 158]]
[1433, [12, 2, 0, 114, 84, 160]]
[1434, [12, 2, 0, 114, 66, 159]]
[1435, [8, 2, 0, 144, 51, 158]]
[1436, [12, 2, 0, 15, 36, 160]]
[1437, [12, 2, 0, 30, 162, 159]]
[1438, [8, 2, 0, 45, 147, 158]]
[1439, [12, 2, 0, 90, 132, 160]]
