SimulationV05.py[0, 250]
[1, 120]
[2, 120]
[3, 228]
[4, 120]
[5, 120]
[6, 228]
[7, 120]
[8, 120]
[9, 228]
[10, 120]
[11, 120]
[12, 228]
[13, 120]
[14, 120]
[15, 228]
[16, 120]
[17, 120]
[18, 228]
[19, 120]
[20, 142]
[21, 228]
[22, 120]
[23, 120]
[24, 228]
[25, 120]
[26, 120]
[27, 228]
[28, 120]
[29, 120]
[30, 228]
[31, 120]
[32, 120]
[33, 228]
[34, 120]
[35, 120]
[36, 228]
[37, 120]
[38, 120]
[39, 228]
[40, 142]
[41, 120]
[42, 228]
[43, 120]
[44, 120]
[45, 228]
[46, 120]
[47, 120]
[48, 228]
[49, 120]
[50, 120]
[51, 228]
[52, 120]
[53, 120]
[54, 228]
[55, 120]
[56, 120]
[57, 228]
[58, 120]
[59, 120]
[60, 250]
[61, 120]
[62, 120]
[63, 228]
[64, 120]
[65, 120]
[66, 228]
[67, 120]
[68, 120]
[69, 228]
[70, 120]
[71, 120]
[72, 228]
[73, 120]
[74, 120]
[75, 228]
[76, 120]
[77, 120]
[78, 228]
[79, 120]
[80, 142]
[81, 228]
[82, 120]
[83, 120]
[84, 228]
[85, 120]
[86, 120]
[87, 228]
[88, 120]
[89, 120]
[90, 228]
[91, 120]
[92, 120]
[93, 228]
[94, 120]
[95, 120]
[96, 228]
[97, 120]
[98, 120]
[99, 228]
[100, 142]
[101, 120]
[102, 228]
[103, 120]
[104, 120]
[105, 228]
[106, 120]
[107, 120]
[108, 228]
[109, 120]
[110, 120]
[111, 228]
[112, 120]
[113, 120]
[114, 228]
[115, 120]
[116, 120]
[117, 228]
[118, 120]
[119, 120]
[120, 250]
[121, 120]
[122, 120]
[123, 228]
[124, 120]
[125, 120]
[126, 228]
[127, 120]
[128, 120]
[129, 228]
[130, 120]
[131, 120]
[132, 228]
[133, 120]
[134, 120]
[135, 228]
[136, 120]
[137, 120]
[138, 228]
[139, 120]
[140, 142]
[141, 228]
[142, 120]
[143, 60]
[144, 108]
[145, 165]
[146, 120]
[147, 183]
[148, 165]
[149, 120]
[150, 183]
[151, 165]
[152, 120]
[153, 183]
[154, 165]
[155, 120]
[156, 183]
[157, 165]
[158, 120]
[159, 183]
[160, 187]
[161, 120]
[162, 183]
[163, 165]
[164, 120]
[165, 183]
[166, 165]
[167, 120]
[168, 183]
[169, 165]
[170, 120]
[171, 183]
[172, 165]
[173, 120]
[174, 183]
[175, 165]
[176, 120]
[177, 183]
[178, 165]
[179, 120]
[180, 205]
[181, 165]
[182, 120]
[183, 183]
[184, 165]
[185, 120]
[186, 183]
[187, 165]
[188, 120]
[189, 183]
[190, 165]
[191, 120]
[192, 183]
[193, 165]
[194, 120]
[195, 183]
[196, 165]
[197, 120]
[198, 183]
[199, 165]
[200, 142]
[201, 183]
[202, 165]
[203, 120]
[204, 183]
[205, 165]
[206, 120]
[207, 183]
[208, 165]
[209, 120]
[210, 183]
[211, 165]
[212, 120]
[213, 183]
[214, 165]
[215, 120]
[216, 183]
[217, 165]
[218, 120]
[219, 183]
[220, 187]
[221, 120]
[222, 183]
[223, 165]
[224, 120]
[225, 183]
[226, 165]
[227, 120]
[228, 183]
[229, 165]
[230, 120]
[231, 183]
[232, 165]
[233, 120]
[234, 183]
[235, 165]
[236, 120]
[237, 183]
[238, 165]
[239, 120]
[240, 205]
[241, 165]
[242, 120]
[243, 183]
[244, 165]
[245, 120]
[246, 183]
[247, 165]
[248, 120]
[249, 183]
[250, 165]
[251, 120]
[252, 183]
[253, 165]
[254, 120]
[255, 183]
[256, 165]
[257, 120]
[258, 183]
[259, 165]
[260, 142]
[261, 183]
[262, 165]
[263, 120]
[264, 183]
[265, 165]
[266, 120]
[267, 183]
[268, 165]
[269, 120]
[270, 183]
[271, 165]
[272, 120]
[273, 183]
[274, 165]
[275, 120]
[276, 183]
[277, 165]
[278, 120]
[279, 183]
[280, 187]
[281, 120]
[282, 183]
[283, 165]
[284, 120]
[285, 183]
[286, 165]
[287, 120]
[288, 183]
[289, 165]
[290, 120]
[291, 183]
[292, 165]
[293, 120]
[294, 183]
[295, 165]
[296, 120]
[297, 183]
[298, 165]
[299, 120]
[300, 205]
[301, 165]
[302, 120]
[303, 183]
[304, 165]
[305, 120]
[306, 183]
[307, 165]
[308, 120]
[309, 183]
[310, 165]
[311, 120]
[312, 183]
[313, 165]
[314, 120]
[315, 183]
[316, 165]
[317, 120]
[318, 183]
[319, 165]
[320, 142]
[321, 183]
[322, 165]
[323, 120]
[324, 183]
[325, 165]
[326, 120]
[327, 183]
[328, 165]
[329, 120]
[330, 183]
[331, 165]
[332, 120]
[333, 183]
[334, 165]
[335, 120]
[336, 183]
[337, 165]
[338, 120]
[339, 183]
[340, 187]
[341, 120]
[342, 183]
[343, 165]
[344, 120]
[345, 183]
[346, 165]
[347, 120]
[348, 183]
[349, 165]
[350, 120]
[351, 183]
[352, 165]
[353, 120]
[354, 183]
[355, 165]
[356, 120]
[357, 183]
[358, 165]
[359, 120]
[360, 205]
[361, 165]
[362, 120]
[363, 183]
[364, 165]
[365, 120]
[366, 183]
[367, 165]
[368, 120]
[369, 183]
[370, 165]
[371, 120]
[372, 183]
[373, 165]
[374, 120]
[375, 183]
[376, 165]
[377, 120]
[378, 183]
[379, 165]
[380, 142]
[381, 183]
[382, 165]
[383, 120]
[384, 183]
[385, 165]
[386, 120]
[387, 183]
[388, 165]
[389, 120]
[390, 183]
[391, 165]
[392, 120]
[393, 183]
[394, 165]
[395, 120]
[396, 183]
[397, 165]
[398, 120]
[399, 183]
[400, 187]
[401, 120]
[402, 183]
[403, 165]
[404, 120]
[405, 183]
[406, 165]
[407, 120]
[408, 183]
[409, 165]
[410, 120]
[411, 183]
[412, 165]
[413, 120]
[414, 183]
[415, 165]
[416, 120]
[417, 183]
[418, 165]
[419, 120]
[420, 205]
[421, 165]
[422, 120]
[423, 183]
[424, 165]
[425, 120]
[426, 183]
[427, 165]
[428, 120]
[429, 183]
[430, 165]
[431, 120]
[432, 183]
[433, 165]
[434, 120]
[435, 183]
[436, 165]
[437, 120]
[438, 183]
[439, 165]
[440, 142]
[441, 183]
[442, 165]
[443, 120]
[444, 183]
[445, 165]
[446, 120]
[447, 183]
[448, 165]
[449, 120]
[450, 183]
[451, 165]
[452, 120]
[453, 183]
[454, 165]
[455, 120]
[456, 183]
[457, 165]
[458, 120]
[459, 183]
[460, 187]
[461, 120]
[462, 183]
[463, 165]
[464, 120]
[465, 183]
[466, 165]
[467, 120]
[468, 183]
[469, 165]
[470, 120]
[471, 183]
[472, 165]
[473, 120]
[474, 183]
[475, 165]
[476, 120]
[477, 183]
[478, 165]
[479, 120]
[480, 205]
[481, 165]
[482, 120]
[483, 183]
[484, 165]
[485, 120]
[486, 183]
[487, 165]
[488, 120]
[489, 183]
[490, 165]
[491, 120]
[492, 183]
[493, 165]
[494, 120]
[495, 183]
[496, 165]
[497, 120]
[498, 183]
[499, 165]
[500, 142]
[501, 183]
[502, 165]
[503, 120]
[504, 183]
[505, 165]
[506, 120]
[507, 183]
[508, 165]
[509, 120]
[510, 183]
[511, 165]
[512, 120]
[513, 183]
[514, 165]
[515, 120]
[516, 183]
[517, 165]
[518, 120]
[519, 183]
[520, 187]
[521, 120]
[522, 183]
[523, 165]
[524, 120]
[525, 183]
[526, 165]
[527, 120]
[528, 183]
[529, 165]
[530, 120]
[531, 183]
[532, 165]
[533, 120]
[534, 183]
[535, 165]
[536, 120]
[537, 183]
[538, 165]
[539, 120]
[540, 205]
[541, 165]
[542, 120]
[543, 183]
[544, 165]
[545, 120]
[546, 183]
[547, 165]
[548, 120]
[549, 183]
[550, 165]
[551, 120]
[552, 183]
[553, 165]
[554, 120]
[555, 183]
[556, 165]
[557, 120]
[558, 183]
[559, 165]
[560, 142]
[561, 183]
[562, 165]
[563, 120]
[564, 183]
[565, 165]
[566, 120]
[567, 183]
[568, 165]
[569, 120]
[570, 183]
[571, 165]
[572, 120]
[573, 183]
[574, 165]
[575, 120]
[576, 183]
[577, 165]
[578, 120]
[579, 183]
[580, 187]
[581, 120]
[582, 183]
[583, 165]
[584, 120]
[585, 183]
[586, 165]
[587, 120]
[588, 183]
[589, 165]
[590, 120]
[591, 183]
[592, 165]
[593, 120]
[594, 183]
[595, 165]
[596, 120]
[597, 183]
[598, 165]
[599, 120]
[600, 205]
[601, 165]
[602, 120]
[603, 183]
[604, 165]
[605, 120]
[606, 183]
[607, 165]
[608, 120]
[609, 183]
[610, 165]
[611, 120]
[612, 183]
[613, 165]
[614, 120]
[615, 183]
[616, 165]
[617, 120]
[618, 183]
[619, 165]
[620, 142]
[621, 183]
[622, 165]
[623, 120]
[624, 183]
[625, 165]
[626, 120]
[627, 183]
[628, 165]
[629, 120]
[630, 183]
[631, 165]
[632, 120]
[633, 183]
[634, 165]
[635, 120]
[636, 183]
[637, 165]
[638, 120]
[639, 183]
[640, 187]
[641, 120]
[642, 183]
[643, 165]
[644, 120]
[645, 183]
[646, 165]
[647, 120]
[648, 183]
[649, 165]
[650, 120]
[651, 183]
[652, 165]
[653, 120]
[654, 183]
[655, 165]
[656, 120]
[657, 183]
[658, 165]
[659, 120]
[660, 205]
[661, 165]
[662, 120]
[663, 183]
[664, 165]
[665, 120]
[666, 183]
[667, 165]
[668, 120]
[669, 183]
[670, 165]
[671, 120]
[672, 183]
[673, 165]
[674, 120]
[675, 183]
[676, 165]
[677, 120]
[678, 183]
[679, 165]
[680, 142]
[681, 183]
[682, 165]
[683, 120]
[684, 183]
[685, 165]
[686, 120]
[687, 183]
[688, 165]
[689, 120]
[690, 183]
[691, 165]
[692, 120]
[693, 183]
[694, 165]
[695, 120]
[696, 183]
[697, 165]
[698, 120]
[699, 183]
[700, 187]
[701, 120]
[702, 183]
[703, 165]
[704, 120]
[705, 183]
[706, 165]
[707, 120]
[708, 183]
[709, 165]
[710, 120]
[711, 183]
[712, 165]
[713, 120]
[714, 183]
[715, 165]
[716, 120]
[717, 183]
[718, 165]
[719, 120]
[720, 205]
[721, 165]
[722, 120]
[723, 183]
[724, 165]
[725, 120]
[726, 183]
[727, 165]
[728, 120]
[729, 183]
[730, 165]
[731, 120]
[732, 183]
[733, 165]
[734, 120]
[735, 183]
[736, 165]
[737, 120]
[738, 183]
[739, 165]
[740, 142]
[741, 183]
[742, 165]
[743, 120]
[744, 183]
[745, 165]
[746, 120]
[747, 183]
[748, 165]
[749, 120]
[750, 183]
[751, 165]
[752, 120]
[753, 183]
[754, 165]
[755, 120]
[756, 183]
[757, 165]
[758, 120]
[759, 183]
[760, 187]
[761, 120]
[762, 183]
[763, 165]
[764, 120]
[765, 183]
[766, 165]
[767, 120]
[768, 183]
[769, 165]
[770, 120]
[771, 183]
[772, 165]
[773, 120]
[774, 183]
[775, 165]
[776, 120]
[777, 183]
[778, 165]
[779, 120]
[780, 205]
[781, 165]
[782, 120]
[783, 183]
[784, 165]
[785, 120]
[786, 183]
[787, 165]
[788, 120]
[789, 183]
[790, 165]
[791, 120]
[792, 183]
[793, 165]
[794, 120]
[795, 183]
[796, 165]
[797, 120]
[798, 183]
[799, 165]
[800, 142]
[801, 183]
[802, 165]
[803, 120]
[804, 183]
[805, 165]
[806, 120]
[807, 183]
[808, 165]
[809, 120]
[810, 183]
[811, 165]
[812, 120]
[813, 183]
[814, 165]
[815, 120]
[816, 183]
[817, 165]
[818, 120]
[819, 183]
[820, 187]
[821, 120]
[822, 183]
[823, 165]
[824, 120]
[825, 183]
[826, 165]
[827, 120]
[828, 183]
[829, 165]
[830, 120]
[831, 183]
[832, 165]
[833, 120]
[834, 183]
[835, 165]
[836, 120]
[837, 183]
[838, 165]
[839, 120]
[840, 205]
[841, 165]
[842, 120]
[843, 183]
[844, 165]
[845, 120]
[846, 183]
[847, 165]
[848, 120]
[849, 183]
[850, 165]
[851, 120]
[852, 183]
[853, 165]
[854, 120]
[855, 183]
[856, 165]
[857, 120]
[858, 183]
[859, 165]
[860, 142]
[861, 183]
[862, 165]
[863, 120]
[864, 183]
[865, 165]
[866, 120]
[867, 183]
[868, 165]
[869, 120]
[870, 183]
[871, 165]
[872, 120]
[873, 183]
[874, 165]
[875, 120]
[876, 183]
[877, 165]
[878, 120]
[879, 183]
[880, 187]
[881, 120]
[882, 183]
[883, 165]
[884, 120]
[885, 183]
[886, 165]
[887, 120]
[888, 183]
[889, 165]
[890, 120]
[891, 183]
[892, 165]
[893, 120]
[894, 183]
[895, 165]
[896, 120]
[897, 183]
[898, 165]
[899, 120]
[900, 205]
[901, 165]
[902, 120]
[903, 183]
[904, 165]
[905, 120]
[906, 183]
[907, 165]
[908, 120]
[909, 183]
[910, 165]
[911, 120]
[912, 183]
[913, 165]
[914, 120]
[915, 183]
[916, 165]
[917, 120]
[918, 183]
[919, 165]
[920, 142]
[921, 183]
[922, 165]
[923, 120]
[924, 183]
[925, 165]
[926, 120]
[927, 183]
[928, 165]
[929, 120]
[930, 183]
[931, 165]
[932, 120]
[933, 183]
[934, 165]
[935, 120]
[936, 183]
[937, 165]
[938, 120]
[939, 183]
[940, 187]
[941, 120]
[942, 183]
[943, 165]
[944, 120]
[945, 183]
[946, 165]
[947, 120]
[948, 183]
[949, 165]
[950, 120]
[951, 183]
[952, 165]
[953, 120]
[954, 183]
[955, 165]
[956, 120]
[957, 183]
[958, 165]
[959, 120]
[960, 205]
[961, 165]
[962, 120]
[963, 183]
[964, 165]
[965, 120]
[966, 183]
[967, 165]
[968, 120]
[969, 183]
[970, 165]
[971, 120]
[972, 183]
[973, 165]
[974, 120]
[975, 183]
[976, 165]
[977, 120]
[978, 183]
[979, 165]
[980, 142]
[981, 183]
[982, 165]
[983, 120]
[984, 183]
[985, 165]
[986, 120]
[987, 183]
[988, 165]
[989, 120]
[990, 183]
[991, 165]
[992, 120]
[993, 183]
[994, 165]
[995, 120]
[996, 183]
[997, 165]
[998, 120]
[999, 183]
[1000, 187]
[1001, 120]
[1002, 183]
[1003, 165]
[1004, 120]
[1005, 183]
[1006, 165]
[1007, 120]
[1008, 183]
[1009, 165]
[1010, 120]
[1011, 183]
[1012, 165]
[1013, 120]
[1014, 183]
[1015, 165]
[1016, 120]
[1017, 183]
[1018, 165]
[1019, 120]
[1020, 205]
[1021, 165]
[1022, 120]
[1023, 183]
[1024, 165]
[1025, 120]
[1026, 183]
[1027, 165]
[1028, 120]
[1029, 183]
[1030, 165]
[1031, 120]
[1032, 183]
[1033, 165]
[1034, 120]
[1035, 183]
[1036, 165]
[1037, 120]
[1038, 183]
[1039, 165]
[1040, 142]
[1041, 183]
[1042, 165]
[1043, 120]
[1044, 183]
[1045, 165]
[1046, 120]
[1047, 183]
[1048, 165]
[1049, 120]
[1050, 183]
[1051, 165]
[1052, 120]
[1053, 183]
[1054, 165]
[1055, 120]
[1056, 183]
[1057, 165]
[1058, 120]
[1059, 183]
[1060, 187]
[1061, 120]
[1062, 183]
[1063, 165]
[1064, 120]
[1065, 183]
[1066, 165]
[1067, 120]
[1068, 183]
[1069, 165]
[1070, 120]
[1071, 183]
[1072, 165]
[1073, 120]
[1074, 183]
[1075, 165]
[1076, 120]
[1077, 183]
[1078, 165]
[1079, 120]
[1080, 205]
[1081, 165]
[1082, 120]
[1083, 183]
[1084, 165]
[1085, 120]
[1086, 183]
[1087, 165]
[1088, 120]
[1089, 183]
[1090, 165]
[1091, 120]
[1092, 183]
[1093, 165]
[1094, 120]
[1095, 183]
[1096, 165]
[1097, 120]
[1098, 183]
[1099, 165]
[1100, 142]
[1101, 183]
[1102, 165]
[1103, 120]
[1104, 183]
[1105, 165]
[1106, 120]
[1107, 183]
[1108, 165]
[1109, 120]
[1110, 183]
[1111, 165]
[1112, 120]
[1113, 183]
[1114, 165]
[1115, 120]
[1116, 183]
[1117, 165]
[1118, 120]
[1119, 183]
[1120, 187]
[1121, 120]
[1122, 183]
[1123, 165]
[1124, 120]
[1125, 183]
[1126, 165]
[1127, 120]
[1128, 183]
[1129, 165]
[1130, 120]
[1131, 183]
[1132, 165]
[1133, 120]
[1134, 183]
[1135, 165]
[1136, 120]
[1137, 183]
[1138, 165]
[1139, 120]
[1140, 205]
[1141, 165]
[1142, 120]
[1143, 183]
[1144, 165]
[1145, 120]
[1146, 183]
[1147, 165]
[1148, 120]
[1149, 183]
[1150, 165]
[1151, 120]
[1152, 183]
[1153, 165]
[1154, 120]
[1155, 183]
[1156, 165]
[1157, 120]
[1158, 183]
[1159, 165]
[1160, 142]
[1161, 183]
[1162, 165]
[1163, 120]
[1164, 183]
[1165, 165]
[1166, 120]
[1167, 183]
[1168, 165]
[1169, 120]
[1170, 183]
[1171, 165]
[1172, 120]
[1173, 183]
[1174, 165]
[1175, 120]
[1176, 183]
[1177, 165]
[1178, 120]
[1179, 183]
[1180, 187]
[1181, 120]
[1182, 183]
[1183, 165]
[1184, 120]
[1185, 183]
[1186, 165]
[1187, 120]
[1188, 183]
[1189, 165]
[1190, 120]
[1191, 183]
[1192, 165]
[1193, 120]
[1194, 183]
[1195, 165]
[1196, 120]
[1197, 183]
[1198, 165]
[1199, 120]
[1200, 205]
[1201, 165]
[1202, 120]
[1203, 183]
[1204, 165]
[1205, 120]
[1206, 183]
[1207, 165]
[1208, 120]
[1209, 183]
[1210, 165]
[1211, 120]
[1212, 183]
[1213, 165]
[1214, 120]
[1215, 183]
[1216, 165]
[1217, 120]
[1218, 183]
[1219, 165]
[1220, 142]
[1221, 183]
[1222, 165]
[1223, 120]
[1224, 183]
[1225, 165]
[1226, 120]
[1227, 183]
[1228, 165]
[1229, 120]
[1230, 183]
[1231, 165]
[1232, 120]
[1233, 183]
[1234, 165]
[1235, 120]
[1236, 183]
[1237, 165]
[1238, 120]
[1239, 183]
[1240, 187]
[1241, 120]
[1242, 183]
[1243, 165]
[1244, 120]
[1245, 183]
[1246, 165]
[1247, 120]
[1248, 183]
[1249, 165]
[1250, 120]
[1251, 183]
[1252, 165]
[1253, 120]
[1254, 183]
[1255, 165]
[1256, 120]
[1257, 183]
[1258, 165]
[1259, 120]
[1260, 205]
[1261, 165]
[1262, 120]
[1263, 183]
[1264, 165]
[1265, 120]
[1266, 183]
[1267, 165]
[1268, 120]
[1269, 183]
[1270, 165]
[1271, 120]
[1272, 183]
[1273, 165]
[1274, 120]
[1275, 183]
[1276, 165]
[1277, 120]
[1278, 183]
[1279, 165]
[1280, 142]
[1281, 183]
[1282, 165]
[1283, 120]
[1284, 183]
[1285, 165]
[1286, 120]
[1287, 183]
[1288, 165]
[1289, 120]
[1290, 183]
[1291, 165]
[1292, 120]
[1293, 183]
[1294, 165]
[1295, 120]
[1296, 183]
[1297, 165]
[1298, 120]
[1299, 183]
[1300, 187]
[1301, 120]
[1302, 183]
[1303, 165]
[1304, 120]
[1305, 183]
[1306, 165]
[1307, 120]
[1308, 183]
[1309, 165]
[1310, 120]
[1311, 183]
[1312, 165]
[1313, 120]
[1314, 183]
[1315, 165]
[1316, 120]
[1317, 183]
[1318, 165]
[1319, 120]
[1320, 205]
[1321, 165]
[1322, 120]
[1323, 183]
[1324, 165]
[1325, 120]
[1326, 183]
[1327, 165]
[1328, 120]
[1329, 183]
[1330, 165]
[1331, 120]
[1332, 183]
[1333, 165]
[1334, 120]
[1335, 183]
[1336, 165]
[1337, 120]
[1338, 183]
[1339, 165]
[1340, 142]
[1341, 183]
[1342, 165]
[1343, 120]
[1344, 183]
[1345, 165]
[1346, 120]
[1347, 183]
[1348, 165]
[1349, 120]
[1350, 183]
[1351, 165]
[1352, 120]
[1353, 183]
[1354, 165]
[1355, 120]
[1356, 183]
[1357, 165]
[1358, 120]
[1359, 183]
[1360, 187]
[1361, 120]
[1362, 183]
[1363, 165]
[1364, 120]
[1365, 183]
[1366, 165]
[1367, 120]
[1368, 183]
[1369, 165]
[1370, 120]
[1371, 183]
[1372, 165]
[1373, 120]
[1374, 183]
[1375, 165]
[1376, 120]
[1377, 183]
[1378, 165]
[1379, 120]
[1380, 205]
[1381, 165]
[1382, 120]
[1383, 183]
[1384, 165]
[1385, 120]
[1386, 183]
[1387, 165]
[1388, 120]
[1389, 183]
[1390, 165]
[1391, 120]
[1392, 183]
[1393, 165]
[1394, 120]
[1395, 183]
[1396, 165]
[1397, 120]
[1398, 183]
[1399, 165]
[1400, 142]
[1401, 183]
[1402, 165]
[1403, 120]
[1404, 183]
[1405, 165]
[1406, 120]
[1407, 183]
[1408, 165]
[1409, 120]
[1410, 183]
[1411, 165]
[1412, 120]
[1413, 183]
[1414, 165]
[1415, 120]
[1416, 183]
[1417, 165]
[1418, 120]
[1419, 183]
[1420, 187]
[1421, 120]
[1422, 183]
[1423, 165]
[1424, 120]
[1425, 183]
[1426, 165]
[1427, 120]
[1428, 183]
[1429, 165]
[1430, 120]
[1431, 183]
[1432, 165]
[1433, 120]
[1434, 183]
[1435, 165]
[1436, 120]
[1437, 183]
[1438, 165]
[1439, 120]
