SimulationV07.py[0, 276]
[1, 135]
[2, 135]
[3, 252]
[4, 135]
[5, 135]
[6, 252]
[7, 135]
[8, 135]
[9, 252]
[10, 135]
[11, 135]
[12, 90]
[20, 13]
[21, 9]
[22, 2]
[23, 162]
[24, 135]
[25, 225]
[26, 162]
[27, 135]
[28, 225]
[29, 162]
[30, 135]
[31, 225]
[32, 162]
[33, 135]
[34, 225]
[35, 162]
[36, 135]
[37, 225]
[38, 162]
[40, 44]
[41, 5]
[42, 5]
[43, 193]
[44, 164]
[45, 171]
[46, 189]
[47, 162]
[48, 171]
[49, 189]
[50, 162]
[51, 171]
[52, 189]
[53, 162]
[54, 171]
[55, 189]
[56, 162]
[57, 171]
[58, 189]
[59, 162]
[60, 179]
[61, 194]
[62, 162]
[63, 176]
[64, 193]
[65, 162]
[66, 173]
[67, 189]
[68, 162]
[69, 171]
[70, 189]
[71, 162]
[72, 171]
[73, 189]
[74, 162]
[75, 171]
[76, 189]
[77, 162]
[78, 171]
[79, 189]
[80, 170]
[81, 171]
[82, 194]
[83, 162]
[84, 176]
[85, 189]
[86, 166]
[87, 171]
[88, 191]
[89, 162]
[90, 171]
[91, 189]
[92, 162]
[93, 171]
[94, 189]
[95, 162]
[96, 171]
[97, 189]
[98, 162]
[99, 171]
[100, 197]
[101, 162]
[102, 176]
[103, 189]
[104, 162]
[105, 176]
[106, 189]
[107, 166]
[108, 171]
[109, 189]
[110, 164]
[111, 171]
[112, 189]
[113, 162]
[114, 171]
[115, 189]
[116, 162]
[117, 171]
[118, 189]
[119, 162]
[120, 179]
[121, 189]
[122, 162]
[123, 176]
[124, 189]
[125, 162]
[126, 176]
[127, 189]
[128, 162]
[129, 175]
[130, 189]
[131, 162]
[132, 128]
[133, 189]
[134, 102]
[135, 81]
[136, 84]
[137, 87]
[138, 111]
[139, 96]
[140, 116]
[141, 48]
[142, 117]
[143, 83]
[144, 156]
[145, 132]
[146, 141]
[147, 161]
[148, 162]
[149, 162]
[150, 202]
[151, 162]
[152, 162]
[153, 198]
[154, 164]
[155, 162]
[156, 198]
[157, 162]
[158, 162]
[159, 198]
[160, 170]
[161, 162]
[162, 198]
[163, 162]
[164, 167]
[165, 198]
[166, 162]
[167, 162]
[168, 203]
[169, 162]
[170, 162]
[171, 198]
[172, 166]
[173, 162]
[174, 198]
[175, 162]
[176, 164]
[177, 198]
[178, 162]
[179, 162]
[180, 206]
[181, 162]
[182, 162]
[183, 198]
[184, 167]
[185, 162]
[186, 198]
[187, 162]
[188, 162]
[189, 203]
[190, 162]
[191, 162]
[192, 198]
[193, 166]
[194, 162]
[195, 198]
[196, 162]
[197, 162]
[198, 200]
[199, 162]
[200, 170]
[201, 198]
[202, 162]
[203, 162]
[204, 198]
[205, 167]
[206, 162]
[207, 198]
[208, 162]
[209, 162]
[210, 203]
[211, 162]
[212, 162]
[213, 198]
[214, 162]
[215, 166]
[216, 198]
[217, 162]
[218, 162]
[219, 198]
[220, 167]
[221, 167]
[222, 198]
[223, 162]
[224, 162]
[225, 198]
[226, 167]
[227, 162]
[228, 198]
[229, 162]
[230, 162]
[231, 198]
[232, 167]
[233, 162]
[234, 198]
[235, 162]
[236, 162]
[237, 202]
[238, 162]
[239, 162]
[240, 203]
[241, 165]
[242, 162]
[243, 200]
[244, 162]
[245, 162]
[246, 203]
[247, 162]
[248, 162]
[249, 198]
[250, 162]
[251, 162]
[252, 203]
[253, 162]
[254, 162]
[255, 198]
[256, 162]
[257, 162]
[258, 202]
[259, 162]
[260, 167]
[261, 198]
[262, 165]
[263, 162]
[264, 198]
[265, 164]
[266, 162]
[267, 203]
[268, 162]
[269, 162]
[270, 198]
[271, 162]
[272, 162]
[273, 198]
[274, 167]
[275, 162]
[276, 198]
[277, 162]
[278, 162]
[279, 198]
[280, 166]
[281, 92]
[282, 63]
[283, 165]
[284, 162]
[285, 198]
[286, 162]
[287, 164]
[288, 113]
[289, 57]
[290, 162]
[291, 198]
[292, 162]
[293, 162]
[294, 198]
[295, 167]
[296, 72]
[297, 198]
[298, 162]
[299, 162]
[300, 202]
[301, 163]
[302, 166]
[303, 201]
[304, 162]
[305, 162]
[306, 198]
[307, 162]
[308, 167]
[309, 200]
[310, 162]
[311, 162]
[312, 198]
[313, 162]
[314, 162]
[315, 203]
[316, 162]
[317, 162]
[318, 198]
[319, 162]
[320, 166]
[321, 198]
[322, 163]
[323, 166]
[324, 201]
[325, 162]
[326, 162]
[327, 198]
[328, 162]
[329, 167]
[330, 200]
[331, 162]
[332, 162]
[333, 198]
[334, 162]
[335, 162]
[336, 203]
[337, 162]
[338, 162]
[339, 198]
[340, 166]
[341, 162]
[342, 199]
[343, 162]
[344, 166]
[345, 201]
[346, 162]
[347, 162]
[348, 198]
[349, 167]
[350, 162]
[351, 198]
[352, 164]
[353, 162]
[354, 198]
[355, 162]
[356, 167]
[357, 198]
[358, 162]
[359, 162]
[360, 202]
[361, 162]
[362, 162]
[363, 199]
[364, 162]
[365, 166]
[366, 201]
[367, 162]
[368, 162]
[369, 198]
[370, 167]
[371, 162]
[372, 198]
[373, 164]
[374, 162]
[375, 198]
[376, 162]
[377, 167]
[378, 198]
[379, 162]
[380, 166]
[381, 198]
[382, 162]
[383, 163]
[384, 198]
[385, 165]
[386, 163]
[387, 201]
[388, 162]
[389, 162]
[390, 203]
[391, 162]
[392, 162]
[393, 198]
[394, 164]
[395, 162]
[396, 198]
[397, 167]
[398, 162]
[399, 198]
[400, 166]
[401, 162]
[402, 198]
[403, 162]
[404, 163]
[405, 198]
[406, 165]
[407, 163]
[408, 201]
[409, 162]
[410, 162]
[411, 203]
[412, 162]
[413, 162]
[414, 198]
[415, 164]
[416, 162]
[417, 198]
[418, 167]
[419, 162]
[420, 202]
[421, 162]
[422, 162]
[423, 198]
[424, 163]
[425, 162]
[426, 201]
[427, 162]
[428, 163]
[429, 201]
[430, 162]
[431, 167]
[432, 198]
[433, 162]
[434, 162]
[435, 198]
[436, 164]
[437, 162]
[438, 203]
[439, 162]
[440, 166]
[441, 198]
[442, 162]
[443, 162]
[444, 198]
[445, 163]
[446, 162]
[447, 201]
[448, 162]
[449, 163]
[450, 201]
[451, 162]
[452, 167]
[453, 198]
[454, 162]
[455, 162]
[456, 198]
[457, 164]
[458, 162]
[459, 203]
[460, 166]
[461, 42]
[462, 198]
[463, 162]
[464, 162]
[465, 199]
[466, 162]
[467, 165]
[468, 198]
[469, 162]
[470, 163]
[471, 201]
[472, 167]
[473, 162]
[474, 198]
[475, 162]
[476, 162]
[477, 198]
[478, 164]
[479, 167]
