SimulationV08.py[0, 277]
[1, 135]
[2, 135]
[3, 252]
[4, 135]
[5, 135]
[6, 252]
[7, 135]
[8, 135]
[9, 252]
[10, 135]
[11, 135]
[12, 90]
[20, 13]
[21, 9]
[22, 3]
[23, 162]
[24, 135]
[25, 225]
[26, 162]
[27, 135]
[28, 225]
[29, 162]
[30, 135]
[31, 225]
[32, 162]
[33, 135]
[34, 225]
[35, 162]
[36, 135]
[37, 225]
[38, 102]
[40, 25]
[41, 6]
[42, 4]
[43, 211]
[44, 138]
[45, 180]
[46, 207]
[47, 135]
[48, 180]
[49, 207]
[50, 135]
[51, 181]
[52, 207]
[53, 135]
[54, 180]
[55, 207]
[56, 135]
[57, 180]
[58, 207]
[59, 135]
[60, 187]
[61, 211]
[62, 137]
[63, 184]
[64, 210]
[65, 136]
[66, 183]
[67, 207]
[68, 135]
[69, 180]
[70, 207]
[71, 135]
[72, 181]
[73, 207]
[74, 135]
[75, 180]
[76, 207]
[77, 135]
[78, 180]
[79, 207]
[80, 140]
[81, 182]
[82, 211]
[83, 137]
[84, 184]
[85, 210]
[86, 136]
[87, 183]
[88, 207]
[89, 135]
[90, 180]
[91, 207]
[92, 135]
[93, 181]
[94, 207]
[95, 135]
[96, 180]
[97, 207]
[98, 135]
[99, 180]
[100, 212]
[101, 137]
[102, 184]
[103, 209]
[104, 139]
[105, 183]
[106, 208]
[107, 138]
[108, 180]
[109, 207]
[110, 135]
[111, 180]
[112, 207]
[113, 136]
[114, 180]
[115, 207]
[116, 135]
[117, 180]
[118, 207]
[119, 135]
[120, 185]
[121, 209]
[122, 139]
[123, 182]
[124, 211]
[125, 138]
[126, 181]
[127, 210]
[128, 135]
[129, 180]
[130, 207]
[131, 135]
[132, 180]
[133, 208]
[134, 135]
[135, 180]
[136, 192]
[137, 75]
[138, 45]
[139, 207]
[140, 20]
[141, 47]
[142, 193]
[143, 110]
[144, 156]
[145, 217]
[146, 156]
[147, 154]
[148, 219]
[149, 153]
[150, 153]
[151, 216]
[152, 153]
[153, 153]
[154, 217]
[155, 153]
[156, 153]
[157, 216]
[158, 153]
[159, 153]
[160, 221]
[161, 155]
[162, 157]
[163, 216]
[164, 155]
[165, 156]
[166, 217]
[167, 156]
[168, 154]
[169, 219]
[170, 153]
[171, 153]
[172, 216]
[173, 153]
[174, 153]
[175, 217]
[176, 153]
[177, 153]
[178, 216]
[179, 153]
[180, 158]
[181, 216]
[182, 155]
[183, 157]
[184, 216]
[185, 155]
[186, 156]
[187, 217]
[188, 156]
[189, 154]
[190, 219]
[191, 153]
[192, 153]
[193, 216]
[194, 153]
[195, 153]
[196, 217]
[197, 153]
[198, 153]
[199, 216]
[200, 158]
[201, 153]
[202, 218]
[203, 157]
[204, 153]
[205, 218]
[206, 156]
[207, 154]
[208, 219]
[209, 154]
[210, 156]
[211, 216]
[212, 153]
[213, 153]
[214, 216]
[215, 153]
[216, 154]
[217, 216]
[218, 153]
[219, 153]
[220, 221]
[221, 153]
[222, 155]
[223, 220]
[224, 153]
[225, 155]
[226, 219]
[227, 154]
[228, 156]
[229, 217]
[230, 156]
[231, 153]
[232, 216]
[233, 153]
[234, 153]
[235, 216]
[236, 154]
[237, 153]
[238, 216]
[239, 153]
[240, 158]
[241, 216]
[242, 155]
[243, 157]
[244, 216]
[245, 155]
[246, 156]
[247, 217]
[248, 156]
[249, 154]
[250, 219]
[251, 153]
[252, 153]
[253, 216]
[254, 153]
[255, 153]
[256, 217]
[257, 153]
[258, 153]
[259, 216]
[260, 158]
[261, 153]
[262, 218]
[263, 156]
[264, 154]
[265, 216]
[266, 155]
[267, 156]
[268, 217]
[269, 156]
[270, 154]
[271, 219]
[272, 153]
[273, 153]
[274, 216]
[275, 153]
[276, 153]
[277, 217]
[278, 153]
[279, 153]
[280, 221]
[281, 153]
[282, 153]
[283, 218]
[284, 156]
[285, 154]
[286, 216]
[287, 155]
[288, 156]
[289, 217]
[290, 156]
[291, 154]
[292, 219]
[293, 153]
[294, 153]
[295, 216]
[296, 153]
[297, 153]
[298, 217]
[299, 153]
[300, 158]
[301, 216]
[302, 153]
[303, 155]
[304, 219]
[305, 154]
[306, 153]
[307, 218]
[308, 156]
[309, 154]
[310, 219]
[311, 154]
[312, 156]
[313, 216]
[314, 153]
[315, 153]
[316, 216]
[317, 153]
[318, 154]
[319, 216]
[320, 158]
[321, 153]
[322, 216]
[323, 155]
[324, 156]
[325, 217]
[326, 153]
[327, 155]
[328, 219]
[329, 154]
[330, 156]
[331, 217]
[332, 156]
[333, 153]
[334, 216]
[335, 153]
[336, 153]
[337, 216]
[338, 154]
[339, 153]
[340, 221]
[341, 153]
[342, 153]
[343, 218]
[344, 156]
[345, 154]
[346, 216]
[347, 155]
[348, 156]
[349, 217]
[350, 156]
[351, 154]
[352, 219]
[353, 153]
[354, 153]
[355, 216]
[356, 153]
[357, 153]
[358, 217]
[359, 153]
[360, 158]
[361, 216]
[362, 153]
[363, 155]
[364, 219]
[365, 154]
[366, 153]
[367, 218]
[368, 156]
[369, 154]
[370, 219]
[371, 154]
[372, 156]
[373, 216]
[374, 153]
[375, 153]
[376, 216]
[377, 153]
[378, 154]
[379, 216]
[380, 157]
[381, 154]
[382, 216]
[383, 153]
[384, 155]
[385, 219]
[386, 154]
[387, 153]
[388, 218]
[389, 156]
[390, 154]
[391, 189]
[392, 154]
[393, 156]
[394, 186]
[395, 153]
[396, 153]
[397, 216]
[398, 153]
[399, 154]
[400, 220]
[401, 154]
[402, 153]
[403, 201]
[404, 155]
[405, 156]
[406, 187]
[407, 153]
[408, 155]
[409, 189]
[410, 154]
[411, 156]
[412, 217]
[413, 156]
[414, 153]
[415, 216]
[416, 153]
[417, 153]
[418, 201]
[419, 154]
[420, 157]
[421, 187]
[422, 153]
[423, 153]
[424, 188]
[425, 156]
[426, 154]
[427, 216]
[428, 155]
[429, 156]
[430, 217]
[431, 156]
[432, 154]
[433, 202]
[434, 155]
[435, 153]
[436, 186]
[437, 153]
[438, 153]
[439, 187]
[440, 157]
[441, 154]
[442, 216]
[443, 153]
[444, 155]
[445, 219]
[446, 154]
[447, 153]
[448, 203]
[449, 156]
[450, 153]
[451, 186]
[452, 154]
[453, 156]
[454, 187]
[455, 154]
[456, 155]
[457, 216]
[458, 153]
[459, 153]
[460, 216]
[461, 158]
[462, 154]
[463, 201]
[464, 153]
[465, 155]
[466, 189]
[467, 153]
[468, 153]
[469, 187]
[470, 153]
[471, 155]
[472, 219]
[473, 153]
[474, 154]
[475, 219]
[476, 153]
[477, 154]
[478, 202]
[479, 155]
