SimulationV01.py[0, 276]
[1, 135]
[2, 135]
[3, 252]
[4, 135]
[5, 135]
[6, 252]
[7, 135]
[8, 135]
[9, 252]
[10, 135]
[11, 135]
[12, 252]
[13, 135]
[14, 135]
[15, 252]
[16, 135]
[17, 135]
[18, 252]
[19, 135]
[20, 159]
[21, 252]
[22, 135]
[23, 135]
[24, 252]
[25, 135]
[26, 135]
[27, 252]
[28, 135]
[29, 135]
[30, 252]
[31, 135]
[32, 135]
[33, 252]
[34, 135]
[35, 135]
[36, 252]
[37, 135]
[38, 135]
[39, 252]
[40, 159]
[41, 135]
[42, 252]
[43, 135]
[44, 135]
[45, 252]
[46, 135]
[47, 135]
[48, 252]
[49, 135]
[50, 135]
[51, 252]
[52, 135]
[53, 135]
[54, 252]
[55, 135]
[56, 135]
[57, 252]
[58, 135]
[59, 135]
[60, 276]
[61, 135]
[62, 135]
[63, 252]
[64, 135]
[65, 135]
[66, 252]
[67, 135]
[68, 135]
[69, 252]
[70, 135]
[71, 135]
[72, 252]
[73, 135]
[74, 135]
[75, 252]
[76, 135]
[77, 135]
[78, 252]
[79, 135]
[80, 159]
[81, 252]
[82, 135]
[83, 135]
[84, 252]
[85, 135]
[86, 135]
[87, 252]
[88, 135]
[89, 135]
[90, 252]
[91, 135]
[92, 135]
[93, 252]
[94, 135]
[95, 135]
[96, 252]
[97, 135]
[98, 135]
[99, 252]
[100, 159]
[101, 135]
[102, 252]
[103, 135]
[104, 135]
[105, 252]
[106, 135]
[107, 135]
[108, 252]
[109, 135]
[110, 135]
[111, 252]
[112, 135]
[113, 135]
[114, 252]
[115, 135]
[116, 135]
[117, 252]
[118, 135]
[119, 135]
[120, 275]
[121, 135]
[122, 135]
[123, 252]
[124, 135]
[125, 135]
[126, 252]
[127, 135]
[128, 135]
[129, 252]
[130, 135]
[131, 135]
[132, 252]
[133, 135]
[134, 75]
[135, 117]
[137, 46]
[138, 147]
[139, 30]
[140, 53]
[141, 87]
[142, 117]
[143, 39]
[144, 78]
[145, 117]
[146, 171]
[147, 117]
[148, 180]
[149, 171]
[150, 171]
[151, 180]
[152, 171]
[153, 171]
[154, 180]
[155, 171]
[156, 171]
[157, 181]
[158, 171]
[159, 171]
[160, 203]
[161, 171]
[162, 171]
[163, 180]
[164, 171]
[165, 171]
[166, 180]
[167, 171]
[168, 171]
[169, 180]
[170, 171]
[171, 171]
[172, 180]
[173, 171]
[174, 171]
[175, 180]
[176, 171]
[177, 172]
[178, 180]
[179, 171]
[180, 194]
[181, 180]
[182, 171]
[183, 171]
[184, 180]
[185, 171]
[186, 171]
[187, 180]
[188, 171]
[189, 171]
[190, 180]
[191, 171]
[192, 171]
[193, 180]
[194, 171]
[195, 171]
[196, 180]
[197, 172]
[198, 171]
[199, 180]
[200, 194]
[201, 171]
[202, 180]
[203, 171]
[204, 171]
[205, 180]
[206, 171]
[207, 171]
[208, 180]
[209, 171]
[210, 171]
[211, 180]
[212, 171]
[213, 171]
[214, 180]
[215, 171]
[216, 171]
[217, 181]
[218, 171]
[219, 171]
[220, 203]
[221, 171]
[222, 171]
[223, 180]
[224, 171]
[225, 171]
[226, 180]
[227, 171]
[228, 171]
[229, 180]
[230, 171]
[231, 171]
[232, 180]
[233, 171]
[234, 171]
[235, 180]
[236, 171]
[237, 172]
[238, 180]
[239, 171]
[240, 194]
[241, 180]
[242, 171]
[243, 171]
[244, 180]
[245, 171]
[246, 171]
[247, 180]
[248, 171]
[249, 171]
[250, 180]
[251, 171]
[252, 171]
[253, 180]
[254, 171]
[255, 171]
[256, 180]
[257, 172]
[258, 171]
[259, 180]
[260, 194]
[261, 171]
[262, 180]
[263, 171]
[264, 171]
[265, 180]
[266, 171]
[267, 171]
[268, 180]
[269, 171]
[270, 171]
[271, 180]
[272, 171]
[273, 171]
[274, 180]
[275, 171]
[276, 171]
[277, 181]
[278, 171]
[279, 171]
[280, 203]
[281, 171]
[282, 171]
[283, 180]
[284, 171]
[285, 171]
[286, 180]
[287, 171]
[288, 171]
[289, 180]
[290, 171]
[291, 171]
[292, 180]
[293, 171]
[294, 171]
[295, 180]
[296, 171]
[297, 172]
[298, 180]
[299, 171]
[300, 194]
[301, 180]
[302, 171]
[303, 171]
[304, 180]
[305, 171]
[306, 171]
[307, 180]
[308, 171]
[309, 171]
[310, 180]
[311, 171]
[312, 171]
[313, 180]
[314, 171]
[315, 171]
[316, 180]
[317, 172]
[318, 171]
[319, 180]
[320, 194]
[321, 171]
[322, 180]
[323, 171]
[324, 171]
[325, 180]
[326, 171]
[327, 171]
[328, 180]
[329, 171]
[330, 171]
[331, 180]
[332, 171]
[333, 171]
[334, 180]
[335, 171]
[336, 171]
[337, 181]
[338, 171]
[339, 171]
[340, 203]
[341, 171]
[342, 171]
[343, 180]
[344, 171]
[345, 171]
[346, 180]
[347, 171]
[348, 171]
[349, 180]
[350, 171]
[351, 171]
[352, 180]
[353, 171]
[354, 171]
[355, 180]
[356, 171]
[357, 172]
[358, 180]
[359, 171]
[360, 194]
[361, 180]
[362, 171]
[363, 171]
[364, 180]
[365, 171]
[366, 171]
[367, 180]
[368, 171]
[369, 171]
[370, 180]
[371, 171]
[372, 171]
[373, 180]
[374, 171]
[375, 171]
[376, 180]
[377, 172]
[378, 171]
[379, 180]
[380, 194]
[381, 171]
[382, 180]
[383, 171]
[384, 171]
[385, 180]
[386, 171]
[387, 171]
[388, 180]
[389, 171]
[390, 171]
[391, 180]
[392, 171]
[393, 171]
[394, 180]
[395, 171]
[396, 171]
[397, 181]
[398, 171]
[399, 171]
[400, 203]
[401, 171]
[402, 171]
[403, 180]
[404, 171]
[405, 171]
[406, 180]
[407, 171]
[408, 171]
[409, 180]
[410, 171]
[411, 171]
[412, 180]
[413, 171]
[414, 171]
[415, 180]
[416, 171]
[417, 172]
[418, 180]
[419, 171]
[420, 194]
[421, 180]
[422, 171]
[423, 171]
[424, 180]
[425, 171]
[426, 171]
[427, 180]
[428, 171]
[429, 171]
[430, 180]
[431, 171]
[432, 171]
[433, 180]
[434, 171]
[435, 171]
[436, 180]
[437, 172]
[438, 171]
[439, 180]
[440, 194]
[441, 171]
[442, 180]
[443, 171]
[444, 171]
[445, 180]
[446, 171]
[447, 171]
[448, 180]
[449, 171]
[450, 171]
[451, 180]
[452, 171]
[453, 171]
[454, 180]
[455, 171]
[456, 171]
[457, 181]
[458, 171]
[459, 171]
[460, 203]
[461, 171]
[462, 171]
[463, 180]
[464, 171]
[465, 171]
[466, 180]
[467, 171]
[468, 171]
[469, 180]
[470, 171]
[471, 171]
[472, 180]
[473, 171]
[474, 171]
[475, 180]
[476, 171]
[477, 172]
[478, 180]
[479, 171]
