SimulationV06.py[111851008.68, [11355, 11360, 11365, 11370, 11370, 11370, 11370, 11375, 11375, 11375, 11375, 11375, 11375, 11375, 11375, 11375, 11375, 11375, 11375], [12, 8, 8, 22, 1, 10, 74, 500, 500, 500, 500, 500, 500], [17636013.0, 2391600.0, 704487.98, 9147959.12, 81970948.58]]
[111854233.39, [11360, 11360, 11360, 11365, 11370, 11370, 11370, 11370, 11375, 11375, 11375, 11375, 11375, 11375, 11375, 11375, 11375, 11375, 11375], [12, 8, 8, 22, 1, 10, 74, 500, 500, 500, 500, 500, 500], [17636013.0, 2391600.0, 704502.75, 9147545.03, 81974572.61]]
[111936053.49, [11320, 11350, 11355, 11360, 11365, 11370, 11370, 11370, 11375, 11375, 11375, 11375, 11375, 11375, 11375, 11375, 11375, 11375, 11375], [12, 8, 8, 22, 1, 10, 74, 500, 500, 500, 500, 500, 500], [17636013.0, 2391600.0, 704396.21, 9144813.51, 82059230.78]]
[112283856.2, [11350, 11355, 11360, 11360, 11360, 11365, 11365, 11370, 11370, 11375, 11375, 11375, 11375, 11375, 11375, 11375, 11375, 11375, 11375], [12, 8, 8, 22, 1, 10, 74, 500, 500, 500, 500, 500, 500], [17636013.0, 2391600.0, 704450.09, 9145648.42, 82406144.68]]
[112393917.97, [11350, 11360, 11365, 11365, 11370, 11370, 11370, 11375, 11375, 11375, 11375, 11375, 11375, 11375, 11375, 11375, 11375, 11375, 11375], [12, 8, 8, 22, 1, 10, 74, 500, 500, 500, 500, 500, 500], [17636013.0, 2391600.0, 704545.49, 9147535.44, 82514224.03]]
[112621307.68, [11345, 11360, 11360, 11365, 11365, 11365, 11370, 11370, 11370, 11370, 11375, 11375, 11375, 11375, 11375, 11375, 11375, 11375, 11375], [12, 8, 8, 22, 1, 10, 73, 500, 500, 500, 500, 500, 500], [17397688.5, 2391600.0, 704445.65, 9146067.5, 82981506.03]]
[112948936.69, [11340, 11345, 11360, 11360, 11360, 11370, 11370, 11370, 11375, 11375, 11375, 11375, 11375, 11375, 11375, 11375, 11375, 11375, 11375], [12, 8, 8, 22, 1, 10, 74, 500, 500, 500, 500, 500, 500], [17636013.0, 2391600.0, 704471.6, 9145457.23, 83071394.86]]
[113008106.95, [11360, 11360, 11360, 11365, 11370, 11370, 11375, 11375, 11375, 11375, 11375, 11375, 11375, 11375, 11375, 11375, 11375, 11375, 11375], [12, 8, 8, 22, 1, 10, 77, 500, 500, 500, 500, 500, 500], [18350986.5, 2391600.0, 704528.4, 9147959.88, 82413032.18]]
[113042015.1, [11330, 11330, 11350, 11360, 11360, 11370, 11370, 11370, 11375, 11375, 11375, 11375, 11375, 11375, 11375, 11375, 11375, 11375, 11375], [12, 8, 8, 22, 1, 10, 74, 500, 500, 500, 500, 500, 500], [17636013.0, 2391600.0, 704436.13, 9143976.77, 83165989.2]]
[113075852.73, [11350, 11355, 11355, 11360, 11365, 11365, 11365, 11370, 11370, 11370, 11370, 11375, 11375, 11375, 11375, 11375, 11375, 11375, 11375], [12, 8, 8, 22, 1, 10, 74, 500, 500, 500, 500, 500, 500], [17636013.0, 2391600.0, 704450.14, 9145232.59, 83198557.0]]
[113270806.37, [11315, 11320, 11360, 11360, 11365, 11370, 11370, 11370, 11375, 11375, 11375, 11375, 11375, 11375, 11375, 11375, 11375, 11375, 11375], [12, 8, 8, 22, 1, 10, 73, 500, 500, 500, 500, 500, 500], [17397688.5, 2391600.0, 704349.36, 9143553.6, 83633614.9]]
[113359002.0, [11335, 11345, 11355, 11360, 11360, 11365, 11365, 11365, 11375, 11375, 11375, 11375, 11375, 11375, 11375, 11375, 11375, 11375, 11375], [12, 8, 8, 22, 1, 10, 74, 500, 500, 500, 500, 500, 500], [17636013.0, 2391600.0, 704409.38, 9144405.0, 83482574.62]]
[113512199.69, [11335, 11355, 11355, 11355, 11360, 11360, 11360, 11370, 11370, 11370, 11375, 11375, 11375, 11375, 11375, 11375, 11375, 11375, 11375], [12, 8, 8, 22, 1, 10, 69, 500, 500, 500, 500, 500, 500], [16444390.5, 2391600.0, 704419.35, 9143987.9, 84827801.93]]
[113515547.58, [11340, 11365, 11370, 11370, 11370, 11370, 11375, 11375, 11375, 11375, 11375, 11375, 11375, 11375, 11375, 11375, 11375, 11375, 11375], [12, 8, 8, 22, 1, 10, 83, 500, 500, 500, 500, 500, 500], [19780933.5, 2391600.0, 704516.65, 9147957.3, 81490540.13]]
[114021724.39, [11335, 11340, 11345, 11350, 11365, 11370, 11370, 11370, 11375, 11375, 11375, 11375, 11375, 11375, 11375, 11375, 11375, 11375, 11375], [12, 8, 8, 22, 1, 10, 75, 500, 500, 500, 500, 500, 500], [17874337.5, 2391600.0, 704402.15, 9144210.36, 83907174.37]]
[114040420.08, [11325, 11330, 11350, 11350, 11355, 11355, 11355, 11360, 11370, 11370, 11370, 11375, 11375, 11375, 11375, 11375, 11375, 11375, 11375], [12, 8, 8, 22, 1, 10, 74, 500, 500, 500, 500, 500, 500], [17636013.0, 2391600.0, 704367.97, 9140849.7, 84167589.41]]
[114083529.25, [11330, 11335, 11350, 11360, 11360, 11365, 11365, 11365, 11370, 11375, 11375, 11375, 11375, 11375, 11375, 11375, 11375, 11375, 11375], [12, 8, 8, 22, 1, 10, 74, 500, 500, 500, 500, 500, 500], [17636013.0, 2391600.0, 704407.7, 9143348.46, 84208160.1]]
[114569079.75, [11340, 11345, 11345, 11350, 11350, 11355, 11360, 11365, 11365, 11370, 11375, 11375, 11375, 11375, 11375, 11375, 11375, 11375, 11375], [12, 8, 8, 22, 1, 10, 67, 500, 500, 500, 500, 500, 500], [15967741.5, 2391600.0, 704393.64, 9142116.3, 86363228.31]]
[114590823.88, [11325, 11345, 11350, 11355, 11355, 11360, 11360, 11360, 11365, 11370, 11370, 11375, 11375, 11375, 11375, 11375, 11375, 11375, 11375], [12, 8, 8, 22, 1, 10, 71, 500, 500, 500, 500, 500, 500], [16921039.5, 2391600.0, 704355.13, 9141908.62, 85431920.63]]
[114651116.02, [11335, 11355, 11360, 11360, 11360, 11365, 11370, 11370, 11370, 11370, 11375, 11375, 11375, 11375, 11375, 11375, 11375, 11375, 11375], [12, 8, 8, 22, 1, 10, 79, 500, 500, 500, 500, 500, 500], [18827635.5, 2391600.0, 704451.37, 9145023.36, 83582405.78]]
