SimulationV04.py[0, [0, 16, 16, 0, 0, 0]]
[1, [0, 32, 32, 0, 0, 0]]
[2, [48, 48, 48, 0, 0, 0]]
[3, [48, 64, 64, 0, 0, 0]]
[4, [48, 80, 80, 0, 0, 0]]
[5, [96, 96, 96, 0, 0, 0]]
[6, [96, 112, 112, 0, 0, 0]]
[7, [96, 128, 128, 0, 0, 0]]
[8, [144, 144, 144, 0, 0, 0]]
[9, [144, 160, 160, 0, 0, 0]]
[10, [144, 176, 176, 0, 0, 0]]
[11, [192, 192, 192, 0, 0, 0]]
[12, [192, 208, 208, 0, 0, 0]]
[13, [192, 224, 224, 0, 0, 0]]
[14, [240, 240, 240, 0, 0, 0]]
[15, [240, 256, 256, 0, 0, 0]]
[16, [240, 272, 272, 0, 0, 0]]
[17, [288, 288, 288, 0, 0, 0]]
[18, [288, 304, 304, 0, 0, 0]]
[19, [288, 320, 320, 330, 0, 0]]
[20, [336, 336, 336, 186, 144, 0]]
[21, [306, 322, 322, 42, 255, 3]]
[22, [276, 308, 308, 42, 222, 6]]
[23, [294, 294, 294, 42, 189, 9]]
[24, [254, 270, 270, 42, 156, 2]]
[25, [224, 256, 256, 42, 123, 5]]
[26, [242, 242, 242, 42, 90, 8]]
[27, [202, 218, 218, 42, 57, 1]]
[28, [172, 204, 204, 42, 24, 4]]
[29, [200, 200, 200, 42, 0, 8]]
[30, [200, 216, 216, 42, 0, 8]]
[31, [200, 232, 232, 42, 0, 8]]
[32, [248, 248, 248, 42, 0, 8]]
[33, [248, 264, 264, 42, 0, 8]]
[34, [248, 280, 280, 42, 0, 8]]
[35, [296, 296, 296, 42, 0, 8]]
[36, [296, 312, 312, 42, 0, 8]]
[37, [296, 328, 328, 42, 0, 8]]
[38, [344, 344, 344, 42, 0, 8]]
[39, [344, 360, 360, 372, 0, 8]]
[40, [344, 376, 376, 228, 144, 8]]
[41, [352, 352, 352, 84, 255, 1]]
[42, [322, 338, 338, 84, 222, 4]]
[43, [292, 324, 324, 84, 189, 7]]
[44, [300, 300, 300, 84, 156, 0]]
[45, [270, 286, 286, 84, 123, 3]]
[46, [240, 272, 272, 84, 90, 6]]
[47, [258, 258, 258, 84, 57, 9]]
[48, [218, 234, 234, 84, 24, 2]]
[49, [198, 230, 230, 84, 0, 6]]
[50, [246, 246, 246, 84, 0, 6]]
[51, [246, 262, 262, 84, 0, 6]]
[52, [246, 278, 278, 84, 0, 6]]
[53, [294, 294, 294, 84, 0, 6]]
[54, [294, 310, 310, 84, 0, 6]]
[55, [294, 326, 326, 84, 0, 6]]
[56, [342, 342, 342, 84, 0, 6]]
[57, [342, 358, 358, 84, 0, 6]]
[58, [342, 374, 374, 84, 0, 6]]
[59, [390, 390, 390, 414, 0, 6]]
[60, [390, 406, 406, 270, 144, 6]]
[61, [360, 392, 392, 126, 255, 9]]
[62, [368, 368, 368, 126, 222, 2]]
[63, [338, 354, 354, 126, 189, 5]]
[64, [308, 340, 340, 126, 156, 8]]
[65, [316, 316, 316, 126, 123, 1]]
[66, [286, 302, 302, 126, 90, 4]]
[67, [256, 288, 288, 126, 57, 7]]
[68, [264, 264, 264, 126, 24, 0]]
[69, [244, 260, 260, 126, 0, 4]]
[70, [244, 276, 276, 126, 0, 4]]
[71, [292, 292, 292, 126, 0, 4]]
[72, [292, 308, 308, 126, 0, 4]]
[73, [292, 324, 324, 126, 0, 4]]
[74, [340, 340, 340, 126, 0, 4]]
[75, [340, 356, 356, 126, 0, 4]]
[76, [340, 372, 372, 126, 0, 4]]
[77, [388, 388, 388, 126, 0, 4]]
[78, [388, 404, 404, 126, 0, 4]]
[79, [388, 420, 420, 456, 0, 4]]
[80, [436, 436, 436, 312, 144, 4]]
[81, [406, 422, 422, 168, 255, 7]]
[82, [366, 398, 398, 24, 366, 0]]
[83, [384, 384, 384, 24, 333, 3]]
[84, [354, 370, 370, 24, 300, 6]]
[85, [324, 356, 356, 24, 267, 9]]
[86, [332, 332, 332, 24, 234, 2]]
[87, [302, 318, 318, 24, 201, 5]]
[88, [272, 304, 304, 24, 168, 8]]
[89, [280, 280, 280, 24, 135, 1]]
[90, [250, 266, 266, 24, 102, 4]]
[91, [220, 252, 252, 24, 69, 7]]
[92, [228, 228, 228, 24, 36, 0]]
[93, [198, 214, 214, 24, 3, 3]]
[94, [198, 230, 230, 24, 0, 6]]
[95, [246, 246, 246, 24, 0, 6]]
[96, [246, 262, 262, 24, 0, 6]]
[97, [246, 278, 278, 24, 0, 6]]
[98, [294, 294, 294, 24, 0, 6]]
[99, [294, 310, 310, 339, 0, 6]]
[100, [294, 326, 326, 195, 144, 6]]
[101, [312, 312, 312, 51, 255, 9]]
[102, [272, 288, 288, 51, 222, 2]]
[103, [242, 274, 274, 51, 189, 5]]
[104, [260, 260, 260, 51, 156, 8]]
[105, [220, 236, 236, 51, 123, 1]]
[106, [190, 222, 222, 66, 90, 4]]
[107, [208, 208, 208, 66, 57, 7]]
[108, [168, 184, 184, 66, 24, 0]]
[109, [148, 180, 180, 66, 0, 4]]
[110, [196, 196, 196, 66, 0, 4]]
[111, [196, 212, 212, 66, 0, 4]]
[112, [196, 228, 228, 66, 0, 4]]
[113, [244, 244, 244, 66, 0, 4]]
[114, [244, 260, 260, 66, 0, 4]]
[115, [244, 276, 276, 66, 0, 4]]
[116, [292, 292, 292, 66, 0, 4]]
[117, [292, 308, 308, 66, 0, 4]]
[118, [292, 324, 324, 66, 0, 4]]
[119, [340, 340, 340, 381, 0, 4]]
[120, [340, 356, 356, 237, 144, 4]]
[121, [310, 342, 342, 93, 255, 7]]
[122, [318, 318, 318, 93, 222, 0]]
[123, [288, 304, 304, 93, 189, 3]]
[124, [258, 290, 290, 93, 156, 6]]
[125, [276, 276, 276, 93, 123, 9]]
[126, [256, 272, 272, 108, 90, 22]]
[127, [246, 278, 278, 108, 57, 45]]
[128, [294, 294, 294, 108, 24, 78]]
[129, [284, 300, 300, 108, 0, 92]]
[130, [284, 316, 316, 108, 0, 92]]
[131, [332, 332, 332, 108, 0, 92]]
[132, [322, 338, 338, 108, 0, 82]]
[133, [312, 344, 344, 108, 0, 72]]
[134, [360, 360, 360, 108, 0, 72]]
[135, [340, 356, 356, 108, 0, 52]]
[136, [320, 352, 352, 108, 0, 32]]
[137, [348, 348, 348, 108, 0, 12]]
[138, [338, 354, 354, 108, 0, 2]]
[139, [338, 370, 370, 423, 0, 2]]
[140, [386, 386, 386, 279, 144, 2]]
[141, [386, 402, 402, 135, 255, 35]]
[142, [386, 418, 418, 135, 222, 68]]
[143, [414, 414, 414, 135, 189, 81]]
[144, [384, 400, 400, 135, 156, 84]]
[145, [354, 386, 386, 135, 123, 87]]
[146, [402, 402, 402, 150, 90, 120]]
[147, [382, 398, 398, 6, 201, 133]]
[148, [332, 364, 364, 6, 168, 116]]
[149, [330, 330, 330, 6, 135, 99]]
[150, [270, 286, 286, 6, 102, 72]]
[151, [230, 262, 262, 6, 69, 65]]
[152, [208, 208, 208, 6, 36, 28]]
[153, [158, 174, 174, 6, 3, 11]]
[154, [148, 180, 180, 6, 0, 4]]
[155, [196, 196, 196, 6, 0, 4]]
[156, [196, 212, 212, 6, 0, 4]]
[157, [196, 228, 228, 6, 0, 4]]
[158, [244, 244, 244, 6, 0, 4]]
[159, [244, 260, 260, 321, 0, 4]]
[160, [244, 276, 276, 177, 144, 4]]
[161, [262, 262, 262, 33, 255, 7]]
[162, [222, 238, 238, 33, 222, 0]]
[163, [192, 224, 224, 33, 189, 3]]
[164, [210, 210, 210, 33, 156, 6]]
[165, [180, 196, 196, 33, 123, 9]]
[166, [140, 172, 172, 48, 90, 2]]
[167, [158, 158, 158, 48, 57, 5]]
[168, [128, 144, 144, 48, 24, 8]]
[169, [98, 130, 130, 48, 0, 2]]
[170, [146, 146, 146, 48, 0, 2]]
[171, [146, 162, 162, 48, 0, 2]]
[172, [146, 178, 178, 48, 0, 2]]
[173, [194, 194, 194, 48, 0, 2]]
[174, [194, 210, 210, 48, 0, 2]]
[175, [194, 226, 226, 48, 0, 2]]
[176, [242, 242, 242, 48, 0, 2]]
[177, [242, 258, 258, 48, 0, 2]]
[178, [242, 274, 274, 48, 0, 2]]
[179, [290, 290, 290, 363, 0, 2]]
[180, [290, 306, 306, 219, 144, 2]]
[181, [260, 292, 292, 75, 255, 5]]
[182, [278, 278, 278, 75, 222, 8]]
[183, [238, 254, 254, 75, 189, 1]]
[184, [208, 240, 240, 75, 156, 4]]
[185, [226, 226, 226, 75, 123, 7]]
[186, [186, 202, 202, 90, 90, 0]]
[187, [156, 188, 188, 90, 57, 3]]
[188, [174, 174, 174, 90, 24, 6]]
[189, [144, 160, 160, 90, 0, 0]]
[190, [144, 176, 176, 90, 0, 0]]
[191, [192, 192, 192, 90, 0, 0]]
[192, [192, 208, 208, 90, 0, 0]]
[193, [192, 224, 224, 90, 0, 0]]
[194, [240, 240, 240, 90, 0, 0]]
[195, [240, 256, 256, 90, 0, 0]]
[196, [240, 272, 272, 90, 0, 0]]
[197, [288, 288, 288, 90, 0, 0]]
[198, [288, 304, 304, 90, 0, 0]]
[199, [288, 320, 320, 405, 0, 0]]
[200, [336, 336, 336, 261, 144, 0]]
[201, [306, 322, 322, 117, 255, 3]]
[202, [276, 308, 308, 117, 222, 6]]
[203, [294, 294, 294, 117, 189, 9]]
[204, [254, 270, 270, 117, 156, 2]]
[205, [224, 256, 256, 117, 123, 5]]
[206, [242, 242, 242, 132, 90, 8]]
[207, [202, 218, 218, 132, 57, 1]]
[208, [172, 204, 204, 132, 24, 4]]
[209, [200, 200, 200, 132, 0, 8]]
[210, [200, 216, 216, 132, 0, 8]]
[211, [200, 232, 232, 132, 0, 8]]
[212, [248, 248, 248, 132, 0, 8]]
[213, [248, 264, 264, 132, 0, 8]]
[214, [248, 280, 280, 132, 0, 8]]
[215, [296, 296, 296, 132, 0, 8]]
[216, [296, 312, 312, 132, 0, 8]]
[217, [296, 328, 328, 132, 0, 8]]
[218, [344, 344, 344, 132, 0, 8]]
[219, [344, 360, 360, 447, 0, 8]]
[220, [344, 376, 376, 303, 144, 8]]
[221, [352, 352, 352, 159, 255, 1]]
[222, [322, 338, 338, 15, 366, 4]]
[223, [292, 324, 324, 15, 333, 7]]
[224, [300, 300, 300, 15, 300, 0]]
[225, [270, 286, 286, 15, 267, 3]]
[226, [240, 272, 272, 30, 234, 6]]
[227, [258, 258, 258, 30, 201, 9]]
[228, [218, 234, 234, 30, 168, 2]]
[229, [188, 220, 220, 30, 135, 5]]
[230, [206, 206, 206, 30, 102, 8]]
[231, [166, 182, 182, 30, 69, 1]]
[232, [136, 168, 168, 30, 36, 4]]
[233, [154, 154, 154, 30, 3, 7]]
[234, [144, 160, 160, 30, 0, 0]]
[235, [144, 176, 176, 30, 0, 0]]
[236, [192, 192, 192, 30, 0, 0]]
[237, [192, 208, 208, 30, 0, 0]]
[238, [192, 224, 224, 30, 0, 0]]
[239, [240, 240, 240, 345, 0, 0]]
[240, [240, 256, 256, 201, 144, 0]]
[241, [210, 242, 242, 57, 255, 3]]
[242, [228, 228, 228, 57, 222, 6]]
[243, [198, 214, 214, 57, 189, 9]]
[244, [158, 190, 190, 57, 156, 2]]
[245, [176, 176, 176, 57, 123, 5]]
[246, [146, 162, 162, 72, 90, 8]]
[247, [106, 138, 138, 72, 57, 1]]
[248, [124, 124, 124, 72, 24, 4]]
[249, [104, 120, 120, 72, 0, 8]]
[250, [104, 136, 136, 72, 0, 8]]
[251, [152, 152, 152, 72, 0, 8]]
[252, [152, 168, 168, 72, 0, 8]]
[253, [152, 184, 184, 72, 0, 8]]
[254, [200, 200, 200, 72, 0, 8]]
[255, [200, 216, 216, 72, 0, 8]]
[256, [200, 232, 232, 72, 0, 8]]
[257, [248, 248, 248, 72, 0, 8]]
[258, [248, 264, 264, 72, 0, 8]]
[259, [248, 280, 280, 387, 0, 8]]
[260, [296, 296, 296, 243, 144, 8]]
[261, [256, 272, 272, 99, 255, 1]]
[262, [226, 258, 258, 99, 222, 4]]
[263, [244, 244, 244, 99, 189, 7]]
[264, [204, 220, 220, 99, 156, 0]]
[265, [174, 206, 206, 99, 123, 3]]
[266, [192, 192, 192, 114, 90, 6]]
[267, [162, 178, 178, 114, 57, 9]]
[268, [122, 154, 154, 114, 24, 2]]
[269, [150, 150, 150, 114, 0, 6]]
[270, [150, 166, 166, 114, 0, 6]]
[271, [150, 182, 182, 114, 0, 6]]
[272, [198, 198, 198, 114, 0, 6]]
[273, [198, 214, 214, 114, 0, 6]]
[274, [198, 230, 230, 114, 0, 6]]
[275, [246, 246, 246, 114, 0, 6]]
[276, [246, 262, 262, 114, 0, 6]]
[277, [246, 278, 278, 114, 0, 6]]
[278, [294, 294, 294, 114, 0, 6]]
[279, [294, 310, 310, 429, 0, 6]]
[280, [294, 326, 326, 285, 144, 6]]
[281, [312, 312, 312, 141, 255, 9]]
[282, [272, 288, 288, 141, 222, 2]]
[283, [242, 274, 274, 141, 189, 5]]
[284, [260, 260, 260, 141, 156, 8]]
[285, [220, 236, 236, 141, 123, 1]]
[286, [200, 232, 232, 156, 90, 14]]
[287, [248, 248, 248, 12, 201, 47]]
[288, [228, 244, 244, 12, 168, 60]]
[289, [208, 240, 240, 12, 135, 73]]
[290, [246, 246, 246, 12, 102, 96]]
[291, [246, 262, 262, 12, 69, 129]]
[292, [226, 258, 258, 12, 36, 142]]
[293, [254, 254, 254, 12, 3, 155]]
[294, [234, 250, 250, 12, 0, 138]]
[295, [224, 256, 256, 12, 0, 128]]
[296, [242, 242, 242, 12, 0, 98]]
[297, [222, 238, 238, 12, 0, 78]]
[298, [222, 254, 254, 12, 0, 78]]
[299, [240, 240, 240, 327, 0, 48]]
[300, [230, 246, 246, 183, 144, 38]]
[301, [190, 222, 222, 39, 255, 31]]
[302, [228, 228, 228, 39, 222, 54]]
[303, [198, 214, 214, 39, 189, 57]]
[304, [178, 210, 210, 39, 156, 70]]
[305, [196, 196, 196, 39, 123, 73]]
[306, [166, 182, 182, 54, 90, 76]]
[307, [136, 168, 168, 54, 57, 79]]
[308, [124, 124, 124, 54, 24, 52]]
[309, [94, 110, 110, 54, 0, 46]]
[310, [54, 86, 86, 54, 0, 6]]
[311, [102, 102, 102, 54, 0, 6]]
[312, [102, 118, 118, 54, 0, 6]]
[313, [102, 134, 134, 54, 0, 6]]
[314, [150, 150, 150, 54, 0, 6]]
[315, [150, 166, 166, 54, 0, 6]]
[316, [150, 182, 182, 54, 0, 6]]
[317, [198, 198, 198, 54, 0, 6]]
[318, [198, 214, 214, 54, 0, 6]]
[319, [198, 230, 230, 369, 0, 6]]
[320, [246, 246, 246, 225, 144, 6]]
[321, [216, 232, 232, 81, 255, 9]]
[322, [176, 208, 208, 81, 222, 2]]
[323, [194, 194, 194, 81, 189, 5]]
[324, [164, 180, 180, 81, 156, 8]]
[325, [124, 156, 156, 81, 123, 1]]
[326, [142, 142, 142, 96, 90, 4]]
[327, [112, 128, 128, 96, 57, 7]]
[328, [72, 104, 104, 96, 24, 0]]
[329, [100, 100, 100, 96, 0, 4]]
[330, [100, 116, 116, 96, 0, 4]]
[331, [100, 132, 132, 96, 0, 4]]
[332, [148, 148, 148, 96, 0, 4]]
[333, [148, 164, 164, 96, 0, 4]]
[334, [148, 180, 180, 96, 0, 4]]
[335, [196, 196, 196, 96, 0, 4]]
[336, [196, 212, 212, 96, 0, 4]]
[337, [196, 228, 228, 96, 0, 4]]
[338, [244, 244, 244, 96, 0, 4]]
[339, [244, 260, 260, 411, 0, 4]]
[340, [244, 276, 276, 267, 144, 4]]
[341, [262, 262, 262, 123, 255, 7]]
[342, [222, 238, 238, 123, 222, 0]]
[343, [192, 224, 224, 123, 189, 3]]
[344, [210, 210, 210, 123, 156, 6]]
[345, [180, 196, 196, 123, 123, 9]]
[346, [140, 172, 172, 138, 90, 2]]
[347, [158, 158, 158, 138, 57, 5]]
[348, [128, 144, 144, 138, 24, 8]]
[349, [98, 130, 130, 138, 0, 2]]
[350, [146, 146, 146, 138, 0, 2]]
[351, [146, 162, 162, 138, 0, 2]]
[352, [146, 178, 178, 138, 0, 2]]
[353, [194, 194, 194, 138, 0, 2]]
[354, [194, 210, 210, 138, 0, 2]]
[355, [194, 226, 226, 138, 0, 2]]
[356, [242, 242, 242, 138, 0, 2]]
[357, [242, 258, 258, 138, 0, 2]]
[358, [242, 274, 274, 138, 0, 2]]
[359, [290, 290, 290, 453, 0, 2]]
[360, [290, 306, 306, 309, 144, 2]]
[361, [260, 292, 292, 165, 255, 5]]
[362, [278, 278, 278, 21, 366, 8]]
[363, [238, 254, 254, 21, 333, 1]]
[364, [208, 240, 240, 21, 300, 4]]
[365, [226, 226, 226, 21, 267, 7]]
[366, [186, 202, 202, 36, 234, 0]]
[367, [156, 188, 188, 36, 201, 3]]
[368, [174, 174, 174, 36, 168, 6]]
[369, [144, 160, 160, 36, 135, 9]]
[370, [104, 136, 136, 36, 102, 2]]
[371, [122, 122, 122, 36, 69, 5]]
[372, [92, 108, 108, 36, 36, 8]]
[373, [52, 84, 84, 36, 3, 1]]
[374, [100, 100, 100, 36, 0, 4]]
[375, [100, 116, 116, 36, 0, 4]]
[376, [100, 132, 132, 36, 0, 4]]
[377, [148, 148, 148, 36, 0, 4]]
[378, [148, 164, 164, 36, 0, 4]]
[379, [148, 180, 180, 351, 0, 4]]
[380, [196, 196, 196, 207, 144, 4]]
[381, [166, 182, 182, 63, 255, 7]]
[382, [126, 158, 158, 63, 222, 0]]
[383, [144, 144, 144, 63, 189, 3]]
[384, [114, 130, 130, 63, 156, 6]]
[385, [84, 116, 116, 63, 123, 9]]
[386, [92, 92, 92, 78, 90, 2]]
[387, [62, 78, 78, 78, 57, 5]]
[388, [32, 64, 64, 78, 24, 8]]
[389, [50, 50, 50, 78, 0, 2]]
[390, [50, 66, 66, 78, 0, 2]]
[391, [50, 82, 82, 78, 0, 2]]
[392, [98, 98, 98, 78, 0, 2]]
[393, [98, 114, 114, 78, 0, 2]]
[394, [98, 130, 130, 78, 0, 2]]
[395, [146, 146, 146, 78, 0, 2]]
[396, [146, 162, 162, 78, 0, 2]]
[397, [146, 178, 178, 78, 0, 2]]
[398, [194, 194, 194, 78, 0, 2]]
[399, [194, 210, 210, 393, 0, 2]]
[400, [194, 226, 226, 249, 144, 2]]
[401, [212, 212, 212, 105, 255, 5]]
[402, [182, 198, 198, 105, 222, 8]]
[403, [142, 174, 174, 105, 189, 1]]
[404, [160, 160, 160, 105, 156, 4]]
[405, [130, 146, 146, 105, 123, 7]]
[406, [90, 122, 122, 120, 90, 0]]
[407, [108, 108, 108, 120, 57, 3]]
[408, [78, 94, 94, 120, 24, 6]]
[409, [48, 80, 80, 120, 0, 0]]
[410, [96, 96, 96, 120, 0, 0]]
[411, [96, 112, 112, 120, 0, 0]]
[412, [96, 128, 128, 120, 0, 0]]
[413, [144, 144, 144, 120, 0, 0]]
[414, [144, 160, 160, 120, 0, 0]]
[415, [144, 176, 176, 120, 0, 0]]
[416, [192, 192, 192, 120, 0, 0]]
[417, [192, 208, 208, 120, 0, 0]]
[418, [192, 224, 224, 120, 0, 0]]
[419, [240, 240, 240, 435, 0, 0]]
[420, [240, 256, 256, 291, 144, 0]]
[421, [210, 242, 242, 147, 255, 3]]
[422, [228, 228, 228, 3, 366, 6]]
[423, [198, 214, 214, 3, 333, 9]]
[424, [158, 190, 190, 3, 300, 2]]
[425, [176, 176, 176, 3, 267, 5]]
[426, [146, 162, 162, 18, 234, 8]]
[427, [106, 138, 138, 18, 201, 1]]
[428, [124, 124, 124, 18, 168, 4]]
[429, [94, 110, 110, 18, 135, 7]]
[430, [84, 116, 116, 18, 102, 30]]
[431, [122, 122, 122, 18, 69, 53]]
[432, [122, 138, 138, 18, 36, 86]]
[433, [112, 144, 144, 18, 3, 109]]
[434, [160, 160, 160, 18, 0, 112]]
[435, [150, 166, 166, 18, 0, 102]]
[436, [110, 142, 142, 18, 0, 62]]
[437, [148, 148, 148, 18, 0, 52]]
[438, [138, 154, 154, 18, 0, 42]]
[439, [138, 170, 170, 333, 0, 42]]
[440, [166, 166, 166, 189, 144, 22]]
[441, [136, 152, 152, 45, 255, 25]]
[442, [126, 158, 158, 45, 222, 48]]
[443, [174, 174, 174, 45, 189, 81]]
[444, [154, 170, 170, 45, 156, 94]]
[445, [134, 166, 166, 45, 123, 107]]
[446, [152, 152, 152, 60, 90, 110]]
[447, [102, 118, 118, 60, 57, 93]]
[448, [72, 104, 104, 60, 24, 96]]
[449, [100, 100, 100, 60, 0, 100]]
[450, [60, 76, 76, 60, 0, 60]]
[451, [30, 62, 62, 60, 0, 30]]
[452, [48, 48, 48, 60, 0, 0]]
[453, [48, 64, 64, 60, 0, 0]]
[454, [48, 80, 80, 60, 0, 0]]
[455, [96, 96, 96, 60, 0, 0]]
[456, [96, 112, 112, 60, 0, 0]]
[457, [96, 128, 128, 60, 0, 0]]
[458, [144, 144, 144, 60, 0, 0]]
[459, [144, 160, 160, 375, 0, 0]]
[460, [144, 176, 176, 231, 144, 0]]
[461, [162, 162, 162, 87, 255, 3]]
[462, [132, 148, 148, 87, 222, 6]]
[463, [102, 134, 134, 87, 189, 9]]
[464, [110, 110, 110, 87, 156, 2]]
[465, [80, 96, 96, 87, 123, 5]]
[466, [50, 82, 82, 102, 90, 8]]
[467, [58, 58, 58, 102, 57, 1]]
[468, [28, 44, 44, 102, 24, 4]]
[469, [8, 40, 40, 102, 0, 8]]
[470, [56, 56, 56, 102, 0, 8]]
[471, [56, 72, 72, 102, 0, 8]]
[472, [56, 88, 88, 102, 0, 8]]
[473, [104, 104, 104, 102, 0, 8]]
[474, [104, 120, 120, 102, 0, 8]]
[475, [104, 136, 136, 102, 0, 8]]
[476, [152, 152, 152, 102, 0, 8]]
[477, [152, 168, 168, 102, 0, 8]]
[478, [152, 184, 184, 102, 0, 8]]
[479, [200, 200, 200, 417, 0, 8]]
[480, [200, 216, 216, 273, 144, 8]]
[481, [160, 192, 192, 129, 255, 1]]
[482, [178, 178, 178, 129, 222, 4]]
[483, [148, 164, 164, 129, 189, 7]]
[484, [108, 140, 140, 129, 156, 0]]
[485, [126, 126, 126, 129, 123, 3]]
[486, [96, 112, 112, 144, 90, 6]]
[487, [66, 98, 98, 0, 201, 9]]
[488, [74, 74, 74, 0, 168, 2]]
[489, [44, 60, 60, 0, 135, 5]]
[490, [14, 46, 46, 0, 102, 8]]
[491, [22, 22, 22, 0, 69, 1]]
[492, [2, 18, 18, 0, 36, 14]]
[493, [2, 34, 34, 0, 3, 47]]
[494, [0, 0, 0, 0, 0, 0]]
[495, [0, 16, 16, 0, 0, 0]]
[496, [0, 32, 32, 0, 0, 0]]
[497, [48, 48, 48, 0, 0, 0]]
[498, [48, 64, 64, 0, 0, 0]]
[499, [48, 80, 80, 315, 0, 0]]
[500, [96, 96, 96, 171, 144, 0]]
[501, [66, 82, 82, 27, 255, 3]]
[502, [36, 68, 68, 27, 222, 6]]
[503, [54, 54, 54, 27, 189, 9]]
[504, [14, 30, 30, 27, 156, 2]]
[505, [4, 36, 36, 27, 123, 25]]
[506, [2, 2, 2, 42, 90, 8]]
[507, [2, 18, 18, 42, 57, 41]]
[508, [2, 34, 34, 42, 24, 74]]
[509, [0, 0, 0, 42, 0, 48]]
[510, [0, 16, 16, 42, 0, 48]]
[511, [0, 32, 32, 42, 0, 48]]
[512, [8, 8, 8, 42, 0, 8]]
[513, [8, 24, 24, 42, 0, 8]]
[514, [8, 40, 40, 42, 0, 8]]
[515, [56, 56, 56, 42, 0, 8]]
[516, [56, 72, 72, 42, 0, 8]]
[517, [56, 88, 88, 42, 0, 8]]
[518, [104, 104, 104, 42, 0, 8]]
[519, [104, 120, 120, 357, 0, 8]]
[520, [104, 136, 136, 213, 144, 8]]
[521, [112, 112, 112, 69, 255, 1]]
[522, [82, 98, 98, 69, 222, 4]]
[523, [52, 84, 84, 69, 189, 7]]
[524, [60, 60, 60, 69, 156, 0]]
[525, [30, 46, 46, 69, 123, 3]]
[526, [0, 32, 32, 84, 90, 6]]
[527, [18, 18, 18, 84, 57, 9]]
[528, [8, 24, 24, 84, 24, 32]]
[529, [8, 40, 40, 84, 0, 56]]
[530, [6, 6, 6, 84, 0, 6]]
[531, [6, 22, 22, 84, 0, 6]]
[532, [6, 38, 38, 84, 0, 6]]
[533, [54, 54, 54, 84, 0, 6]]
[534, [54, 70, 70, 84, 0, 6]]
[535, [54, 86, 86, 84, 0, 6]]
[536, [102, 102, 102, 84, 0, 6]]
[537, [102, 118, 118, 84, 0, 6]]
[538, [102, 134, 134, 84, 0, 6]]
[539, [150, 150, 150, 399, 0, 6]]
[540, [150, 166, 166, 255, 144, 6]]
[541, [120, 152, 152, 111, 255, 9]]
[542, [128, 128, 128, 111, 222, 2]]
[543, [98, 114, 114, 111, 189, 5]]
[544, [68, 100, 100, 111, 156, 8]]
[545, [76, 76, 76, 111, 123, 1]]
[546, [46, 62, 62, 126, 90, 4]]
[547, [16, 48, 48, 126, 57, 7]]
[548, [24, 24, 24, 126, 24, 0]]
[549, [4, 20, 20, 126, 0, 4]]
[550, [4, 36, 36, 126, 0, 4]]
[551, [52, 52, 52, 126, 0, 4]]
[552, [52, 68, 68, 126, 0, 4]]
[553, [52, 84, 84, 126, 0, 4]]
[554, [100, 100, 100, 126, 0, 4]]
[555, [100, 116, 116, 126, 0, 4]]
[556, [100, 132, 132, 126, 0, 4]]
[557, [148, 148, 148, 126, 0, 4]]
[558, [148, 164, 164, 126, 0, 4]]
[559, [148, 180, 180, 441, 0, 4]]
[560, [196, 196, 196, 297, 144, 4]]
[561, [166, 182, 182, 153, 255, 7]]
[562, [126, 158, 158, 9, 366, 0]]
[563, [144, 144, 144, 9, 333, 3]]
[564, [114, 130, 130, 9, 300, 6]]
[565, [84, 116, 116, 9, 267, 9]]
[566, [92, 92, 92, 24, 234, 2]]
[567, [62, 78, 78, 24, 201, 5]]
[568, [32, 64, 64, 24, 168, 8]]
[569, [40, 40, 40, 24, 135, 1]]
[570, [10, 26, 26, 24, 102, 4]]
[571, [0, 32, 32, 24, 69, 27]]
[572, [8, 8, 8, 24, 36, 20]]
[573, [8, 24, 24, 24, 3, 53]]
[574, [8, 40, 40, 24, 0, 56]]
[575, [6, 6, 6, 24, 0, 6]]
[576, [6, 22, 22, 24, 0, 6]]
[577, [6, 38, 38, 24, 0, 6]]
[578, [54, 54, 54, 24, 0, 6]]
[579, [54, 70, 70, 339, 0, 6]]
[580, [54, 86, 86, 195, 144, 6]]
[581, [72, 72, 72, 51, 255, 9]]
[582, [32, 48, 48, 51, 222, 2]]
[583, [2, 34, 34, 51, 189, 5]]
[584, [20, 20, 20, 51, 156, 8]]
[585, [10, 26, 26, 51, 123, 31]]
[586, [0, 32, 32, 66, 90, 54]]
[587, [48, 48, 48, 66, 57, 87]]
[588, [28, 44, 44, 66, 24, 100]]
[589, [18, 50, 50, 66, 0, 114]]
[590, [26, 26, 26, 66, 0, 74]]
[591, [16, 32, 32, 66, 0, 64]]
[592, [6, 38, 38, 66, 0, 54]]
[593, [4, 4, 4, 66, 0, 4]]
[594, [4, 20, 20, 66, 0, 4]]
[595, [4, 36, 36, 66, 0, 4]]
[596, [52, 52, 52, 66, 0, 4]]
[597, [52, 68, 68, 66, 0, 4]]
[598, [52, 84, 84, 66, 0, 4]]
[599, [100, 100, 100, 381, 0, 4]]
[600, [100, 116, 116, 237, 144, 4]]
[601, [70, 102, 102, 93, 255, 7]]
[602, [78, 78, 78, 93, 222, 0]]
[603, [48, 64, 64, 93, 189, 3]]
[604, [18, 50, 50, 93, 156, 6]]
[605, [36, 36, 36, 93, 123, 9]]
[606, [6, 22, 22, 108, 90, 12]]
[607, [6, 38, 38, 108, 57, 45]]
[608, [4, 4, 4, 108, 24, 28]]
[609, [4, 20, 20, 108, 0, 52]]
[610, [4, 36, 36, 108, 0, 52]]
[611, [2, 2, 2, 108, 0, 2]]
[612, [2, 18, 18, 108, 0, 2]]
[613, [2, 34, 34, 108, 0, 2]]
[614, [50, 50, 50, 108, 0, 2]]
[615, [50, 66, 66, 108, 0, 2]]
[616, [50, 82, 82, 108, 0, 2]]
[617, [98, 98, 98, 108, 0, 2]]
[618, [98, 114, 114, 108, 0, 2]]
[619, [98, 130, 130, 423, 0, 2]]
[620, [146, 146, 146, 279, 144, 2]]
[621, [116, 132, 132, 135, 255, 5]]
[622, [86, 118, 118, 135, 222, 8]]
[623, [94, 94, 94, 135, 189, 1]]
[624, [64, 80, 80, 135, 156, 4]]
[625, [34, 66, 66, 135, 123, 7]]
[626, [42, 42, 42, 150, 90, 0]]
[627, [12, 28, 28, 6, 201, 3]]
[628, [2, 34, 34, 6, 168, 26]]
[629, [0, 0, 0, 6, 135, 9]]
[630, [0, 16, 16, 6, 102, 42]]
[631, [0, 32, 32, 6, 69, 75]]
[632, [8, 8, 8, 6, 36, 68]]
[633, [8, 24, 24, 6, 3, 101]]
[634, [8, 40, 40, 6, 0, 104]]
[635, [6, 6, 6, 6, 0, 54]]
[636, [6, 22, 22, 6, 0, 54]]
[637, [6, 38, 38, 6, 0, 54]]
[638, [4, 4, 4, 6, 0, 4]]
[639, [4, 20, 20, 321, 0, 4]]
[640, [4, 36, 36, 177, 144, 4]]
[641, [22, 22, 22, 33, 255, 7]]
[642, [2, 18, 18, 33, 222, 20]]
[643, [2, 34, 34, 33, 189, 53]]
[644, [0, 0, 0, 33, 156, 36]]
[645, [0, 16, 16, 33, 123, 69]]
[646, [0, 32, 32, 48, 90, 102]]
[647, [8, 8, 8, 48, 57, 95]]
[648, [8, 24, 24, 48, 24, 128]]
[649, [8, 40, 40, 48, 0, 152]]
[650, [6, 6, 6, 48, 0, 102]]
[651, [6, 22, 22, 48, 0, 102]]
[652, [6, 38, 38, 48, 0, 102]]
[653, [4, 4, 4, 48, 0, 52]]
[654, [4, 20, 20, 48, 0, 52]]
[655, [4, 36, 36, 48, 0, 52]]
[656, [2, 2, 2, 48, 0, 2]]
[657, [2, 18, 18, 48, 0, 2]]
[658, [2, 34, 34, 48, 0, 2]]
[659, [50, 50, 50, 363, 0, 2]]
[660, [50, 66, 66, 219, 144, 2]]
[661, [20, 52, 52, 75, 255, 5]]
[662, [38, 38, 38, 75, 222, 8]]
[663, [8, 24, 24, 75, 189, 11]]
[664, [8, 40, 40, 75, 156, 44]]
[665, [6, 6, 6, 75, 123, 27]]
[666, [6, 22, 22, 90, 90, 60]]
[667, [6, 38, 38, 90, 57, 93]]
[668, [4, 4, 4, 90, 24, 76]]
[669, [4, 20, 20, 90, 0, 100]]
[670, [4, 36, 36, 90, 0, 100]]
[671, [2, 2, 2, 90, 0, 50]]
[672, [2, 18, 18, 90, 0, 50]]
[673, [2, 34, 34, 90, 0, 50]]
[674, [0, 0, 0, 90, 0, 0]]
[675, [0, 16, 16, 90, 0, 0]]
[676, [0, 32, 32, 90, 0, 0]]
[677, [48, 48, 48, 90, 0, 0]]
[678, [48, 64, 64, 90, 0, 0]]
[679, [48, 80, 80, 405, 0, 0]]
[680, [96, 96, 96, 261, 144, 0]]
[681, [66, 82, 82, 117, 255, 3]]
[682, [36, 68, 68, 117, 222, 6]]
[683, [54, 54, 54, 117, 189, 9]]
[684, [14, 30, 30, 117, 156, 2]]
[685, [4, 36, 36, 117, 123, 25]]
[686, [2, 2, 2, 132, 90, 8]]
[687, [2, 18, 18, 132, 57, 41]]
[688, [2, 34, 34, 132, 24, 74]]
[689, [0, 0, 0, 132, 0, 48]]
[690, [0, 16, 16, 132, 0, 48]]
[691, [0, 32, 32, 132, 0, 48]]
[692, [8, 8, 8, 132, 0, 8]]
[693, [8, 24, 24, 132, 0, 8]]
[694, [8, 40, 40, 132, 0, 8]]
[695, [56, 56, 56, 132, 0, 8]]
[696, [56, 72, 72, 132, 0, 8]]
[697, [56, 88, 88, 132, 0, 8]]
[698, [104, 104, 104, 132, 0, 8]]
[699, [104, 120, 120, 447, 0, 8]]
[700, [104, 136, 136, 303, 144, 8]]
[701, [112, 112, 112, 159, 255, 1]]
[702, [82, 98, 98, 15, 366, 4]]
[703, [52, 84, 84, 15, 333, 7]]
[704, [60, 60, 60, 15, 300, 0]]
[705, [30, 46, 46, 15, 267, 3]]
[706, [0, 32, 32, 30, 234, 6]]
[707, [18, 18, 18, 30, 201, 9]]
[708, [8, 24, 24, 30, 168, 32]]
[709, [8, 40, 40, 30, 135, 65]]
[710, [6, 6, 6, 30, 102, 48]]
[711, [6, 22, 22, 30, 69, 81]]
[712, [6, 38, 38, 30, 36, 114]]
[713, [4, 4, 4, 30, 3, 97]]
[714, [4, 20, 20, 30, 0, 100]]
[715, [4, 36, 36, 30, 0, 100]]
[716, [2, 2, 2, 30, 0, 50]]
[717, [2, 18, 18, 30, 0, 50]]
[718, [2, 34, 34, 30, 0, 50]]
[719, [0, 0, 0, 345, 0, 0]]
[720, [0, 16, 16, 201, 144, 0]]
[721, [0, 32, 32, 57, 255, 33]]
[722, [8, 8, 8, 57, 222, 26]]
[723, [8, 24, 24, 57, 189, 59]]
[724, [8, 40, 40, 57, 156, 92]]
[725, [6, 6, 6, 57, 123, 75]]
[726, [6, 22, 22, 72, 90, 108]]
[727, [6, 38, 38, 72, 57, 141]]
[728, [4, 4, 4, 72, 24, 124]]
[729, [4, 20, 20, 72, 0, 148]]
[730, [4, 36, 36, 72, 0, 148]]
[731, [2, 2, 2, 72, 0, 98]]
[732, [2, 18, 18, 72, 0, 98]]
[733, [2, 34, 34, 72, 0, 98]]
[734, [0, 0, 0, 72, 0, 48]]
[735, [0, 16, 16, 72, 0, 48]]
[736, [0, 32, 32, 72, 0, 48]]
[737, [8, 8, 8, 72, 0, 8]]
[738, [8, 24, 24, 72, 0, 8]]
[739, [8, 40, 40, 387, 0, 8]]
[740, [56, 56, 56, 243, 144, 8]]
[741, [16, 32, 32, 99, 255, 1]]
[742, [6, 38, 38, 99, 222, 24]]
[743, [4, 4, 4, 99, 189, 7]]
[744, [4, 20, 20, 99, 156, 40]]
[745, [4, 36, 36, 99, 123, 73]]
[746, [2, 2, 2, 114, 90, 56]]
[747, [2, 18, 18, 114, 57, 89]]
[748, [2, 34, 34, 114, 24, 122]]
[749, [0, 0, 0, 114, 0, 96]]
[750, [0, 16, 16, 114, 0, 96]]
[751, [0, 32, 32, 114, 0, 96]]
[752, [8, 8, 8, 114, 0, 56]]
[753, [8, 24, 24, 114, 0, 56]]
[754, [8, 40, 40, 114, 0, 56]]
[755, [6, 6, 6, 114, 0, 6]]
[756, [6, 22, 22, 114, 0, 6]]
[757, [6, 38, 38, 114, 0, 6]]
[758, [54, 54, 54, 114, 0, 6]]
[759, [54, 70, 70, 429, 0, 6]]
[760, [54, 86, 86, 285, 144, 6]]
[761, [72, 72, 72, 141, 255, 9]]
[762, [32, 48, 48, 141, 222, 2]]
[763, [2, 34, 34, 141, 189, 5]]
[764, [20, 20, 20, 141, 156, 8]]
[765, [0, 16, 16, 141, 123, 21]]
[766, [0, 32, 32, 156, 90, 54]]
[767, [8, 8, 8, 12, 201, 47]]
[768, [8, 24, 24, 12, 168, 80]]
[769, [8, 40, 40, 12, 135, 113]]
[770, [6, 6, 6, 12, 102, 96]]
[771, [6, 22, 22, 12, 69, 129]]
[772, [6, 38, 38, 12, 36, 162]]
[773, [4, 4, 4, 12, 3, 145]]
[774, [4, 20, 20, 12, 0, 148]]
[775, [4, 36, 36, 12, 0, 148]]
[776, [2, 2, 2, 12, 0, 98]]
[777, [2, 18, 18, 12, 0, 98]]
[778, [2, 34, 34, 12, 0, 98]]
[779, [0, 0, 0, 327, 0, 48]]
[780, [0, 16, 16, 183, 144, 48]]
[781, [0, 32, 32, 39, 255, 81]]
[782, [8, 8, 8, 39, 222, 74]]
[783, [8, 24, 24, 39, 189, 107]]
[784, [8, 40, 40, 39, 156, 140]]
[785, [6, 6, 6, 39, 123, 123]]
[786, [6, 22, 22, 54, 90, 156]]
[787, [6, 38, 38, 54, 57, 189]]
[788, [4, 4, 4, 54, 24, 172]]
[789, [4, 20, 20, 54, 0, 196]]
[790, [4, 36, 36, 54, 0, 196]]
[791, [2, 2, 2, 54, 0, 146]]
[792, [2, 18, 18, 54, 0, 146]]
[793, [2, 34, 34, 54, 0, 146]]
[794, [0, 0, 0, 54, 0, 96]]
[795, [0, 16, 16, 54, 0, 96]]
[796, [0, 32, 32, 54, 0, 96]]
[797, [8, 8, 8, 54, 0, 56]]
[798, [8, 24, 24, 54, 0, 56]]
[799, [8, 40, 40, 369, 0, 56]]
[800, [6, 6, 6, 225, 144, 6]]
[801, [6, 22, 22, 81, 255, 39]]
[802, [6, 38, 38, 81, 222, 72]]
[803, [4, 4, 4, 81, 189, 55]]
[804, [4, 20, 20, 81, 156, 88]]
[805, [4, 36, 36, 81, 123, 121]]
[806, [2, 2, 2, 96, 90, 104]]
[807, [2, 18, 18, 96, 57, 137]]
[808, [2, 34, 34, 96, 24, 170]]
[809, [0, 0, 0, 96, 0, 144]]
[810, [0, 16, 16, 96, 0, 144]]
[811, [0, 32, 32, 96, 0, 144]]
[812, [8, 8, 8, 96, 0, 104]]
[813, [8, 24, 24, 96, 0, 104]]
[814, [8, 40, 40, 96, 0, 104]]
[815, [6, 6, 6, 96, 0, 54]]
[816, [6, 22, 22, 96, 0, 54]]
[817, [6, 38, 38, 96, 0, 54]]
[818, [4, 4, 4, 96, 0, 4]]
[819, [4, 20, 20, 411, 0, 4]]
[820, [4, 36, 36, 267, 144, 4]]
[821, [22, 22, 22, 123, 255, 7]]
[822, [2, 18, 18, 123, 222, 20]]
[823, [2, 34, 34, 123, 189, 53]]
[824, [0, 0, 0, 123, 156, 36]]
[825, [0, 16, 16, 123, 123, 69]]
[826, [0, 32, 32, 138, 90, 102]]
[827, [8, 8, 8, 138, 57, 95]]
[828, [8, 24, 24, 138, 24, 128]]
[829, [8, 40, 40, 138, 0, 152]]
[830, [6, 6, 6, 138, 0, 102]]
[831, [6, 22, 22, 138, 0, 102]]
[832, [6, 38, 38, 138, 0, 102]]
[833, [4, 4, 4, 138, 0, 52]]
[834, [4, 20, 20, 138, 0, 52]]
[835, [4, 36, 36, 138, 0, 52]]
[836, [2, 2, 2, 138, 0, 2]]
[837, [2, 18, 18, 138, 0, 2]]
[838, [2, 34, 34, 138, 0, 2]]
[839, [50, 50, 50, 453, 0, 2]]
[840, [50, 66, 66, 309, 144, 2]]
[841, [20, 52, 52, 165, 255, 5]]
[842, [38, 38, 38, 21, 366, 8]]
[843, [8, 24, 24, 21, 333, 11]]
[844, [8, 40, 40, 21, 300, 44]]
[845, [6, 6, 6, 21, 267, 27]]
[846, [6, 22, 22, 36, 234, 60]]
[847, [6, 38, 38, 36, 201, 93]]
[848, [4, 4, 4, 36, 168, 76]]
[849, [4, 20, 20, 36, 135, 109]]
[850, [4, 36, 36, 36, 102, 142]]
[851, [2, 2, 2, 36, 69, 125]]
[852, [2, 18, 18, 36, 36, 158]]
[853, [2, 34, 34, 36, 3, 191]]
[854, [0, 0, 0, 36, 0, 144]]
[855, [0, 16, 16, 36, 0, 144]]
[856, [0, 32, 32, 36, 0, 144]]
[857, [8, 8, 8, 36, 0, 104]]
[858, [8, 24, 24, 36, 0, 104]]
[859, [8, 40, 40, 351, 0, 104]]
[860, [6, 6, 6, 207, 144, 54]]
[861, [6, 22, 22, 63, 255, 87]]
[862, [6, 38, 38, 63, 222, 120]]
[863, [4, 4, 4, 63, 189, 103]]
[864, [4, 20, 20, 63, 156, 136]]
[865, [4, 36, 36, 63, 123, 169]]
[866, [2, 2, 2, 78, 90, 152]]
[867, [2, 18, 18, 78, 57, 185]]
[868, [2, 34, 34, 78, 24, 218]]
[869, [0, 0, 0, 78, 0, 192]]
[870, [0, 16, 16, 78, 0, 192]]
[871, [0, 32, 32, 78, 0, 192]]
[872, [8, 8, 8, 78, 0, 152]]
[873, [8, 24, 24, 78, 0, 152]]
[874, [8, 40, 40, 78, 0, 152]]
[875, [6, 6, 6, 78, 0, 102]]
[876, [6, 22, 22, 78, 0, 102]]
[877, [6, 38, 38, 78, 0, 102]]
[878, [4, 4, 4, 78, 0, 52]]
[879, [4, 20, 20, 393, 0, 52]]
[880, [4, 36, 36, 249, 144, 52]]
[881, [2, 2, 2, 105, 255, 35]]
[882, [2, 18, 18, 105, 222, 68]]
[883, [2, 34, 34, 105, 189, 101]]
[884, [0, 0, 0, 105, 156, 84]]
[885, [0, 16, 16, 105, 123, 117]]
[886, [0, 32, 32, 120, 90, 150]]
[887, [8, 8, 8, 120, 57, 143]]
[888, [8, 24, 24, 120, 24, 176]]
[889, [8, 40, 40, 120, 0, 200]]
[890, [6, 6, 6, 120, 0, 150]]
[891, [6, 22, 22, 120, 0, 150]]
[892, [6, 38, 38, 120, 0, 150]]
[893, [4, 4, 4, 120, 0, 100]]
[894, [4, 20, 20, 120, 0, 100]]
[895, [4, 36, 36, 120, 0, 100]]
[896, [2, 2, 2, 120, 0, 50]]
[897, [2, 18, 18, 120, 0, 50]]
[898, [2, 34, 34, 120, 0, 50]]
[899, [0, 0, 0, 435, 0, 0]]
[900, [0, 16, 16, 291, 144, 0]]
[901, [0, 32, 32, 147, 255, 33]]
[902, [8, 8, 8, 3, 366, 26]]
[903, [8, 24, 24, 3, 333, 59]]
[904, [8, 40, 40, 3, 300, 92]]
[905, [6, 6, 6, 3, 267, 75]]
[906, [6, 22, 22, 18, 234, 108]]
[907, [6, 38, 38, 18, 201, 141]]
[908, [4, 4, 4, 18, 168, 124]]
[909, [4, 20, 20, 18, 135, 157]]
[910, [4, 36, 36, 18, 102, 190]]
[911, [2, 2, 2, 18, 69, 173]]
[912, [2, 18, 18, 18, 36, 206]]
[913, [2, 34, 34, 18, 3, 239]]
[914, [0, 0, 0, 18, 0, 192]]
[915, [0, 16, 16, 18, 0, 192]]
[916, [0, 32, 32, 18, 0, 192]]
[917, [8, 8, 8, 18, 0, 152]]
[918, [8, 24, 24, 18, 0, 152]]
[919, [8, 40, 40, 333, 0, 152]]
[920, [6, 6, 6, 189, 144, 102]]
[921, [6, 22, 22, 45, 255, 135]]
[922, [6, 38, 38, 45, 222, 168]]
[923, [4, 4, 4, 45, 189, 151]]
[924, [4, 20, 20, 45, 156, 184]]
[925, [4, 36, 36, 45, 123, 217]]
[926, [2, 2, 2, 60, 90, 200]]
[927, [2, 18, 18, 60, 57, 233]]
[928, [2, 34, 34, 60, 24, 266]]
[929, [0, 0, 0, 60, 0, 240]]
[930, [0, 16, 16, 60, 0, 240]]
[931, [0, 32, 32, 60, 0, 240]]
[932, [8, 8, 8, 60, 0, 200]]
[933, [8, 24, 24, 60, 0, 200]]
[934, [8, 40, 40, 60, 0, 200]]
[935, [6, 6, 6, 60, 0, 150]]
[936, [6, 22, 22, 60, 0, 150]]
[937, [6, 38, 38, 60, 0, 150]]
[938, [4, 4, 4, 60, 0, 100]]
[939, [4, 20, 20, 375, 0, 100]]
[940, [4, 36, 36, 231, 144, 100]]
[941, [2, 2, 2, 87, 255, 83]]
[942, [2, 18, 18, 87, 222, 116]]
[943, [2, 34, 34, 87, 189, 149]]
[944, [0, 0, 0, 87, 156, 132]]
[945, [0, 16, 16, 87, 123, 165]]
[946, [0, 32, 32, 102, 90, 198]]
[947, [8, 8, 8, 102, 57, 191]]
[948, [8, 24, 24, 102, 24, 224]]
[949, [8, 40, 40, 102, 0, 248]]
[950, [6, 6, 6, 102, 0, 198]]
[951, [6, 22, 22, 102, 0, 198]]
[952, [6, 38, 38, 102, 0, 198]]
[953, [4, 4, 4, 102, 0, 148]]
[954, [4, 20, 20, 102, 0, 148]]
[955, [4, 36, 36, 102, 0, 148]]
[956, [2, 2, 2, 102, 0, 98]]
[957, [2, 18, 18, 102, 0, 98]]
[958, [2, 34, 34, 102, 0, 98]]
[959, [0, 0, 0, 417, 0, 48]]
