SimulationV031.py[0, [0, 16, 16, 0, 0, 0]]
[1, [0, 32, 32, 0, 0, 0]]
[2, [48, 48, 48, 0, 0, 0]]
[3, [48, 64, 64, 0, 0, 0]]
[4, [48, 80, 80, 0, 0, 0]]
[5, [96, 96, 96, 0, 0, 0]]
[6, [96, 112, 112, 0, 0, 0]]
[7, [96, 128, 128, 0, 0, 0]]
[8, [144, 144, 144, 0, 0, 0]]
[9, [144, 160, 160, 0, 0, 0]]
[10, [144, 176, 176, 0, 0, 0]]
[11, [192, 192, 192, 0, 0, 0]]
[12, [192, 208, 208, 0, 0, 0]]
[13, [192, 224, 224, 0, 0, 0]]
[14, [240, 240, 240, 0, 0, 0]]
[15, [240, 256, 256, 0, 0, 0]]
[16, [240, 272, 272, 0, 0, 0]]
[17, [288, 288, 288, 0, 0, 0]]
[18, [288, 304, 304, 0, 0, 0]]
[19, [288, 320, 320, 330, 0, 0]]
[20, [336, 336, 336, 186, 144, 0]]
[21, [306, 322, 322, 42, 258, 0]]
[22, [276, 308, 308, 42, 228, 0]]
[23, [294, 294, 294, 42, 198, 0]]
[24, [264, 280, 280, 42, 168, 0]]
[25, [234, 266, 266, 42, 138, 0]]
[26, [252, 252, 252, 42, 108, 0]]
[27, [222, 238, 238, 42, 78, 0]]
[28, [192, 224, 224, 42, 48, 0]]
[29, [210, 210, 210, 42, 18, 0]]
[30, [192, 208, 208, 42, 0, 0]]
[31, [192, 224, 224, 42, 0, 0]]
[32, [240, 240, 240, 42, 0, 0]]
[33, [240, 256, 256, 42, 0, 0]]
[34, [240, 272, 272, 42, 0, 0]]
[35, [288, 288, 288, 42, 0, 0]]
[36, [288, 304, 304, 42, 0, 0]]
[37, [288, 320, 320, 42, 0, 0]]
[38, [336, 336, 336, 42, 0, 0]]
[39, [336, 352, 352, 372, 0, 0]]
[40, [336, 368, 368, 228, 144, 0]]
[41, [354, 354, 354, 84, 258, 0]]
[42, [324, 340, 340, 84, 228, 0]]
[43, [294, 326, 326, 84, 198, 0]]
[44, [312, 312, 312, 84, 168, 0]]
[45, [282, 298, 298, 84, 138, 0]]
[46, [252, 284, 284, 84, 108, 0]]
[47, [270, 270, 270, 84, 78, 0]]
[48, [240, 256, 256, 84, 48, 0]]
[49, [210, 242, 242, 84, 18, 0]]
[50, [240, 240, 240, 84, 0, 0]]
[51, [240, 256, 256, 84, 0, 0]]
[52, [240, 272, 272, 84, 0, 0]]
[53, [288, 288, 288, 84, 0, 0]]
[54, [288, 304, 304, 84, 0, 0]]
[55, [288, 320, 320, 84, 0, 0]]
[56, [336, 336, 336, 84, 0, 0]]
[57, [336, 352, 352, 84, 0, 0]]
[58, [336, 368, 368, 84, 0, 0]]
[59, [384, 384, 384, 414, 0, 0]]
[60, [384, 400, 400, 270, 144, 0]]
[61, [354, 386, 386, 126, 258, 0]]
[62, [372, 372, 372, 126, 228, 0]]
[63, [342, 358, 358, 126, 198, 0]]
[64, [312, 344, 344, 126, 168, 0]]
[65, [330, 330, 330, 126, 138, 0]]
[66, [300, 316, 316, 126, 108, 0]]
[67, [270, 302, 302, 126, 78, 0]]
[68, [288, 288, 288, 126, 48, 0]]
[69, [258, 274, 274, 126, 18, 0]]
[70, [240, 272, 272, 126, 0, 0]]
[71, [288, 288, 288, 126, 0, 0]]
[72, [288, 304, 304, 126, 0, 0]]
[73, [288, 320, 320, 126, 0, 0]]
[74, [336, 336, 336, 126, 0, 0]]
[75, [336, 352, 352, 126, 0, 0]]
[76, [336, 368, 368, 126, 0, 0]]
[77, [384, 384, 384, 126, 0, 0]]
[78, [384, 400, 400, 126, 0, 0]]
[79, [384, 416, 416, 456, 0, 0]]
[80, [432, 432, 432, 312, 144, 0]]
[81, [402, 418, 418, 168, 258, 0]]
[82, [372, 404, 404, 24, 372, 0]]
[83, [390, 390, 390, 24, 342, 0]]
[84, [360, 376, 376, 24, 312, 0]]
[85, [330, 362, 362, 24, 282, 0]]
[86, [348, 348, 348, 24, 252, 0]]
[87, [318, 334, 334, 24, 222, 0]]
[88, [288, 320, 320, 24, 192, 0]]
[89, [306, 306, 306, 24, 162, 0]]
[90, [276, 292, 292, 24, 132, 0]]
[91, [246, 278, 278, 24, 102, 0]]
[92, [264, 264, 264, 24, 72, 0]]
[93, [234, 250, 250, 24, 42, 0]]
[94, [204, 236, 236, 24, 12, 0]]
[95, [240, 240, 240, 24, 0, 0]]
[96, [240, 256, 256, 24, 0, 0]]
[97, [240, 272, 272, 24, 0, 0]]
[98, [288, 288, 288, 24, 0, 0]]
[99, [288, 304, 304, 354, 0, 0]]
[100, [288, 320, 320, 210, 144, 0]]
[101, [306, 306, 306, 66, 258, 0]]
[102, [276, 292, 292, 66, 228, 0]]
[103, [246, 278, 278, 66, 198, 0]]
[104, [264, 264, 264, 66, 168, 0]]
[105, [234, 250, 250, 66, 138, 0]]
[106, [204, 236, 236, 66, 108, 0]]
[107, [222, 222, 222, 66, 78, 0]]
[108, [192, 208, 208, 66, 48, 0]]
[109, [168, 200, 200, 66, 18, 6]]
[110, [192, 192, 192, 66, 0, 0]]
[111, [192, 208, 208, 66, 0, 0]]
[112, [192, 224, 224, 66, 0, 0]]
[113, [240, 240, 240, 66, 0, 0]]
[114, [240, 256, 256, 66, 0, 0]]
[115, [240, 272, 272, 66, 0, 0]]
[116, [288, 288, 288, 66, 0, 0]]
[117, [288, 304, 304, 66, 0, 0]]
[118, [288, 320, 320, 66, 0, 0]]
[119, [336, 336, 336, 396, 0, 0]]
[120, [336, 352, 352, 252, 144, 0]]
[121, [306, 338, 338, 108, 258, 0]]
[122, [324, 324, 324, 108, 228, 0]]
[123, [294, 310, 310, 108, 198, 0]]
[124, [294, 326, 326, 108, 168, 30]]
[125, [342, 342, 342, 108, 138, 60]]
[126, [340, 356, 356, 108, 108, 88]]
[127, [340, 372, 372, 108, 78, 118]]
[128, [374, 374, 374, 108, 48, 134]]
[129, [364, 380, 380, 108, 18, 154]]
[130, [348, 380, 380, 108, 0, 156]]
[131, [392, 392, 392, 108, 0, 152]]
[132, [386, 402, 402, 108, 0, 146]]
[133, [384, 416, 416, 108, 0, 144]]
[134, [432, 432, 432, 108, 0, 144]]
[135, [422, 438, 438, 108, 0, 134]]
[136, [420, 452, 452, 108, 0, 132]]
[137, [460, 460, 460, 108, 0, 124]]
[138, [446, 462, 462, 108, 0, 110]]
[139, [438, 470, 470, 438, 0, 102]]
[140, [480, 480, 480, 294, 144, 96]]
[141, [474, 490, 490, 150, 258, 120]]
[142, [466, 498, 498, 6, 372, 142]]
[143, [500, 500, 500, 6, 342, 158]]
[144, [486, 502, 502, 6, 312, 174]]
[145, [464, 496, 496, 6, 282, 182]]
[146, [484, 484, 484, 6, 252, 184]]
[147, [474, 490, 490, 6, 222, 204]]
[148, [458, 490, 490, 6, 192, 218]]
[149, [490, 490, 490, 6, 162, 232]]
[150, [464, 480, 480, 6, 132, 236]]
[151, [446, 478, 478, 6, 102, 248]]
[152, [466, 466, 466, 6, 72, 250]]
[153, [438, 454, 454, 6, 42, 252]]
[154, [428, 460, 460, 6, 12, 272]]
[155, [460, 460, 460, 6, 0, 268]]
[156, [444, 460, 460, 6, 0, 252]]
[157, [402, 434, 434, 6, 0, 210]]
[158, [412, 412, 412, 6, 0, 172]]
[159, [370, 386, 386, 336, 0, 130]]
[160, [342, 374, 374, 192, 144, 102]]
[161, [380, 380, 380, 48, 258, 122]]
[162, [364, 380, 380, 48, 228, 136]]
[163, [348, 380, 380, 48, 198, 150]]
[164, [350, 350, 350, 48, 168, 134]]
[165, [304, 320, 320, 48, 138, 118]]
[166, [252, 284, 284, 48, 108, 96]]
[167, [272, 272, 272, 48, 78, 98]]
[168, [262, 278, 278, 48, 48, 118]]
[169, [246, 278, 278, 48, 18, 132]]
[170, [278, 278, 278, 48, 0, 134]]
[171, [224, 240, 240, 48, 0, 80]]
[172, [178, 210, 210, 48, 0, 34]]
[173, [192, 192, 192, 48, 0, 0]]
[174, [192, 208, 208, 48, 0, 0]]
[175, [192, 224, 224, 48, 0, 0]]
[176, [240, 240, 240, 48, 0, 0]]
[177, [240, 256, 256, 48, 0, 0]]
[178, [240, 272, 272, 48, 0, 0]]
[179, [288, 288, 288, 378, 0, 0]]
[180, [288, 304, 304, 234, 144, 0]]
[181, [258, 290, 290, 90, 258, 0]]
[182, [276, 276, 276, 90, 228, 0]]
[183, [246, 262, 262, 90, 198, 0]]
[184, [216, 248, 248, 90, 168, 0]]
[185, [234, 234, 234, 90, 138, 0]]
[186, [204, 220, 220, 90, 108, 0]]
[187, [174, 206, 206, 90, 78, 0]]
[188, [192, 192, 192, 90, 48, 0]]
[189, [162, 178, 178, 90, 18, 0]]
[190, [144, 176, 176, 90, 0, 0]]
[191, [192, 192, 192, 90, 0, 0]]
[192, [192, 208, 208, 90, 0, 0]]
[193, [192, 224, 224, 90, 0, 0]]
[194, [240, 240, 240, 90, 0, 0]]
[195, [240, 256, 256, 90, 0, 0]]
[196, [240, 272, 272, 90, 0, 0]]
[197, [288, 288, 288, 90, 0, 0]]
[198, [288, 304, 304, 90, 0, 0]]
[199, [288, 320, 320, 420, 0, 0]]
[200, [336, 336, 336, 276, 144, 0]]
[201, [306, 322, 322, 132, 258, 0]]
[202, [276, 308, 308, 132, 228, 0]]
[203, [294, 294, 294, 132, 198, 0]]
[204, [264, 280, 280, 132, 168, 0]]
[205, [234, 266, 266, 132, 138, 0]]
[206, [252, 252, 252, 132, 108, 0]]
[207, [222, 238, 238, 132, 78, 0]]
[208, [192, 224, 224, 132, 48, 0]]
[209, [210, 210, 210, 132, 18, 0]]
[210, [192, 208, 208, 132, 0, 0]]
[211, [192, 224, 224, 132, 0, 0]]
[212, [240, 240, 240, 132, 0, 0]]
[213, [240, 256, 256, 132, 0, 0]]
[214, [240, 272, 272, 132, 0, 0]]
[215, [288, 288, 288, 132, 0, 0]]
[216, [288, 304, 304, 132, 0, 0]]
[217, [288, 320, 320, 132, 0, 0]]
[218, [336, 336, 336, 132, 0, 0]]
[219, [336, 352, 352, 462, 0, 0]]
[220, [336, 368, 368, 318, 144, 0]]
[221, [354, 354, 354, 174, 258, 0]]
[222, [324, 340, 340, 30, 372, 0]]
[223, [294, 326, 326, 30, 342, 0]]
[224, [312, 312, 312, 30, 312, 0]]
[225, [282, 298, 298, 30, 282, 0]]
[226, [252, 284, 284, 30, 252, 0]]
[227, [270, 270, 270, 30, 222, 0]]
[228, [240, 256, 256, 30, 192, 0]]
[229, [210, 242, 242, 30, 162, 0]]
[230, [228, 228, 228, 30, 132, 0]]
[231, [198, 214, 214, 30, 102, 0]]
[232, [168, 200, 200, 30, 72, 0]]
[233, [186, 186, 186, 30, 42, 0]]
[234, [156, 172, 172, 30, 12, 0]]
[235, [144, 176, 176, 30, 0, 0]]
[236, [192, 192, 192, 30, 0, 0]]
[237, [192, 208, 208, 30, 0, 0]]
[238, [192, 224, 224, 30, 0, 0]]
[239, [240, 240, 240, 360, 0, 0]]
[240, [240, 256, 256, 216, 144, 0]]
[241, [210, 242, 242, 72, 258, 0]]
[242, [228, 228, 228, 72, 228, 0]]
[243, [198, 214, 214, 72, 198, 0]]
[244, [168, 200, 200, 72, 168, 0]]
[245, [186, 186, 186, 72, 138, 0]]
[246, [156, 172, 172, 72, 108, 0]]
[247, [126, 158, 158, 72, 78, 0]]
[248, [144, 144, 144, 72, 48, 0]]
[249, [114, 130, 130, 72, 18, 0]]
[250, [96, 128, 128, 72, 0, 0]]
[251, [144, 144, 144, 72, 0, 0]]
[252, [144, 160, 160, 72, 0, 0]]
[253, [144, 176, 176, 72, 0, 0]]
[254, [192, 192, 192, 72, 0, 0]]
[255, [192, 208, 208, 72, 0, 0]]
[256, [192, 224, 224, 72, 0, 0]]
[257, [240, 240, 240, 72, 0, 0]]
[258, [240, 256, 256, 72, 0, 0]]
[259, [240, 272, 272, 402, 0, 0]]
[260, [288, 288, 288, 258, 144, 0]]
[261, [258, 274, 274, 114, 258, 0]]
[262, [228, 260, 260, 114, 228, 0]]
[263, [246, 246, 246, 114, 198, 0]]
[264, [216, 232, 232, 114, 168, 0]]
[265, [190, 222, 222, 114, 138, 4]]
[266, [238, 238, 238, 114, 108, 34]]
[267, [236, 252, 252, 114, 78, 62]]
[268, [218, 250, 250, 114, 48, 74]]
[269, [244, 244, 244, 114, 18, 82]]
[270, [226, 242, 242, 114, 0, 82]]
[271, [206, 238, 238, 114, 0, 62]]
[272, [240, 240, 240, 114, 0, 48]]
[273, [238, 254, 254, 114, 0, 46]]
[274, [234, 266, 266, 114, 0, 42]]
[275, [272, 272, 272, 114, 0, 32]]
[276, [256, 272, 272, 114, 0, 16]]
[277, [244, 276, 276, 114, 0, 4]]
[278, [288, 288, 288, 114, 0, 0]]
[279, [288, 304, 304, 444, 0, 0]]
[280, [288, 320, 320, 300, 144, 0]]
[281, [306, 306, 306, 156, 258, 0]]
[282, [296, 312, 312, 12, 372, 20]]
[283, [282, 314, 314, 12, 342, 36]]
[284, [320, 320, 320, 12, 312, 56]]
[285, [312, 328, 328, 12, 282, 78]]
[286, [306, 338, 338, 12, 252, 102]]
[287, [348, 348, 348, 12, 222, 126]]
[288, [324, 340, 340, 12, 192, 132]]
[289, [312, 344, 344, 12, 162, 150]]
[290, [344, 344, 344, 12, 132, 164]]
[291, [324, 340, 340, 12, 102, 174]]
[292, [314, 346, 346, 12, 72, 194]]
[293, [352, 352, 352, 12, 42, 214]]
[294, [346, 362, 362, 12, 12, 238]]
[295, [322, 354, 354, 12, 0, 226]]
[296, [358, 358, 358, 12, 0, 214]]
[297, [332, 348, 348, 12, 0, 188]]
[298, [306, 338, 338, 12, 0, 162]]
[299, [332, 332, 332, 342, 0, 140]]
[300, [312, 328, 328, 198, 144, 120]]
[301, [294, 326, 326, 54, 258, 132]]
[302, [318, 318, 318, 54, 228, 138]]
[303, [308, 324, 324, 54, 198, 158]]
[304, [276, 308, 308, 54, 168, 156]]
[305, [292, 292, 292, 54, 138, 154]]
[306, [264, 280, 280, 54, 108, 156]]
[307, [236, 268, 268, 54, 78, 158]]
[308, [258, 258, 258, 54, 48, 162]]
[309, [232, 248, 248, 54, 18, 166]]
[310, [220, 252, 252, 54, 0, 172]]
[311, [234, 234, 234, 54, 0, 138]]
[312, [198, 214, 214, 54, 0, 102]]
[313, [166, 198, 198, 54, 0, 70]]
[314, [186, 186, 186, 54, 0, 42]]
[315, [160, 176, 176, 54, 0, 16]]
[316, [144, 176, 176, 54, 0, 0]]
[317, [192, 192, 192, 54, 0, 0]]
[318, [192, 208, 208, 54, 0, 0]]
[319, [192, 224, 224, 384, 0, 0]]
[320, [240, 240, 240, 240, 144, 0]]
[321, [210, 226, 226, 96, 258, 0]]
[322, [180, 212, 212, 96, 228, 0]]
[323, [198, 198, 198, 96, 198, 0]]
[324, [168, 184, 184, 96, 168, 0]]
[325, [138, 170, 170, 96, 138, 0]]
[326, [156, 156, 156, 96, 108, 0]]
[327, [126, 142, 142, 96, 78, 0]]
[328, [96, 128, 128, 96, 48, 0]]
[329, [114, 114, 114, 96, 18, 0]]
[330, [96, 112, 112, 96, 0, 0]]
[331, [96, 128, 128, 96, 0, 0]]
[332, [144, 144, 144, 96, 0, 0]]
[333, [144, 160, 160, 96, 0, 0]]
[334, [144, 176, 176, 96, 0, 0]]
[335, [192, 192, 192, 96, 0, 0]]
[336, [192, 208, 208, 96, 0, 0]]
[337, [192, 224, 224, 96, 0, 0]]
[338, [240, 240, 240, 96, 0, 0]]
[339, [240, 256, 256, 426, 0, 0]]
[340, [240, 272, 272, 282, 144, 0]]
[341, [258, 258, 258, 138, 258, 0]]
[342, [228, 244, 244, 138, 228, 0]]
[343, [198, 230, 230, 138, 198, 0]]
[344, [216, 216, 216, 138, 168, 0]]
[345, [186, 202, 202, 138, 138, 0]]
[346, [156, 188, 188, 138, 108, 0]]
[347, [174, 174, 174, 138, 78, 0]]
[348, [144, 160, 160, 138, 48, 0]]
[349, [114, 146, 146, 138, 18, 0]]
[350, [144, 144, 144, 138, 0, 0]]
[351, [144, 160, 160, 138, 0, 0]]
[352, [144, 176, 176, 138, 0, 0]]
[353, [192, 192, 192, 138, 0, 0]]
[354, [192, 208, 208, 138, 0, 0]]
[355, [192, 224, 224, 138, 0, 0]]
[356, [240, 240, 240, 138, 0, 0]]
[357, [240, 256, 256, 138, 0, 0]]
[358, [240, 272, 272, 138, 0, 0]]
[359, [288, 288, 288, 468, 0, 0]]
[360, [288, 304, 304, 324, 144, 0]]
[361, [258, 290, 290, 180, 258, 0]]
[362, [276, 276, 276, 36, 372, 0]]
[363, [246, 262, 262, 36, 342, 0]]
[364, [216, 248, 248, 36, 312, 0]]
[365, [234, 234, 234, 36, 282, 0]]
[366, [204, 220, 220, 36, 252, 0]]
[367, [174, 206, 206, 36, 222, 0]]
[368, [192, 192, 192, 36, 192, 0]]
[369, [162, 178, 178, 36, 162, 0]]
[370, [132, 164, 164, 36, 132, 0]]
[371, [150, 150, 150, 36, 102, 0]]
[372, [120, 136, 136, 36, 72, 0]]
[373, [90, 122, 122, 36, 42, 0]]
[374, [108, 108, 108, 36, 12, 0]]
[375, [96, 112, 112, 36, 0, 0]]
[376, [96, 128, 128, 36, 0, 0]]
[377, [144, 144, 144, 36, 0, 0]]
[378, [144, 160, 160, 36, 0, 0]]
[379, [144, 176, 176, 366, 0, 0]]
[380, [192, 192, 192, 222, 144, 0]]
[381, [162, 178, 178, 78, 258, 0]]
[382, [132, 164, 164, 78, 228, 0]]
[383, [150, 150, 150, 78, 198, 0]]
[384, [120, 136, 136, 78, 168, 0]]
[385, [90, 122, 122, 78, 138, 0]]
[386, [108, 108, 108, 78, 108, 0]]
[387, [78, 94, 94, 78, 78, 0]]
[388, [48, 80, 80, 78, 48, 0]]
[389, [66, 66, 66, 78, 18, 0]]
[390, [48, 64, 64, 78, 0, 0]]
[391, [48, 80, 80, 78, 0, 0]]
[392, [96, 96, 96, 78, 0, 0]]
[393, [96, 112, 112, 78, 0, 0]]
[394, [96, 128, 128, 78, 0, 0]]
[395, [144, 144, 144, 78, 0, 0]]
[396, [144, 160, 160, 78, 0, 0]]
[397, [144, 176, 176, 78, 0, 0]]
[398, [192, 192, 192, 78, 0, 0]]
[399, [192, 208, 208, 408, 0, 0]]
[400, [192, 224, 224, 264, 144, 0]]
[401, [210, 210, 210, 120, 258, 0]]
[402, [180, 196, 196, 120, 228, 0]]
[403, [150, 182, 182, 120, 198, 0]]
[404, [168, 168, 168, 120, 168, 0]]
[405, [138, 154, 154, 120, 138, 0]]
[406, [108, 140, 140, 120, 108, 0]]
[407, [152, 152, 152, 120, 78, 26]]
[408, [122, 138, 138, 120, 48, 26]]
[409, [96, 128, 128, 120, 18, 30]]
[410, [114, 114, 114, 120, 0, 18]]
[411, [96, 112, 112, 120, 0, 0]]
[412, [96, 128, 128, 120, 0, 0]]
[413, [144, 144, 144, 120, 0, 0]]
[414, [144, 160, 160, 120, 0, 0]]
[415, [144, 176, 176, 120, 0, 0]]
[416, [192, 192, 192, 120, 0, 0]]
[417, [192, 208, 208, 120, 0, 0]]
[418, [192, 224, 224, 120, 0, 0]]
[419, [240, 240, 240, 450, 0, 0]]
[420, [240, 256, 256, 306, 144, 0]]
[421, [210, 242, 242, 162, 258, 0]]
[422, [228, 228, 228, 18, 372, 0]]
[423, [198, 214, 214, 18, 342, 0]]
[424, [188, 220, 220, 18, 312, 20]]
[425, [232, 232, 232, 18, 282, 46]]
[426, [230, 246, 246, 18, 252, 74]]
[427, [226, 258, 258, 18, 222, 100]]
[428, [258, 258, 258, 18, 192, 114]]
[429, [236, 252, 252, 18, 162, 122]]
[430, [212, 244, 244, 18, 132, 128]]
[431, [248, 248, 248, 18, 102, 146]]
[432, [244, 260, 260, 18, 72, 172]]
[433, [238, 270, 270, 18, 42, 196]]
[434, [282, 282, 282, 18, 12, 222]]
[435, [268, 284, 284, 18, 0, 220]]
[436, [250, 282, 282, 18, 0, 202]]
[437, [280, 280, 280, 18, 0, 184]]
[438, [268, 284, 284, 18, 0, 172]]
[439, [260, 292, 292, 348, 0, 164]]
[440, [298, 298, 298, 204, 144, 154]]
[441, [288, 304, 304, 60, 258, 174]]
[442, [266, 298, 298, 60, 228, 182]]
[443, [300, 300, 300, 60, 198, 198]]
[444, [282, 298, 298, 60, 168, 210]]
[445, [258, 290, 290, 60, 138, 216]]
[446, [282, 282, 282, 60, 108, 222]]
[447, [262, 278, 278, 60, 78, 232]]
[448, [246, 278, 278, 60, 48, 246]]
[449, [278, 278, 278, 60, 18, 260]]
[450, [260, 276, 276, 60, 0, 260]]
[451, [232, 264, 264, 60, 0, 232]]
[452, [258, 258, 258, 60, 0, 210]]
[453, [232, 248, 248, 60, 0, 184]]
[454, [212, 244, 244, 60, 0, 164]]
[455, [244, 244, 244, 60, 0, 148]]
[456, [228, 244, 244, 60, 0, 132]]
[457, [196, 228, 228, 60, 0, 100]]
[458, [204, 204, 204, 60, 0, 60]]
[459, [170, 186, 186, 390, 0, 26]]
[460, [144, 176, 176, 246, 144, 0]]
[461, [170, 170, 170, 102, 258, 8]]
[462, [154, 170, 170, 102, 228, 22]]
[463, [138, 170, 170, 102, 198, 36]]
[464, [148, 148, 148, 102, 168, 28]]
[465, [104, 120, 120, 102, 138, 14]]
[466, [64, 96, 96, 102, 108, 4]]
[467, [82, 82, 82, 102, 78, 4]]
[468, [60, 76, 76, 102, 48, 12]]
[469, [44, 76, 76, 102, 18, 26]]
[470, [76, 76, 76, 102, 0, 28]]
[471, [48, 64, 64, 102, 0, 0]]
[472, [48, 80, 80, 102, 0, 0]]
[473, [96, 96, 96, 102, 0, 0]]
[474, [96, 112, 112, 102, 0, 0]]
[475, [96, 128, 128, 102, 0, 0]]
[476, [144, 144, 144, 102, 0, 0]]
[477, [144, 160, 160, 102, 0, 0]]
[478, [144, 176, 176, 102, 0, 0]]
[479, [192, 192, 192, 432, 0, 0]]
[480, [192, 208, 208, 288, 144, 0]]
[481, [162, 194, 194, 144, 258, 0]]
[482, [180, 180, 180, 0, 372, 0]]
[483, [150, 166, 166, 0, 342, 0]]
[484, [120, 152, 152, 0, 312, 0]]
[485, [138, 138, 138, 0, 282, 0]]
[486, [108, 124, 124, 0, 252, 0]]
[487, [78, 110, 110, 0, 222, 0]]
[488, [96, 96, 96, 0, 192, 0]]
[489, [66, 82, 82, 0, 162, 0]]
[490, [36, 68, 68, 0, 132, 0]]
[491, [54, 54, 54, 0, 102, 0]]
[492, [24, 40, 40, 0, 72, 0]]
[493, [0, 32, 32, 0, 42, 6]]
[494, [12, 12, 12, 0, 12, 0]]
[495, [0, 16, 16, 0, 0, 0]]
[496, [0, 32, 32, 0, 0, 0]]
[497, [48, 48, 48, 0, 0, 0]]
[498, [48, 64, 64, 0, 0, 0]]
[499, [48, 80, 80, 330, 0, 0]]
[500, [96, 96, 96, 186, 144, 0]]
[501, [66, 82, 82, 42, 258, 0]]
[502, [36, 68, 68, 42, 228, 0]]
[503, [54, 54, 54, 42, 198, 0]]
[504, [24, 40, 40, 42, 168, 0]]
[505, [0, 32, 32, 42, 138, 6]]
[506, [12, 12, 12, 42, 108, 0]]
[507, [0, 16, 16, 42, 78, 18]]
[508, [0, 32, 32, 42, 48, 48]]
[509, [0, 0, 0, 42, 18, 30]]
[510, [0, 16, 16, 42, 0, 48]]
[511, [0, 32, 32, 42, 0, 48]]
[512, [0, 0, 0, 42, 0, 0]]
[513, [0, 16, 16, 42, 0, 0]]
[514, [0, 32, 32, 42, 0, 0]]
[515, [48, 48, 48, 42, 0, 0]]
[516, [48, 64, 64, 42, 0, 0]]
[517, [48, 80, 80, 42, 0, 0]]
[518, [96, 96, 96, 42, 0, 0]]
[519, [96, 112, 112, 372, 0, 0]]
[520, [96, 128, 128, 228, 144, 0]]
[521, [114, 114, 114, 84, 258, 0]]
[522, [84, 100, 100, 84, 228, 0]]
[523, [54, 86, 86, 84, 198, 0]]
[524, [72, 72, 72, 84, 168, 0]]
[525, [42, 58, 58, 84, 138, 0]]
[526, [12, 44, 44, 84, 108, 0]]
[527, [30, 30, 30, 84, 78, 0]]
[528, [0, 16, 16, 84, 48, 0]]
[529, [0, 32, 32, 84, 18, 30]]
[530, [0, 0, 0, 84, 0, 0]]
[531, [0, 16, 16, 84, 0, 0]]
[532, [0, 32, 32, 84, 0, 0]]
[533, [48, 48, 48, 84, 0, 0]]
[534, [48, 64, 64, 84, 0, 0]]
[535, [48, 80, 80, 84, 0, 0]]
[536, [96, 96, 96, 84, 0, 0]]
[537, [96, 112, 112, 84, 0, 0]]
[538, [96, 128, 128, 84, 0, 0]]
[539, [144, 144, 144, 414, 0, 0]]
[540, [144, 160, 160, 270, 144, 0]]
[541, [114, 146, 146, 126, 258, 0]]
[542, [132, 132, 132, 126, 228, 0]]
[543, [102, 118, 118, 126, 198, 0]]
[544, [72, 104, 104, 126, 168, 0]]
[545, [90, 90, 90, 126, 138, 0]]
[546, [60, 76, 76, 126, 108, 0]]
[547, [30, 62, 62, 126, 78, 0]]
[548, [48, 48, 48, 126, 48, 0]]
[549, [18, 34, 34, 126, 18, 0]]
[550, [0, 32, 32, 126, 0, 0]]
[551, [48, 48, 48, 126, 0, 0]]
[552, [48, 64, 64, 126, 0, 0]]
[553, [48, 80, 80, 126, 0, 0]]
[554, [96, 96, 96, 126, 0, 0]]
[555, [96, 112, 112, 126, 0, 0]]
[556, [96, 128, 128, 126, 0, 0]]
[557, [144, 144, 144, 126, 0, 0]]
[558, [144, 160, 160, 126, 0, 0]]
[559, [144, 176, 176, 456, 0, 0]]
[560, [192, 192, 192, 312, 144, 0]]
[561, [162, 178, 178, 168, 258, 0]]
[562, [132, 164, 164, 24, 372, 0]]
[563, [150, 150, 150, 24, 342, 0]]
[564, [120, 136, 136, 24, 312, 0]]
[565, [98, 130, 130, 24, 282, 8]]
[566, [144, 144, 144, 24, 252, 36]]
[567, [144, 160, 160, 24, 222, 66]]
[568, [124, 156, 156, 24, 192, 76]]
[569, [150, 150, 150, 24, 162, 84]]
[570, [130, 146, 146, 24, 132, 94]]
[571, [108, 140, 140, 24, 102, 102]]
[572, [140, 140, 140, 24, 72, 116]]
[573, [136, 152, 152, 24, 42, 142]]
[574, [134, 166, 166, 24, 12, 170]]
[575, [166, 166, 166, 24, 0, 166]]
[576, [152, 168, 168, 24, 0, 152]]
[577, [134, 166, 166, 24, 0, 134]]
[578, [164, 164, 164, 24, 0, 116]]
[579, [150, 166, 166, 354, 0, 102]]
[580, [146, 178, 178, 210, 144, 98]]
[581, [190, 190, 190, 66, 258, 124]]
[582, [172, 188, 188, 66, 228, 136]]
[583, [150, 182, 182, 66, 198, 144]]
[584, [174, 174, 174, 66, 168, 150]]
[585, [162, 178, 178, 66, 138, 168]]
[586, [152, 184, 184, 66, 108, 188]]
[587, [192, 192, 192, 66, 78, 210]]
[588, [182, 198, 198, 66, 48, 230]]
[589, [164, 196, 196, 66, 18, 242]]
[590, [188, 188, 188, 66, 0, 236]]
[591, [162, 178, 178, 66, 0, 210]]
[592, [148, 180, 180, 66, 0, 196]]
[593, [182, 182, 182, 66, 0, 182]]
[594, [172, 188, 188, 66, 0, 172]]
[595, [162, 194, 194, 66, 0, 162]]
[596, [194, 194, 194, 66, 0, 146]]
[597, [158, 174, 174, 66, 0, 110]]
[598, [130, 162, 162, 66, 0, 82]]
[599, [156, 156, 156, 396, 0, 60]]
[600, [136, 152, 152, 252, 144, 40]]
[601, [118, 150, 150, 108, 258, 52]]
[602, [156, 156, 156, 108, 228, 72]]
[603, [140, 156, 156, 108, 198, 86]]
[604, [100, 132, 132, 108, 168, 76]]
[605, [112, 112, 112, 108, 138, 70]]
[606, [88, 104, 104, 108, 108, 76]]
[607, [62, 94, 94, 108, 78, 80]]
[608, [88, 88, 88, 108, 48, 88]]
[609, [78, 94, 94, 108, 18, 108]]
[610, [64, 96, 96, 108, 0, 112]]
[611, [68, 68, 68, 108, 0, 68]]
[612, [28, 44, 44, 108, 0, 28]]
[613, [0, 32, 32, 108, 0, 0]]
[614, [48, 48, 48, 108, 0, 0]]
[615, [48, 64, 64, 108, 0, 0]]
[616, [48, 80, 80, 108, 0, 0]]
[617, [96, 96, 96, 108, 0, 0]]
[618, [96, 112, 112, 108, 0, 0]]
[619, [96, 128, 128, 438, 0, 0]]
[620, [144, 144, 144, 294, 144, 0]]
[621, [114, 130, 130, 150, 258, 0]]
[622, [84, 116, 116, 6, 372, 0]]
[623, [102, 102, 102, 6, 342, 0]]
[624, [72, 88, 88, 6, 312, 0]]
[625, [42, 74, 74, 6, 282, 0]]
[626, [60, 60, 60, 6, 252, 0]]
[627, [30, 46, 46, 6, 222, 0]]
[628, [0, 32, 32, 6, 192, 0]]
[629, [18, 18, 18, 6, 162, 0]]
[630, [0, 16, 16, 6, 132, 12]]
[631, [0, 32, 32, 6, 102, 42]]
[632, [0, 0, 0, 6, 72, 24]]
[633, [0, 16, 16, 6, 42, 54]]
[634, [0, 32, 32, 6, 12, 84]]
[635, [0, 0, 0, 6, 0, 48]]
[636, [0, 16, 16, 6, 0, 48]]
[637, [0, 32, 32, 6, 0, 48]]
[638, [0, 0, 0, 6, 0, 0]]
[639, [0, 16, 16, 336, 0, 0]]
[640, [0, 32, 32, 192, 144, 0]]
[641, [18, 18, 18, 48, 258, 0]]
[642, [0, 16, 16, 48, 228, 12]]
[643, [0, 32, 32, 48, 198, 42]]
[644, [0, 0, 0, 48, 168, 24]]
[645, [0, 16, 16, 48, 138, 54]]
[646, [0, 32, 32, 48, 108, 84]]
[647, [0, 0, 0, 48, 78, 66]]
[648, [0, 16, 16, 48, 48, 96]]
[649, [0, 32, 32, 48, 18, 126]]
[650, [0, 0, 0, 48, 0, 96]]
[651, [0, 16, 16, 48, 0, 96]]
[652, [0, 32, 32, 48, 0, 96]]
[653, [0, 0, 0, 48, 0, 48]]
[654, [0, 16, 16, 48, 0, 48]]
[655, [0, 32, 32, 48, 0, 48]]
[656, [0, 0, 0, 48, 0, 0]]
[657, [0, 16, 16, 48, 0, 0]]
[658, [0, 32, 32, 48, 0, 0]]
[659, [48, 48, 48, 378, 0, 0]]
[660, [48, 64, 64, 234, 144, 0]]
[661, [18, 50, 50, 90, 258, 0]]
[662, [36, 36, 36, 90, 228, 0]]
[663, [6, 22, 22, 90, 198, 0]]
[664, [0, 32, 32, 90, 168, 24]]
[665, [0, 0, 0, 90, 138, 6]]
[666, [0, 16, 16, 90, 108, 36]]
[667, [0, 32, 32, 90, 78, 66]]
[668, [0, 0, 0, 90, 48, 48]]
[669, [0, 16, 16, 90, 18, 78]]
[670, [0, 32, 32, 90, 0, 96]]
[671, [0, 0, 0, 90, 0, 48]]
[672, [0, 16, 16, 90, 0, 48]]
[673, [0, 32, 32, 90, 0, 48]]
[674, [0, 0, 0, 90, 0, 0]]
[675, [0, 16, 16, 90, 0, 0]]
[676, [0, 32, 32, 90, 0, 0]]
[677, [48, 48, 48, 90, 0, 0]]
[678, [48, 64, 64, 90, 0, 0]]
[679, [48, 80, 80, 420, 0, 0]]
[680, [96, 96, 96, 276, 144, 0]]
[681, [66, 82, 82, 132, 258, 0]]
[682, [36, 68, 68, 132, 228, 0]]
[683, [54, 54, 54, 132, 198, 0]]
[684, [24, 40, 40, 132, 168, 0]]
[685, [0, 32, 32, 132, 138, 6]]
[686, [12, 12, 12, 132, 108, 0]]
[687, [0, 16, 16, 132, 78, 18]]
[688, [0, 32, 32, 132, 48, 48]]
[689, [0, 0, 0, 132, 18, 30]]
[690, [0, 16, 16, 132, 0, 48]]
[691, [0, 32, 32, 132, 0, 48]]
[692, [0, 0, 0, 132, 0, 0]]
[693, [0, 16, 16, 132, 0, 0]]
[694, [0, 32, 32, 132, 0, 0]]
[695, [48, 48, 48, 132, 0, 0]]
[696, [48, 64, 64, 132, 0, 0]]
[697, [48, 80, 80, 132, 0, 0]]
[698, [96, 96, 96, 132, 0, 0]]
[699, [96, 112, 112, 462, 0, 0]]
[700, [96, 128, 128, 318, 144, 0]]
[701, [114, 114, 114, 174, 258, 0]]
[702, [84, 100, 100, 30, 372, 0]]
[703, [54, 86, 86, 30, 342, 0]]
[704, [72, 72, 72, 30, 312, 0]]
[705, [42, 58, 58, 30, 282, 0]]
[706, [12, 44, 44, 30, 252, 0]]
[707, [30, 30, 30, 30, 222, 0]]
[708, [0, 16, 16, 30, 192, 0]]
[709, [0, 32, 32, 30, 162, 30]]
[710, [0, 0, 0, 30, 132, 12]]
[711, [0, 16, 16, 30, 102, 42]]
[712, [0, 32, 32, 30, 72, 72]]
[713, [0, 0, 0, 30, 42, 54]]
[714, [0, 16, 16, 30, 12, 84]]
[715, [0, 32, 32, 30, 0, 96]]
[716, [0, 0, 0, 30, 0, 48]]
[717, [0, 16, 16, 30, 0, 48]]
[718, [0, 32, 32, 30, 0, 48]]
[719, [0, 0, 0, 360, 0, 0]]
[720, [0, 16, 16, 216, 144, 0]]
[721, [0, 32, 32, 72, 258, 30]]
[722, [0, 0, 0, 72, 228, 12]]
[723, [0, 16, 16, 72, 198, 42]]
[724, [0, 32, 32, 72, 168, 72]]
[725, [0, 0, 0, 72, 138, 54]]
[726, [0, 16, 16, 72, 108, 84]]
[727, [0, 32, 32, 72, 78, 114]]
[728, [0, 0, 0, 72, 48, 96]]
[729, [0, 16, 16, 72, 18, 126]]
[730, [0, 32, 32, 72, 0, 144]]
[731, [0, 0, 0, 72, 0, 96]]
[732, [0, 16, 16, 72, 0, 96]]
[733, [0, 32, 32, 72, 0, 96]]
[734, [0, 0, 0, 72, 0, 48]]
[735, [0, 16, 16, 72, 0, 48]]
[736, [0, 32, 32, 72, 0, 48]]
[737, [0, 0, 0, 72, 0, 0]]
[738, [0, 16, 16, 72, 0, 0]]
[739, [0, 32, 32, 402, 0, 0]]
[740, [48, 48, 48, 258, 144, 0]]
[741, [18, 34, 34, 114, 258, 0]]
[742, [0, 32, 32, 114, 228, 12]]
[743, [6, 6, 6, 114, 198, 0]]
[744, [0, 16, 16, 114, 168, 24]]
[745, [0, 32, 32, 114, 138, 54]]
[746, [0, 0, 0, 114, 108, 36]]
[747, [0, 16, 16, 114, 78, 66]]
[748, [0, 32, 32, 114, 48, 96]]
[749, [0, 0, 0, 114, 18, 78]]
[750, [0, 16, 16, 114, 0, 96]]
[751, [0, 32, 32, 114, 0, 96]]
[752, [0, 0, 0, 114, 0, 48]]
[753, [0, 16, 16, 114, 0, 48]]
[754, [0, 32, 32, 114, 0, 48]]
[755, [0, 0, 0, 114, 0, 0]]
[756, [0, 16, 16, 114, 0, 0]]
[757, [0, 32, 32, 114, 0, 0]]
[758, [48, 48, 48, 114, 0, 0]]
[759, [48, 64, 64, 444, 0, 0]]
[760, [48, 80, 80, 300, 144, 0]]
[761, [66, 66, 66, 156, 258, 0]]
[762, [36, 52, 52, 12, 372, 0]]
[763, [6, 38, 38, 12, 342, 0]]
[764, [24, 24, 24, 12, 312, 0]]
[765, [0, 16, 16, 12, 282, 6]]
[766, [0, 32, 32, 12, 252, 36]]
[767, [0, 0, 0, 12, 222, 18]]
[768, [0, 16, 16, 12, 192, 48]]
[769, [0, 32, 32, 12, 162, 78]]
[770, [0, 0, 0, 12, 132, 60]]
[771, [0, 16, 16, 12, 102, 90]]
[772, [0, 32, 32, 12, 72, 120]]
[773, [0, 0, 0, 12, 42, 102]]
[774, [0, 16, 16, 12, 12, 132]]
[775, [0, 32, 32, 12, 0, 144]]
[776, [0, 0, 0, 12, 0, 96]]
[777, [0, 16, 16, 12, 0, 96]]
[778, [0, 32, 32, 12, 0, 96]]
[779, [0, 0, 0, 342, 0, 48]]
[780, [0, 16, 16, 198, 144, 48]]
[781, [0, 32, 32, 54, 258, 78]]
[782, [0, 0, 0, 54, 228, 60]]
[783, [0, 16, 16, 54, 198, 90]]
[784, [0, 32, 32, 54, 168, 120]]
[785, [0, 0, 0, 54, 138, 102]]
[786, [0, 16, 16, 54, 108, 132]]
[787, [0, 32, 32, 54, 78, 162]]
[788, [0, 0, 0, 54, 48, 144]]
[789, [0, 16, 16, 54, 18, 174]]
[790, [0, 32, 32, 54, 0, 192]]
[791, [0, 4, 4, 54, 0, 148]]
[792, [0, 20, 20, 54, 0, 148]]
[793, [0, 36, 36, 54, 0, 148]]
[794, [0, 8, 8, 54, 0, 104]]
[795, [0, 24, 24, 54, 0, 104]]
[796, [0, 40, 40, 54, 0, 104]]
[797, [0, 12, 12, 54, 0, 60]]
[798, [0, 28, 28, 54, 0, 60]]
[799, [0, 44, 44, 384, 0, 60]]
[800, [0, 16, 16, 240, 144, 16]]
[801, [0, 32, 32, 96, 258, 46]]
[802, [0, 44, 44, 96, 228, 72]]
[803, [0, 16, 16, 96, 198, 58]]
[804, [0, 32, 32, 96, 168, 88]]
[805, [0, 44, 44, 96, 138, 114]]
[806, [0, 16, 16, 96, 108, 100]]
[807, [0, 32, 32, 96, 78, 130]]
[808, [0, 44, 44, 96, 48, 156]]
[809, [0, 16, 16, 96, 18, 142]]
[810, [0, 32, 32, 96, 0, 160]]
[811, [0, 44, 44, 96, 0, 156]]
[812, [0, 16, 16, 96, 0, 112]]
[813, [0, 32, 32, 96, 0, 112]]
[814, [0, 44, 44, 96, 0, 108]]
[815, [0, 16, 16, 96, 0, 64]]
[816, [0, 32, 32, 96, 0, 64]]
[817, [0, 44, 44, 96, 0, 60]]
[818, [0, 16, 16, 96, 0, 16]]
[819, [0, 32, 32, 426, 0, 16]]
[820, [0, 44, 44, 282, 144, 12]]
[821, [2, 18, 18, 138, 258, 0]]
[822, [0, 32, 32, 138, 228, 28]]
[823, [0, 44, 44, 138, 198, 54]]
[824, [0, 16, 16, 138, 168, 40]]
[825, [0, 32, 32, 138, 138, 70]]
[826, [0, 44, 44, 138, 108, 96]]
[827, [0, 16, 16, 138, 78, 82]]
[828, [0, 32, 32, 138, 48, 112]]
[829, [0, 44, 44, 138, 18, 138]]
[830, [0, 16, 16, 138, 0, 112]]
[831, [0, 32, 32, 138, 0, 112]]
[832, [0, 44, 44, 138, 0, 108]]
[833, [0, 16, 16, 138, 0, 64]]
[834, [0, 32, 32, 138, 0, 64]]
[835, [0, 44, 44, 138, 0, 60]]
[836, [0, 16, 16, 138, 0, 16]]
[837, [0, 32, 32, 138, 0, 16]]
[838, [0, 44, 44, 138, 0, 12]]
[839, [32, 48, 48, 468, 0, 0]]
[840, [32, 64, 64, 324, 144, 0]]
[841, [6, 50, 50, 180, 258, 0]]
[842, [20, 36, 36, 36, 372, 0]]
[843, [0, 32, 32, 36, 342, 10]]
[844, [0, 44, 44, 36, 312, 36]]
[845, [0, 16, 16, 36, 282, 22]]
[846, [0, 32, 32, 36, 252, 52]]
[847, [0, 44, 44, 36, 222, 78]]
[848, [0, 16, 16, 36, 192, 64]]
[849, [0, 32, 32, 36, 162, 94]]
[850, [0, 44, 44, 36, 132, 120]]
[851, [0, 16, 16, 36, 102, 106]]
[852, [0, 32, 32, 36, 72, 136]]
[853, [0, 44, 44, 36, 42, 162]]
[854, [0, 16, 16, 36, 12, 148]]
[855, [0, 32, 32, 36, 0, 160]]
[856, [0, 44, 44, 36, 0, 156]]
[857, [0, 16, 16, 36, 0, 112]]
[858, [0, 32, 32, 36, 0, 112]]
[859, [0, 44, 44, 366, 0, 108]]
[860, [0, 16, 16, 222, 144, 64]]
[861, [0, 32, 32, 78, 258, 94]]
[862, [0, 44, 44, 78, 228, 120]]
[863, [0, 16, 16, 78, 198, 106]]
[864, [0, 32, 32, 78, 168, 136]]
[865, [0, 44, 44, 78, 138, 162]]
[866, [0, 16, 16, 78, 108, 148]]
[867, [0, 32, 32, 78, 78, 178]]
[868, [0, 44, 44, 78, 48, 204]]
[869, [0, 16, 16, 78, 18, 190]]
[870, [0, 32, 32, 78, 0, 208]]
[871, [0, 44, 44, 78, 0, 204]]
[872, [0, 16, 16, 78, 0, 160]]
[873, [0, 32, 32, 78, 0, 160]]
[874, [0, 44, 44, 78, 0, 156]]
[875, [0, 16, 16, 78, 0, 112]]
[876, [0, 32, 32, 78, 0, 112]]
[877, [0, 44, 44, 78, 0, 108]]
[878, [0, 16, 16, 78, 0, 64]]
[879, [0, 32, 32, 408, 0, 64]]
[880, [0, 44, 44, 264, 144, 60]]
[881, [0, 16, 16, 120, 258, 46]]
[882, [0, 32, 32, 120, 228, 76]]
[883, [0, 44, 44, 120, 198, 102]]
[884, [0, 16, 16, 120, 168, 88]]
[885, [0, 32, 32, 120, 138, 118]]
[886, [0, 44, 44, 120, 108, 144]]
[887, [0, 16, 16, 120, 78, 130]]
[888, [0, 32, 32, 120, 48, 160]]
[889, [0, 44, 44, 120, 18, 186]]
[890, [0, 16, 16, 120, 0, 160]]
[891, [0, 32, 32, 120, 0, 160]]
[892, [0, 44, 44, 120, 0, 156]]
[893, [0, 16, 16, 120, 0, 112]]
[894, [0, 32, 32, 120, 0, 112]]
[895, [0, 44, 44, 120, 0, 108]]
[896, [0, 16, 16, 120, 0, 64]]
[897, [0, 32, 32, 120, 0, 64]]
[898, [0, 44, 44, 120, 0, 60]]
[899, [0, 16, 16, 450, 0, 16]]
[900, [0, 32, 32, 306, 144, 16]]
[901, [0, 44, 44, 162, 258, 42]]
[902, [0, 16, 16, 18, 372, 28]]
[903, [0, 32, 32, 18, 342, 58]]
[904, [0, 44, 44, 18, 312, 84]]
[905, [0, 16, 16, 18, 282, 70]]
[906, [0, 32, 32, 18, 252, 100]]
[907, [0, 44, 44, 18, 222, 126]]
[908, [0, 16, 16, 18, 192, 112]]
[909, [0, 32, 32, 18, 162, 142]]
[910, [0, 44, 44, 18, 132, 168]]
[911, [0, 16, 16, 18, 102, 154]]
[912, [0, 32, 32, 18, 72, 184]]
[913, [0, 44, 44, 18, 42, 210]]
[914, [0, 16, 16, 18, 12, 196]]
[915, [0, 32, 32, 18, 0, 208]]
[916, [0, 44, 44, 18, 0, 204]]
[917, [0, 16, 16, 18, 0, 160]]
[918, [0, 32, 32, 18, 0, 160]]
[919, [0, 44, 44, 348, 0, 156]]
[920, [0, 16, 16, 204, 144, 112]]
[921, [0, 32, 32, 60, 258, 142]]
[922, [0, 44, 44, 60, 228, 168]]
[923, [0, 16, 16, 60, 198, 154]]
[924, [0, 32, 32, 60, 168, 184]]
[925, [0, 44, 44, 60, 138, 210]]
[926, [0, 16, 16, 60, 108, 196]]
[927, [0, 32, 32, 60, 78, 226]]
[928, [0, 44, 44, 60, 48, 252]]
[929, [0, 16, 16, 60, 18, 238]]
[930, [0, 32, 32, 60, 0, 256]]
[931, [0, 44, 44, 60, 0, 252]]
[932, [0, 16, 16, 60, 0, 208]]
[933, [0, 32, 32, 60, 0, 208]]
[934, [0, 44, 44, 60, 0, 204]]
[935, [0, 16, 16, 60, 0, 160]]
[936, [0, 32, 32, 60, 0, 160]]
[937, [0, 44, 44, 60, 0, 156]]
[938, [0, 16, 16, 60, 0, 112]]
[939, [0, 32, 32, 390, 0, 112]]
[940, [0, 44, 44, 246, 144, 108]]
[941, [0, 16, 16, 102, 258, 94]]
[942, [0, 32, 32, 102, 228, 124]]
[943, [0, 44, 44, 102, 198, 150]]
[944, [0, 16, 16, 102, 168, 136]]
[945, [0, 32, 32, 102, 138, 166]]
[946, [0, 44, 44, 102, 108, 192]]
[947, [0, 16, 16, 102, 78, 178]]
[948, [0, 32, 32, 102, 48, 208]]
[949, [0, 44, 44, 102, 18, 234]]
[950, [0, 16, 16, 102, 0, 208]]
[951, [0, 32, 32, 102, 0, 208]]
[952, [0, 44, 44, 102, 0, 204]]
[953, [0, 16, 16, 102, 0, 160]]
[954, [0, 32, 32, 102, 0, 160]]
[955, [0, 44, 44, 102, 0, 156]]
[956, [0, 16, 16, 102, 0, 112]]
[957, [0, 32, 32, 102, 0, 112]]
[958, [0, 44, 44, 102, 0, 108]]
[959, [0, 16, 16, 432, 0, 64]]
