SimulationV06.py[0, [0, 16, 16, 0, 0, 0]]
[1, [0, 32, 32, 0, 0, 0]]
[2, [48, 48, 48, 0, 0, 0]]
[3, [48, 64, 64, 0, 0, 0]]
[4, [48, 80, 80, 0, 0, 0]]
[5, [96, 96, 96, 0, 0, 0]]
[6, [96, 112, 112, 0, 0, 0]]
[7, [96, 128, 128, 0, 0, 0]]
[8, [144, 144, 144, 0, 0, 0]]
[9, [144, 160, 160, 0, 0, 0]]
[10, [144, 176, 176, 0, 0, 0]]
[11, [192, 192, 192, 0, 0, 0]]
[12, [192, 208, 208, 0, 0, 0]]
[13, [192, 224, 224, 0, 0, 0]]
[14, [240, 240, 240, 0, 0, 0]]
[15, [240, 256, 256, 0, 0, 0]]
[16, [240, 272, 272, 0, 0, 0]]
[17, [288, 288, 288, 0, 0, 0]]
[18, [288, 304, 304, 0, 0, 0]]
[19, [288, 320, 320, 330, 0, 0]]
[20, [336, 336, 336, 186, 144, 0]]
[21, [306, 322, 322, 42, 258, 0]]
[22, [276, 308, 308, 42, 228, 0]]
[23, [294, 294, 294, 42, 198, 0]]
[24, [264, 280, 280, 42, 168, 0]]
[25, [234, 266, 266, 42, 138, 0]]
[26, [252, 252, 252, 42, 108, 0]]
[27, [222, 238, 238, 42, 78, 0]]
[28, [192, 224, 224, 42, 48, 0]]
[29, [210, 210, 210, 42, 18, 0]]
[30, [200, 216, 216, 42, 0, 8]]
[31, [200, 232, 232, 42, 0, 8]]
[32, [248, 248, 248, 42, 0, 8]]
[33, [248, 264, 264, 42, 0, 8]]
[34, [248, 280, 280, 42, 0, 8]]
[35, [296, 296, 296, 42, 0, 8]]
[36, [296, 312, 312, 42, 0, 8]]
[37, [296, 328, 328, 42, 0, 8]]
[38, [344, 344, 344, 42, 0, 8]]
[39, [344, 360, 360, 372, 0, 8]]
[40, [344, 376, 376, 228, 144, 8]]
[41, [362, 362, 362, 84, 258, 8]]
[42, [332, 348, 348, 84, 228, 8]]
[43, [302, 334, 334, 84, 198, 8]]
[44, [320, 320, 320, 84, 168, 8]]
[45, [290, 306, 306, 84, 138, 8]]
[46, [260, 292, 292, 84, 108, 8]]
[47, [278, 278, 278, 84, 78, 8]]
[48, [248, 264, 264, 84, 48, 8]]
[49, [218, 250, 250, 84, 18, 8]]
[50, [246, 246, 246, 84, 0, 6]]
[51, [246, 262, 262, 84, 0, 6]]
[52, [246, 278, 278, 84, 0, 6]]
[53, [294, 294, 294, 84, 0, 6]]
[54, [294, 310, 310, 84, 0, 6]]
[55, [294, 326, 326, 84, 0, 6]]
[56, [342, 342, 342, 84, 0, 6]]
[57, [342, 358, 358, 84, 0, 6]]
[58, [342, 374, 374, 84, 0, 6]]
[59, [390, 390, 390, 414, 0, 6]]
[60, [390, 406, 406, 270, 144, 6]]
[61, [360, 392, 392, 126, 258, 6]]
[62, [378, 378, 378, 126, 228, 6]]
[63, [348, 364, 364, 126, 198, 6]]
[64, [318, 350, 350, 126, 168, 6]]
[65, [336, 336, 336, 126, 138, 6]]
[66, [306, 322, 322, 126, 108, 6]]
[67, [276, 308, 308, 126, 78, 6]]
[68, [294, 294, 294, 126, 48, 6]]
[69, [264, 280, 280, 126, 18, 6]]
[70, [244, 276, 276, 126, 0, 4]]
[71, [292, 292, 292, 126, 0, 4]]
[72, [292, 308, 308, 126, 0, 4]]
[73, [292, 324, 324, 126, 0, 4]]
[74, [340, 340, 340, 126, 0, 4]]
[75, [340, 356, 356, 126, 0, 4]]
[76, [340, 372, 372, 126, 0, 4]]
[77, [388, 388, 388, 126, 0, 4]]
[78, [388, 404, 404, 126, 0, 4]]
[79, [388, 420, 420, 456, 0, 4]]
[80, [436, 436, 436, 312, 144, 4]]
[81, [406, 422, 422, 168, 258, 4]]
[82, [376, 408, 408, 24, 372, 4]]
[83, [394, 394, 394, 24, 342, 4]]
[84, [364, 380, 380, 24, 312, 4]]
[85, [334, 366, 366, 24, 282, 4]]
[86, [352, 352, 352, 24, 252, 4]]
[87, [322, 338, 338, 24, 222, 4]]
[88, [292, 324, 324, 24, 192, 4]]
[89, [310, 310, 310, 24, 162, 4]]
[90, [280, 296, 296, 24, 132, 4]]
[91, [250, 282, 282, 24, 102, 4]]
[92, [268, 268, 268, 24, 72, 4]]
[93, [238, 254, 254, 24, 42, 4]]
[94, [208, 240, 240, 24, 12, 4]]
[95, [246, 246, 246, 24, 0, 6]]
[96, [246, 262, 262, 24, 0, 6]]
[97, [246, 278, 278, 24, 0, 6]]
[98, [294, 294, 294, 24, 0, 6]]
[99, [294, 310, 310, 354, 0, 6]]
[100, [294, 326, 326, 210, 144, 6]]
[101, [312, 312, 312, 66, 258, 6]]
[102, [282, 298, 298, 66, 228, 6]]
[103, [252, 284, 284, 66, 198, 6]]
[104, [270, 270, 270, 66, 168, 6]]
[105, [240, 256, 256, 66, 138, 6]]
[106, [210, 242, 242, 66, 108, 6]]
[107, [228, 228, 228, 66, 78, 6]]
[108, [198, 214, 214, 66, 48, 6]]
[109, [168, 200, 200, 66, 18, 6]]
[110, [196, 196, 196, 66, 0, 4]]
[111, [196, 212, 212, 66, 0, 4]]
[112, [196, 228, 228, 66, 0, 4]]
[113, [244, 244, 244, 66, 0, 4]]
[114, [244, 260, 260, 66, 0, 4]]
[115, [244, 276, 276, 66, 0, 4]]
[116, [292, 292, 292, 66, 0, 4]]
[117, [292, 308, 308, 66, 0, 4]]
[118, [292, 324, 324, 66, 0, 4]]
[119, [340, 340, 340, 396, 0, 4]]
[120, [340, 356, 356, 252, 144, 4]]
[121, [310, 342, 342, 108, 258, 4]]
[122, [328, 328, 328, 108, 228, 4]]
[123, [298, 314, 314, 108, 198, 4]]
[124, [268, 300, 300, 108, 168, 4]]
[125, [286, 286, 286, 108, 138, 4]]
[126, [256, 272, 272, 108, 108, 4]]
[127, [226, 258, 258, 108, 78, 4]]
[128, [254, 254, 254, 108, 48, 14]]
[129, [254, 270, 270, 108, 18, 44]]
[130, [254, 286, 286, 108, 0, 62]]
[131, [292, 292, 292, 108, 0, 52]]
[132, [252, 268, 268, 108, 0, 12]]
[133, [252, 284, 284, 108, 0, 12]]
[134, [290, 290, 290, 108, 0, 2]]
[135, [290, 306, 306, 108, 0, 2]]
[136, [290, 322, 322, 108, 0, 2]]
[137, [338, 338, 338, 108, 0, 2]]
[138, [338, 354, 354, 108, 0, 2]]
[139, [338, 370, 370, 438, 0, 2]]
[140, [386, 386, 386, 294, 144, 2]]
[141, [356, 372, 372, 150, 258, 2]]
[142, [326, 358, 358, 6, 372, 2]]
[143, [344, 344, 344, 6, 342, 2]]
[144, [314, 330, 330, 6, 312, 2]]
[145, [304, 336, 336, 6, 282, 22]]
[146, [352, 352, 352, 6, 252, 52]]
[147, [312, 328, 328, 6, 222, 42]]
[148, [272, 304, 304, 6, 192, 32]]
[149, [300, 300, 300, 6, 162, 42]]
[150, [230, 246, 246, 6, 132, 2]]
[151, [200, 232, 232, 6, 102, 2]]
[152, [218, 218, 218, 6, 72, 2]]
[153, [188, 204, 204, 6, 42, 2]]
[154, [158, 190, 190, 6, 12, 2]]
[155, [196, 196, 196, 6, 0, 4]]
[156, [196, 212, 212, 6, 0, 4]]
[157, [196, 228, 228, 6, 0, 4]]
[158, [244, 244, 244, 6, 0, 4]]
[159, [244, 260, 260, 336, 0, 4]]
[160, [244, 276, 276, 192, 144, 4]]
[161, [262, 262, 262, 48, 258, 4]]
[162, [232, 248, 248, 48, 228, 4]]
[163, [202, 234, 234, 48, 198, 4]]
[164, [220, 220, 220, 48, 168, 4]]
[165, [190, 206, 206, 48, 138, 4]]
[166, [160, 192, 192, 48, 108, 4]]
[167, [178, 178, 178, 48, 78, 4]]
[168, [148, 164, 164, 48, 48, 4]]
[169, [118, 150, 150, 48, 18, 4]]
[170, [146, 146, 146, 48, 0, 2]]
[171, [146, 162, 162, 48, 0, 2]]
[172, [146, 178, 178, 48, 0, 2]]
[173, [194, 194, 194, 48, 0, 2]]
[174, [194, 210, 210, 48, 0, 2]]
[175, [194, 226, 226, 48, 0, 2]]
[176, [242, 242, 242, 48, 0, 2]]
[177, [242, 258, 258, 48, 0, 2]]
[178, [242, 274, 274, 48, 0, 2]]
[179, [290, 290, 290, 378, 0, 2]]
[180, [290, 306, 306, 234, 144, 2]]
[181, [260, 292, 292, 90, 258, 2]]
[182, [278, 278, 278, 90, 228, 2]]
[183, [248, 264, 264, 90, 198, 2]]
[184, [218, 250, 250, 90, 168, 2]]
[185, [236, 236, 236, 90, 138, 2]]
[186, [206, 222, 222, 90, 108, 2]]
[187, [176, 208, 208, 90, 78, 2]]
[188, [194, 194, 194, 90, 48, 2]]
[189, [164, 180, 180, 90, 18, 2]]
[190, [144, 176, 176, 90, 0, 0]]
[191, [192, 192, 192, 90, 0, 0]]
[192, [192, 208, 208, 90, 0, 0]]
[193, [192, 224, 224, 90, 0, 0]]
[194, [240, 240, 240, 90, 0, 0]]
[195, [240, 256, 256, 90, 0, 0]]
[196, [240, 272, 272, 90, 0, 0]]
[197, [288, 288, 288, 90, 0, 0]]
[198, [288, 304, 304, 90, 0, 0]]
[199, [288, 320, 320, 420, 0, 0]]
[200, [336, 336, 336, 276, 144, 0]]
[201, [306, 322, 322, 132, 258, 0]]
[202, [276, 308, 308, 132, 228, 0]]
[203, [294, 294, 294, 132, 198, 0]]
[204, [264, 280, 280, 132, 168, 0]]
[205, [234, 266, 266, 132, 138, 0]]
[206, [252, 252, 252, 132, 108, 0]]
[207, [222, 238, 238, 132, 78, 0]]
[208, [192, 224, 224, 132, 48, 0]]
[209, [210, 210, 210, 132, 18, 0]]
[210, [200, 216, 216, 132, 0, 8]]
[211, [200, 232, 232, 132, 0, 8]]
[212, [248, 248, 248, 132, 0, 8]]
[213, [248, 264, 264, 132, 0, 8]]
[214, [248, 280, 280, 132, 0, 8]]
[215, [296, 296, 296, 132, 0, 8]]
[216, [296, 312, 312, 132, 0, 8]]
[217, [296, 328, 328, 132, 0, 8]]
[218, [344, 344, 344, 132, 0, 8]]
[219, [344, 360, 360, 462, 0, 8]]
[220, [344, 376, 376, 318, 144, 8]]
[221, [362, 362, 362, 174, 258, 8]]
[222, [332, 348, 348, 30, 372, 8]]
[223, [302, 334, 334, 30, 342, 8]]
[224, [320, 320, 320, 30, 312, 8]]
[225, [290, 306, 306, 30, 282, 8]]
[226, [260, 292, 292, 30, 252, 8]]
[227, [278, 278, 278, 30, 222, 8]]
[228, [248, 264, 264, 30, 192, 8]]
[229, [218, 250, 250, 30, 162, 8]]
[230, [236, 236, 236, 30, 132, 8]]
[231, [206, 222, 222, 30, 102, 8]]
[232, [176, 208, 208, 30, 72, 8]]
[233, [194, 194, 194, 30, 42, 8]]
[234, [164, 180, 180, 30, 12, 8]]
[235, [144, 176, 176, 30, 0, 0]]
[236, [192, 192, 192, 30, 0, 0]]
[237, [192, 208, 208, 30, 0, 0]]
[238, [192, 224, 224, 30, 0, 0]]
[239, [240, 240, 240, 360, 0, 0]]
[240, [240, 256, 256, 216, 144, 0]]
[241, [210, 242, 242, 72, 258, 0]]
[242, [228, 228, 228, 72, 228, 0]]
[243, [198, 214, 214, 72, 198, 0]]
[244, [168, 200, 200, 72, 168, 0]]
[245, [186, 186, 186, 72, 138, 0]]
[246, [156, 172, 172, 72, 108, 0]]
[247, [126, 158, 158, 72, 78, 0]]
[248, [144, 144, 144, 72, 48, 0]]
[249, [114, 130, 130, 72, 18, 0]]
[250, [104, 136, 136, 72, 0, 8]]
[251, [152, 152, 152, 72, 0, 8]]
[252, [152, 168, 168, 72, 0, 8]]
[253, [152, 184, 184, 72, 0, 8]]
[254, [200, 200, 200, 72, 0, 8]]
[255, [200, 216, 216, 72, 0, 8]]
[256, [200, 232, 232, 72, 0, 8]]
[257, [248, 248, 248, 72, 0, 8]]
[258, [248, 264, 264, 72, 0, 8]]
[259, [248, 280, 280, 402, 0, 8]]
[260, [296, 296, 296, 258, 144, 8]]
[261, [266, 282, 282, 114, 258, 8]]
[262, [236, 268, 268, 114, 228, 8]]
[263, [254, 254, 254, 114, 198, 8]]
[264, [224, 240, 240, 114, 168, 8]]
[265, [194, 226, 226, 114, 138, 8]]
[266, [212, 212, 212, 114, 108, 8]]
[267, [182, 198, 198, 114, 78, 8]]
[268, [152, 184, 184, 114, 48, 8]]
[269, [170, 170, 170, 114, 18, 8]]
[270, [150, 166, 166, 114, 0, 6]]
[271, [150, 182, 182, 114, 0, 6]]
[272, [198, 198, 198, 114, 0, 6]]
[273, [198, 214, 214, 114, 0, 6]]
[274, [198, 230, 230, 114, 0, 6]]
[275, [246, 246, 246, 114, 0, 6]]
[276, [246, 262, 262, 114, 0, 6]]
[277, [246, 278, 278, 114, 0, 6]]
[278, [294, 294, 294, 114, 0, 6]]
[279, [294, 310, 310, 444, 0, 6]]
[280, [294, 326, 326, 300, 144, 6]]
[281, [312, 312, 312, 156, 258, 6]]
[282, [282, 298, 298, 12, 372, 6]]
[283, [252, 284, 284, 12, 342, 6]]
[284, [270, 270, 270, 12, 312, 6]]
[285, [240, 256, 256, 12, 282, 6]]
[286, [210, 242, 242, 12, 252, 6]]
[287, [228, 228, 228, 12, 222, 6]]
[288, [198, 214, 214, 12, 192, 6]]
[289, [168, 200, 200, 12, 162, 6]]
[290, [186, 186, 186, 12, 132, 6]]
[291, [156, 172, 172, 12, 102, 6]]
[292, [146, 178, 178, 12, 72, 26]]
[293, [164, 164, 164, 12, 42, 26]]
[294, [134, 150, 150, 12, 12, 26]]
[295, [124, 156, 156, 12, 0, 28]]
[296, [152, 152, 152, 12, 0, 8]]
[297, [152, 168, 168, 12, 0, 8]]
[298, [152, 184, 184, 12, 0, 8]]
[299, [200, 200, 200, 342, 0, 8]]
[300, [200, 216, 216, 198, 144, 8]]
[301, [170, 202, 202, 54, 258, 8]]
[302, [188, 188, 188, 54, 228, 8]]
[303, [158, 174, 174, 54, 198, 8]]
[304, [128, 160, 160, 54, 168, 8]]
[305, [146, 146, 146, 54, 138, 8]]
[306, [116, 132, 132, 54, 108, 8]]
[307, [86, 118, 118, 54, 78, 8]]
[308, [104, 104, 104, 54, 48, 8]]
[309, [74, 90, 90, 54, 18, 8]]
[310, [54, 86, 86, 54, 0, 6]]
[311, [102, 102, 102, 54, 0, 6]]
[312, [102, 118, 118, 54, 0, 6]]
[313, [102, 134, 134, 54, 0, 6]]
[314, [150, 150, 150, 54, 0, 6]]
[315, [150, 166, 166, 54, 0, 6]]
[316, [150, 182, 182, 54, 0, 6]]
[317, [198, 198, 198, 54, 0, 6]]
[318, [198, 214, 214, 54, 0, 6]]
[319, [198, 230, 230, 384, 0, 6]]
[320, [246, 246, 246, 240, 144, 6]]
[321, [216, 232, 232, 96, 258, 6]]
[322, [186, 218, 218, 96, 228, 6]]
[323, [204, 204, 204, 96, 198, 6]]
[324, [174, 190, 190, 96, 168, 6]]
[325, [144, 176, 176, 96, 138, 6]]
[326, [162, 162, 162, 96, 108, 6]]
[327, [132, 148, 148, 96, 78, 6]]
[328, [102, 134, 134, 96, 48, 6]]
[329, [120, 120, 120, 96, 18, 6]]
[330, [100, 116, 116, 96, 0, 4]]
[331, [100, 132, 132, 96, 0, 4]]
[332, [148, 148, 148, 96, 0, 4]]
[333, [148, 164, 164, 96, 0, 4]]
[334, [148, 180, 180, 96, 0, 4]]
[335, [196, 196, 196, 96, 0, 4]]
[336, [196, 212, 212, 96, 0, 4]]
[337, [196, 228, 228, 96, 0, 4]]
[338, [244, 244, 244, 96, 0, 4]]
[339, [244, 260, 260, 426, 0, 4]]
[340, [244, 276, 276, 282, 144, 4]]
[341, [262, 262, 262, 138, 258, 4]]
[342, [232, 248, 248, 138, 228, 4]]
[343, [202, 234, 234, 138, 198, 4]]
[344, [220, 220, 220, 138, 168, 4]]
[345, [190, 206, 206, 138, 138, 4]]
[346, [160, 192, 192, 138, 108, 4]]
[347, [178, 178, 178, 138, 78, 4]]
[348, [148, 164, 164, 138, 48, 4]]
[349, [118, 150, 150, 138, 18, 4]]
[350, [146, 146, 146, 138, 0, 2]]
[351, [146, 162, 162, 138, 0, 2]]
[352, [146, 178, 178, 138, 0, 2]]
[353, [194, 194, 194, 138, 0, 2]]
[354, [194, 210, 210, 138, 0, 2]]
[355, [194, 226, 226, 138, 0, 2]]
[356, [242, 242, 242, 138, 0, 2]]
[357, [242, 258, 258, 138, 0, 2]]
[358, [242, 274, 274, 138, 0, 2]]
[359, [290, 290, 290, 468, 0, 2]]
[360, [290, 306, 306, 324, 144, 2]]
[361, [260, 292, 292, 180, 258, 2]]
[362, [278, 278, 278, 36, 372, 2]]
[363, [248, 264, 264, 36, 342, 2]]
[364, [218, 250, 250, 36, 312, 2]]
[365, [236, 236, 236, 36, 282, 2]]
[366, [206, 222, 222, 36, 252, 2]]
[367, [176, 208, 208, 36, 222, 2]]
[368, [194, 194, 194, 36, 192, 2]]
[369, [164, 180, 180, 36, 162, 2]]
[370, [134, 166, 166, 36, 132, 2]]
[371, [152, 152, 152, 36, 102, 2]]
[372, [122, 138, 138, 36, 72, 2]]
[373, [92, 124, 124, 36, 42, 2]]
[374, [110, 110, 110, 36, 12, 2]]
[375, [100, 116, 116, 36, 0, 4]]
[376, [100, 132, 132, 36, 0, 4]]
[377, [148, 148, 148, 36, 0, 4]]
[378, [148, 164, 164, 36, 0, 4]]
[379, [148, 180, 180, 366, 0, 4]]
[380, [196, 196, 196, 222, 144, 4]]
[381, [166, 182, 182, 78, 258, 4]]
[382, [136, 168, 168, 78, 228, 4]]
[383, [154, 154, 154, 78, 198, 4]]
[384, [124, 140, 140, 78, 168, 4]]
[385, [94, 126, 126, 78, 138, 4]]
[386, [112, 112, 112, 78, 108, 4]]
[387, [82, 98, 98, 78, 78, 4]]
[388, [52, 84, 84, 78, 48, 4]]
[389, [70, 70, 70, 78, 18, 4]]
[390, [50, 66, 66, 78, 0, 2]]
[391, [50, 82, 82, 78, 0, 2]]
[392, [98, 98, 98, 78, 0, 2]]
[393, [98, 114, 114, 78, 0, 2]]
[394, [98, 130, 130, 78, 0, 2]]
[395, [146, 146, 146, 78, 0, 2]]
[396, [146, 162, 162, 78, 0, 2]]
[397, [146, 178, 178, 78, 0, 2]]
[398, [194, 194, 194, 78, 0, 2]]
[399, [194, 210, 210, 408, 0, 2]]
[400, [194, 226, 226, 264, 144, 2]]
[401, [212, 212, 212, 120, 258, 2]]
[402, [182, 198, 198, 120, 228, 2]]
[403, [152, 184, 184, 120, 198, 2]]
[404, [170, 170, 170, 120, 168, 2]]
[405, [140, 156, 156, 120, 138, 2]]
[406, [110, 142, 142, 120, 108, 2]]
[407, [128, 128, 128, 120, 78, 2]]
[408, [98, 114, 114, 120, 48, 2]]
[409, [68, 100, 100, 120, 18, 2]]
[410, [96, 96, 96, 120, 0, 0]]
[411, [96, 112, 112, 120, 0, 0]]
[412, [96, 128, 128, 120, 0, 0]]
[413, [144, 144, 144, 120, 0, 0]]
[414, [144, 160, 160, 120, 0, 0]]
[415, [144, 176, 176, 120, 0, 0]]
[416, [192, 192, 192, 120, 0, 0]]
[417, [192, 208, 208, 120, 0, 0]]
[418, [192, 224, 224, 120, 0, 0]]
[419, [240, 240, 240, 450, 0, 0]]
[420, [240, 256, 256, 306, 144, 0]]
[421, [210, 242, 242, 162, 258, 0]]
[422, [228, 228, 228, 18, 372, 0]]
[423, [198, 214, 214, 18, 342, 0]]
[424, [168, 200, 200, 18, 312, 0]]
[425, [186, 186, 186, 18, 282, 0]]
[426, [156, 172, 172, 18, 252, 0]]
[427, [126, 158, 158, 18, 222, 0]]
[428, [144, 144, 144, 18, 192, 0]]
[429, [114, 130, 130, 18, 162, 0]]
[430, [84, 116, 116, 18, 132, 0]]
[431, [102, 102, 102, 18, 102, 0]]
[432, [102, 118, 118, 18, 72, 30]]
[433, [72, 104, 104, 18, 42, 30]]
[434, [120, 120, 120, 18, 12, 60]]
[435, [120, 136, 136, 18, 0, 72]]
[436, [100, 132, 132, 18, 0, 52]]
[437, [128, 128, 128, 18, 0, 32]]
[438, [98, 114, 114, 18, 0, 2]]
[439, [98, 130, 130, 348, 0, 2]]
[440, [146, 146, 146, 204, 144, 2]]
[441, [116, 132, 132, 60, 258, 2]]
[442, [86, 118, 118, 60, 228, 2]]
[443, [104, 104, 104, 60, 198, 2]]
[444, [74, 90, 90, 60, 168, 2]]
[445, [44, 76, 76, 60, 138, 2]]
[446, [72, 72, 72, 60, 108, 12]]
[447, [72, 88, 88, 60, 78, 42]]
[448, [32, 64, 64, 60, 48, 32]]
[449, [30, 30, 30, 60, 18, 12]]
[450, [0, 16, 16, 60, 0, 0]]
[451, [0, 32, 32, 60, 0, 0]]
[452, [48, 48, 48, 60, 0, 0]]
[453, [48, 64, 64, 60, 0, 0]]
[454, [48, 80, 80, 60, 0, 0]]
[455, [96, 96, 96, 60, 0, 0]]
[456, [96, 112, 112, 60, 0, 0]]
[457, [96, 128, 128, 60, 0, 0]]
[458, [144, 144, 144, 60, 0, 0]]
[459, [144, 160, 160, 390, 0, 0]]
[460, [144, 176, 176, 246, 144, 0]]
[461, [162, 162, 162, 102, 258, 0]]
[462, [132, 148, 148, 102, 228, 0]]
[463, [102, 134, 134, 102, 198, 0]]
[464, [120, 120, 120, 102, 168, 0]]
[465, [90, 106, 106, 102, 138, 0]]
[466, [60, 92, 92, 102, 108, 0]]
[467, [78, 78, 78, 102, 78, 0]]
[468, [48, 64, 64, 102, 48, 0]]
[469, [18, 50, 50, 102, 18, 0]]
[470, [56, 56, 56, 102, 0, 8]]
[471, [56, 72, 72, 102, 0, 8]]
[472, [56, 88, 88, 102, 0, 8]]
[473, [104, 104, 104, 102, 0, 8]]
[474, [104, 120, 120, 102, 0, 8]]
[475, [104, 136, 136, 102, 0, 8]]
[476, [152, 152, 152, 102, 0, 8]]
[477, [152, 168, 168, 102, 0, 8]]
[478, [152, 184, 184, 102, 0, 8]]
[479, [200, 200, 200, 432, 0, 8]]
[480, [200, 216, 216, 288, 144, 8]]
[481, [170, 202, 202, 144, 258, 8]]
[482, [188, 188, 188, 0, 372, 8]]
[483, [158, 174, 174, 0, 342, 8]]
[484, [128, 160, 160, 0, 312, 8]]
[485, [146, 146, 146, 0, 282, 8]]
[486, [116, 132, 132, 0, 252, 8]]
[487, [86, 118, 118, 0, 222, 8]]
[488, [104, 104, 104, 0, 192, 8]]
[489, [74, 90, 90, 0, 162, 8]]
[490, [44, 76, 76, 0, 132, 8]]
[491, [62, 62, 62, 0, 102, 8]]
[492, [32, 48, 48, 0, 72, 8]]
[493, [2, 34, 34, 0, 42, 8]]
[494, [20, 20, 20, 0, 12, 8]]
[495, [0, 16, 16, 0, 0, 0]]
[496, [0, 32, 32, 0, 0, 0]]
[497, [48, 48, 48, 0, 0, 0]]
[498, [48, 64, 64, 0, 0, 0]]
[499, [48, 80, 80, 330, 0, 0]]
[500, [96, 96, 96, 186, 144, 0]]
[501, [66, 82, 82, 42, 258, 0]]
[502, [36, 68, 68, 42, 228, 0]]
[503, [54, 54, 54, 42, 198, 0]]
[504, [24, 40, 40, 42, 168, 0]]
[505, [4, 36, 36, 42, 138, 10]]
[506, [12, 12, 12, 42, 108, 0]]
[507, [2, 18, 18, 42, 78, 20]]
[508, [2, 34, 34, 42, 48, 50]]
[509, [0, 0, 0, 42, 18, 30]]
[510, [0, 16, 16, 42, 0, 48]]
[511, [0, 32, 32, 42, 0, 48]]
[512, [8, 8, 8, 42, 0, 8]]
[513, [8, 24, 24, 42, 0, 8]]
[514, [8, 40, 40, 42, 0, 8]]
[515, [56, 56, 56, 42, 0, 8]]
[516, [56, 72, 72, 42, 0, 8]]
[517, [56, 88, 88, 42, 0, 8]]
[518, [104, 104, 104, 42, 0, 8]]
[519, [104, 120, 120, 372, 0, 8]]
[520, [104, 136, 136, 228, 144, 8]]
[521, [122, 122, 122, 84, 258, 8]]
[522, [92, 108, 108, 84, 228, 8]]
[523, [62, 94, 94, 84, 198, 8]]
[524, [80, 80, 80, 84, 168, 8]]
[525, [50, 66, 66, 84, 138, 8]]
[526, [20, 52, 52, 84, 108, 8]]
[527, [38, 38, 38, 84, 78, 8]]
[528, [8, 24, 24, 84, 48, 8]]
[529, [8, 40, 40, 84, 18, 38]]
[530, [6, 6, 6, 84, 0, 6]]
[531, [6, 22, 22, 84, 0, 6]]
[532, [6, 38, 38, 84, 0, 6]]
[533, [54, 54, 54, 84, 0, 6]]
[534, [54, 70, 70, 84, 0, 6]]
[535, [54, 86, 86, 84, 0, 6]]
[536, [102, 102, 102, 84, 0, 6]]
[537, [102, 118, 118, 84, 0, 6]]
[538, [102, 134, 134, 84, 0, 6]]
[539, [150, 150, 150, 414, 0, 6]]
[540, [150, 166, 166, 270, 144, 6]]
[541, [120, 152, 152, 126, 258, 6]]
[542, [138, 138, 138, 126, 228, 6]]
[543, [108, 124, 124, 126, 198, 6]]
[544, [78, 110, 110, 126, 168, 6]]
[545, [96, 96, 96, 126, 138, 6]]
[546, [66, 82, 82, 126, 108, 6]]
[547, [36, 68, 68, 126, 78, 6]]
[548, [54, 54, 54, 126, 48, 6]]
[549, [24, 40, 40, 126, 18, 6]]
[550, [4, 36, 36, 126, 0, 4]]
[551, [52, 52, 52, 126, 0, 4]]
[552, [52, 68, 68, 126, 0, 4]]
[553, [52, 84, 84, 126, 0, 4]]
[554, [100, 100, 100, 126, 0, 4]]
[555, [100, 116, 116, 126, 0, 4]]
[556, [100, 132, 132, 126, 0, 4]]
[557, [148, 148, 148, 126, 0, 4]]
[558, [148, 164, 164, 126, 0, 4]]
[559, [148, 180, 180, 456, 0, 4]]
[560, [196, 196, 196, 312, 144, 4]]
[561, [166, 182, 182, 168, 258, 4]]
[562, [136, 168, 168, 24, 372, 4]]
[563, [154, 154, 154, 24, 342, 4]]
[564, [124, 140, 140, 24, 312, 4]]
[565, [94, 126, 126, 24, 282, 4]]
[566, [112, 112, 112, 24, 252, 4]]
[567, [82, 98, 98, 24, 222, 4]]
[568, [52, 84, 84, 24, 192, 4]]
[569, [70, 70, 70, 24, 162, 4]]
[570, [40, 56, 56, 24, 132, 4]]
[571, [10, 42, 42, 24, 102, 4]]
[572, [28, 28, 28, 24, 72, 4]]
[573, [8, 24, 24, 24, 42, 14]]
[574, [8, 40, 40, 24, 12, 44]]
[575, [6, 6, 6, 24, 0, 6]]
[576, [6, 22, 22, 24, 0, 6]]
[577, [6, 38, 38, 24, 0, 6]]
[578, [54, 54, 54, 24, 0, 6]]
[579, [54, 70, 70, 354, 0, 6]]
[580, [54, 86, 86, 210, 144, 6]]
[581, [72, 72, 72, 66, 258, 6]]
[582, [42, 58, 58, 66, 228, 6]]
[583, [12, 44, 44, 66, 198, 6]]
[584, [30, 30, 30, 66, 168, 6]]
[585, [0, 16, 16, 66, 138, 6]]
[586, [0, 32, 32, 66, 108, 36]]
[587, [8, 8, 8, 66, 78, 26]]
[588, [8, 24, 24, 66, 48, 56]]
[589, [8, 40, 40, 66, 18, 86]]
[590, [6, 6, 6, 66, 0, 54]]
[591, [6, 22, 22, 66, 0, 54]]
[592, [6, 38, 38, 66, 0, 54]]
[593, [4, 4, 4, 66, 0, 4]]
[594, [4, 20, 20, 66, 0, 4]]
[595, [4, 36, 36, 66, 0, 4]]
[596, [52, 52, 52, 66, 0, 4]]
[597, [52, 68, 68, 66, 0, 4]]
[598, [52, 84, 84, 66, 0, 4]]
[599, [100, 100, 100, 396, 0, 4]]
[600, [100, 116, 116, 252, 144, 4]]
[601, [70, 102, 102, 108, 258, 4]]
[602, [88, 88, 88, 108, 228, 4]]
[603, [58, 74, 74, 108, 198, 4]]
[604, [28, 60, 60, 108, 168, 4]]
[605, [46, 46, 46, 108, 138, 4]]
[606, [16, 32, 32, 108, 108, 4]]
[607, [6, 38, 38, 108, 78, 24]]
[608, [4, 4, 4, 108, 48, 4]]
[609, [4, 20, 20, 108, 18, 34]]
[610, [4, 36, 36, 108, 0, 52]]
[611, [2, 2, 2, 108, 0, 2]]
[612, [2, 18, 18, 108, 0, 2]]
[613, [2, 34, 34, 108, 0, 2]]
[614, [50, 50, 50, 108, 0, 2]]
[615, [50, 66, 66, 108, 0, 2]]
[616, [50, 82, 82, 108, 0, 2]]
[617, [98, 98, 98, 108, 0, 2]]
[618, [98, 114, 114, 108, 0, 2]]
[619, [98, 130, 130, 438, 0, 2]]
[620, [146, 146, 146, 294, 144, 2]]
[621, [116, 132, 132, 150, 258, 2]]
[622, [86, 118, 118, 6, 372, 2]]
[623, [104, 104, 104, 6, 342, 2]]
[624, [74, 90, 90, 6, 312, 2]]
[625, [44, 76, 76, 6, 282, 2]]
[626, [62, 62, 62, 6, 252, 2]]
[627, [32, 48, 48, 6, 222, 2]]
[628, [2, 34, 34, 6, 192, 2]]
[629, [20, 20, 20, 6, 162, 2]]
[630, [0, 16, 16, 6, 132, 12]]
[631, [0, 32, 32, 6, 102, 42]]
[632, [8, 8, 8, 6, 72, 32]]
[633, [8, 24, 24, 6, 42, 62]]
[634, [8, 40, 40, 6, 12, 92]]
[635, [6, 6, 6, 6, 0, 54]]
[636, [6, 22, 22, 6, 0, 54]]
[637, [6, 38, 38, 6, 0, 54]]
[638, [4, 4, 4, 6, 0, 4]]
[639, [4, 20, 20, 336, 0, 4]]
[640, [4, 36, 36, 192, 144, 4]]
[641, [22, 22, 22, 48, 258, 4]]
[642, [2, 18, 18, 48, 228, 14]]
[643, [2, 34, 34, 48, 198, 44]]
[644, [0, 0, 0, 48, 168, 24]]
[645, [0, 16, 16, 48, 138, 54]]
[646, [0, 32, 32, 48, 108, 84]]
[647, [8, 8, 8, 48, 78, 74]]
[648, [8, 24, 24, 48, 48, 104]]
[649, [8, 40, 40, 48, 18, 134]]
[650, [6, 6, 6, 48, 0, 102]]
[651, [6, 22, 22, 48, 0, 102]]
[652, [6, 38, 38, 48, 0, 102]]
[653, [4, 4, 4, 48, 0, 52]]
[654, [4, 20, 20, 48, 0, 52]]
[655, [4, 36, 36, 48, 0, 52]]
[656, [2, 2, 2, 48, 0, 2]]
[657, [2, 18, 18, 48, 0, 2]]
[658, [2, 34, 34, 48, 0, 2]]
[659, [50, 50, 50, 378, 0, 2]]
[660, [50, 66, 66, 234, 144, 2]]
[661, [20, 52, 52, 90, 258, 2]]
[662, [38, 38, 38, 90, 228, 2]]
[663, [8, 24, 24, 90, 198, 2]]
[664, [8, 40, 40, 90, 168, 32]]
[665, [6, 6, 6, 90, 138, 12]]
[666, [6, 22, 22, 90, 108, 42]]
[667, [6, 38, 38, 90, 78, 72]]
[668, [4, 4, 4, 90, 48, 52]]
[669, [4, 20, 20, 90, 18, 82]]
[670, [4, 36, 36, 90, 0, 100]]
[671, [2, 2, 2, 90, 0, 50]]
[672, [2, 18, 18, 90, 0, 50]]
[673, [2, 34, 34, 90, 0, 50]]
[674, [0, 0, 0, 90, 0, 0]]
[675, [0, 16, 16, 90, 0, 0]]
[676, [0, 32, 32, 90, 0, 0]]
[677, [48, 48, 48, 90, 0, 0]]
[678, [48, 64, 64, 90, 0, 0]]
[679, [48, 80, 80, 420, 0, 0]]
[680, [96, 96, 96, 276, 144, 0]]
[681, [66, 82, 82, 132, 258, 0]]
[682, [36, 68, 68, 132, 228, 0]]
[683, [54, 54, 54, 132, 198, 0]]
[684, [24, 40, 40, 132, 168, 0]]
[685, [4, 36, 36, 132, 138, 10]]
[686, [12, 12, 12, 132, 108, 0]]
[687, [2, 18, 18, 132, 78, 20]]
[688, [2, 34, 34, 132, 48, 50]]
[689, [0, 0, 0, 132, 18, 30]]
[690, [0, 16, 16, 132, 0, 48]]
[691, [0, 32, 32, 132, 0, 48]]
[692, [8, 8, 8, 132, 0, 8]]
[693, [8, 24, 24, 132, 0, 8]]
[694, [8, 40, 40, 132, 0, 8]]
[695, [56, 56, 56, 132, 0, 8]]
[696, [56, 72, 72, 132, 0, 8]]
[697, [56, 88, 88, 132, 0, 8]]
[698, [104, 104, 104, 132, 0, 8]]
[699, [104, 120, 120, 462, 0, 8]]
[700, [104, 136, 136, 318, 144, 8]]
[701, [122, 122, 122, 174, 258, 8]]
[702, [92, 108, 108, 30, 372, 8]]
[703, [62, 94, 94, 30, 342, 8]]
[704, [80, 80, 80, 30, 312, 8]]
[705, [50, 66, 66, 30, 282, 8]]
[706, [20, 52, 52, 30, 252, 8]]
[707, [38, 38, 38, 30, 222, 8]]
[708, [8, 24, 24, 30, 192, 8]]
[709, [8, 40, 40, 30, 162, 38]]
[710, [6, 6, 6, 30, 132, 18]]
[711, [6, 22, 22, 30, 102, 48]]
[712, [6, 38, 38, 30, 72, 78]]
[713, [4, 4, 4, 30, 42, 58]]
[714, [4, 20, 20, 30, 12, 88]]
[715, [4, 36, 36, 30, 0, 100]]
[716, [2, 2, 2, 30, 0, 50]]
[717, [2, 18, 18, 30, 0, 50]]
[718, [2, 34, 34, 30, 0, 50]]
[719, [0, 0, 0, 360, 0, 0]]
[720, [0, 16, 16, 216, 144, 0]]
[721, [0, 32, 32, 72, 258, 30]]
[722, [8, 8, 8, 72, 228, 20]]
[723, [8, 24, 24, 72, 198, 50]]
[724, [8, 40, 40, 72, 168, 80]]
[725, [6, 6, 6, 72, 138, 60]]
[726, [6, 22, 22, 72, 108, 90]]
[727, [6, 38, 38, 72, 78, 120]]
[728, [4, 4, 4, 72, 48, 100]]
[729, [4, 20, 20, 72, 18, 130]]
[730, [4, 36, 36, 72, 0, 148]]
[731, [2, 2, 2, 72, 0, 98]]
[732, [2, 18, 18, 72, 0, 98]]
[733, [2, 34, 34, 72, 0, 98]]
[734, [0, 0, 0, 72, 0, 48]]
[735, [0, 16, 16, 72, 0, 48]]
[736, [0, 32, 32, 72, 0, 48]]
[737, [8, 8, 8, 72, 0, 8]]
[738, [8, 24, 24, 72, 0, 8]]
[739, [8, 40, 40, 402, 0, 8]]
[740, [56, 56, 56, 258, 144, 8]]
[741, [26, 42, 42, 114, 258, 8]]
[742, [6, 38, 38, 114, 228, 18]]
[743, [14, 14, 14, 114, 198, 8]]
[744, [4, 20, 20, 114, 168, 28]]
[745, [4, 36, 36, 114, 138, 58]]
[746, [2, 2, 2, 114, 108, 38]]
[747, [2, 18, 18, 114, 78, 68]]
[748, [2, 34, 34, 114, 48, 98]]
[749, [0, 0, 0, 114, 18, 78]]
[750, [0, 16, 16, 114, 0, 96]]
[751, [0, 32, 32, 114, 0, 96]]
[752, [8, 8, 8, 114, 0, 56]]
[753, [8, 24, 24, 114, 0, 56]]
[754, [8, 40, 40, 114, 0, 56]]
[755, [6, 6, 6, 114, 0, 6]]
[756, [6, 22, 22, 114, 0, 6]]
[757, [6, 38, 38, 114, 0, 6]]
[758, [54, 54, 54, 114, 0, 6]]
[759, [54, 70, 70, 444, 0, 6]]
[760, [54, 86, 86, 300, 144, 6]]
[761, [72, 72, 72, 156, 258, 6]]
[762, [42, 58, 58, 12, 372, 6]]
[763, [12, 44, 44, 12, 342, 6]]
[764, [30, 30, 30, 12, 312, 6]]
[765, [0, 16, 16, 12, 282, 6]]
[766, [0, 32, 32, 12, 252, 36]]
[767, [8, 8, 8, 12, 222, 26]]
[768, [8, 24, 24, 12, 192, 56]]
[769, [8, 40, 40, 12, 162, 86]]
[770, [6, 6, 6, 12, 132, 66]]
[771, [6, 22, 22, 12, 102, 96]]
[772, [6, 38, 38, 12, 72, 126]]
[773, [4, 4, 4, 12, 42, 106]]
[774, [4, 20, 20, 12, 12, 136]]
[775, [4, 36, 36, 12, 0, 148]]
[776, [2, 2, 2, 12, 0, 98]]
[777, [2, 18, 18, 12, 0, 98]]
[778, [2, 34, 34, 12, 0, 98]]
[779, [0, 0, 0, 342, 0, 48]]
[780, [0, 16, 16, 198, 144, 48]]
[781, [0, 32, 32, 54, 258, 78]]
[782, [8, 8, 8, 54, 228, 68]]
[783, [8, 24, 24, 54, 198, 98]]
[784, [8, 40, 40, 54, 168, 128]]
[785, [6, 6, 6, 54, 138, 108]]
[786, [6, 22, 22, 54, 108, 138]]
[787, [6, 38, 38, 54, 78, 168]]
[788, [4, 4, 4, 54, 48, 148]]
[789, [4, 20, 20, 54, 18, 178]]
[790, [4, 36, 36, 54, 0, 196]]
[791, [2, 2, 2, 54, 0, 146]]
[792, [2, 18, 18, 54, 0, 146]]
[793, [2, 34, 34, 54, 0, 146]]
[794, [0, 0, 0, 54, 0, 96]]
[795, [0, 16, 16, 54, 0, 96]]
[796, [0, 32, 32, 54, 0, 96]]
[797, [8, 8, 8, 54, 0, 56]]
[798, [8, 24, 24, 54, 0, 56]]
[799, [8, 40, 40, 384, 0, 56]]
[800, [6, 6, 6, 240, 144, 6]]
[801, [6, 22, 22, 96, 258, 36]]
[802, [6, 38, 38, 96, 228, 66]]
[803, [4, 4, 4, 96, 198, 46]]
[804, [4, 20, 20, 96, 168, 76]]
[805, [4, 36, 36, 96, 138, 106]]
[806, [2, 2, 2, 96, 108, 86]]
[807, [2, 18, 18, 96, 78, 116]]
[808, [2, 34, 34, 96, 48, 146]]
[809, [0, 0, 0, 96, 18, 126]]
[810, [0, 16, 16, 96, 0, 144]]
[811, [0, 32, 32, 96, 0, 144]]
[812, [8, 8, 8, 96, 0, 104]]
[813, [8, 24, 24, 96, 0, 104]]
[814, [8, 40, 40, 96, 0, 104]]
[815, [6, 6, 6, 96, 0, 54]]
[816, [6, 22, 22, 96, 0, 54]]
[817, [6, 38, 38, 96, 0, 54]]
[818, [4, 4, 4, 96, 0, 4]]
[819, [4, 20, 20, 426, 0, 4]]
[820, [4, 36, 36, 282, 144, 4]]
[821, [22, 22, 22, 138, 258, 4]]
[822, [2, 18, 18, 138, 228, 14]]
[823, [2, 34, 34, 138, 198, 44]]
[824, [0, 0, 0, 138, 168, 24]]
[825, [0, 16, 16, 138, 138, 54]]
[826, [0, 32, 32, 138, 108, 84]]
[827, [8, 8, 8, 138, 78, 74]]
[828, [8, 24, 24, 138, 48, 104]]
[829, [8, 40, 40, 138, 18, 134]]
[830, [6, 6, 6, 138, 0, 102]]
[831, [6, 22, 22, 138, 0, 102]]
[832, [6, 38, 38, 138, 0, 102]]
[833, [4, 4, 4, 138, 0, 52]]
[834, [4, 20, 20, 138, 0, 52]]
[835, [4, 36, 36, 138, 0, 52]]
[836, [2, 2, 2, 138, 0, 2]]
[837, [2, 18, 18, 138, 0, 2]]
[838, [2, 34, 34, 138, 0, 2]]
[839, [50, 50, 50, 468, 0, 2]]
[840, [50, 66, 66, 324, 144, 2]]
[841, [20, 52, 52, 180, 258, 2]]
[842, [38, 38, 38, 36, 372, 2]]
[843, [8, 24, 24, 36, 342, 2]]
[844, [8, 40, 40, 36, 312, 32]]
[845, [6, 6, 6, 36, 282, 12]]
[846, [6, 22, 22, 36, 252, 42]]
[847, [6, 38, 38, 36, 222, 72]]
[848, [4, 4, 4, 36, 192, 52]]
[849, [4, 20, 20, 36, 162, 82]]
[850, [4, 36, 36, 36, 132, 112]]
[851, [2, 2, 2, 36, 102, 92]]
[852, [2, 18, 18, 36, 72, 122]]
[853, [2, 34, 34, 36, 42, 152]]
[854, [0, 0, 0, 36, 12, 132]]
[855, [0, 16, 16, 36, 0, 144]]
[856, [0, 32, 32, 36, 0, 144]]
[857, [8, 8, 8, 36, 0, 104]]
[858, [8, 24, 24, 36, 0, 104]]
[859, [8, 40, 40, 366, 0, 104]]
[860, [6, 6, 6, 222, 144, 54]]
[861, [6, 22, 22, 78, 258, 84]]
[862, [6, 38, 38, 78, 228, 114]]
[863, [4, 4, 4, 78, 198, 94]]
[864, [4, 20, 20, 78, 168, 124]]
[865, [4, 36, 36, 78, 138, 154]]
[866, [2, 2, 2, 78, 108, 134]]
[867, [2, 18, 18, 78, 78, 164]]
[868, [2, 34, 34, 78, 48, 194]]
[869, [0, 0, 0, 78, 18, 174]]
[870, [0, 16, 16, 78, 0, 192]]
[871, [0, 32, 32, 78, 0, 192]]
[872, [8, 8, 8, 78, 0, 152]]
[873, [8, 24, 24, 78, 0, 152]]
[874, [8, 40, 40, 78, 0, 152]]
[875, [6, 6, 6, 78, 0, 102]]
[876, [6, 22, 22, 78, 0, 102]]
[877, [6, 38, 38, 78, 0, 102]]
[878, [4, 4, 4, 78, 0, 52]]
[879, [4, 20, 20, 408, 0, 52]]
[880, [4, 36, 36, 264, 144, 52]]
[881, [2, 2, 2, 120, 258, 32]]
[882, [2, 18, 18, 120, 228, 62]]
[883, [2, 34, 34, 120, 198, 92]]
[884, [0, 0, 0, 120, 168, 72]]
[885, [0, 16, 16, 120, 138, 102]]
[886, [0, 32, 32, 120, 108, 132]]
[887, [8, 8, 8, 120, 78, 122]]
[888, [8, 24, 24, 120, 48, 152]]
[889, [8, 40, 40, 120, 18, 182]]
[890, [6, 6, 6, 120, 0, 150]]
[891, [6, 22, 22, 120, 0, 150]]
[892, [6, 38, 38, 120, 0, 150]]
[893, [4, 4, 4, 120, 0, 100]]
[894, [4, 20, 20, 120, 0, 100]]
[895, [4, 36, 36, 120, 0, 100]]
[896, [2, 2, 2, 120, 0, 50]]
[897, [2, 18, 18, 120, 0, 50]]
[898, [2, 34, 34, 120, 0, 50]]
[899, [0, 0, 0, 450, 0, 0]]
[900, [0, 16, 16, 306, 144, 0]]
[901, [0, 32, 32, 162, 258, 30]]
[902, [8, 8, 8, 18, 372, 20]]
[903, [8, 24, 24, 18, 342, 50]]
[904, [8, 40, 40, 18, 312, 80]]
[905, [6, 6, 6, 18, 282, 60]]
[906, [6, 22, 22, 18, 252, 90]]
[907, [6, 38, 38, 18, 222, 120]]
[908, [4, 4, 4, 18, 192, 100]]
[909, [4, 20, 20, 18, 162, 130]]
[910, [4, 36, 36, 18, 132, 160]]
[911, [2, 2, 2, 18, 102, 140]]
[912, [2, 18, 18, 18, 72, 170]]
[913, [2, 34, 34, 18, 42, 200]]
[914, [0, 0, 0, 18, 12, 180]]
[915, [0, 16, 16, 18, 0, 192]]
[916, [0, 32, 32, 18, 0, 192]]
[917, [8, 8, 8, 18, 0, 152]]
[918, [8, 24, 24, 18, 0, 152]]
[919, [8, 40, 40, 348, 0, 152]]
[920, [6, 6, 6, 204, 144, 102]]
[921, [6, 22, 22, 60, 258, 132]]
[922, [6, 38, 38, 60, 228, 162]]
[923, [4, 4, 4, 60, 198, 142]]
[924, [4, 20, 20, 60, 168, 172]]
[925, [4, 36, 36, 60, 138, 202]]
[926, [2, 2, 2, 60, 108, 182]]
[927, [2, 18, 18, 60, 78, 212]]
[928, [2, 34, 34, 60, 48, 242]]
[929, [0, 0, 0, 60, 18, 222]]
[930, [0, 16, 16, 60, 0, 240]]
[931, [0, 32, 32, 60, 0, 240]]
[932, [8, 8, 8, 60, 0, 200]]
[933, [8, 24, 24, 60, 0, 200]]
[934, [8, 40, 40, 60, 0, 200]]
[935, [6, 6, 6, 60, 0, 150]]
[936, [6, 22, 22, 60, 0, 150]]
[937, [6, 38, 38, 60, 0, 150]]
[938, [4, 4, 4, 60, 0, 100]]
[939, [4, 20, 20, 390, 0, 100]]
[940, [4, 36, 36, 246, 144, 100]]
[941, [2, 2, 2, 102, 258, 80]]
[942, [2, 18, 18, 102, 228, 110]]
[943, [2, 34, 34, 102, 198, 140]]
[944, [0, 0, 0, 102, 168, 120]]
[945, [0, 16, 16, 102, 138, 150]]
[946, [0, 32, 32, 102, 108, 180]]
[947, [8, 8, 8, 102, 78, 170]]
[948, [8, 24, 24, 102, 48, 200]]
[949, [8, 40, 40, 102, 18, 230]]
[950, [6, 6, 6, 102, 0, 198]]
[951, [6, 22, 22, 102, 0, 198]]
[952, [6, 38, 38, 102, 0, 198]]
[953, [4, 4, 4, 102, 0, 148]]
[954, [4, 20, 20, 102, 0, 148]]
[955, [4, 36, 36, 102, 0, 148]]
[956, [2, 2, 2, 102, 0, 98]]
[957, [2, 18, 18, 102, 0, 98]]
[958, [2, 34, 34, 102, 0, 98]]
[959, [0, 0, 0, 432, 0, 48]]
[960, [0, 16, 16, 288, 144, 48]]
[961, [0, 32, 32, 144, 258, 78]]
[962, [8, 8, 8, 0, 372, 68]]
[963, [8, 24, 24, 0, 342, 98]]
[964, [8, 40, 40, 0, 312, 128]]
[965, [6, 6, 6, 0, 282, 108]]
[966, [6, 22, 22, 0, 252, 138]]
[967, [6, 38, 38, 0, 222, 168]]
[968, [4, 4, 4, 0, 192, 148]]
[969, [4, 20, 20, 0, 162, 178]]
[970, [4, 36, 36, 0, 132, 208]]
[971, [2, 2, 2, 0, 102, 188]]
[972, [2, 18, 18, 0, 72, 218]]
[973, [2, 34, 34, 0, 42, 248]]
[974, [0, 0, 0, 0, 12, 228]]
[975, [0, 16, 16, 0, 0, 240]]
[976, [0, 32, 32, 0, 0, 240]]
[977, [8, 8, 8, 0, 0, 200]]
[978, [8, 24, 24, 0, 0, 200]]
[979, [8, 40, 40, 330, 0, 200]]
[980, [6, 6, 6, 186, 144, 150]]
[981, [6, 22, 22, 42, 258, 180]]
[982, [6, 38, 38, 42, 228, 210]]
[983, [4, 4, 4, 42, 198, 190]]
[984, [4, 20, 20, 42, 168, 220]]
[985, [4, 36, 36, 42, 138, 250]]
[986, [2, 2, 2, 42, 108, 230]]
[987, [2, 18, 18, 42, 78, 260]]
[988, [2, 34, 34, 42, 48, 290]]
[989, [0, 0, 0, 42, 18, 270]]
[990, [0, 16, 16, 42, 0, 288]]
[991, [0, 32, 32, 42, 0, 288]]
[992, [8, 8, 8, 42, 0, 248]]
[993, [8, 24, 24, 42, 0, 248]]
[994, [8, 40, 40, 42, 0, 248]]
[995, [6, 6, 6, 42, 0, 198]]
[996, [6, 22, 22, 42, 0, 198]]
[997, [6, 38, 38, 42, 0, 198]]
[998, [4, 4, 4, 42, 0, 148]]
[999, [4, 20, 20, 372, 0, 148]]
[1000, [4, 36, 36, 228, 144, 148]]
[1001, [2, 2, 2, 84, 258, 128]]
[1002, [2, 18, 18, 84, 228, 158]]
[1003, [2, 34, 34, 84, 198, 188]]
[1004, [0, 0, 0, 84, 168, 168]]
[1005, [0, 16, 16, 84, 138, 198]]
[1006, [0, 32, 32, 84, 108, 228]]
[1007, [8, 8, 8, 84, 78, 218]]
[1008, [8, 24, 24, 84, 48, 248]]
[1009, [8, 40, 40, 84, 18, 278]]
[1010, [6, 6, 6, 84, 0, 246]]
[1011, [6, 22, 22, 84, 0, 246]]
[1012, [6, 38, 38, 84, 0, 246]]
[1013, [4, 4, 4, 84, 0, 196]]
[1014, [4, 20, 20, 84, 0, 196]]
[1015, [4, 36, 36, 84, 0, 196]]
[1016, [2, 2, 2, 84, 0, 146]]
[1017, [2, 18, 18, 84, 0, 146]]
[1018, [2, 34, 34, 84, 0, 146]]
[1019, [0, 0, 0, 414, 0, 96]]
[1020, [0, 16, 16, 270, 144, 96]]
[1021, [0, 32, 32, 126, 258, 126]]
[1022, [8, 8, 8, 126, 228, 116]]
[1023, [8, 24, 24, 126, 198, 146]]
[1024, [8, 40, 40, 126, 168, 176]]
[1025, [6, 6, 6, 126, 138, 156]]
[1026, [6, 22, 22, 126, 108, 186]]
[1027, [6, 38, 38, 126, 78, 216]]
[1028, [4, 4, 4, 126, 48, 196]]
[1029, [4, 20, 20, 126, 18, 226]]
[1030, [4, 36, 36, 126, 0, 244]]
[1031, [2, 2, 2, 126, 0, 194]]
[1032, [2, 18, 18, 126, 0, 194]]
[1033, [2, 34, 34, 126, 0, 194]]
[1034, [0, 0, 0, 126, 0, 144]]
[1035, [0, 16, 16, 126, 0, 144]]
[1036, [0, 32, 32, 126, 0, 144]]
[1037, [8, 8, 8, 126, 0, 104]]
[1038, [8, 24, 24, 126, 0, 104]]
[1039, [8, 40, 40, 456, 0, 104]]
[1040, [6, 6, 6, 312, 144, 54]]
[1041, [6, 22, 22, 168, 258, 84]]
[1042, [6, 38, 38, 24, 372, 114]]
[1043, [4, 4, 4, 24, 342, 94]]
[1044, [4, 20, 20, 24, 312, 124]]
[1045, [4, 36, 36, 24, 282, 154]]
[1046, [2, 2, 2, 24, 252, 134]]
[1047, [2, 18, 18, 24, 222, 164]]
[1048, [2, 34, 34, 24, 192, 194]]
[1049, [0, 0, 0, 24, 162, 174]]
[1050, [0, 16, 16, 24, 132, 204]]
[1051, [0, 32, 32, 24, 102, 234]]
[1052, [8, 8, 8, 24, 72, 224]]
[1053, [8, 24, 24, 24, 42, 254]]
[1054, [8, 40, 40, 24, 12, 284]]
[1055, [6, 6, 6, 24, 0, 246]]
[1056, [6, 22, 22, 24, 0, 246]]
[1057, [6, 38, 38, 24, 0, 246]]
[1058, [4, 4, 4, 24, 0, 196]]
[1059, [4, 20, 20, 354, 0, 196]]
[1060, [4, 36, 36, 210, 144, 196]]
[1061, [2, 2, 2, 66, 258, 176]]
[1062, [2, 18, 18, 66, 228, 206]]
[1063, [2, 34, 34, 66, 198, 236]]
[1064, [0, 0, 0, 66, 168, 216]]
[1065, [0, 16, 16, 66, 138, 246]]
[1066, [0, 32, 32, 66, 108, 276]]
[1067, [8, 8, 8, 66, 78, 266]]
[1068, [8, 24, 24, 66, 48, 296]]
[1069, [8, 40, 40, 66, 18, 326]]
[1070, [6, 6, 6, 66, 0, 294]]
[1071, [6, 22, 22, 66, 0, 294]]
[1072, [6, 38, 38, 66, 0, 294]]
[1073, [4, 4, 4, 66, 0, 244]]
[1074, [4, 20, 20, 66, 0, 244]]
[1075, [4, 36, 36, 66, 0, 244]]
[1076, [2, 2, 2, 66, 0, 194]]
[1077, [2, 18, 18, 66, 0, 194]]
[1078, [2, 34, 34, 66, 0, 194]]
[1079, [0, 0, 0, 396, 0, 144]]
[1080, [0, 16, 16, 252, 144, 144]]
[1081, [0, 32, 32, 108, 258, 174]]
[1082, [8, 8, 8, 108, 228, 164]]
[1083, [8, 24, 24, 108, 198, 194]]
[1084, [8, 40, 40, 108, 168, 224]]
[1085, [6, 6, 6, 108, 138, 204]]
[1086, [6, 22, 22, 108, 108, 234]]
[1087, [6, 38, 38, 108, 78, 264]]
[1088, [4, 4, 4, 108, 48, 244]]
[1089, [4, 20, 20, 108, 18, 274]]
[1090, [4, 36, 36, 108, 0, 292]]
[1091, [2, 2, 2, 108, 0, 242]]
[1092, [2, 18, 18, 108, 0, 242]]
[1093, [2, 34, 34, 108, 0, 242]]
[1094, [0, 0, 0, 108, 0, 192]]
[1095, [0, 16, 16, 108, 0, 192]]
[1096, [0, 32, 32, 108, 0, 192]]
[1097, [8, 8, 8, 108, 0, 152]]
[1098, [8, 24, 24, 108, 0, 152]]
[1099, [8, 40, 40, 438, 0, 152]]
[1100, [6, 6, 6, 294, 144, 102]]
[1101, [6, 22, 22, 150, 258, 132]]
[1102, [6, 38, 38, 6, 372, 162]]
[1103, [4, 4, 4, 6, 342, 142]]
[1104, [4, 20, 20, 6, 312, 172]]
[1105, [4, 36, 36, 6, 282, 202]]
[1106, [2, 2, 2, 6, 252, 182]]
[1107, [2, 18, 18, 6, 222, 212]]
[1108, [2, 34, 34, 6, 192, 242]]
[1109, [0, 0, 0, 6, 162, 222]]
[1110, [0, 16, 16, 6, 132, 252]]
[1111, [0, 32, 32, 6, 102, 282]]
[1112, [8, 8, 8, 6, 72, 272]]
[1113, [8, 24, 24, 6, 42, 302]]
[1114, [8, 40, 40, 6, 12, 332]]
[1115, [6, 6, 6, 6, 0, 294]]
[1116, [6, 22, 22, 6, 0, 294]]
[1117, [6, 38, 38, 6, 0, 294]]
[1118, [4, 4, 4, 6, 0, 244]]
[1119, [4, 20, 20, 336, 0, 244]]
[1120, [4, 36, 36, 192, 144, 244]]
[1121, [2, 2, 2, 48, 258, 224]]
[1122, [2, 18, 18, 48, 228, 254]]
[1123, [2, 34, 34, 48, 198, 284]]
[1124, [0, 0, 0, 48, 168, 264]]
[1125, [0, 16, 16, 48, 138, 294]]
[1126, [0, 32, 32, 48, 108, 324]]
[1127, [8, 8, 8, 48, 78, 314]]
[1128, [8, 24, 24, 48, 48, 344]]
[1129, [8, 40, 40, 48, 18, 374]]
[1130, [6, 6, 6, 48, 0, 342]]
[1131, [6, 22, 22, 48, 0, 342]]
[1132, [6, 38, 38, 48, 0, 342]]
[1133, [4, 4, 4, 48, 0, 292]]
[1134, [4, 20, 20, 48, 0, 292]]
[1135, [4, 36, 36, 48, 0, 292]]
[1136, [2, 2, 2, 48, 0, 242]]
[1137, [2, 18, 18, 48, 0, 242]]
[1138, [2, 34, 34, 48, 0, 242]]
[1139, [0, 0, 0, 378, 0, 192]]
[1140, [0, 16, 16, 234, 144, 192]]
[1141, [0, 32, 32, 90, 258, 222]]
[1142, [8, 8, 8, 90, 228, 212]]
[1143, [8, 24, 24, 90, 198, 242]]
[1144, [8, 40, 40, 90, 168, 272]]
[1145, [6, 6, 6, 90, 138, 252]]
[1146, [6, 22, 22, 90, 108, 282]]
[1147, [6, 38, 38, 90, 78, 312]]
[1148, [4, 4, 4, 90, 48, 292]]
[1149, [4, 20, 20, 90, 18, 322]]
[1150, [4, 36, 36, 90, 0, 340]]
[1151, [2, 2, 2, 90, 0, 290]]
[1152, [2, 18, 18, 90, 0, 290]]
[1153, [2, 34, 34, 90, 0, 290]]
[1154, [0, 0, 0, 90, 0, 240]]
[1155, [0, 16, 16, 90, 0, 240]]
[1156, [0, 32, 32, 90, 0, 240]]
[1157, [8, 8, 8, 90, 0, 200]]
[1158, [8, 24, 24, 90, 0, 200]]
[1159, [8, 40, 40, 420, 0, 200]]
[1160, [6, 6, 6, 276, 144, 150]]
[1161, [6, 22, 22, 132, 258, 180]]
[1162, [6, 38, 38, 132, 228, 210]]
[1163, [4, 4, 4, 132, 198, 190]]
[1164, [4, 20, 20, 132, 168, 220]]
[1165, [4, 36, 36, 132, 138, 250]]
[1166, [2, 2, 2, 132, 108, 230]]
[1167, [2, 18, 18, 132, 78, 260]]
[1168, [2, 34, 34, 132, 48, 290]]
[1169, [0, 0, 0, 132, 18, 270]]
[1170, [0, 16, 16, 132, 0, 288]]
[1171, [0, 32, 32, 132, 0, 288]]
[1172, [8, 8, 8, 132, 0, 248]]
[1173, [8, 24, 24, 132, 0, 248]]
[1174, [8, 40, 40, 132, 0, 248]]
[1175, [6, 6, 6, 132, 0, 198]]
[1176, [6, 22, 22, 132, 0, 198]]
[1177, [6, 38, 38, 132, 0, 198]]
[1178, [4, 4, 4, 132, 0, 148]]
[1179, [4, 20, 20, 462, 0, 148]]
[1180, [4, 36, 36, 318, 144, 148]]
[1181, [2, 2, 2, 174, 258, 128]]
[1182, [2, 18, 18, 30, 372, 158]]
[1183, [2, 34, 34, 30, 342, 188]]
[1184, [0, 0, 0, 30, 312, 168]]
[1185, [0, 16, 16, 30, 282, 198]]
[1186, [0, 32, 32, 30, 252, 228]]
[1187, [8, 8, 8, 30, 222, 218]]
[1188, [8, 24, 24, 30, 192, 248]]
[1189, [8, 40, 40, 30, 162, 278]]
[1190, [6, 6, 6, 30, 132, 258]]
[1191, [6, 22, 22, 30, 102, 288]]
[1192, [6, 38, 38, 30, 72, 318]]
[1193, [4, 4, 4, 30, 42, 298]]
[1194, [4, 20, 20, 30, 12, 328]]
[1195, [4, 36, 36, 30, 0, 340]]
[1196, [2, 2, 2, 30, 0, 290]]
[1197, [2, 18, 18, 30, 0, 290]]
[1198, [2, 34, 34, 30, 0, 290]]
[1199, [0, 0, 0, 360, 0, 240]]
[1200, [0, 16, 16, 216, 144, 240]]
[1201, [0, 32, 32, 72, 258, 270]]
[1202, [8, 8, 8, 72, 228, 260]]
[1203, [8, 24, 24, 72, 198, 290]]
[1204, [8, 40, 40, 72, 168, 320]]
[1205, [6, 6, 6, 72, 138, 300]]
[1206, [6, 22, 22, 72, 108, 330]]
[1207, [6, 38, 38, 72, 78, 360]]
[1208, [4, 4, 4, 72, 48, 340]]
[1209, [4, 20, 20, 72, 18, 370]]
[1210, [4, 36, 36, 72, 0, 388]]
[1211, [2, 2, 2, 72, 0, 338]]
[1212, [2, 18, 18, 72, 0, 338]]
[1213, [2, 34, 34, 72, 0, 338]]
[1214, [0, 0, 0, 72, 0, 288]]
[1215, [0, 16, 16, 72, 0, 288]]
[1216, [0, 32, 32, 72, 0, 288]]
[1217, [8, 8, 8, 72, 0, 248]]
[1218, [8, 24, 24, 72, 0, 248]]
[1219, [8, 40, 40, 402, 0, 248]]
[1220, [6, 6, 6, 258, 144, 198]]
[1221, [6, 22, 22, 114, 258, 228]]
[1222, [6, 38, 38, 114, 228, 258]]
[1223, [4, 4, 4, 114, 198, 238]]
[1224, [4, 20, 20, 114, 168, 268]]
[1225, [4, 36, 36, 114, 138, 298]]
[1226, [2, 2, 2, 114, 108, 278]]
[1227, [2, 18, 18, 114, 78, 308]]
[1228, [2, 34, 34, 114, 48, 338]]
[1229, [0, 0, 0, 114, 18, 318]]
[1230, [0, 16, 16, 114, 0, 336]]
[1231, [0, 32, 32, 114, 0, 336]]
[1232, [8, 8, 8, 114, 0, 296]]
[1233, [8, 24, 24, 114, 0, 296]]
[1234, [8, 40, 40, 114, 0, 296]]
[1235, [6, 6, 6, 114, 0, 246]]
[1236, [6, 22, 22, 114, 0, 246]]
[1237, [6, 38, 38, 114, 0, 246]]
[1238, [4, 4, 4, 114, 0, 196]]
[1239, [4, 20, 20, 444, 0, 196]]
[1240, [4, 36, 36, 300, 144, 196]]
[1241, [2, 2, 2, 156, 258, 176]]
[1242, [2, 18, 18, 12, 372, 206]]
[1243, [2, 34, 34, 12, 342, 236]]
[1244, [0, 0, 0, 12, 312, 216]]
[1245, [0, 16, 16, 12, 282, 246]]
[1246, [0, 32, 32, 12, 252, 276]]
[1247, [8, 8, 8, 12, 222, 266]]
[1248, [8, 24, 24, 12, 192, 296]]
[1249, [8, 40, 40, 12, 162, 326]]
[1250, [6, 6, 6, 12, 132, 306]]
[1251, [6, 22, 22, 12, 102, 336]]
[1252, [6, 38, 38, 12, 72, 366]]
[1253, [4, 4, 4, 12, 42, 346]]
[1254, [4, 20, 20, 12, 12, 376]]
[1255, [4, 36, 36, 12, 0, 388]]
[1256, [2, 2, 2, 12, 0, 338]]
[1257, [2, 18, 18, 12, 0, 338]]
[1258, [2, 34, 34, 12, 0, 338]]
[1259, [0, 0, 0, 342, 0, 288]]
[1260, [0, 16, 16, 198, 144, 288]]
[1261, [0, 32, 32, 54, 258, 318]]
[1262, [8, 8, 8, 54, 228, 308]]
[1263, [8, 24, 24, 54, 198, 338]]
[1264, [8, 40, 40, 54, 168, 368]]
[1265, [6, 6, 6, 54, 138, 348]]
[1266, [6, 22, 22, 54, 108, 378]]
[1267, [6, 38, 38, 54, 78, 408]]
[1268, [4, 4, 4, 54, 48, 388]]
[1269, [4, 20, 20, 54, 18, 418]]
[1270, [4, 36, 36, 54, 0, 436]]
[1271, [2, 2, 2, 54, 0, 386]]
[1272, [2, 18, 18, 54, 0, 386]]
[1273, [2, 34, 34, 54, 0, 386]]
[1274, [0, 0, 0, 54, 0, 336]]
[1275, [0, 16, 16, 54, 0, 336]]
[1276, [0, 32, 32, 54, 0, 336]]
[1277, [8, 8, 8, 54, 0, 296]]
[1278, [8, 24, 24, 54, 0, 296]]
[1279, [8, 40, 40, 384, 0, 296]]
[1280, [6, 6, 6, 240, 144, 246]]
[1281, [6, 22, 22, 96, 258, 276]]
[1282, [6, 38, 38, 96, 228, 306]]
[1283, [4, 4, 4, 96, 198, 286]]
[1284, [4, 20, 20, 96, 168, 316]]
[1285, [4, 36, 36, 96, 138, 346]]
[1286, [2, 2, 2, 96, 108, 326]]
[1287, [2, 18, 18, 96, 78, 356]]
[1288, [2, 34, 34, 96, 48, 386]]
[1289, [0, 0, 0, 96, 18, 366]]
[1290, [0, 16, 16, 96, 0, 384]]
[1291, [0, 32, 32, 96, 0, 384]]
[1292, [8, 8, 8, 96, 0, 344]]
[1293, [8, 24, 24, 96, 0, 344]]
[1294, [8, 40, 40, 96, 0, 344]]
[1295, [6, 6, 6, 96, 0, 294]]
[1296, [6, 22, 22, 96, 0, 294]]
[1297, [6, 38, 38, 96, 0, 294]]
[1298, [4, 4, 4, 96, 0, 244]]
[1299, [4, 20, 20, 426, 0, 244]]
[1300, [4, 36, 36, 282, 144, 244]]
[1301, [2, 2, 2, 138, 258, 224]]
[1302, [2, 18, 18, 138, 228, 254]]
[1303, [2, 34, 34, 138, 198, 284]]
[1304, [0, 0, 0, 138, 168, 264]]
[1305, [0, 16, 16, 138, 138, 294]]
[1306, [0, 32, 32, 138, 108, 324]]
[1307, [8, 8, 8, 138, 78, 314]]
[1308, [8, 24, 24, 138, 48, 344]]
[1309, [8, 40, 40, 138, 18, 374]]
[1310, [6, 6, 6, 138, 0, 342]]
[1311, [6, 22, 22, 138, 0, 342]]
[1312, [6, 38, 38, 138, 0, 342]]
[1313, [4, 4, 4, 138, 0, 292]]
[1314, [4, 20, 20, 138, 0, 292]]
[1315, [4, 36, 36, 138, 0, 292]]
[1316, [2, 2, 2, 138, 0, 242]]
[1317, [2, 18, 18, 138, 0, 242]]
[1318, [2, 34, 34, 138, 0, 242]]
[1319, [0, 0, 0, 468, 0, 192]]
[1320, [0, 16, 16, 324, 144, 192]]
[1321, [0, 32, 32, 180, 258, 222]]
[1322, [8, 8, 8, 36, 372, 212]]
[1323, [8, 24, 24, 36, 342, 242]]
[1324, [8, 40, 40, 36, 312, 272]]
[1325, [6, 6, 6, 36, 282, 252]]
[1326, [6, 22, 22, 36, 252, 282]]
[1327, [6, 38, 38, 36, 222, 312]]
[1328, [4, 4, 4, 36, 192, 292]]
[1329, [4, 20, 20, 36, 162, 322]]
[1330, [4, 36, 36, 36, 132, 352]]
[1331, [2, 2, 2, 36, 102, 332]]
[1332, [2, 18, 18, 36, 72, 362]]
[1333, [2, 34, 34, 36, 42, 392]]
[1334, [0, 0, 0, 36, 12, 372]]
[1335, [0, 16, 16, 36, 0, 384]]
[1336, [0, 32, 32, 36, 0, 384]]
[1337, [8, 8, 8, 36, 0, 344]]
[1338, [8, 24, 24, 36, 0, 344]]
[1339, [8, 40, 40, 351, 0, 344]]
[1340, [6, 6, 6, 207, 144, 294]]
[1341, [6, 22, 22, 63, 258, 324]]
[1342, [6, 38, 38, 63, 228, 354]]
[1343, [4, 4, 4, 63, 198, 334]]
[1344, [4, 20, 20, 63, 168, 364]]
[1345, [4, 36, 36, 63, 138, 394]]
[1346, [2, 2, 2, 63, 108, 374]]
[1347, [2, 18, 18, 63, 78, 404]]
[1348, [2, 34, 34, 63, 48, 434]]
[1349, [0, 0, 0, 63, 18, 414]]
[1350, [0, 16, 16, 63, 0, 432]]
[1351, [0, 32, 32, 63, 0, 432]]
[1352, [8, 8, 8, 63, 0, 392]]
[1353, [8, 24, 24, 63, 0, 392]]
[1354, [8, 40, 40, 63, 0, 392]]
[1355, [6, 6, 6, 63, 0, 342]]
[1356, [6, 22, 22, 63, 0, 342]]
[1357, [6, 38, 38, 63, 0, 342]]
[1358, [4, 4, 4, 63, 0, 292]]
[1359, [4, 20, 20, 393, 0, 292]]
[1360, [4, 36, 36, 249, 144, 292]]
[1361, [2, 2, 2, 105, 258, 272]]
[1362, [2, 18, 18, 105, 228, 302]]
[1363, [2, 34, 34, 105, 198, 332]]
[1364, [0, 0, 0, 105, 168, 312]]
[1365, [0, 16, 16, 105, 138, 342]]
[1366, [0, 32, 32, 105, 108, 372]]
[1367, [8, 8, 8, 105, 78, 362]]
[1368, [8, 24, 24, 105, 48, 392]]
[1369, [8, 40, 40, 105, 18, 422]]
[1370, [6, 6, 6, 105, 0, 390]]
[1371, [6, 22, 22, 105, 0, 390]]
[1372, [6, 38, 38, 105, 0, 390]]
[1373, [4, 4, 4, 105, 0, 340]]
[1374, [4, 20, 20, 105, 0, 340]]
[1375, [4, 36, 36, 105, 0, 340]]
[1376, [2, 2, 2, 105, 0, 290]]
[1377, [2, 18, 18, 105, 0, 290]]
[1378, [2, 34, 34, 105, 0, 290]]
[1379, [0, 0, 0, 435, 0, 240]]
[1380, [0, 16, 16, 291, 144, 240]]
[1381, [0, 32, 32, 147, 258, 270]]
[1382, [8, 8, 8, 3, 372, 260]]
[1383, [8, 24, 24, 3, 342, 290]]
[1384, [8, 40, 40, 3, 312, 320]]
[1385, [6, 6, 6, 3, 282, 300]]
[1386, [6, 22, 22, 3, 252, 330]]
[1387, [6, 38, 38, 3, 222, 360]]
[1388, [0, 4, 4, 3, 192, 340]]
[1389, [0, 20, 20, 3, 162, 370]]
[1390, [4, 36, 36, 3, 132, 400]]
[1391, [8, 12, 12, 3, 102, 390]]
[1392, [8, 28, 28, 3, 72, 420]]
[1393, [2, 34, 34, 3, 42, 440]]
[1394, [6, 10, 10, 3, 12, 430]]
[1395, [6, 26, 26, 3, 0, 442]]
[1396, [0, 32, 32, 3, 0, 432]]
[1397, [4, 8, 8, 3, 0, 392]]
[1398, [4, 24, 24, 3, 0, 392]]
[1399, [8, 40, 40, 333, 0, 392]]
[1400, [2, 6, 6, 189, 144, 342]]
[1401, [2, 22, 22, 45, 258, 372]]
[1402, [6, 38, 38, 45, 228, 402]]
[1403, [0, 4, 4, 45, 198, 382]]
[1404, [0, 20, 20, 45, 168, 412]]
[1405, [4, 36, 36, 45, 138, 442]]
[1406, [8, 12, 12, 45, 108, 432]]
[1407, [8, 28, 28, 45, 78, 462]]
[1408, [2, 34, 34, 45, 48, 482]]
[1409, [6, 10, 10, 45, 18, 472]]
[1410, [6, 26, 26, 45, 0, 490]]
[1411, [0, 32, 32, 45, 0, 480]]
[1412, [4, 8, 8, 45, 0, 440]]
[1413, [4, 24, 24, 45, 0, 440]]
[1414, [8, 40, 40, 45, 0, 440]]
[1415, [2, 6, 6, 45, 0, 390]]
[1416, [2, 22, 22, 45, 0, 390]]
[1417, [6, 38, 38, 45, 0, 390]]
[1418, [0, 4, 4, 45, 0, 340]]
[1419, [0, 20, 20, 375, 0, 340]]
[1420, [4, 36, 36, 231, 144, 340]]
[1421, [8, 12, 12, 87, 258, 330]]
[1422, [8, 28, 28, 87, 228, 360]]
[1423, [2, 34, 34, 87, 198, 380]]
[1424, [6, 10, 10, 87, 168, 370]]
[1425, [6, 26, 26, 87, 138, 400]]
[1426, [0, 32, 32, 87, 108, 420]]
[1427, [4, 8, 8, 87, 78, 410]]
[1428, [4, 24, 24, 87, 48, 440]]
[1429, [8, 40, 40, 87, 18, 470]]
[1430, [2, 6, 6, 87, 0, 438]]
[1431, [2, 22, 22, 87, 0, 438]]
[1432, [6, 38, 38, 87, 0, 438]]
[1433, [0, 4, 4, 87, 0, 388]]
[1434, [0, 20, 20, 87, 0, 388]]
[1435, [4, 36, 36, 87, 0, 388]]
[1436, [8, 12, 12, 87, 0, 348]]
[1437, [8, 28, 28, 87, 0, 348]]
[1438, [2, 34, 34, 87, 0, 338]]
[1439, [6, 10, 10, 417, 0, 298]]
