SimulationV051.py[0, [0, 16, 16, 0, 0, 0]]
[1, [0, 32, 32, 0, 0, 0]]
[2, [48, 48, 48, 0, 0, 0]]
[3, [48, 64, 64, 0, 0, 0]]
[4, [48, 80, 80, 0, 0, 0]]
[5, [96, 96, 96, 0, 0, 0]]
[6, [96, 112, 112, 0, 0, 0]]
[7, [96, 128, 128, 0, 0, 0]]
[8, [144, 144, 144, 0, 0, 0]]
[9, [144, 160, 160, 0, 0, 0]]
[10, [144, 176, 176, 0, 0, 0]]
[11, [192, 192, 192, 0, 0, 0]]
[12, [192, 208, 208, 0, 0, 0]]
[13, [192, 224, 224, 0, 0, 0]]
[14, [240, 240, 240, 0, 0, 0]]
[15, [240, 256, 256, 0, 0, 0]]
[16, [240, 272, 272, 0, 0, 0]]
[17, [288, 288, 288, 0, 0, 0]]
[18, [288, 304, 304, 0, 0, 0]]
[19, [288, 320, 320, 330, 0, 0]]
[20, [336, 336, 336, 186, 144, 0]]
[21, [312, 328, 328, 42, 264, 0]]
[22, [288, 320, 320, 42, 240, 0]]
[23, [312, 312, 312, 42, 216, 0]]
[24, [288, 304, 304, 42, 192, 0]]
[25, [264, 296, 296, 42, 168, 0]]
[26, [288, 288, 288, 42, 144, 0]]
[27, [264, 280, 280, 42, 120, 0]]
[28, [240, 272, 272, 42, 96, 0]]
[29, [264, 264, 264, 42, 72, 0]]
[30, [240, 256, 256, 42, 48, 0]]
[31, [216, 248, 248, 42, 24, 0]]
[32, [240, 240, 240, 42, 0, 0]]
[33, [240, 256, 256, 42, 0, 0]]
[34, [240, 272, 272, 42, 0, 0]]
[35, [288, 288, 288, 42, 0, 0]]
[36, [288, 304, 304, 42, 0, 0]]
[37, [288, 320, 320, 42, 0, 0]]
[38, [336, 336, 336, 42, 0, 0]]
[39, [336, 352, 352, 372, 0, 0]]
[40, [336, 368, 368, 228, 144, 0]]
[41, [360, 360, 360, 84, 264, 0]]
[42, [336, 352, 352, 84, 240, 0]]
[43, [312, 344, 344, 84, 216, 0]]
[44, [336, 336, 336, 84, 192, 0]]
[45, [312, 328, 328, 84, 168, 0]]
[46, [288, 320, 320, 84, 144, 0]]
[47, [312, 312, 312, 84, 120, 0]]
[48, [288, 304, 304, 84, 96, 0]]
[49, [264, 296, 296, 84, 72, 0]]
[50, [288, 288, 288, 84, 48, 0]]
[51, [264, 280, 280, 84, 24, 0]]
[52, [240, 272, 272, 84, 0, 0]]
[53, [288, 288, 288, 84, 0, 0]]
[54, [288, 304, 304, 84, 0, 0]]
[55, [288, 320, 320, 84, 0, 0]]
[56, [336, 336, 336, 84, 0, 0]]
[57, [336, 352, 352, 84, 0, 0]]
[58, [336, 368, 368, 84, 0, 0]]
[59, [384, 384, 384, 414, 0, 0]]
[60, [384, 400, 400, 270, 144, 0]]
[61, [360, 392, 392, 126, 264, 0]]
[62, [384, 384, 384, 126, 240, 0]]
[63, [360, 376, 376, 126, 216, 0]]
[64, [336, 368, 368, 126, 192, 0]]
[65, [360, 360, 360, 126, 168, 0]]
[66, [336, 352, 352, 126, 144, 0]]
[67, [312, 344, 344, 126, 120, 0]]
[68, [336, 336, 336, 126, 96, 0]]
[69, [312, 328, 328, 126, 72, 0]]
[70, [288, 320, 320, 126, 48, 0]]
[71, [312, 312, 312, 126, 24, 0]]
[72, [288, 304, 304, 126, 0, 0]]
[73, [288, 320, 320, 126, 0, 0]]
[74, [336, 336, 336, 126, 0, 0]]
[75, [336, 352, 352, 126, 0, 0]]
[76, [336, 368, 368, 126, 0, 0]]
[77, [384, 384, 384, 126, 0, 0]]
[78, [384, 400, 400, 126, 0, 0]]
[79, [384, 416, 416, 456, 0, 0]]
[80, [432, 432, 432, 312, 144, 0]]
[81, [408, 424, 424, 168, 264, 0]]
[82, [384, 416, 416, 24, 384, 0]]
[83, [408, 408, 408, 24, 360, 0]]
[84, [384, 400, 400, 24, 336, 0]]
[85, [360, 392, 392, 24, 312, 0]]
[86, [384, 384, 384, 24, 288, 0]]
[87, [360, 376, 376, 24, 264, 0]]
[88, [336, 368, 368, 24, 240, 0]]
[89, [360, 360, 360, 24, 216, 0]]
[90, [336, 352, 352, 24, 192, 0]]
[91, [312, 344, 344, 24, 168, 0]]
[92, [336, 336, 336, 24, 144, 0]]
[93, [312, 328, 328, 24, 120, 0]]
[94, [288, 320, 320, 24, 96, 0]]
[95, [312, 312, 312, 24, 72, 0]]
[96, [288, 304, 304, 24, 48, 0]]
[97, [264, 296, 296, 24, 24, 0]]
[98, [288, 288, 288, 24, 0, 0]]
[99, [288, 304, 304, 354, 0, 0]]
[100, [288, 320, 320, 210, 144, 0]]
[101, [312, 312, 312, 66, 264, 0]]
[102, [288, 304, 304, 66, 240, 0]]
[103, [264, 296, 296, 66, 216, 0]]
[104, [288, 288, 288, 66, 192, 0]]
[105, [264, 280, 280, 66, 168, 0]]
[106, [240, 272, 272, 66, 144, 0]]
[107, [264, 264, 264, 66, 120, 0]]
[108, [240, 256, 256, 66, 96, 0]]
[109, [216, 248, 248, 66, 72, 0]]
[110, [240, 240, 240, 66, 48, 0]]
[111, [216, 232, 232, 66, 24, 0]]
[112, [192, 224, 224, 66, 0, 0]]
[113, [240, 240, 240, 66, 0, 0]]
[114, [240, 256, 256, 66, 0, 0]]
[115, [240, 272, 272, 66, 0, 0]]
[116, [288, 288, 288, 66, 0, 0]]
[117, [288, 304, 304, 66, 0, 0]]
[118, [288, 320, 320, 66, 0, 0]]
[119, [336, 336, 336, 396, 0, 0]]
[120, [336, 352, 352, 252, 144, 0]]
[121, [312, 344, 344, 108, 264, 0]]
[122, [336, 336, 336, 108, 240, 0]]
[123, [312, 328, 328, 108, 216, 0]]
[124, [302, 334, 334, 108, 192, 14]]
[125, [350, 350, 350, 108, 168, 38]]
[126, [350, 366, 366, 108, 144, 62]]
[127, [350, 382, 382, 108, 120, 86]]
[128, [388, 388, 388, 108, 96, 100]]
[129, [376, 392, 392, 108, 72, 112]]
[130, [372, 404, 404, 108, 48, 132]]
[131, [416, 416, 416, 108, 24, 152]]
[132, [416, 432, 432, 108, 0, 176]]
[133, [412, 444, 444, 108, 0, 172]]
[134, [458, 458, 458, 108, 0, 170]]
[135, [454, 470, 470, 108, 0, 166]]
[136, [448, 480, 480, 108, 0, 160]]
[137, [490, 490, 490, 108, 0, 154]]
[138, [486, 502, 502, 108, 0, 150]]
[139, [482, 514, 514, 438, 0, 146]]
[140, [520, 520, 520, 294, 144, 136]]
[141, [512, 528, 528, 150, 264, 152]]
[142, [508, 540, 540, 6, 384, 172]]
[143, [552, 552, 552, 6, 360, 192]]
[144, [538, 554, 554, 6, 336, 202]]
[145, [526, 558, 558, 6, 312, 214]]
[146, [558, 558, 558, 6, 288, 222]]
[147, [528, 544, 544, 6, 264, 216]]
[148, [502, 534, 534, 6, 240, 214]]
[149, [540, 540, 540, 6, 216, 228]]
[150, [530, 546, 546, 6, 192, 242]]
[151, [510, 542, 542, 6, 168, 246]]
[152, [542, 542, 542, 6, 144, 254]]
[153, [524, 540, 540, 6, 120, 260]]
[154, [494, 526, 526, 6, 96, 254]]
[155, [516, 516, 516, 6, 72, 252]]
[156, [506, 522, 522, 6, 48, 266]]
[157, [484, 516, 516, 6, 24, 268]]
[158, [500, 500, 500, 6, 0, 260]]
[159, [464, 480, 480, 336, 0, 224]]
[160, [440, 472, 472, 192, 144, 200]]
[161, [458, 458, 458, 48, 264, 194]]
[162, [432, 448, 448, 48, 240, 192]]
[163, [422, 454, 454, 48, 216, 206]]
[164, [442, 442, 442, 48, 192, 202]]
[165, [404, 420, 420, 48, 168, 188]]
[166, [366, 398, 398, 48, 144, 174]]
[167, [388, 388, 388, 48, 120, 172]]
[168, [358, 374, 374, 48, 96, 166]]
[169, [332, 364, 364, 48, 72, 164]]
[170, [370, 370, 370, 48, 48, 178]]
[171, [338, 354, 354, 48, 24, 170]]
[172, [296, 328, 328, 48, 0, 152]]
[173, [304, 304, 304, 48, 0, 112]]
[174, [276, 292, 292, 48, 0, 84]]
[175, [246, 278, 278, 48, 0, 54]]
[176, [268, 268, 268, 48, 0, 28]]
[177, [258, 274, 274, 48, 0, 18]]
[178, [240, 272, 272, 48, 0, 0]]
[179, [288, 288, 288, 363, 0, 0]]
[180, [288, 304, 304, 219, 144, 0]]
[181, [264, 296, 296, 75, 264, 0]]
[182, [288, 288, 288, 75, 240, 0]]
[183, [264, 280, 280, 75, 216, 0]]
[184, [240, 272, 272, 75, 192, 0]]
[185, [264, 264, 264, 75, 168, 0]]
[186, [240, 256, 256, 75, 144, 0]]
[187, [216, 248, 248, 90, 120, 0]]
[188, [240, 240, 240, 90, 96, 0]]
[189, [216, 232, 232, 90, 72, 0]]
[190, [192, 224, 224, 90, 48, 0]]
[191, [216, 216, 216, 90, 24, 0]]
[192, [192, 208, 208, 90, 0, 0]]
[193, [192, 224, 224, 90, 0, 0]]
[194, [240, 240, 240, 90, 0, 0]]
[195, [240, 256, 256, 90, 0, 0]]
[196, [240, 272, 272, 90, 0, 0]]
[197, [288, 288, 288, 90, 0, 0]]
[198, [288, 304, 304, 90, 0, 0]]
[199, [288, 320, 320, 405, 0, 0]]
[200, [336, 336, 336, 261, 144, 0]]
[201, [312, 328, 328, 117, 264, 0]]
[202, [288, 320, 320, 117, 240, 0]]
[203, [312, 312, 312, 117, 216, 0]]
[204, [288, 304, 304, 117, 192, 0]]
[205, [264, 296, 296, 117, 168, 0]]
[206, [288, 288, 288, 117, 144, 0]]
[207, [264, 280, 280, 132, 120, 0]]
[208, [240, 272, 272, 132, 96, 0]]
[209, [264, 264, 264, 132, 72, 0]]
[210, [240, 256, 256, 132, 48, 0]]
[211, [216, 248, 248, 132, 24, 0]]
[212, [240, 240, 240, 132, 0, 0]]
[213, [240, 256, 256, 132, 0, 0]]
[214, [240, 272, 272, 132, 0, 0]]
[215, [288, 288, 288, 132, 0, 0]]
[216, [288, 304, 304, 132, 0, 0]]
[217, [288, 320, 320, 132, 0, 0]]
[218, [336, 336, 336, 132, 0, 0]]
[219, [336, 352, 352, 447, 0, 0]]
[220, [336, 368, 368, 303, 144, 0]]
[221, [360, 360, 360, 159, 264, 0]]
[222, [336, 352, 352, 15, 384, 0]]
[223, [312, 344, 344, 15, 360, 0]]
[224, [336, 336, 336, 15, 336, 0]]
[225, [312, 328, 328, 15, 312, 0]]
[226, [288, 320, 320, 15, 288, 0]]
[227, [312, 312, 312, 30, 264, 0]]
[228, [288, 304, 304, 30, 240, 0]]
[229, [264, 296, 296, 30, 216, 0]]
[230, [288, 288, 288, 30, 192, 0]]
[231, [264, 280, 280, 30, 168, 0]]
[232, [240, 272, 272, 30, 144, 0]]
[233, [264, 264, 264, 30, 120, 0]]
[234, [240, 256, 256, 30, 96, 0]]
[235, [216, 248, 248, 30, 72, 0]]
[236, [240, 240, 240, 30, 48, 0]]
[237, [216, 232, 232, 30, 24, 0]]
[238, [192, 224, 224, 30, 0, 0]]
[239, [240, 240, 240, 345, 0, 0]]
[240, [240, 256, 256, 201, 144, 0]]
[241, [216, 248, 248, 57, 264, 0]]
[242, [240, 240, 240, 57, 240, 0]]
[243, [216, 232, 232, 57, 216, 0]]
[244, [192, 224, 224, 57, 192, 0]]
[245, [216, 216, 216, 57, 168, 0]]
[246, [192, 208, 208, 57, 144, 0]]
[247, [168, 200, 200, 72, 120, 0]]
[248, [192, 192, 192, 72, 96, 0]]
[249, [168, 184, 184, 72, 72, 0]]
[250, [144, 176, 176, 72, 48, 0]]
[251, [168, 168, 168, 72, 24, 0]]
[252, [144, 160, 160, 72, 0, 0]]
[253, [144, 176, 176, 72, 0, 0]]
[254, [192, 192, 192, 72, 0, 0]]
[255, [192, 208, 208, 72, 0, 0]]
[256, [192, 224, 224, 72, 0, 0]]
[257, [240, 240, 240, 72, 0, 0]]
[258, [240, 256, 256, 72, 0, 0]]
[259, [240, 272, 272, 387, 0, 0]]
[260, [288, 288, 288, 243, 144, 0]]
[261, [264, 280, 280, 99, 264, 0]]
[262, [240, 272, 272, 99, 240, 0]]
[263, [264, 264, 264, 99, 216, 0]]
[264, [240, 256, 256, 99, 192, 0]]
[265, [216, 248, 248, 99, 168, 0]]
[266, [240, 240, 240, 99, 144, 0]]
[267, [236, 252, 252, 114, 120, 20]]
[268, [214, 246, 246, 114, 96, 22]]
[269, [246, 246, 246, 114, 72, 30]]
[270, [232, 248, 248, 114, 48, 40]]
[271, [220, 252, 252, 114, 24, 52]]
[272, [256, 256, 256, 114, 0, 64]]
[273, [242, 258, 258, 114, 0, 50]]
[274, [240, 272, 272, 114, 0, 48]]
[275, [268, 268, 268, 114, 0, 28]]
[276, [260, 276, 276, 114, 0, 20]]
[277, [250, 282, 282, 114, 0, 10]]
[278, [288, 288, 288, 114, 0, 0]]
[279, [288, 304, 304, 429, 0, 0]]
[280, [288, 320, 320, 285, 144, 0]]
[281, [324, 324, 324, 141, 264, 12]]
[282, [316, 332, 332, 141, 240, 28]]
[283, [308, 340, 340, 141, 216, 44]]
[284, [348, 348, 348, 141, 192, 60]]
[285, [334, 350, 350, 141, 168, 70]]
[286, [334, 366, 366, 141, 144, 94]]
[287, [376, 376, 376, 156, 120, 112]]
[288, [366, 382, 382, 12, 240, 126]]
[289, [356, 388, 388, 12, 216, 140]]
[290, [394, 394, 394, 12, 192, 154]]
[291, [380, 396, 396, 12, 168, 164]]
[292, [362, 394, 394, 12, 144, 170]]
[293, [406, 406, 406, 12, 120, 190]]
[294, [400, 416, 416, 12, 96, 208]]
[295, [388, 420, 420, 12, 72, 220]]
[296, [426, 426, 426, 12, 48, 234]]
[297, [418, 434, 434, 12, 24, 250]]
[298, [398, 430, 430, 12, 0, 254]]
[299, [422, 422, 422, 327, 0, 230]]
[300, [406, 422, 422, 183, 144, 214]]
[301, [388, 420, 420, 39, 264, 220]]
[302, [412, 412, 412, 39, 240, 220]]
[303, [400, 416, 416, 39, 216, 232]]
[304, [388, 420, 420, 39, 192, 244]]
[305, [410, 410, 410, 39, 168, 242]]
[306, [382, 398, 398, 39, 144, 238]]
[307, [362, 394, 394, 54, 120, 242]]
[308, [386, 386, 386, 54, 96, 242]]
[309, [354, 370, 370, 54, 72, 234]]
[310, [340, 372, 372, 54, 48, 244]]
[311, [362, 362, 362, 54, 24, 242]]
[312, [334, 350, 350, 54, 0, 238]]
[313, [302, 334, 334, 54, 0, 206]]
[314, [328, 328, 328, 54, 0, 184]]
[315, [304, 320, 320, 54, 0, 160]]
[316, [272, 304, 304, 54, 0, 128]]
[317, [298, 298, 298, 54, 0, 106]]
[318, [268, 284, 284, 54, 0, 76]]
[319, [238, 270, 270, 369, 0, 46]]
[320, [252, 252, 252, 225, 144, 12]]
[321, [228, 244, 244, 81, 264, 12]]
[322, [204, 236, 236, 81, 240, 12]]
[323, [220, 220, 220, 81, 216, 4]]
[324, [196, 212, 212, 81, 192, 4]]
[325, [168, 200, 200, 81, 168, 0]]
[326, [192, 192, 192, 81, 144, 0]]
[327, [168, 184, 184, 96, 120, 0]]
[328, [144, 176, 176, 96, 96, 0]]
[329, [168, 168, 168, 96, 72, 0]]
[330, [144, 160, 160, 96, 48, 0]]
[331, [120, 152, 152, 96, 24, 0]]
[332, [144, 144, 144, 96, 0, 0]]
[333, [144, 160, 160, 96, 0, 0]]
[334, [144, 176, 176, 96, 0, 0]]
[335, [192, 192, 192, 96, 0, 0]]
[336, [192, 208, 208, 96, 0, 0]]
[337, [192, 224, 224, 96, 0, 0]]
[338, [240, 240, 240, 96, 0, 0]]
[339, [240, 256, 256, 411, 0, 0]]
[340, [240, 272, 272, 267, 144, 0]]
[341, [264, 264, 264, 123, 264, 0]]
[342, [240, 256, 256, 123, 240, 0]]
[343, [216, 248, 248, 123, 216, 0]]
[344, [240, 240, 240, 123, 192, 0]]
[345, [216, 232, 232, 123, 168, 0]]
[346, [192, 224, 224, 123, 144, 0]]
[347, [216, 216, 216, 138, 120, 0]]
[348, [192, 208, 208, 138, 96, 0]]
[349, [168, 200, 200, 138, 72, 0]]
[350, [192, 192, 192, 138, 48, 0]]
[351, [168, 184, 184, 138, 24, 0]]
[352, [144, 176, 176, 138, 0, 0]]
[353, [192, 192, 192, 138, 0, 0]]
[354, [192, 208, 208, 138, 0, 0]]
[355, [192, 224, 224, 138, 0, 0]]
[356, [240, 240, 240, 138, 0, 0]]
[357, [240, 256, 256, 138, 0, 0]]
[358, [240, 272, 272, 138, 0, 0]]
[359, [288, 288, 288, 453, 0, 0]]
[360, [288, 304, 304, 309, 144, 0]]
[361, [264, 296, 296, 165, 264, 0]]
[362, [288, 288, 288, 21, 384, 0]]
[363, [264, 280, 280, 21, 360, 0]]
[364, [240, 272, 272, 21, 336, 0]]
[365, [264, 264, 264, 21, 312, 0]]
[366, [240, 256, 256, 21, 288, 0]]
[367, [216, 248, 248, 36, 264, 0]]
[368, [240, 240, 240, 36, 240, 0]]
[369, [216, 232, 232, 36, 216, 0]]
[370, [192, 224, 224, 36, 192, 0]]
[371, [216, 216, 216, 36, 168, 0]]
[372, [192, 208, 208, 36, 144, 0]]
[373, [168, 200, 200, 36, 120, 0]]
[374, [192, 192, 192, 36, 96, 0]]
[375, [168, 184, 184, 36, 72, 0]]
[376, [144, 176, 176, 36, 48, 0]]
[377, [168, 168, 168, 36, 24, 0]]
[378, [144, 160, 160, 36, 0, 0]]
[379, [144, 176, 176, 351, 0, 0]]
[380, [192, 192, 192, 207, 144, 0]]
[381, [168, 184, 184, 63, 264, 0]]
[382, [144, 176, 176, 63, 240, 0]]
[383, [168, 168, 168, 63, 216, 0]]
[384, [144, 160, 160, 63, 192, 0]]
[385, [120, 152, 152, 63, 168, 0]]
[386, [144, 144, 144, 63, 144, 0]]
[387, [120, 136, 136, 78, 120, 0]]
[388, [96, 128, 128, 78, 96, 0]]
[389, [120, 120, 120, 78, 72, 0]]
[390, [96, 112, 112, 78, 48, 0]]
[391, [72, 104, 104, 78, 24, 0]]
[392, [96, 96, 96, 78, 0, 0]]
[393, [96, 112, 112, 78, 0, 0]]
[394, [96, 128, 128, 78, 0, 0]]
[395, [144, 144, 144, 78, 0, 0]]
[396, [144, 160, 160, 78, 0, 0]]
[397, [144, 176, 176, 78, 0, 0]]
[398, [192, 192, 192, 78, 0, 0]]
[399, [192, 208, 208, 393, 0, 0]]
[400, [192, 224, 224, 249, 144, 0]]
[401, [216, 216, 216, 105, 264, 0]]
[402, [192, 208, 208, 105, 240, 0]]
[403, [168, 200, 200, 105, 216, 0]]
[404, [192, 192, 192, 105, 192, 0]]
[405, [168, 184, 184, 105, 168, 0]]
[406, [144, 176, 176, 105, 144, 0]]
[407, [168, 168, 168, 120, 120, 0]]
[408, [144, 160, 160, 120, 96, 0]]
[409, [120, 152, 152, 120, 72, 0]]
[410, [144, 144, 144, 120, 48, 0]]
[411, [120, 136, 136, 120, 24, 0]]
[412, [96, 128, 128, 120, 0, 0]]
[413, [144, 144, 144, 120, 0, 0]]
[414, [144, 160, 160, 120, 0, 0]]
[415, [144, 176, 176, 120, 0, 0]]
[416, [192, 192, 192, 120, 0, 0]]
[417, [192, 208, 208, 120, 0, 0]]
[418, [192, 224, 224, 120, 0, 0]]
[419, [240, 240, 240, 435, 0, 0]]
[420, [240, 256, 256, 291, 144, 0]]
[421, [216, 248, 248, 147, 264, 0]]
[422, [240, 240, 240, 3, 384, 0]]
[423, [216, 232, 232, 3, 360, 0]]
[424, [204, 236, 236, 3, 336, 12]]
[425, [252, 252, 252, 3, 312, 36]]
[426, [252, 268, 268, 3, 288, 60]]
[427, [250, 282, 282, 18, 264, 82]]
[428, [274, 274, 274, 18, 240, 82]]
[429, [260, 276, 276, 18, 216, 92]]
[430, [248, 280, 280, 18, 192, 104]]
[431, [284, 284, 284, 18, 168, 116]]
[432, [280, 296, 296, 18, 144, 136]]
[433, [280, 312, 312, 18, 120, 160]]
[434, [324, 324, 324, 18, 96, 180]]
[435, [310, 326, 326, 18, 72, 190]]
[436, [300, 332, 332, 18, 48, 204]]
[437, [338, 338, 338, 18, 24, 218]]
[438, [326, 342, 342, 18, 0, 230]]
[439, [320, 352, 352, 333, 0, 224]]
[440, [362, 362, 362, 189, 144, 218]]
[441, [356, 372, 372, 45, 264, 236]]
[442, [344, 376, 376, 45, 240, 248]]
[443, [374, 374, 374, 45, 216, 254]]
[444, [362, 378, 378, 45, 192, 266]]
[445, [346, 378, 378, 45, 168, 274]]
[446, [380, 380, 380, 45, 144, 284]]
[447, [358, 374, 374, 60, 120, 286]]
[448, [336, 368, 368, 60, 96, 288]]
[449, [364, 364, 364, 60, 72, 292]]
[450, [336, 352, 352, 60, 48, 288]]
[451, [322, 354, 354, 60, 24, 298]]
[452, [354, 354, 354, 60, 0, 306]]
[453, [340, 356, 356, 60, 0, 292]]
[454, [318, 350, 350, 60, 0, 270]]
[455, [344, 344, 344, 60, 0, 248]]
[456, [326, 342, 342, 60, 0, 230]]
[457, [298, 330, 330, 60, 0, 202]]
[458, [320, 320, 320, 60, 0, 176]]
[459, [288, 304, 304, 375, 0, 144]]
[460, [270, 302, 302, 231, 144, 126]]
[461, [296, 296, 296, 87, 264, 128]]
[462, [274, 290, 290, 87, 240, 130]]
[463, [256, 288, 288, 87, 216, 136]]
[464, [266, 266, 266, 87, 192, 122]]
[465, [236, 252, 252, 87, 168, 116]]
[466, [200, 232, 232, 87, 144, 104]]
[467, [228, 228, 228, 102, 120, 108]]
[468, [206, 222, 222, 102, 96, 110]]
[469, [184, 216, 216, 102, 72, 112]]
[470, [214, 214, 214, 102, 48, 118]]
[471, [168, 184, 184, 102, 24, 96]]
[472, [134, 166, 166, 102, 0, 86]]
[473, [144, 144, 144, 102, 0, 48]]
[474, [120, 136, 136, 102, 0, 24]]
[475, [98, 130, 130, 102, 0, 2]]
[476, [144, 144, 144, 102, 0, 0]]
[477, [144, 160, 160, 102, 0, 0]]
[478, [144, 176, 176, 102, 0, 0]]
[479, [192, 192, 192, 417, 0, 0]]
[480, [192, 208, 208, 273, 144, 0]]
[481, [168, 200, 200, 129, 264, 0]]
[482, [192, 192, 192, 129, 240, 0]]
[483, [168, 184, 184, 129, 216, 0]]
[484, [144, 176, 176, 129, 192, 0]]
[485, [168, 168, 168, 129, 168, 0]]
[486, [144, 160, 160, 129, 144, 0]]
[487, [120, 152, 152, 144, 120, 0]]
[488, [144, 144, 144, 0, 240, 0]]
[489, [120, 136, 136, 0, 216, 0]]
[490, [96, 128, 128, 0, 192, 0]]
[491, [120, 120, 120, 0, 168, 0]]
[492, [96, 112, 112, 0, 144, 0]]
[493, [72, 104, 104, 0, 120, 0]]
[494, [96, 96, 96, 0, 96, 0]]
[495, [72, 88, 88, 0, 72, 0]]
[496, [48, 80, 80, 0, 48, 0]]
[497, [72, 72, 72, 0, 24, 0]]
[498, [48, 64, 64, 0, 0, 0]]
[499, [48, 80, 80, 315, 0, 0]]
[500, [96, 96, 96, 171, 144, 0]]
[501, [72, 88, 88, 27, 264, 0]]
[502, [48, 80, 80, 27, 240, 0]]
[503, [72, 72, 72, 27, 216, 0]]
[504, [48, 64, 64, 27, 192, 0]]
[505, [24, 56, 56, 27, 168, 0]]
[506, [48, 48, 48, 27, 144, 0]]
[507, [24, 40, 40, 42, 120, 0]]
[508, [0, 32, 32, 42, 96, 0]]
[509, [24, 24, 24, 42, 72, 0]]
[510, [0, 16, 16, 42, 48, 0]]
[511, [0, 32, 32, 42, 24, 24]]
[512, [0, 0, 0, 42, 0, 0]]
[513, [0, 16, 16, 42, 0, 0]]
[514, [0, 32, 32, 42, 0, 0]]
[515, [48, 48, 48, 42, 0, 0]]
[516, [48, 64, 64, 42, 0, 0]]
[517, [48, 80, 80, 42, 0, 0]]
[518, [96, 96, 96, 42, 0, 0]]
[519, [96, 112, 112, 357, 0, 0]]
[520, [96, 128, 128, 213, 144, 0]]
[521, [120, 120, 120, 69, 264, 0]]
[522, [96, 112, 112, 69, 240, 0]]
[523, [72, 104, 104, 69, 216, 0]]
[524, [96, 96, 96, 69, 192, 0]]
[525, [72, 88, 88, 69, 168, 0]]
[526, [48, 80, 80, 69, 144, 0]]
[527, [72, 72, 72, 84, 120, 0]]
[528, [48, 64, 64, 84, 96, 0]]
[529, [24, 56, 56, 84, 72, 0]]
[530, [48, 48, 48, 84, 48, 0]]
[531, [24, 40, 40, 84, 24, 0]]
[532, [0, 32, 32, 84, 0, 0]]
[533, [48, 48, 48, 84, 0, 0]]
[534, [48, 64, 64, 84, 0, 0]]
[535, [48, 80, 80, 84, 0, 0]]
[536, [96, 96, 96, 84, 0, 0]]
[537, [96, 112, 112, 84, 0, 0]]
[538, [96, 128, 128, 84, 0, 0]]
[539, [144, 144, 144, 399, 0, 0]]
[540, [144, 160, 160, 255, 144, 0]]
[541, [120, 152, 152, 111, 264, 0]]
[542, [144, 144, 144, 111, 240, 0]]
[543, [120, 136, 136, 111, 216, 0]]
[544, [96, 128, 128, 111, 192, 0]]
[545, [120, 120, 120, 111, 168, 0]]
[546, [96, 112, 112, 111, 144, 0]]
[547, [72, 104, 104, 126, 120, 0]]
[548, [96, 96, 96, 126, 96, 0]]
[549, [72, 88, 88, 126, 72, 0]]
[550, [48, 80, 80, 126, 48, 0]]
[551, [72, 72, 72, 126, 24, 0]]
[552, [48, 64, 64, 126, 0, 0]]
[553, [48, 80, 80, 126, 0, 0]]
[554, [96, 96, 96, 126, 0, 0]]
[555, [96, 112, 112, 126, 0, 0]]
[556, [96, 128, 128, 126, 0, 0]]
[557, [144, 144, 144, 126, 0, 0]]
[558, [144, 160, 160, 126, 0, 0]]
[559, [144, 176, 176, 441, 0, 0]]
[560, [192, 192, 192, 297, 144, 0]]
[561, [168, 184, 184, 153, 264, 0]]
[562, [144, 176, 176, 9, 384, 0]]
[563, [168, 168, 168, 9, 360, 0]]
[564, [144, 160, 160, 9, 336, 0]]
[565, [120, 152, 152, 9, 312, 0]]
[566, [166, 166, 166, 9, 288, 22]]
[567, [164, 180, 180, 24, 264, 44]]
[568, [142, 174, 174, 24, 240, 46]]
[569, [170, 170, 170, 24, 216, 50]]
[570, [150, 166, 166, 24, 192, 54]]
[571, [128, 160, 160, 24, 168, 56]]
[572, [162, 162, 162, 24, 144, 66]]
[573, [160, 176, 176, 24, 120, 88]]
[574, [158, 190, 190, 24, 96, 110]]
[575, [182, 182, 182, 24, 72, 110]]
[576, [164, 180, 180, 24, 48, 116]]
[577, [150, 182, 182, 24, 24, 126]]
[578, [184, 184, 184, 24, 0, 136]]
[579, [170, 186, 186, 339, 0, 122]]
[580, [166, 198, 198, 195, 144, 118]]
[581, [206, 206, 206, 51, 264, 134]]
[582, [186, 202, 202, 51, 240, 138]]
[583, [180, 212, 212, 51, 216, 156]]
[584, [216, 216, 216, 51, 192, 168]]
[585, [196, 212, 212, 51, 168, 172]]
[586, [184, 216, 216, 51, 144, 184]]
[587, [214, 214, 214, 66, 120, 190]]
[588, [198, 214, 214, 66, 96, 198]]
[589, [180, 212, 212, 66, 72, 204]]
[590, [220, 220, 220, 66, 48, 220]]
[591, [210, 226, 226, 66, 24, 234]]
[592, [184, 216, 216, 66, 0, 232]]
[593, [222, 222, 222, 66, 0, 222]]
[594, [202, 218, 218, 66, 0, 202]]
[595, [186, 218, 218, 66, 0, 186]]
[596, [222, 222, 222, 66, 0, 174]]
[597, [210, 226, 226, 66, 0, 162]]
[598, [198, 230, 230, 66, 0, 150]]
[599, [218, 218, 218, 381, 0, 122]]
[600, [202, 218, 218, 237, 144, 106]]
[601, [172, 204, 204, 93, 264, 100]]
[602, [204, 204, 204, 93, 240, 108]]
[603, [194, 210, 210, 93, 216, 122]]
[604, [184, 216, 216, 93, 192, 136]]
[605, [216, 216, 216, 93, 168, 144]]
[606, [182, 198, 198, 93, 144, 134]]
[607, [158, 190, 190, 108, 120, 134]]
[608, [172, 172, 172, 108, 96, 124]]
[609, [154, 170, 170, 108, 72, 130]]
[610, [144, 176, 176, 108, 48, 144]]
[611, [174, 174, 174, 108, 24, 150]]
[612, [148, 164, 164, 108, 0, 148]]
[613, [110, 142, 142, 108, 0, 110]]
[614, [128, 128, 128, 108, 0, 80]]
[615, [90, 106, 106, 108, 0, 42]]
[616, [72, 104, 104, 108, 0, 24]]
[617, [110, 110, 110, 108, 0, 14]]
[618, [96, 112, 112, 108, 0, 0]]
[619, [96, 128, 128, 423, 0, 0]]
[620, [144, 144, 144, 279, 144, 0]]
[621, [120, 136, 136, 135, 264, 0]]
[622, [96, 128, 128, 135, 240, 0]]
[623, [120, 120, 120, 135, 216, 0]]
[624, [96, 112, 112, 135, 192, 0]]
[625, [72, 104, 104, 135, 168, 0]]
[626, [96, 96, 96, 135, 144, 0]]
[627, [72, 88, 88, 150, 120, 0]]
[628, [48, 80, 80, 6, 240, 0]]
[629, [72, 72, 72, 6, 216, 0]]
[630, [48, 64, 64, 6, 192, 0]]
[631, [24, 56, 56, 6, 168, 0]]
[632, [48, 48, 48, 6, 144, 0]]
[633, [24, 40, 40, 6, 120, 0]]
[634, [0, 32, 32, 6, 96, 0]]
[635, [24, 24, 24, 6, 72, 0]]
[636, [0, 16, 16, 6, 48, 0]]
[637, [0, 32, 32, 6, 24, 24]]
[638, [0, 0, 0, 6, 0, 0]]
[639, [0, 16, 16, 321, 0, 0]]
[640, [0, 32, 32, 177, 144, 0]]
[641, [24, 24, 24, 33, 264, 0]]
[642, [0, 16, 16, 33, 240, 0]]
[643, [0, 32, 32, 33, 216, 24]]
[644, [0, 0, 0, 33, 192, 0]]
[645, [0, 16, 16, 33, 168, 24]]
[646, [0, 32, 32, 33, 144, 48]]
[647, [0, 0, 0, 48, 120, 24]]
[648, [0, 16, 16, 48, 96, 48]]
[649, [0, 32, 32, 48, 72, 72]]
[650, [0, 0, 0, 48, 48, 48]]
[651, [0, 16, 16, 48, 24, 72]]
[652, [0, 32, 32, 48, 0, 96]]
[653, [0, 0, 0, 48, 0, 48]]
[654, [0, 16, 16, 48, 0, 48]]
[655, [0, 32, 32, 48, 0, 48]]
[656, [0, 0, 0, 48, 0, 0]]
[657, [0, 16, 16, 48, 0, 0]]
[658, [0, 32, 32, 48, 0, 0]]
[659, [48, 48, 48, 363, 0, 0]]
[660, [48, 64, 64, 219, 144, 0]]
[661, [24, 56, 56, 75, 264, 0]]
[662, [48, 48, 48, 75, 240, 0]]
[663, [24, 40, 40, 75, 216, 0]]
[664, [0, 32, 32, 75, 192, 0]]
[665, [24, 24, 24, 75, 168, 0]]
[666, [0, 16, 16, 75, 144, 0]]
[667, [0, 32, 32, 90, 120, 24]]
[668, [0, 0, 0, 90, 96, 0]]
[669, [0, 16, 16, 90, 72, 24]]
[670, [0, 32, 32, 90, 48, 48]]
[671, [0, 0, 0, 90, 24, 24]]
[672, [0, 16, 16, 90, 0, 48]]
[673, [0, 32, 32, 90, 0, 48]]
[674, [0, 0, 0, 90, 0, 0]]
[675, [0, 16, 16, 90, 0, 0]]
[676, [0, 32, 32, 90, 0, 0]]
[677, [48, 48, 48, 90, 0, 0]]
[678, [48, 64, 64, 90, 0, 0]]
[679, [48, 80, 80, 405, 0, 0]]
[680, [96, 96, 96, 261, 144, 0]]
[681, [72, 88, 88, 117, 264, 0]]
[682, [48, 80, 80, 117, 240, 0]]
[683, [72, 72, 72, 117, 216, 0]]
[684, [48, 64, 64, 117, 192, 0]]
[685, [24, 56, 56, 117, 168, 0]]
[686, [48, 48, 48, 117, 144, 0]]
[687, [24, 40, 40, 132, 120, 0]]
[688, [0, 32, 32, 132, 96, 0]]
[689, [24, 24, 24, 132, 72, 0]]
[690, [0, 16, 16, 132, 48, 0]]
[691, [0, 32, 32, 132, 24, 24]]
[692, [0, 0, 0, 132, 0, 0]]
[693, [0, 16, 16, 132, 0, 0]]
[694, [0, 32, 32, 132, 0, 0]]
[695, [48, 48, 48, 132, 0, 0]]
[696, [48, 64, 64, 132, 0, 0]]
[697, [48, 80, 80, 132, 0, 0]]
[698, [96, 96, 96, 132, 0, 0]]
[699, [96, 112, 112, 447, 0, 0]]
[700, [96, 128, 128, 303, 144, 0]]
[701, [120, 120, 120, 159, 264, 0]]
[702, [96, 112, 112, 15, 384, 0]]
[703, [72, 104, 104, 15, 360, 0]]
[704, [96, 96, 96, 15, 336, 0]]
[705, [72, 88, 88, 15, 312, 0]]
[706, [48, 80, 80, 15, 288, 0]]
[707, [74, 74, 74, 30, 264, 2]]
[708, [54, 70, 70, 30, 240, 6]]
[709, [38, 70, 70, 30, 216, 14]]
[710, [64, 64, 64, 30, 192, 16]]
[711, [44, 60, 60, 30, 168, 20]]
[712, [20, 52, 52, 30, 144, 20]]
[713, [48, 48, 48, 30, 120, 24]]
[714, [34, 50, 50, 30, 96, 34]]
[715, [16, 48, 48, 30, 72, 40]]
[716, [52, 52, 52, 30, 48, 52]]
[717, [30, 46, 46, 30, 24, 54]]
[718, [16, 48, 48, 30, 0, 64]]
[719, [48, 48, 48, 345, 0, 48]]
[720, [30, 46, 46, 201, 144, 30]]
[721, [18, 50, 50, 57, 264, 42]]
[722, [50, 50, 50, 57, 240, 50]]
[723, [38, 54, 54, 57, 216, 62]]
[724, [20, 52, 52, 57, 192, 68]]
[725, [54, 54, 54, 57, 168, 78]]
[726, [44, 60, 60, 57, 144, 92]]
[727, [28, 60, 60, 72, 120, 100]]
[728, [58, 58, 58, 72, 96, 106]]
[729, [42, 58, 58, 72, 72, 114]]
[730, [30, 62, 62, 72, 48, 126]]
[731, [60, 60, 60, 72, 24, 132]]
[732, [44, 60, 60, 72, 0, 140]]
[733, [38, 70, 70, 72, 0, 134]]
[734, [74, 74, 74, 72, 0, 122]]
[735, [60, 76, 76, 72, 0, 108]]
[736, [48, 80, 80, 72, 0, 96]]
[737, [82, 82, 82, 72, 0, 82]]
[738, [60, 76, 76, 72, 0, 60]]
[739, [46, 78, 78, 387, 0, 46]]
[740, [86, 86, 86, 243, 144, 38]]
[741, [72, 88, 88, 99, 264, 48]]
[742, [54, 86, 86, 99, 240, 54]]
[743, [84, 84, 84, 99, 216, 60]]
[744, [70, 86, 86, 99, 192, 70]]
[745, [46, 78, 78, 99, 168, 70]]
[746, [80, 80, 80, 99, 144, 80]]
[747, [68, 84, 84, 114, 120, 92]]
[748, [46, 78, 78, 114, 96, 94]]
[749, [70, 70, 70, 114, 72, 94]]
[750, [50, 66, 66, 114, 48, 98]]
[751, [32, 64, 64, 114, 24, 104]]
[752, [54, 54, 54, 114, 0, 102]]
[753, [34, 50, 50, 114, 0, 82]]
[754, [20, 52, 52, 114, 0, 68]]
[755, [44, 44, 44, 114, 0, 44]]
[756, [16, 32, 32, 114, 0, 16]]
[757, [0, 32, 32, 114, 0, 0]]
[758, [48, 48, 48, 114, 0, 0]]
[759, [48, 64, 64, 429, 0, 0]]
[760, [48, 80, 80, 285, 144, 0]]
[761, [72, 72, 72, 141, 264, 0]]
[762, [48, 64, 64, 141, 240, 0]]
[763, [24, 56, 56, 141, 216, 0]]
[764, [48, 48, 48, 141, 192, 0]]
[765, [24, 40, 40, 141, 168, 0]]
[766, [0, 32, 32, 141, 144, 0]]
[767, [24, 24, 24, 156, 120, 0]]
[768, [0, 16, 16, 12, 240, 0]]
[769, [0, 32, 32, 12, 216, 24]]
[770, [0, 0, 0, 12, 192, 0]]
[771, [0, 16, 16, 12, 168, 24]]
[772, [0, 32, 32, 12, 144, 48]]
[773, [0, 0, 0, 12, 120, 24]]
[774, [0, 16, 16, 12, 96, 48]]
[775, [0, 32, 32, 12, 72, 72]]
[776, [0, 0, 0, 12, 48, 48]]
[777, [0, 16, 16, 12, 27, 69]]
[778, [0, 32, 32, 12, 6, 90]]
[779, [0, 0, 0, 327, 0, 48]]
[780, [0, 16, 16, 183, 144, 48]]
[781, [0, 32, 32, 39, 267, 69]]
[782, [0, 0, 0, 39, 246, 42]]
[783, [0, 16, 16, 39, 225, 63]]
[784, [0, 32, 32, 39, 204, 84]]
[785, [0, 0, 0, 39, 183, 57]]
[786, [0, 16, 16, 39, 162, 78]]
[787, [0, 32, 32, 54, 141, 99]]
[788, [0, 0, 0, 54, 117, 75]]
[789, [0, 16, 16, 54, 93, 99]]
[790, [0, 32, 32, 54, 69, 123]]
[791, [0, 0, 0, 54, 45, 99]]
[792, [0, 16, 16, 54, 21, 123]]
[793, [0, 32, 32, 54, 0, 144]]
[794, [0, 0, 0, 54, 0, 96]]
[795, [0, 16, 16, 54, 0, 96]]
[796, [0, 32, 32, 54, 0, 96]]
[797, [0, 0, 0, 54, 0, 48]]
[798, [0, 16, 16, 54, 0, 48]]
[799, [0, 32, 32, 369, 0, 48]]
[800, [0, 0, 0, 225, 144, 0]]
[801, [0, 16, 16, 81, 264, 24]]
[802, [0, 32, 32, 81, 240, 48]]
[803, [0, 0, 0, 81, 216, 24]]
[804, [0, 16, 16, 81, 192, 48]]
[805, [0, 32, 32, 81, 168, 72]]
[806, [0, 0, 0, 81, 144, 48]]
[807, [0, 16, 16, 96, 120, 72]]
[808, [0, 32, 32, 96, 96, 96]]
[809, [0, 0, 0, 96, 72, 72]]
[810, [0, 16, 16, 96, 48, 96]]
[811, [0, 32, 32, 96, 24, 120]]
[812, [0, 0, 0, 96, 0, 96]]
[813, [0, 16, 16, 96, 0, 96]]
[814, [0, 32, 32, 96, 0, 96]]
[815, [0, 0, 0, 96, 0, 48]]
[816, [0, 16, 16, 96, 0, 48]]
[817, [0, 32, 32, 96, 0, 48]]
[818, [0, 0, 0, 96, 0, 0]]
[819, [0, 16, 16, 411, 0, 0]]
[820, [0, 32, 32, 267, 144, 0]]
[821, [24, 24, 24, 123, 264, 0]]
[822, [0, 16, 16, 123, 240, 0]]
[823, [0, 32, 32, 123, 216, 24]]
[824, [0, 0, 0, 123, 192, 0]]
[825, [0, 16, 16, 123, 168, 24]]
[826, [0, 32, 32, 123, 144, 48]]
[827, [0, 0, 0, 138, 120, 24]]
[828, [0, 16, 16, 138, 96, 48]]
[829, [0, 32, 32, 138, 72, 72]]
[830, [0, 0, 0, 138, 48, 48]]
[831, [0, 16, 16, 138, 24, 72]]
[832, [0, 32, 32, 138, 0, 96]]
[833, [0, 0, 0, 138, 0, 48]]
[834, [0, 16, 16, 138, 0, 48]]
[835, [0, 32, 32, 138, 0, 48]]
[836, [0, 0, 0, 138, 0, 0]]
[837, [0, 16, 16, 138, 0, 0]]
[838, [0, 32, 32, 138, 0, 0]]
[839, [48, 48, 48, 453, 0, 0]]
[840, [48, 64, 64, 309, 144, 0]]
[841, [24, 56, 56, 165, 264, 0]]
[842, [48, 48, 48, 21, 384, 0]]
[843, [24, 40, 40, 21, 360, 0]]
[844, [0, 32, 32, 21, 336, 0]]
[845, [24, 24, 24, 21, 312, 0]]
[846, [0, 16, 16, 21, 288, 0]]
[847, [0, 32, 32, 36, 264, 24]]
[848, [0, 0, 0, 36, 240, 0]]
[849, [0, 16, 16, 36, 216, 24]]
[850, [0, 32, 32, 36, 192, 48]]
[851, [0, 0, 0, 36, 168, 24]]
[852, [0, 16, 16, 36, 144, 48]]
[853, [0, 32, 32, 36, 120, 72]]
[854, [0, 0, 0, 36, 96, 48]]
[855, [0, 16, 16, 36, 72, 72]]
[856, [0, 32, 32, 36, 48, 96]]
[857, [0, 0, 0, 36, 24, 72]]
[858, [0, 16, 16, 36, 0, 96]]
[859, [0, 32, 32, 351, 0, 96]]
[860, [0, 0, 0, 207, 144, 48]]
[861, [0, 16, 16, 63, 264, 72]]
[862, [0, 32, 32, 63, 240, 96]]
[863, [6, 6, 6, 63, 216, 78]]
[864, [0, 16, 16, 63, 192, 96]]
[865, [0, 32, 32, 63, 168, 120]]
[866, [16, 16, 16, 63, 144, 112]]
[867, [0, 16, 16, 78, 120, 120]]
[868, [0, 32, 32, 78, 96, 144]]
[869, [12, 12, 12, 78, 72, 132]]
[870, [0, 16, 16, 78, 48, 144]]
[871, [0, 32, 32, 78, 24, 168]]
[872, [26, 26, 26, 78, 0, 170]]
[873, [0, 16, 16, 78, 0, 144]]
[874, [0, 32, 32, 78, 0, 144]]
[875, [34, 34, 34, 78, 0, 130]]
[876, [4, 20, 20, 78, 0, 100]]
[877, [0, 32, 32, 78, 0, 96]]
[878, [36, 36, 36, 78, 0, 84]]
[879, [18, 34, 34, 393, 0, 66]]
[880, [0, 32, 32, 249, 144, 48]]
[881, [36, 36, 36, 105, 264, 60]]
[882, [24, 40, 40, 105, 240, 72]]
[883, [0, 32, 32, 105, 216, 72]]
[884, [32, 32, 32, 105, 192, 80]]
[885, [18, 34, 34, 105, 168, 90]]
[886, [4, 36, 36, 105, 144, 100]]
[887, [30, 30, 30, 120, 120, 102]]
[888, [18, 34, 34, 120, 96, 114]]
[889, [10, 42, 42, 120, 72, 130]]
[890, [28, 28, 28, 120, 48, 124]]
[891, [12, 28, 28, 120, 24, 132]]
[892, [0, 32, 32, 120, 0, 144]]
[893, [26, 26, 26, 120, 0, 122]]
[894, [4, 20, 20, 120, 0, 100]]
[895, [0, 32, 32, 120, 0, 96]]
[896, [26, 26, 26, 120, 0, 74]]
[897, [0, 16, 16, 120, 0, 48]]
[898, [0, 32, 32, 120, 0, 48]]
[899, [10, 10, 10, 435, 0, 10]]
[900, [0, 16, 16, 291, 144, 0]]
[901, [0, 32, 32, 147, 264, 24]]
[902, [2, 2, 2, 3, 384, 2]]
[903, [0, 16, 16, 3, 360, 24]]
[904, [0, 32, 32, 3, 336, 48]]
[905, [0, 0, 0, 3, 312, 24]]
[906, [0, 16, 16, 3, 288, 48]]
[907, [0, 32, 32, 18, 264, 72]]
[908, [0, 0, 0, 18, 240, 48]]
[909, [0, 16, 16, 18, 216, 72]]
[910, [0, 32, 32, 18, 192, 96]]
[911, [0, 0, 0, 18, 168, 72]]
[912, [0, 16, 16, 18, 144, 96]]
[913, [0, 32, 32, 18, 120, 120]]
[914, [0, 0, 0, 18, 96, 96]]
[915, [0, 16, 16, 18, 72, 120]]
[916, [0, 32, 32, 18, 48, 144]]
[917, [0, 0, 0, 18, 24, 120]]
[918, [0, 16, 16, 18, 0, 144]]
[919, [0, 32, 32, 333, 0, 144]]
[920, [0, 0, 0, 189, 144, 96]]
[921, [0, 16, 16, 45, 264, 120]]
[922, [0, 32, 32, 45, 240, 144]]
[923, [0, 0, 0, 45, 216, 120]]
[924, [0, 16, 16, 45, 192, 144]]
[925, [0, 32, 32, 45, 168, 168]]
[926, [0, 0, 0, 45, 144, 144]]
[927, [0, 16, 16, 60, 120, 168]]
[928, [0, 32, 32, 60, 96, 192]]
[929, [0, 0, 0, 60, 72, 168]]
[930, [0, 16, 16, 60, 48, 192]]
[931, [0, 32, 32, 60, 24, 216]]
[932, [0, 0, 0, 60, 0, 192]]
[933, [0, 16, 16, 60, 0, 192]]
[934, [0, 32, 32, 60, 0, 192]]
[935, [0, 0, 0, 60, 0, 144]]
[936, [0, 16, 16, 60, 0, 144]]
[937, [0, 32, 32, 60, 0, 144]]
[938, [0, 0, 0, 60, 0, 96]]
[939, [0, 16, 16, 375, 0, 96]]
[940, [0, 32, 32, 231, 144, 96]]
[941, [0, 0, 0, 87, 264, 72]]
[942, [0, 16, 16, 87, 240, 96]]
[943, [0, 32, 32, 87, 216, 120]]
[944, [0, 0, 0, 87, 192, 96]]
[945, [0, 16, 16, 87, 168, 120]]
[946, [0, 32, 32, 87, 144, 144]]
[947, [0, 0, 0, 102, 120, 120]]
[948, [0, 16, 16, 102, 96, 144]]
[949, [0, 32, 32, 102, 72, 168]]
[950, [0, 0, 0, 102, 48, 144]]
[951, [0, 16, 16, 102, 24, 168]]
[952, [0, 32, 32, 102, 0, 192]]
[953, [0, 0, 0, 102, 0, 144]]
[954, [0, 16, 16, 102, 0, 144]]
[955, [0, 32, 32, 102, 0, 144]]
[956, [0, 0, 0, 102, 0, 96]]
[957, [0, 16, 16, 102, 0, 96]]
[958, [0, 32, 32, 102, 0, 96]]
[959, [0, 0, 0, 417, 0, 48]]
[960, [0, 16, 16, 273, 144, 48]]
[961, [0, 32, 32, 129, 264, 72]]
[962, [0, 0, 0, 129, 240, 48]]
[963, [0, 16, 16, 129, 216, 72]]
[964, [0, 32, 32, 129, 192, 96]]
[965, [0, 0, 0, 129, 168, 72]]
[966, [0, 16, 16, 129, 144, 96]]
[967, [0, 32, 32, 144, 120, 120]]
[968, [0, 0, 0, 0, 240, 96]]
[969, [0, 16, 16, 0, 216, 120]]
[970, [0, 32, 32, 0, 192, 144]]
[971, [0, 0, 0, 0, 168, 120]]
[972, [0, 16, 16, 0, 144, 144]]
[973, [0, 32, 32, 0, 120, 168]]
[974, [0, 0, 0, 0, 96, 144]]
[975, [0, 16, 16, 0, 72, 168]]
[976, [0, 32, 32, 0, 48, 192]]
[977, [0, 0, 0, 0, 24, 168]]
[978, [0, 16, 16, 0, 0, 192]]
[979, [0, 32, 32, 315, 0, 192]]
[980, [0, 0, 0, 171, 144, 144]]
[981, [0, 16, 16, 27, 264, 168]]
[982, [0, 32, 32, 27, 240, 192]]
[983, [0, 0, 0, 27, 216, 168]]
[984, [0, 16, 16, 27, 192, 192]]
[985, [0, 32, 32, 27, 168, 216]]
[986, [0, 0, 0, 27, 144, 192]]
[987, [0, 16, 16, 42, 120, 216]]
[988, [0, 32, 32, 42, 96, 240]]
[989, [0, 0, 0, 42, 72, 216]]
[990, [0, 16, 16, 42, 48, 240]]
[991, [0, 32, 32, 42, 24, 264]]
[992, [0, 0, 0, 42, 0, 240]]
[993, [0, 16, 16, 42, 0, 240]]
[994, [0, 32, 32, 42, 0, 240]]
[995, [0, 0, 0, 42, 0, 192]]
[996, [0, 16, 16, 42, 0, 192]]
[997, [0, 32, 32, 42, 0, 192]]
[998, [0, 0, 0, 42, 0, 144]]
[999, [0, 16, 16, 357, 0, 144]]
[1000, [0, 32, 32, 213, 144, 144]]
[1001, [0, 0, 0, 69, 264, 120]]
[1002, [0, 16, 16, 69, 240, 144]]
[1003, [0, 32, 32, 69, 216, 168]]
[1004, [0, 0, 0, 69, 192, 144]]
[1005, [0, 16, 16, 69, 168, 168]]
[1006, [0, 32, 32, 69, 144, 192]]
[1007, [0, 0, 0, 84, 120, 168]]
[1008, [0, 16, 16, 84, 96, 192]]
[1009, [0, 32, 32, 84, 72, 216]]
[1010, [0, 0, 0, 84, 48, 192]]
[1011, [0, 16, 16, 84, 24, 216]]
[1012, [0, 32, 32, 84, 0, 240]]
[1013, [0, 0, 0, 84, 0, 192]]
[1014, [0, 16, 16, 84, 0, 192]]
[1015, [0, 32, 32, 84, 0, 192]]
[1016, [0, 0, 0, 84, 0, 144]]
[1017, [0, 16, 16, 84, 0, 144]]
[1018, [0, 32, 32, 84, 0, 144]]
[1019, [0, 0, 0, 399, 0, 96]]
[1020, [0, 16, 16, 255, 144, 96]]
[1021, [0, 32, 32, 111, 264, 120]]
[1022, [0, 0, 0, 111, 240, 96]]
[1023, [0, 16, 16, 111, 216, 120]]
[1024, [0, 32, 32, 111, 192, 144]]
[1025, [0, 0, 0, 111, 168, 120]]
[1026, [0, 16, 16, 111, 144, 144]]
[1027, [0, 32, 32, 126, 120, 168]]
[1028, [0, 0, 0, 126, 96, 144]]
[1029, [0, 16, 16, 126, 72, 168]]
[1030, [0, 32, 32, 126, 48, 192]]
[1031, [0, 0, 0, 126, 24, 168]]
[1032, [0, 16, 16, 126, 0, 192]]
[1033, [0, 32, 32, 126, 0, 192]]
[1034, [0, 0, 0, 126, 0, 144]]
[1035, [0, 16, 16, 126, 0, 144]]
[1036, [0, 32, 32, 126, 0, 144]]
[1037, [0, 0, 0, 126, 0, 96]]
[1038, [0, 16, 16, 126, 0, 96]]
[1039, [0, 32, 32, 441, 0, 96]]
[1040, [0, 0, 0, 297, 144, 48]]
[1041, [0, 16, 16, 153, 264, 72]]
[1042, [0, 32, 32, 9, 384, 96]]
[1043, [0, 0, 0, 9, 360, 72]]
[1044, [0, 16, 16, 9, 336, 96]]
[1045, [0, 32, 32, 9, 312, 120]]
[1046, [0, 0, 0, 9, 288, 96]]
[1047, [0, 16, 16, 24, 264, 120]]
[1048, [0, 32, 32, 24, 240, 144]]
[1049, [0, 0, 0, 24, 216, 120]]
[1050, [0, 16, 16, 24, 192, 144]]
[1051, [0, 32, 32, 24, 168, 168]]
[1052, [0, 0, 0, 24, 144, 144]]
[1053, [0, 16, 16, 24, 120, 168]]
[1054, [0, 32, 32, 24, 96, 192]]
[1055, [0, 0, 0, 24, 72, 168]]
[1056, [0, 16, 16, 24, 48, 192]]
[1057, [0, 32, 32, 24, 24, 216]]
[1058, [0, 0, 0, 24, 0, 192]]
[1059, [0, 16, 16, 339, 0, 192]]
[1060, [0, 32, 32, 195, 144, 192]]
[1061, [0, 0, 0, 51, 264, 168]]
[1062, [0, 16, 16, 51, 240, 192]]
[1063, [0, 32, 32, 51, 216, 216]]
[1064, [0, 0, 0, 51, 192, 192]]
[1065, [0, 16, 16, 51, 168, 216]]
[1066, [0, 32, 32, 51, 144, 240]]
[1067, [0, 0, 0, 66, 120, 216]]
[1068, [0, 16, 16, 66, 96, 240]]
[1069, [0, 32, 32, 66, 72, 264]]
[1070, [0, 0, 0, 66, 48, 240]]
[1071, [0, 16, 16, 66, 24, 264]]
[1072, [0, 32, 32, 66, 0, 288]]
[1073, [0, 0, 0, 66, 0, 240]]
[1074, [0, 16, 16, 66, 0, 240]]
[1075, [0, 32, 32, 66, 0, 240]]
[1076, [0, 0, 0, 66, 0, 192]]
[1077, [0, 16, 16, 66, 0, 192]]
[1078, [0, 32, 32, 66, 0, 192]]
[1079, [0, 0, 0, 381, 0, 144]]
[1080, [0, 16, 16, 237, 144, 144]]
[1081, [0, 32, 32, 93, 264, 168]]
[1082, [0, 0, 0, 93, 240, 144]]
[1083, [0, 16, 16, 93, 216, 168]]
[1084, [0, 32, 32, 93, 192, 192]]
[1085, [0, 0, 0, 93, 168, 168]]
[1086, [0, 16, 16, 93, 144, 192]]
[1087, [0, 32, 32, 108, 120, 216]]
[1088, [0, 0, 0, 108, 96, 192]]
[1089, [0, 16, 16, 108, 72, 216]]
[1090, [0, 32, 32, 108, 48, 240]]
[1091, [0, 0, 0, 108, 24, 216]]
[1092, [0, 16, 16, 108, 0, 240]]
[1093, [0, 32, 32, 108, 0, 240]]
[1094, [0, 0, 0, 108, 0, 192]]
[1095, [0, 16, 16, 108, 0, 192]]
[1096, [0, 32, 32, 108, 0, 192]]
[1097, [0, 0, 0, 108, 0, 144]]
[1098, [0, 16, 16, 108, 0, 144]]
[1099, [0, 32, 32, 423, 0, 144]]
[1100, [0, 0, 0, 279, 144, 96]]
[1101, [0, 16, 16, 135, 264, 120]]
[1102, [0, 32, 32, 135, 240, 144]]
[1103, [0, 0, 0, 135, 216, 120]]
[1104, [0, 16, 16, 135, 192, 144]]
[1105, [0, 32, 32, 135, 168, 168]]
[1106, [0, 0, 0, 135, 144, 144]]
[1107, [0, 16, 16, 150, 120, 168]]
[1108, [0, 32, 32, 6, 240, 192]]
[1109, [0, 0, 0, 6, 216, 168]]
[1110, [0, 16, 16, 6, 192, 192]]
[1111, [0, 32, 32, 6, 168, 216]]
[1112, [0, 0, 0, 6, 144, 192]]
[1113, [0, 16, 16, 6, 120, 216]]
[1114, [0, 32, 32, 6, 96, 240]]
[1115, [0, 0, 0, 6, 72, 216]]
[1116, [0, 16, 16, 6, 48, 240]]
[1117, [0, 32, 32, 6, 24, 264]]
[1118, [0, 0, 0, 6, 0, 240]]
[1119, [0, 16, 16, 321, 0, 240]]
[1120, [0, 32, 32, 177, 144, 240]]
[1121, [0, 0, 0, 33, 264, 216]]
[1122, [0, 16, 16, 33, 240, 240]]
[1123, [0, 32, 32, 33, 216, 264]]
[1124, [0, 0, 0, 33, 192, 240]]
[1125, [0, 16, 16, 33, 168, 264]]
[1126, [0, 32, 32, 33, 144, 288]]
[1127, [0, 0, 0, 48, 120, 264]]
[1128, [0, 16, 16, 48, 96, 288]]
[1129, [0, 32, 32, 48, 72, 312]]
[1130, [0, 0, 0, 48, 48, 288]]
[1131, [0, 16, 16, 48, 24, 312]]
[1132, [0, 32, 32, 48, 0, 336]]
[1133, [0, 0, 0, 48, 0, 288]]
[1134, [0, 16, 16, 48, 0, 288]]
[1135, [0, 32, 32, 48, 0, 288]]
[1136, [0, 0, 0, 48, 0, 240]]
[1137, [0, 16, 16, 48, 0, 240]]
[1138, [0, 32, 32, 48, 0, 240]]
[1139, [0, 0, 0, 363, 0, 192]]
[1140, [0, 16, 16, 219, 144, 192]]
[1141, [0, 32, 32, 75, 264, 216]]
[1142, [0, 0, 0, 75, 240, 192]]
[1143, [0, 16, 16, 75, 216, 216]]
[1144, [0, 32, 32, 75, 192, 240]]
[1145, [0, 0, 0, 75, 168, 216]]
[1146, [0, 16, 16, 75, 144, 240]]
[1147, [0, 32, 32, 90, 120, 264]]
[1148, [0, 0, 0, 90, 96, 240]]
[1149, [0, 16, 16, 90, 72, 264]]
[1150, [0, 32, 32, 90, 48, 288]]
[1151, [0, 0, 0, 90, 24, 264]]
[1152, [0, 16, 16, 90, 0, 288]]
[1153, [0, 32, 32, 90, 0, 288]]
[1154, [0, 0, 0, 90, 0, 240]]
[1155, [0, 16, 16, 90, 0, 240]]
[1156, [0, 32, 32, 90, 0, 240]]
[1157, [0, 0, 0, 90, 0, 192]]
[1158, [0, 16, 16, 90, 0, 192]]
[1159, [0, 32, 32, 405, 0, 192]]
[1160, [0, 0, 0, 261, 144, 144]]
[1161, [0, 16, 16, 117, 264, 168]]
[1162, [0, 32, 32, 117, 240, 192]]
[1163, [0, 0, 0, 117, 216, 168]]
[1164, [0, 16, 16, 117, 192, 192]]
[1165, [0, 32, 32, 117, 168, 216]]
[1166, [0, 0, 0, 117, 144, 192]]
[1167, [0, 16, 16, 132, 120, 216]]
[1168, [0, 32, 32, 132, 96, 240]]
[1169, [0, 0, 0, 132, 72, 216]]
[1170, [0, 16, 16, 132, 48, 240]]
[1171, [0, 32, 32, 132, 24, 264]]
[1172, [0, 0, 0, 132, 0, 240]]
[1173, [0, 16, 16, 132, 0, 240]]
[1174, [0, 32, 32, 132, 0, 240]]
[1175, [0, 0, 0, 132, 0, 192]]
[1176, [0, 16, 16, 132, 0, 192]]
[1177, [0, 32, 32, 132, 0, 192]]
[1178, [0, 0, 0, 132, 0, 144]]
[1179, [0, 16, 16, 447, 0, 144]]
[1180, [0, 32, 32, 303, 144, 144]]
[1181, [0, 0, 0, 159, 264, 120]]
[1182, [0, 16, 16, 15, 384, 144]]
[1183, [0, 32, 32, 15, 360, 168]]
[1184, [0, 0, 0, 15, 336, 144]]
[1185, [0, 16, 16, 15, 312, 168]]
[1186, [0, 32, 32, 15, 288, 192]]
[1187, [0, 0, 0, 30, 264, 168]]
[1188, [0, 16, 16, 30, 240, 192]]
[1189, [0, 32, 32, 30, 216, 216]]
[1190, [0, 0, 0, 30, 192, 192]]
[1191, [0, 16, 16, 30, 168, 216]]
[1192, [0, 32, 32, 30, 144, 240]]
[1193, [0, 0, 0, 30, 120, 216]]
[1194, [0, 16, 16, 30, 96, 240]]
[1195, [0, 32, 32, 30, 72, 264]]
[1196, [0, 0, 0, 30, 48, 240]]
[1197, [0, 16, 16, 30, 24, 264]]
[1198, [0, 32, 32, 30, 0, 288]]
[1199, [0, 0, 0, 345, 0, 240]]
[1200, [0, 16, 16, 201, 144, 240]]
[1201, [0, 32, 32, 57, 264, 264]]
[1202, [0, 0, 0, 57, 240, 240]]
[1203, [0, 16, 16, 57, 216, 264]]
[1204, [0, 32, 32, 57, 192, 288]]
[1205, [0, 0, 0, 57, 168, 264]]
[1206, [0, 16, 16, 57, 144, 288]]
[1207, [0, 32, 32, 72, 120, 312]]
[1208, [0, 0, 0, 72, 96, 288]]
[1209, [0, 16, 16, 72, 72, 312]]
[1210, [0, 32, 32, 72, 48, 336]]
[1211, [0, 0, 0, 72, 24, 312]]
[1212, [0, 16, 16, 72, 0, 336]]
[1213, [0, 32, 32, 72, 0, 336]]
[1214, [0, 0, 0, 72, 0, 288]]
[1215, [0, 16, 16, 72, 0, 288]]
[1216, [0, 32, 32, 72, 0, 288]]
[1217, [0, 0, 0, 72, 0, 240]]
[1218, [0, 16, 16, 72, 0, 240]]
[1219, [0, 32, 32, 387, 0, 240]]
[1220, [0, 0, 0, 243, 144, 192]]
[1221, [0, 16, 16, 99, 264, 216]]
[1222, [0, 32, 32, 99, 240, 240]]
[1223, [0, 0, 0, 99, 216, 216]]
[1224, [0, 16, 16, 99, 192, 240]]
[1225, [0, 32, 32, 99, 168, 264]]
[1226, [0, 0, 0, 99, 144, 240]]
[1227, [0, 16, 16, 114, 120, 264]]
[1228, [0, 32, 32, 114, 96, 288]]
[1229, [0, 0, 0, 114, 72, 264]]
[1230, [0, 16, 16, 114, 48, 288]]
[1231, [0, 32, 32, 114, 24, 312]]
[1232, [0, 0, 0, 114, 0, 288]]
[1233, [0, 16, 16, 114, 0, 288]]
[1234, [0, 32, 32, 114, 0, 288]]
[1235, [0, 0, 0, 114, 0, 240]]
[1236, [0, 16, 16, 114, 0, 240]]
[1237, [0, 32, 32, 114, 0, 240]]
[1238, [0, 0, 0, 114, 0, 192]]
[1239, [0, 16, 16, 429, 0, 192]]
[1240, [0, 32, 32, 285, 144, 192]]
[1241, [0, 0, 0, 141, 264, 168]]
[1242, [0, 16, 16, 141, 240, 192]]
[1243, [0, 32, 32, 141, 216, 216]]
[1244, [0, 0, 0, 141, 192, 192]]
[1245, [0, 16, 16, 141, 168, 216]]
[1246, [0, 32, 32, 141, 144, 240]]
[1247, [0, 0, 0, 156, 120, 216]]
[1248, [0, 16, 16, 12, 240, 240]]
[1249, [0, 32, 32, 12, 216, 264]]
[1250, [0, 0, 0, 12, 192, 240]]
[1251, [0, 16, 16, 12, 168, 264]]
[1252, [0, 32, 32, 12, 144, 288]]
[1253, [0, 0, 0, 12, 120, 264]]
[1254, [0, 16, 16, 12, 96, 288]]
[1255, [0, 32, 32, 12, 72, 312]]
[1256, [0, 0, 0, 12, 48, 288]]
[1257, [0, 16, 16, 12, 24, 312]]
[1258, [0, 32, 32, 12, 0, 336]]
[1259, [0, 0, 0, 327, 0, 288]]
[1260, [0, 16, 16, 183, 144, 288]]
[1261, [0, 32, 32, 39, 264, 312]]
[1262, [0, 0, 0, 39, 240, 288]]
[1263, [0, 16, 16, 39, 216, 312]]
[1264, [0, 32, 32, 39, 192, 336]]
[1265, [0, 0, 0, 39, 168, 312]]
[1266, [0, 16, 16, 39, 144, 336]]
[1267, [0, 32, 32, 54, 120, 360]]
[1268, [0, 0, 0, 54, 96, 336]]
[1269, [0, 16, 16, 54, 72, 360]]
[1270, [0, 32, 32, 54, 48, 384]]
[1271, [0, 0, 0, 54, 24, 360]]
[1272, [0, 16, 16, 54, 0, 384]]
[1273, [0, 32, 32, 54, 0, 384]]
[1274, [0, 0, 0, 54, 0, 336]]
[1275, [0, 16, 16, 54, 0, 336]]
[1276, [0, 32, 32, 54, 0, 336]]
[1277, [0, 0, 0, 54, 0, 288]]
[1278, [0, 16, 16, 54, 0, 288]]
[1279, [0, 32, 32, 369, 0, 288]]
[1280, [0, 0, 0, 225, 144, 240]]
[1281, [0, 16, 16, 81, 264, 264]]
[1282, [0, 32, 32, 81, 240, 288]]
[1283, [0, 0, 0, 81, 216, 264]]
[1284, [0, 16, 16, 81, 192, 288]]
[1285, [0, 32, 32, 81, 168, 312]]
[1286, [0, 0, 0, 81, 144, 288]]
[1287, [0, 16, 16, 96, 120, 312]]
[1288, [0, 32, 32, 96, 96, 336]]
[1289, [0, 0, 0, 96, 72, 312]]
[1290, [0, 16, 16, 96, 48, 336]]
[1291, [0, 32, 32, 96, 24, 360]]
[1292, [0, 0, 0, 96, 0, 336]]
[1293, [0, 16, 16, 96, 0, 336]]
[1294, [0, 32, 32, 96, 0, 336]]
[1295, [0, 0, 0, 96, 0, 288]]
[1296, [0, 16, 16, 96, 0, 288]]
[1297, [0, 32, 32, 96, 0, 288]]
[1298, [0, 0, 0, 96, 0, 240]]
[1299, [0, 16, 16, 411, 0, 240]]
[1300, [0, 32, 32, 267, 144, 240]]
[1301, [0, 0, 0, 123, 264, 216]]
[1302, [0, 16, 16, 123, 240, 240]]
[1303, [0, 32, 32, 123, 216, 264]]
[1304, [0, 0, 0, 123, 192, 240]]
[1305, [0, 16, 16, 123, 168, 264]]
[1306, [0, 32, 32, 123, 144, 288]]
[1307, [0, 0, 0, 138, 120, 264]]
[1308, [0, 16, 16, 138, 96, 288]]
[1309, [0, 32, 32, 138, 72, 312]]
[1310, [0, 0, 0, 138, 48, 288]]
[1311, [0, 16, 16, 138, 24, 312]]
[1312, [0, 32, 32, 138, 0, 336]]
[1313, [0, 0, 0, 138, 0, 288]]
[1314, [0, 16, 16, 138, 0, 288]]
[1315, [0, 32, 32, 138, 0, 288]]
[1316, [0, 0, 0, 138, 0, 240]]
[1317, [0, 16, 16, 138, 0, 240]]
[1318, [0, 32, 32, 138, 0, 240]]
[1319, [0, 0, 0, 453, 0, 192]]
[1320, [0, 16, 16, 309, 144, 192]]
[1321, [0, 32, 32, 165, 264, 216]]
[1322, [0, 0, 0, 21, 384, 192]]
[1323, [0, 16, 16, 21, 360, 216]]
[1324, [0, 32, 32, 21, 336, 240]]
[1325, [0, 0, 0, 21, 312, 216]]
[1326, [0, 16, 16, 21, 288, 240]]
[1327, [0, 32, 32, 36, 264, 264]]
[1328, [0, 0, 0, 36, 240, 240]]
[1329, [0, 16, 16, 36, 216, 264]]
[1330, [0, 32, 32, 36, 192, 288]]
[1331, [0, 0, 0, 36, 168, 264]]
[1332, [0, 16, 16, 36, 144, 288]]
[1333, [0, 32, 32, 36, 120, 312]]
[1334, [0, 0, 0, 36, 96, 288]]
[1335, [0, 16, 16, 36, 72, 312]]
[1336, [0, 32, 32, 36, 48, 336]]
[1337, [0, 0, 0, 36, 24, 312]]
[1338, [0, 16, 16, 36, 0, 336]]
[1339, [0, 32, 32, 351, 0, 336]]
[1340, [0, 0, 0, 207, 144, 288]]
[1341, [0, 16, 16, 63, 264, 312]]
[1342, [0, 32, 32, 63, 240, 336]]
[1343, [0, 0, 0, 63, 216, 312]]
[1344, [0, 16, 16, 63, 192, 336]]
[1345, [0, 32, 32, 63, 168, 360]]
[1346, [0, 0, 0, 63, 144, 336]]
[1347, [0, 16, 16, 78, 120, 360]]
[1348, [0, 32, 32, 78, 96, 384]]
[1349, [0, 0, 0, 78, 72, 360]]
[1350, [0, 16, 16, 78, 48, 384]]
[1351, [0, 32, 32, 78, 24, 408]]
[1352, [0, 0, 0, 78, 0, 384]]
[1353, [0, 16, 16, 78, 0, 384]]
[1354, [0, 32, 32, 78, 0, 384]]
[1355, [0, 0, 0, 78, 0, 336]]
[1356, [0, 16, 16, 78, 0, 336]]
[1357, [0, 32, 32, 78, 0, 336]]
[1358, [0, 0, 0, 78, 0, 288]]
[1359, [0, 16, 16, 393, 0, 288]]
[1360, [0, 32, 32, 249, 144, 288]]
[1361, [0, 0, 0, 105, 264, 264]]
[1362, [0, 16, 16, 105, 240, 288]]
[1363, [0, 32, 32, 105, 216, 312]]
[1364, [0, 0, 0, 105, 192, 288]]
[1365, [0, 16, 16, 105, 168, 312]]
[1366, [0, 32, 32, 105, 144, 336]]
[1367, [0, 0, 0, 120, 120, 312]]
[1368, [0, 16, 16, 120, 96, 336]]
[1369, [0, 32, 32, 120, 72, 360]]
[1370, [0, 0, 0, 120, 48, 336]]
[1371, [0, 16, 16, 120, 24, 360]]
[1372, [0, 32, 32, 120, 0, 384]]
[1373, [0, 0, 0, 120, 0, 336]]
[1374, [0, 16, 16, 120, 0, 336]]
[1375, [0, 32, 32, 120, 0, 336]]
[1376, [0, 0, 0, 120, 0, 288]]
[1377, [0, 16, 16, 120, 0, 288]]
[1378, [0, 32, 32, 120, 0, 288]]
[1379, [0, 0, 0, 435, 0, 240]]
[1380, [0, 16, 16, 291, 144, 240]]
[1381, [0, 32, 32, 147, 264, 264]]
[1382, [0, 0, 0, 3, 384, 240]]
[1383, [0, 16, 16, 3, 360, 264]]
[1384, [0, 32, 32, 3, 336, 288]]
[1385, [0, 0, 0, 3, 312, 264]]
[1386, [0, 16, 16, 3, 288, 288]]
[1387, [0, 32, 32, 18, 264, 312]]
[1388, [0, 0, 0, 18, 240, 288]]
[1389, [0, 16, 16, 18, 216, 312]]
[1390, [0, 32, 32, 18, 192, 336]]
[1391, [0, 0, 0, 18, 168, 312]]
[1392, [0, 16, 16, 18, 144, 336]]
[1393, [0, 32, 32, 18, 120, 360]]
[1394, [0, 0, 0, 18, 96, 336]]
[1395, [0, 16, 16, 18, 72, 360]]
[1396, [0, 32, 32, 18, 48, 384]]
[1397, [0, 0, 0, 18, 24, 360]]
[1398, [0, 16, 16, 18, 0, 384]]
[1399, [0, 32, 32, 333, 0, 384]]
[1400, [0, 0, 0, 189, 144, 336]]
[1401, [0, 16, 16, 45, 264, 360]]
[1402, [0, 32, 32, 45, 240, 384]]
[1403, [0, 0, 0, 45, 216, 360]]
[1404, [0, 16, 16, 45, 192, 384]]
[1405, [0, 32, 32, 45, 168, 408]]
[1406, [0, 0, 0, 45, 144, 384]]
[1407, [0, 16, 16, 60, 120, 408]]
[1408, [0, 32, 32, 60, 96, 432]]
[1409, [0, 0, 0, 60, 72, 408]]
[1410, [0, 16, 16, 60, 48, 432]]
[1411, [0, 32, 32, 60, 24, 456]]
[1412, [0, 0, 0, 60, 0, 432]]
[1413, [0, 16, 16, 60, 0, 432]]
[1414, [0, 32, 32, 60, 0, 432]]
[1415, [0, 0, 0, 60, 0, 384]]
[1416, [0, 16, 16, 60, 0, 384]]
[1417, [0, 32, 32, 60, 0, 384]]
[1418, [0, 0, 0, 60, 0, 336]]
[1419, [0, 16, 16, 375, 0, 336]]
[1420, [0, 32, 32, 231, 144, 336]]
[1421, [0, 0, 0, 87, 264, 312]]
[1422, [0, 16, 16, 87, 240, 336]]
[1423, [0, 32, 32, 87, 216, 360]]
[1424, [0, 0, 0, 87, 192, 336]]
[1425, [0, 16, 16, 87, 168, 360]]
[1426, [0, 32, 32, 87, 144, 384]]
[1427, [0, 0, 0, 102, 120, 360]]
[1428, [0, 16, 16, 102, 96, 384]]
[1429, [0, 32, 32, 102, 72, 408]]
[1430, [0, 0, 0, 102, 48, 384]]
[1431, [0, 16, 16, 102, 24, 408]]
[1432, [0, 32, 32, 102, 0, 432]]
[1433, [0, 0, 0, 102, 0, 384]]
[1434, [0, 16, 16, 102, 0, 384]]
[1435, [0, 32, 32, 102, 0, 384]]
[1436, [0, 0, 0, 102, 0, 336]]
[1437, [0, 16, 16, 102, 0, 336]]
[1438, [0, 32, 32, 102, 0, 336]]
[1439, [0, 0, 0, 417, 0, 288]]
