SimulationV05.py[0, [0, 16, 16, 0, 0, 0]]
[1, [0, 32, 32, 0, 0, 0]]
[2, [48, 48, 48, 0, 0, 0]]
[3, [48, 64, 64, 0, 0, 0]]
[4, [48, 80, 80, 0, 0, 0]]
[5, [96, 96, 96, 0, 0, 0]]
[6, [96, 112, 112, 0, 0, 0]]
[7, [96, 128, 128, 0, 0, 0]]
[8, [144, 144, 144, 0, 0, 0]]
[9, [144, 160, 160, 0, 0, 0]]
[10, [144, 176, 176, 0, 0, 0]]
[11, [192, 192, 192, 0, 0, 0]]
[12, [192, 208, 208, 0, 0, 0]]
[13, [192, 224, 224, 0, 0, 0]]
[14, [240, 240, 240, 0, 0, 0]]
[15, [240, 256, 256, 0, 0, 0]]
[16, [240, 272, 272, 0, 0, 0]]
[17, [288, 288, 288, 0, 0, 0]]
[18, [288, 304, 304, 0, 0, 0]]
[19, [288, 320, 320, 330, 0, 0]]
[20, [336, 336, 336, 186, 144, 0]]
[21, [312, 328, 328, 42, 264, 0]]
[22, [288, 320, 320, 42, 240, 0]]
[23, [312, 312, 312, 42, 216, 0]]
[24, [288, 304, 304, 42, 192, 0]]
[25, [264, 296, 296, 42, 168, 0]]
[26, [288, 288, 288, 42, 144, 0]]
[27, [264, 280, 280, 42, 120, 0]]
[28, [240, 272, 272, 42, 96, 0]]
[29, [264, 264, 264, 42, 72, 0]]
[30, [240, 256, 256, 42, 48, 0]]
[31, [216, 248, 248, 42, 24, 0]]
[32, [240, 240, 240, 42, 0, 0]]
[33, [240, 256, 256, 42, 0, 0]]
[34, [240, 272, 272, 42, 0, 0]]
[35, [288, 288, 288, 42, 0, 0]]
[36, [288, 304, 304, 42, 0, 0]]
[37, [288, 320, 320, 42, 0, 0]]
[38, [336, 336, 336, 42, 0, 0]]
[39, [336, 352, 352, 372, 0, 0]]
[40, [336, 368, 368, 228, 144, 0]]
[41, [360, 360, 360, 84, 264, 0]]
[42, [336, 352, 352, 84, 240, 0]]
[43, [312, 344, 344, 84, 216, 0]]
[44, [336, 336, 336, 84, 192, 0]]
[45, [312, 328, 328, 84, 168, 0]]
[46, [288, 320, 320, 84, 144, 0]]
[47, [312, 312, 312, 84, 120, 0]]
[48, [288, 304, 304, 84, 96, 0]]
[49, [264, 296, 296, 84, 72, 0]]
[50, [288, 288, 288, 84, 48, 0]]
[51, [264, 280, 280, 84, 24, 0]]
[52, [240, 272, 272, 84, 0, 0]]
[53, [288, 288, 288, 84, 0, 0]]
[54, [288, 304, 304, 84, 0, 0]]
[55, [288, 320, 320, 84, 0, 0]]
[56, [336, 336, 336, 84, 0, 0]]
[57, [336, 352, 352, 84, 0, 0]]
[58, [336, 368, 368, 84, 0, 0]]
[59, [384, 384, 384, 414, 0, 0]]
[60, [384, 400, 400, 270, 144, 0]]
[61, [360, 392, 392, 126, 264, 0]]
[62, [384, 384, 384, 126, 240, 0]]
[63, [360, 376, 376, 126, 216, 0]]
[64, [336, 368, 368, 126, 192, 0]]
[65, [360, 360, 360, 126, 168, 0]]
[66, [336, 352, 352, 126, 144, 0]]
[67, [312, 344, 344, 126, 120, 0]]
[68, [336, 336, 336, 126, 96, 0]]
[69, [312, 328, 328, 126, 72, 0]]
[70, [288, 320, 320, 126, 48, 0]]
[71, [312, 312, 312, 126, 24, 0]]
[72, [288, 304, 304, 126, 0, 0]]
[73, [288, 320, 320, 126, 0, 0]]
[74, [336, 336, 336, 126, 0, 0]]
[75, [336, 352, 352, 126, 0, 0]]
[76, [336, 368, 368, 126, 0, 0]]
[77, [384, 384, 384, 126, 0, 0]]
[78, [384, 400, 400, 126, 0, 0]]
[79, [384, 416, 416, 456, 0, 0]]
[80, [432, 432, 432, 312, 144, 0]]
[81, [408, 424, 424, 168, 264, 0]]
[82, [384, 416, 416, 24, 384, 0]]
[83, [408, 408, 408, 24, 360, 0]]
[84, [384, 400, 400, 24, 336, 0]]
[85, [360, 392, 392, 24, 312, 0]]
[86, [384, 384, 384, 24, 288, 0]]
[87, [360, 376, 376, 24, 264, 0]]
[88, [336, 368, 368, 24, 240, 0]]
[89, [360, 360, 360, 24, 216, 0]]
[90, [336, 352, 352, 24, 192, 0]]
[91, [312, 344, 344, 24, 168, 0]]
[92, [336, 336, 336, 24, 144, 0]]
[93, [312, 328, 328, 24, 120, 0]]
[94, [288, 320, 320, 24, 96, 0]]
[95, [312, 312, 312, 24, 72, 0]]
[96, [288, 304, 304, 24, 48, 0]]
[97, [264, 296, 296, 24, 24, 0]]
[98, [288, 288, 288, 24, 0, 0]]
[99, [288, 304, 304, 354, 0, 0]]
[100, [288, 320, 320, 210, 144, 0]]
[101, [312, 312, 312, 66, 264, 0]]
[102, [288, 304, 304, 66, 240, 0]]
[103, [264, 296, 296, 66, 216, 0]]
[104, [288, 288, 288, 66, 192, 0]]
[105, [264, 280, 280, 66, 168, 0]]
[106, [240, 272, 272, 66, 144, 0]]
[107, [264, 264, 264, 66, 120, 0]]
[108, [240, 256, 256, 66, 96, 0]]
[109, [216, 248, 248, 66, 72, 0]]
[110, [240, 240, 240, 66, 48, 0]]
[111, [216, 232, 232, 66, 24, 0]]
[112, [192, 224, 224, 66, 0, 0]]
[113, [240, 240, 240, 66, 0, 0]]
[114, [240, 256, 256, 66, 0, 0]]
[115, [240, 272, 272, 66, 0, 0]]
[116, [288, 288, 288, 66, 0, 0]]
[117, [288, 304, 304, 66, 0, 0]]
[118, [288, 320, 320, 66, 0, 0]]
[119, [336, 336, 336, 396, 0, 0]]
[120, [336, 352, 352, 252, 144, 0]]
[121, [312, 344, 344, 108, 264, 0]]
[122, [336, 336, 336, 108, 240, 0]]
[123, [312, 328, 328, 108, 216, 0]]
[124, [288, 320, 320, 108, 192, 0]]
[125, [334, 334, 334, 108, 168, 22]]
[126, [334, 350, 350, 108, 144, 46]]
[127, [334, 366, 366, 108, 120, 70]]
[128, [366, 366, 366, 108, 96, 78]]
[129, [364, 380, 380, 108, 72, 100]]
[130, [356, 388, 388, 108, 48, 116]]
[131, [400, 400, 400, 108, 24, 136]]
[132, [398, 414, 414, 108, 0, 158]]
[133, [396, 428, 428, 108, 0, 156]]
[134, [442, 442, 442, 108, 0, 154]]
[135, [438, 454, 454, 108, 0, 150]]
[136, [438, 470, 470, 108, 0, 150]]
[137, [484, 484, 484, 108, 0, 148]]
[138, [484, 500, 500, 108, 0, 148]]
[139, [480, 512, 512, 438, 0, 144]]
[140, [526, 526, 526, 294, 144, 142]]
[141, [514, 530, 530, 150, 264, 154]]
[142, [512, 544, 544, 6, 384, 176]]
[143, [546, 546, 546, 6, 360, 186]]
[144, [538, 554, 554, 6, 336, 202]]
[145, [528, 560, 560, 6, 312, 216]]
[146, [560, 560, 560, 6, 288, 224]]
[147, [548, 564, 564, 6, 264, 236]]
[148, [522, 554, 554, 6, 240, 234]]
[149, [558, 558, 558, 6, 216, 246]]
[150, [542, 558, 558, 6, 192, 254]]
[151, [532, 564, 564, 6, 168, 268]]
[152, [566, 566, 566, 6, 144, 278]]
[153, [544, 560, 560, 6, 120, 280]]
[154, [532, 564, 564, 6, 96, 292]]
[155, [554, 554, 554, 6, 72, 290]]
[156, [542, 558, 558, 6, 48, 302]]
[157, [518, 550, 550, 6, 24, 302]]
[158, [534, 534, 534, 6, 0, 294]]
[159, [504, 520, 520, 336, 0, 264]]
[160, [462, 494, 494, 192, 144, 222]]
[161, [496, 496, 496, 48, 264, 232]]
[162, [470, 486, 486, 48, 240, 230]]
[163, [458, 490, 490, 48, 216, 242]]
[164, [470, 470, 470, 48, 192, 230]]
[165, [436, 452, 452, 48, 168, 220]]
[166, [400, 432, 432, 48, 144, 208]]
[167, [402, 402, 402, 48, 120, 186]]
[168, [388, 404, 404, 48, 96, 196]]
[169, [362, 394, 394, 48, 72, 194]]
[170, [398, 398, 398, 48, 48, 206]]
[171, [360, 376, 376, 48, 24, 192]]
[172, [326, 358, 358, 48, 0, 182]]
[173, [338, 338, 338, 48, 0, 146]]
[174, [292, 308, 308, 48, 0, 100]]
[175, [278, 310, 310, 48, 0, 86]]
[176, [300, 300, 300, 48, 0, 60]]
[177, [288, 304, 304, 48, 0, 48]]
[178, [248, 280, 280, 48, 0, 8]]
[179, [288, 288, 288, 378, 0, 0]]
[180, [288, 304, 304, 234, 144, 0]]
[181, [264, 296, 296, 90, 264, 0]]
[182, [288, 288, 288, 90, 240, 0]]
[183, [264, 280, 280, 90, 216, 0]]
[184, [240, 272, 272, 90, 192, 0]]
[185, [264, 264, 264, 90, 168, 0]]
[186, [240, 256, 256, 90, 144, 0]]
[187, [216, 248, 248, 90, 120, 0]]
[188, [240, 240, 240, 90, 96, 0]]
[189, [216, 232, 232, 90, 72, 0]]
[190, [192, 224, 224, 90, 48, 0]]
[191, [216, 216, 216, 90, 24, 0]]
[192, [192, 208, 208, 90, 0, 0]]
[193, [192, 224, 224, 90, 0, 0]]
[194, [240, 240, 240, 90, 0, 0]]
[195, [240, 256, 256, 90, 0, 0]]
[196, [240, 272, 272, 90, 0, 0]]
[197, [288, 288, 288, 90, 0, 0]]
[198, [288, 304, 304, 90, 0, 0]]
[199, [288, 320, 320, 420, 0, 0]]
[200, [336, 336, 336, 276, 144, 0]]
[201, [312, 328, 328, 132, 264, 0]]
[202, [288, 320, 320, 132, 240, 0]]
[203, [312, 312, 312, 132, 216, 0]]
[204, [288, 304, 304, 132, 192, 0]]
[205, [264, 296, 296, 132, 168, 0]]
[206, [288, 288, 288, 132, 144, 0]]
[207, [264, 280, 280, 132, 120, 0]]
[208, [240, 272, 272, 132, 96, 0]]
[209, [264, 264, 264, 132, 72, 0]]
[210, [240, 256, 256, 132, 48, 0]]
[211, [216, 248, 248, 132, 24, 0]]
[212, [240, 240, 240, 132, 0, 0]]
[213, [240, 256, 256, 132, 0, 0]]
[214, [240, 272, 272, 132, 0, 0]]
[215, [288, 288, 288, 132, 0, 0]]
[216, [288, 304, 304, 132, 0, 0]]
[217, [288, 320, 320, 132, 0, 0]]
[218, [336, 336, 336, 132, 0, 0]]
[219, [336, 352, 352, 462, 0, 0]]
[220, [336, 368, 368, 318, 144, 0]]
[221, [360, 360, 360, 174, 264, 0]]
[222, [336, 352, 352, 30, 384, 0]]
[223, [312, 344, 344, 30, 360, 0]]
[224, [336, 336, 336, 30, 336, 0]]
[225, [312, 328, 328, 30, 312, 0]]
[226, [288, 320, 320, 30, 288, 0]]
[227, [312, 312, 312, 30, 264, 0]]
[228, [288, 304, 304, 30, 240, 0]]
[229, [264, 296, 296, 30, 216, 0]]
[230, [288, 288, 288, 30, 192, 0]]
[231, [264, 280, 280, 30, 168, 0]]
[232, [240, 272, 272, 30, 144, 0]]
[233, [264, 264, 264, 30, 120, 0]]
[234, [240, 256, 256, 30, 96, 0]]
[235, [216, 248, 248, 30, 72, 0]]
[236, [240, 240, 240, 30, 48, 0]]
[237, [216, 232, 232, 30, 24, 0]]
[238, [192, 224, 224, 30, 0, 0]]
[239, [240, 240, 240, 360, 0, 0]]
[240, [240, 256, 256, 216, 144, 0]]
[241, [216, 248, 248, 72, 264, 0]]
[242, [240, 240, 240, 72, 240, 0]]
[243, [216, 232, 232, 72, 216, 0]]
[244, [192, 224, 224, 72, 192, 0]]
[245, [216, 216, 216, 72, 168, 0]]
[246, [192, 208, 208, 72, 144, 0]]
[247, [168, 200, 200, 72, 120, 0]]
[248, [192, 192, 192, 72, 96, 0]]
[249, [168, 184, 184, 72, 72, 0]]
[250, [144, 176, 176, 72, 48, 0]]
[251, [168, 168, 168, 72, 24, 0]]
[252, [144, 160, 160, 72, 0, 0]]
[253, [144, 176, 176, 72, 0, 0]]
[254, [192, 192, 192, 72, 0, 0]]
[255, [192, 208, 208, 72, 0, 0]]
[256, [192, 224, 224, 72, 0, 0]]
[257, [240, 240, 240, 72, 0, 0]]
[258, [240, 256, 256, 72, 0, 0]]
[259, [240, 272, 272, 402, 0, 0]]
[260, [288, 288, 288, 258, 144, 0]]
[261, [264, 280, 280, 114, 264, 0]]
[262, [240, 272, 272, 114, 240, 0]]
[263, [264, 264, 264, 114, 216, 0]]
[264, [240, 256, 256, 114, 192, 0]]
[265, [216, 248, 248, 114, 168, 0]]
[266, [240, 240, 240, 114, 144, 0]]
[267, [234, 250, 250, 114, 120, 18]]
[268, [220, 252, 252, 114, 96, 28]]
[269, [250, 250, 250, 114, 72, 34]]
[270, [234, 250, 250, 114, 48, 42]]
[271, [220, 252, 252, 114, 24, 52]]
[272, [256, 256, 256, 114, 0, 64]]
[273, [242, 258, 258, 114, 0, 50]]
[274, [236, 268, 268, 114, 0, 44]]
[275, [276, 276, 276, 114, 0, 36]]
[276, [262, 278, 278, 114, 0, 22]]
[277, [254, 286, 286, 114, 0, 14]]
[278, [292, 292, 292, 114, 0, 4]]
[279, [288, 304, 304, 444, 0, 0]]
[280, [288, 320, 320, 300, 144, 0]]
[281, [322, 322, 322, 156, 264, 10]]
[282, [314, 330, 330, 12, 384, 26]]
[283, [310, 342, 342, 12, 360, 46]]
[284, [350, 350, 350, 12, 336, 62]]
[285, [344, 360, 360, 12, 312, 80]]
[286, [340, 372, 372, 12, 288, 100]]
[287, [382, 382, 382, 12, 264, 118]]
[288, [362, 378, 378, 12, 240, 122]]
[289, [352, 384, 384, 12, 216, 136]]
[290, [392, 392, 392, 12, 192, 152]]
[291, [380, 396, 396, 12, 168, 164]]
[292, [376, 408, 408, 12, 144, 184]]
[293, [416, 416, 416, 12, 120, 200]]
[294, [410, 426, 426, 12, 96, 218]]
[295, [388, 420, 420, 12, 72, 220]]
[296, [430, 430, 430, 12, 48, 238]]
[297, [412, 428, 428, 12, 24, 244]]
[298, [396, 428, 428, 12, 0, 252]]
[299, [432, 432, 432, 342, 0, 240]]
[300, [414, 430, 430, 198, 144, 222]]
[301, [394, 426, 426, 54, 264, 226]]
[302, [414, 414, 414, 54, 240, 222]]
[303, [406, 422, 422, 54, 216, 238]]
[304, [382, 414, 414, 54, 192, 238]]
[305, [410, 410, 410, 54, 168, 242]]
[306, [388, 404, 404, 54, 144, 244]]
[307, [364, 396, 396, 54, 120, 244]]
[308, [386, 386, 386, 54, 96, 242]]
[309, [352, 368, 368, 54, 72, 232]]
[310, [338, 370, 370, 54, 48, 242]]
[311, [362, 362, 362, 54, 24, 242]]
[312, [332, 348, 348, 54, 0, 236]]
[313, [308, 340, 340, 54, 0, 212]]
[314, [326, 326, 326, 54, 0, 182]]
[315, [300, 316, 316, 54, 0, 156]]
[316, [266, 298, 298, 54, 0, 122]]
[317, [294, 294, 294, 54, 0, 102]]
[318, [266, 282, 282, 54, 0, 74]]
[319, [232, 264, 264, 384, 0, 40]]
[320, [254, 254, 254, 240, 144, 14]]
[321, [222, 238, 238, 96, 264, 6]]
[322, [196, 228, 228, 96, 240, 4]]
[323, [216, 216, 216, 96, 216, 0]]
[324, [192, 208, 208, 96, 192, 0]]
[325, [168, 200, 200, 96, 168, 0]]
[326, [192, 192, 192, 96, 144, 0]]
[327, [168, 184, 184, 96, 120, 0]]
[328, [144, 176, 176, 96, 96, 0]]
[329, [168, 168, 168, 96, 72, 0]]
[330, [144, 160, 160, 96, 48, 0]]
[331, [120, 152, 152, 96, 24, 0]]
[332, [144, 144, 144, 96, 0, 0]]
[333, [144, 160, 160, 96, 0, 0]]
[334, [144, 176, 176, 96, 0, 0]]
[335, [192, 192, 192, 96, 0, 0]]
[336, [192, 208, 208, 96, 0, 0]]
[337, [192, 224, 224, 96, 0, 0]]
[338, [240, 240, 240, 96, 0, 0]]
[339, [240, 256, 256, 426, 0, 0]]
[340, [240, 272, 272, 282, 144, 0]]
[341, [264, 264, 264, 138, 264, 0]]
[342, [240, 256, 256, 138, 240, 0]]
[343, [216, 248, 248, 138, 216, 0]]
[344, [240, 240, 240, 138, 192, 0]]
[345, [216, 232, 232, 138, 168, 0]]
[346, [192, 224, 224, 138, 144, 0]]
[347, [216, 216, 216, 138, 120, 0]]
[348, [192, 208, 208, 138, 96, 0]]
[349, [168, 200, 200, 138, 72, 0]]
[350, [192, 192, 192, 138, 48, 0]]
[351, [168, 184, 184, 138, 24, 0]]
[352, [144, 176, 176, 138, 0, 0]]
[353, [192, 192, 192, 138, 0, 0]]
[354, [192, 208, 208, 138, 0, 0]]
[355, [192, 224, 224, 138, 0, 0]]
[356, [240, 240, 240, 138, 0, 0]]
[357, [240, 256, 256, 138, 0, 0]]
[358, [240, 272, 272, 138, 0, 0]]
[359, [288, 288, 288, 468, 0, 0]]
[360, [288, 304, 304, 324, 144, 0]]
[361, [264, 296, 296, 180, 264, 0]]
[362, [288, 288, 288, 36, 384, 0]]
[363, [264, 280, 280, 36, 360, 0]]
[364, [240, 272, 272, 36, 336, 0]]
[365, [264, 264, 264, 36, 312, 0]]
[366, [240, 256, 256, 36, 288, 0]]
[367, [216, 248, 248, 36, 264, 0]]
[368, [240, 240, 240, 36, 240, 0]]
[369, [216, 232, 232, 36, 216, 0]]
[370, [192, 224, 224, 36, 192, 0]]
[371, [216, 216, 216, 36, 168, 0]]
[372, [192, 208, 208, 36, 144, 0]]
[373, [168, 200, 200, 36, 120, 0]]
[374, [192, 192, 192, 36, 96, 0]]
[375, [168, 184, 184, 36, 72, 0]]
[376, [144, 176, 176, 36, 48, 0]]
[377, [168, 168, 168, 36, 24, 0]]
[378, [144, 160, 160, 36, 0, 0]]
[379, [144, 176, 176, 366, 0, 0]]
[380, [192, 192, 192, 222, 144, 0]]
[381, [168, 184, 184, 78, 264, 0]]
[382, [144, 176, 176, 78, 240, 0]]
[383, [168, 168, 168, 78, 216, 0]]
[384, [144, 160, 160, 78, 192, 0]]
[385, [120, 152, 152, 78, 168, 0]]
[386, [144, 144, 144, 78, 144, 0]]
[387, [120, 136, 136, 78, 120, 0]]
[388, [96, 128, 128, 78, 96, 0]]
[389, [120, 120, 120, 78, 72, 0]]
[390, [96, 112, 112, 78, 48, 0]]
[391, [72, 104, 104, 78, 24, 0]]
[392, [96, 96, 96, 78, 0, 0]]
[393, [96, 112, 112, 78, 0, 0]]
[394, [96, 128, 128, 78, 0, 0]]
[395, [144, 144, 144, 78, 0, 0]]
[396, [144, 160, 160, 78, 0, 0]]
[397, [144, 176, 176, 78, 0, 0]]
[398, [192, 192, 192, 78, 0, 0]]
[399, [192, 208, 208, 408, 0, 0]]
[400, [192, 224, 224, 264, 144, 0]]
[401, [216, 216, 216, 120, 264, 0]]
[402, [192, 208, 208, 120, 240, 0]]
[403, [168, 200, 200, 120, 216, 0]]
[404, [192, 192, 192, 120, 192, 0]]
[405, [168, 184, 184, 120, 168, 0]]
[406, [144, 176, 176, 120, 144, 0]]
[407, [168, 168, 168, 120, 120, 0]]
[408, [144, 160, 160, 120, 96, 0]]
[409, [120, 152, 152, 120, 72, 0]]
[410, [144, 144, 144, 120, 48, 0]]
[411, [122, 138, 138, 120, 24, 2]]
[412, [100, 132, 132, 120, 0, 4]]
[413, [144, 144, 144, 120, 0, 0]]
[414, [144, 160, 160, 120, 0, 0]]
[415, [144, 176, 176, 120, 0, 0]]
[416, [192, 192, 192, 120, 0, 0]]
[417, [192, 208, 208, 120, 0, 0]]
[418, [192, 224, 224, 120, 0, 0]]
[419, [240, 240, 240, 450, 0, 0]]
[420, [240, 256, 256, 306, 144, 0]]
[421, [216, 248, 248, 162, 264, 0]]
[422, [240, 240, 240, 18, 384, 0]]
[423, [216, 232, 232, 18, 360, 0]]
[424, [198, 230, 230, 18, 336, 6]]
[425, [244, 244, 244, 18, 312, 28]]
[426, [242, 258, 258, 18, 288, 50]]
[427, [240, 272, 272, 18, 264, 72]]
[428, [264, 264, 264, 18, 240, 72]]
[429, [250, 266, 266, 18, 216, 82]]
[430, [230, 262, 262, 18, 192, 86]]
[431, [264, 264, 264, 18, 168, 96]]
[432, [262, 278, 278, 18, 144, 118]]
[433, [258, 290, 290, 18, 120, 138]]
[434, [302, 302, 302, 18, 96, 158]]
[435, [288, 304, 304, 18, 72, 168]]
[436, [280, 312, 312, 18, 48, 184]]
[437, [312, 312, 312, 18, 24, 192]]
[438, [304, 320, 320, 18, 0, 208]]
[439, [296, 328, 328, 348, 0, 200]]
[440, [336, 336, 336, 204, 144, 192]]
[441, [330, 346, 346, 60, 264, 210]]
[442, [316, 348, 348, 60, 240, 220]]
[443, [354, 354, 354, 60, 216, 234]]
[444, [336, 352, 352, 60, 192, 240]]
[445, [322, 354, 354, 60, 168, 250]]
[446, [350, 350, 350, 60, 144, 254]]
[447, [334, 350, 350, 60, 120, 262]]
[448, [314, 346, 346, 60, 96, 266]]
[449, [342, 342, 342, 60, 72, 270]]
[450, [324, 340, 340, 60, 48, 276]]
[451, [304, 336, 336, 60, 24, 280]]
[452, [334, 334, 334, 60, 0, 286]]
[453, [314, 330, 330, 60, 0, 266]]
[454, [298, 330, 330, 60, 0, 250]]
[455, [326, 326, 326, 60, 0, 230]]
[456, [308, 324, 324, 60, 0, 212]]
[457, [288, 320, 320, 60, 0, 192]]
[458, [302, 302, 302, 60, 0, 158]]
[459, [278, 294, 294, 390, 0, 134]]
[460, [254, 286, 286, 246, 144, 110]]
[461, [286, 286, 286, 102, 264, 118]]
[462, [266, 282, 282, 102, 240, 122]]
[463, [248, 280, 280, 102, 216, 128]]
[464, [266, 266, 266, 102, 192, 122]]
[465, [226, 242, 242, 102, 168, 106]]
[466, [192, 224, 224, 102, 144, 96]]
[467, [206, 206, 206, 102, 120, 86]]
[468, [190, 206, 206, 102, 96, 94]]
[469, [170, 202, 202, 102, 72, 98]]
[470, [200, 200, 200, 102, 48, 104]]
[471, [166, 182, 182, 102, 24, 94]]
[472, [126, 158, 158, 102, 0, 78]]
[473, [138, 138, 138, 102, 0, 42]]
[474, [100, 116, 116, 102, 0, 4]]
[475, [96, 128, 128, 102, 0, 0]]
[476, [144, 144, 144, 102, 0, 0]]
[477, [144, 160, 160, 102, 0, 0]]
[478, [144, 176, 176, 102, 0, 0]]
[479, [192, 192, 192, 432, 0, 0]]
[480, [192, 208, 208, 288, 144, 0]]
[481, [168, 200, 200, 144, 264, 0]]
[482, [192, 192, 192, 0, 384, 0]]
[483, [168, 184, 184, 0, 360, 0]]
[484, [144, 176, 176, 0, 336, 0]]
[485, [168, 168, 168, 0, 312, 0]]
[486, [144, 160, 160, 0, 288, 0]]
[487, [120, 152, 152, 0, 264, 0]]
[488, [144, 144, 144, 0, 240, 0]]
[489, [120, 136, 136, 0, 216, 0]]
[490, [96, 128, 128, 0, 192, 0]]
[491, [120, 120, 120, 0, 168, 0]]
[492, [96, 112, 112, 0, 144, 0]]
[493, [72, 104, 104, 0, 120, 0]]
[494, [96, 96, 96, 0, 96, 0]]
[495, [72, 88, 88, 0, 72, 0]]
[496, [48, 80, 80, 0, 48, 0]]
[497, [72, 72, 72, 0, 24, 0]]
[498, [48, 64, 64, 0, 0, 0]]
[499, [48, 80, 80, 330, 0, 0]]
[500, [96, 96, 96, 186, 144, 0]]
[501, [72, 88, 88, 42, 264, 0]]
[502, [48, 80, 80, 42, 240, 0]]
[503, [72, 72, 72, 42, 216, 0]]
[504, [48, 64, 64, 42, 192, 0]]
[505, [24, 56, 56, 42, 168, 0]]
[506, [48, 48, 48, 42, 144, 0]]
[507, [24, 40, 40, 42, 120, 0]]
[508, [0, 32, 32, 42, 96, 0]]
[509, [24, 24, 24, 42, 72, 0]]
[510, [0, 16, 16, 42, 48, 0]]
[511, [0, 32, 32, 42, 24, 24]]
[512, [0, 0, 0, 42, 0, 0]]
[513, [0, 16, 16, 42, 0, 0]]
[514, [0, 32, 32, 42, 0, 0]]
[515, [48, 48, 48, 42, 0, 0]]
[516, [48, 64, 64, 42, 0, 0]]
[517, [48, 80, 80, 42, 0, 0]]
[518, [96, 96, 96, 42, 0, 0]]
[519, [96, 112, 112, 372, 0, 0]]
[520, [96, 128, 128, 228, 144, 0]]
[521, [120, 120, 120, 84, 264, 0]]
[522, [96, 112, 112, 84, 240, 0]]
[523, [72, 104, 104, 84, 216, 0]]
[524, [96, 96, 96, 84, 192, 0]]
[525, [72, 88, 88, 84, 168, 0]]
[526, [48, 80, 80, 84, 144, 0]]
[527, [72, 72, 72, 84, 120, 0]]
[528, [48, 64, 64, 84, 96, 0]]
[529, [24, 56, 56, 84, 72, 0]]
[530, [48, 48, 48, 84, 48, 0]]
[531, [24, 40, 40, 84, 24, 0]]
[532, [0, 32, 32, 84, 0, 0]]
[533, [48, 48, 48, 84, 0, 0]]
[534, [48, 64, 64, 84, 0, 0]]
[535, [48, 80, 80, 84, 0, 0]]
[536, [96, 96, 96, 84, 0, 0]]
[537, [96, 112, 112, 84, 0, 0]]
[538, [96, 128, 128, 84, 0, 0]]
[539, [144, 144, 144, 414, 0, 0]]
[540, [144, 160, 160, 270, 144, 0]]
[541, [120, 152, 152, 126, 264, 0]]
[542, [144, 144, 144, 126, 240, 0]]
[543, [120, 136, 136, 126, 216, 0]]
[544, [96, 128, 128, 126, 192, 0]]
[545, [120, 120, 120, 126, 168, 0]]
[546, [96, 112, 112, 126, 144, 0]]
[547, [72, 104, 104, 126, 120, 0]]
[548, [96, 96, 96, 126, 96, 0]]
[549, [72, 88, 88, 126, 72, 0]]
[550, [48, 80, 80, 126, 48, 0]]
[551, [72, 72, 72, 126, 24, 0]]
[552, [48, 64, 64, 126, 0, 0]]
[553, [48, 80, 80, 126, 0, 0]]
[554, [96, 96, 96, 126, 0, 0]]
[555, [96, 112, 112, 126, 0, 0]]
[556, [96, 128, 128, 126, 0, 0]]
[557, [144, 144, 144, 126, 0, 0]]
[558, [144, 160, 160, 126, 0, 0]]
[559, [144, 176, 176, 456, 0, 0]]
[560, [192, 192, 192, 312, 144, 0]]
[561, [168, 184, 184, 168, 264, 0]]
[562, [144, 176, 176, 24, 384, 0]]
[563, [168, 168, 168, 24, 360, 0]]
[564, [144, 160, 160, 24, 336, 0]]
[565, [120, 152, 152, 24, 312, 0]]
[566, [158, 158, 158, 24, 288, 14]]
[567, [158, 174, 174, 24, 264, 38]]
[568, [136, 168, 168, 24, 240, 40]]
[569, [162, 162, 162, 24, 216, 42]]
[570, [144, 160, 160, 24, 192, 48]]
[571, [120, 152, 152, 24, 168, 48]]
[572, [146, 146, 146, 24, 144, 50]]
[573, [138, 154, 154, 24, 120, 66]]
[574, [138, 170, 170, 24, 96, 90]]
[575, [170, 170, 170, 24, 72, 98]]
[576, [156, 172, 172, 24, 48, 108]]
[577, [140, 172, 172, 24, 24, 116]]
[578, [170, 170, 170, 24, 0, 122]]
[579, [156, 172, 172, 354, 0, 108]]
[580, [150, 182, 182, 210, 144, 102]]
[581, [194, 194, 194, 66, 264, 122]]
[582, [186, 202, 202, 66, 240, 138]]
[583, [172, 204, 204, 66, 216, 148]]
[584, [202, 202, 202, 66, 192, 154]]
[585, [178, 194, 194, 66, 168, 154]]
[586, [160, 192, 192, 66, 144, 160]]
[587, [200, 200, 200, 66, 120, 176]]
[588, [190, 206, 206, 66, 96, 190]]
[589, [180, 212, 212, 66, 72, 204]]
[590, [218, 218, 218, 66, 48, 218]]
[591, [196, 212, 212, 66, 24, 220]]
[592, [174, 206, 206, 66, 0, 222]]
[593, [202, 202, 202, 66, 0, 202]]
[594, [192, 208, 208, 66, 0, 192]]
[595, [182, 214, 214, 66, 0, 182]]
[596, [224, 224, 224, 66, 0, 176]]
[597, [212, 228, 228, 66, 0, 164]]
[598, [186, 218, 218, 66, 0, 138]]
[599, [208, 208, 208, 396, 0, 112]]
[600, [190, 206, 206, 252, 144, 94]]
[601, [178, 210, 210, 108, 264, 106]]
[602, [214, 214, 214, 108, 240, 118]]
[603, [208, 224, 224, 108, 216, 136]]
[604, [190, 222, 222, 108, 192, 142]]
[605, [204, 204, 204, 108, 168, 132]]
[606, [174, 190, 190, 108, 144, 126]]
[607, [150, 182, 182, 108, 120, 126]]
[608, [178, 178, 178, 108, 96, 130]]
[609, [162, 178, 178, 108, 72, 138]]
[610, [156, 188, 188, 108, 48, 156]]
[611, [178, 178, 178, 108, 24, 154]]
[612, [138, 154, 154, 108, 0, 138]]
[613, [104, 136, 136, 108, 0, 104]]
[614, [126, 126, 126, 108, 0, 78]]
[615, [100, 116, 116, 108, 0, 52]]
[616, [80, 112, 112, 108, 0, 32]]
[617, [122, 122, 122, 108, 0, 26]]
[618, [96, 112, 112, 108, 0, 0]]
[619, [96, 128, 128, 438, 0, 0]]
[620, [144, 144, 144, 294, 144, 0]]
[621, [120, 136, 136, 150, 264, 0]]
[622, [96, 128, 128, 6, 384, 0]]
[623, [120, 120, 120, 6, 360, 0]]
[624, [96, 112, 112, 6, 336, 0]]
[625, [72, 104, 104, 6, 312, 0]]
[626, [96, 96, 96, 6, 288, 0]]
[627, [72, 88, 88, 6, 264, 0]]
[628, [48, 80, 80, 6, 240, 0]]
[629, [72, 72, 72, 6, 216, 0]]
[630, [48, 64, 64, 6, 192, 0]]
[631, [24, 56, 56, 6, 168, 0]]
[632, [48, 48, 48, 6, 144, 0]]
[633, [24, 40, 40, 6, 120, 0]]
[634, [0, 32, 32, 6, 96, 0]]
[635, [24, 24, 24, 6, 72, 0]]
[636, [0, 16, 16, 6, 48, 0]]
[637, [0, 32, 32, 6, 24, 24]]
[638, [0, 0, 0, 6, 0, 0]]
[639, [0, 16, 16, 336, 0, 0]]
[640, [0, 32, 32, 192, 144, 0]]
[641, [24, 24, 24, 48, 264, 0]]
[642, [0, 16, 16, 48, 240, 0]]
[643, [0, 32, 32, 48, 216, 24]]
[644, [0, 0, 0, 48, 192, 0]]
[645, [0, 16, 16, 48, 168, 24]]
[646, [0, 32, 32, 48, 144, 48]]
[647, [0, 0, 0, 48, 120, 24]]
[648, [0, 16, 16, 48, 96, 48]]
[649, [0, 32, 32, 48, 72, 72]]
[650, [0, 0, 0, 48, 48, 48]]
[651, [0, 16, 16, 48, 24, 72]]
[652, [0, 32, 32, 48, 0, 96]]
[653, [0, 0, 0, 48, 0, 48]]
[654, [0, 16, 16, 48, 0, 48]]
[655, [0, 32, 32, 48, 0, 48]]
[656, [0, 0, 0, 48, 0, 0]]
[657, [0, 16, 16, 48, 0, 0]]
[658, [0, 32, 32, 48, 0, 0]]
[659, [48, 48, 48, 378, 0, 0]]
[660, [48, 64, 64, 234, 144, 0]]
[661, [24, 56, 56, 90, 264, 0]]
[662, [48, 48, 48, 90, 240, 0]]
[663, [24, 40, 40, 90, 216, 0]]
[664, [0, 32, 32, 90, 192, 0]]
[665, [24, 24, 24, 90, 168, 0]]
[666, [0, 16, 16, 90, 144, 0]]
[667, [0, 32, 32, 90, 120, 24]]
[668, [0, 0, 0, 90, 96, 0]]
[669, [0, 16, 16, 90, 72, 24]]
[670, [0, 32, 32, 90, 48, 48]]
[671, [0, 0, 0, 90, 24, 24]]
[672, [0, 16, 16, 90, 0, 48]]
[673, [0, 32, 32, 90, 0, 48]]
[674, [0, 0, 0, 90, 0, 0]]
[675, [0, 16, 16, 90, 0, 0]]
[676, [0, 32, 32, 90, 0, 0]]
[677, [48, 48, 48, 90, 0, 0]]
[678, [48, 64, 64, 90, 0, 0]]
[679, [48, 80, 80, 420, 0, 0]]
[680, [96, 96, 96, 276, 144, 0]]
[681, [72, 88, 88, 132, 264, 0]]
[682, [48, 80, 80, 132, 240, 0]]
[683, [72, 72, 72, 132, 216, 0]]
[684, [48, 64, 64, 132, 192, 0]]
[685, [24, 56, 56, 132, 168, 0]]
[686, [48, 48, 48, 132, 144, 0]]
[687, [24, 40, 40, 132, 120, 0]]
[688, [0, 32, 32, 132, 96, 0]]
[689, [24, 24, 24, 132, 72, 0]]
[690, [0, 16, 16, 132, 48, 0]]
[691, [0, 32, 32, 132, 24, 24]]
[692, [0, 0, 0, 132, 0, 0]]
[693, [0, 16, 16, 132, 0, 0]]
[694, [0, 32, 32, 132, 0, 0]]
[695, [48, 48, 48, 132, 0, 0]]
[696, [48, 64, 64, 132, 0, 0]]
[697, [48, 80, 80, 132, 0, 0]]
[698, [96, 96, 96, 132, 0, 0]]
[699, [96, 112, 112, 462, 0, 0]]
[700, [96, 128, 128, 318, 144, 0]]
[701, [120, 120, 120, 174, 264, 0]]
[702, [96, 112, 112, 30, 384, 0]]
[703, [72, 104, 104, 30, 360, 0]]
[704, [96, 96, 96, 30, 336, 0]]
[705, [72, 88, 88, 30, 312, 0]]
[706, [48, 80, 80, 30, 288, 0]]
[707, [80, 80, 80, 30, 264, 8]]
[708, [62, 78, 78, 30, 240, 14]]
[709, [40, 72, 72, 30, 216, 16]]
[710, [70, 70, 70, 30, 192, 22]]
[711, [48, 64, 64, 30, 168, 24]]
[712, [22, 54, 54, 30, 144, 22]]
[713, [50, 50, 50, 30, 120, 26]]
[714, [36, 52, 52, 30, 96, 36]]
[715, [20, 52, 52, 30, 72, 44]]
[716, [48, 48, 48, 30, 48, 48]]
[717, [32, 48, 48, 30, 24, 56]]
[718, [18, 50, 50, 30, 0, 66]]
[719, [42, 42, 42, 360, 0, 42]]
[720, [22, 38, 38, 216, 144, 22]]
[721, [10, 42, 42, 72, 264, 34]]
[722, [44, 44, 44, 72, 240, 44]]
[723, [26, 42, 42, 72, 216, 50]]
[724, [10, 42, 42, 72, 192, 58]]
[725, [44, 44, 44, 72, 168, 68]]
[726, [22, 38, 38, 72, 144, 70]]
[727, [4, 36, 36, 72, 120, 76]]
[728, [36, 36, 36, 72, 96, 84]]
[729, [24, 40, 40, 72, 72, 96]]
[730, [8, 40, 40, 72, 48, 104]]
[731, [42, 42, 42, 72, 24, 114]]
[732, [28, 44, 44, 72, 0, 124]]
[733, [12, 44, 44, 72, 0, 108]]
[734, [42, 42, 42, 72, 0, 90]]
[735, [26, 42, 42, 72, 0, 74]]
[736, [16, 48, 48, 72, 0, 64]]
[737, [48, 48, 48, 72, 0, 48]]
[738, [36, 52, 52, 72, 0, 36]]
[739, [18, 50, 50, 402, 0, 18]]
[740, [50, 50, 50, 258, 144, 2]]
[741, [32, 48, 48, 114, 264, 8]]
[742, [16, 48, 48, 114, 240, 16]]
[743, [54, 54, 54, 114, 216, 30]]
[744, [36, 52, 52, 114, 192, 36]]
[745, [24, 56, 56, 114, 168, 48]]
[746, [52, 52, 52, 114, 144, 52]]
[747, [32, 48, 48, 114, 120, 56]]
[748, [16, 48, 48, 114, 96, 64]]
[749, [46, 46, 46, 114, 72, 70]]
[750, [38, 54, 54, 114, 48, 86]]
[751, [20, 52, 52, 114, 24, 92]]
[752, [52, 52, 52, 114, 0, 100]]
[753, [30, 46, 46, 114, 0, 78]]
[754, [6, 38, 38, 114, 0, 54]]
[755, [36, 36, 36, 114, 0, 36]]
[756, [10, 26, 26, 114, 0, 10]]
[757, [0, 32, 32, 114, 0, 0]]
[758, [48, 48, 48, 114, 0, 0]]
[759, [48, 64, 64, 444, 0, 0]]
[760, [48, 80, 80, 300, 144, 0]]
[761, [72, 72, 72, 156, 264, 0]]
[762, [48, 64, 64, 12, 384, 0]]
[763, [24, 56, 56, 12, 360, 0]]
[764, [48, 48, 48, 12, 336, 0]]
[765, [24, 40, 40, 12, 312, 0]]
[766, [0, 32, 32, 12, 288, 0]]
[767, [24, 24, 24, 12, 264, 0]]
[768, [0, 16, 16, 12, 240, 0]]
[769, [0, 32, 32, 12, 216, 24]]
[770, [0, 0, 0, 12, 192, 0]]
[771, [0, 16, 16, 12, 168, 24]]
[772, [0, 32, 32, 12, 144, 48]]
[773, [0, 0, 0, 12, 120, 24]]
[774, [0, 16, 16, 12, 96, 48]]
[775, [0, 32, 32, 12, 72, 72]]
[776, [0, 0, 0, 12, 48, 48]]
[777, [0, 16, 16, 12, 24, 72]]
[778, [0, 32, 32, 12, 0, 96]]
[779, [0, 0, 0, 342, 0, 48]]
[780, [0, 16, 16, 198, 144, 48]]
[781, [0, 32, 32, 54, 264, 72]]
[782, [0, 0, 0, 54, 240, 48]]
[783, [0, 16, 16, 54, 216, 72]]
[784, [0, 32, 32, 54, 192, 96]]
[785, [0, 0, 0, 54, 168, 72]]
[786, [0, 16, 16, 54, 144, 96]]
[787, [0, 32, 32, 54, 120, 120]]
[788, [0, 0, 0, 54, 96, 96]]
[789, [0, 16, 16, 54, 72, 120]]
[790, [0, 32, 32, 54, 48, 144]]
[791, [0, 0, 0, 54, 24, 120]]
[792, [0, 16, 16, 54, 0, 144]]
[793, [0, 32, 32, 54, 0, 144]]
[794, [0, 0, 0, 54, 0, 96]]
[795, [0, 16, 16, 54, 0, 96]]
[796, [0, 32, 32, 54, 0, 96]]
[797, [0, 0, 0, 54, 0, 48]]
[798, [0, 16, 16, 54, 0, 48]]
[799, [0, 32, 32, 384, 0, 48]]
[800, [0, 0, 0, 240, 144, 0]]
[801, [0, 16, 16, 96, 264, 24]]
[802, [0, 32, 32, 96, 240, 48]]
[803, [0, 0, 0, 96, 216, 24]]
[804, [0, 16, 16, 96, 192, 48]]
[805, [0, 32, 32, 96, 168, 72]]
[806, [0, 0, 0, 96, 144, 48]]
[807, [0, 16, 16, 96, 120, 72]]
[808, [0, 32, 32, 96, 96, 96]]
[809, [0, 0, 0, 96, 72, 72]]
[810, [0, 16, 16, 96, 48, 96]]
[811, [0, 32, 32, 96, 24, 120]]
[812, [0, 0, 0, 96, 0, 96]]
[813, [0, 16, 16, 96, 0, 96]]
[814, [0, 32, 32, 96, 0, 96]]
[815, [0, 0, 0, 96, 0, 48]]
[816, [0, 16, 16, 96, 0, 48]]
[817, [0, 32, 32, 96, 0, 48]]
[818, [0, 0, 0, 96, 0, 0]]
[819, [0, 16, 16, 426, 0, 0]]
[820, [0, 32, 32, 282, 144, 0]]
[821, [24, 24, 24, 138, 264, 0]]
[822, [0, 16, 16, 138, 240, 0]]
[823, [0, 32, 32, 138, 216, 24]]
[824, [0, 0, 0, 138, 192, 0]]
[825, [0, 16, 16, 138, 168, 24]]
[826, [0, 32, 32, 138, 144, 48]]
[827, [0, 0, 0, 138, 120, 24]]
[828, [0, 16, 16, 138, 96, 48]]
[829, [0, 32, 32, 138, 72, 72]]
[830, [0, 0, 0, 138, 48, 48]]
[831, [0, 16, 16, 138, 24, 72]]
[832, [0, 32, 32, 138, 0, 96]]
[833, [0, 0, 0, 138, 0, 48]]
[834, [0, 16, 16, 138, 0, 48]]
[835, [0, 32, 32, 138, 0, 48]]
[836, [0, 0, 0, 138, 0, 0]]
[837, [0, 16, 16, 138, 0, 0]]
[838, [0, 32, 32, 138, 0, 0]]
[839, [48, 48, 48, 468, 0, 0]]
[840, [48, 64, 64, 324, 144, 0]]
[841, [24, 56, 56, 180, 264, 0]]
[842, [48, 48, 48, 36, 384, 0]]
[843, [24, 40, 40, 36, 360, 0]]
[844, [0, 32, 32, 36, 336, 0]]
[845, [24, 24, 24, 36, 312, 0]]
[846, [0, 16, 16, 36, 288, 0]]
[847, [0, 32, 32, 36, 264, 24]]
[848, [0, 0, 0, 36, 240, 0]]
[849, [0, 16, 16, 36, 216, 24]]
[850, [0, 32, 32, 36, 192, 48]]
[851, [0, 0, 0, 36, 168, 24]]
[852, [0, 16, 16, 36, 144, 48]]
[853, [0, 32, 32, 36, 120, 72]]
[854, [0, 0, 0, 36, 96, 48]]
[855, [0, 16, 16, 36, 72, 72]]
[856, [0, 32, 32, 36, 48, 96]]
[857, [0, 0, 0, 36, 24, 72]]
[858, [0, 16, 16, 36, 0, 96]]
[859, [0, 32, 32, 366, 0, 96]]
[860, [0, 0, 0, 222, 144, 48]]
[861, [0, 16, 16, 78, 264, 72]]
[862, [0, 32, 32, 78, 240, 96]]
[863, [2, 2, 2, 78, 216, 74]]
[864, [0, 16, 16, 78, 192, 96]]
[865, [0, 32, 32, 78, 168, 120]]
[866, [4, 4, 4, 78, 144, 100]]
[867, [0, 16, 16, 78, 120, 120]]
[868, [0, 32, 32, 78, 96, 144]]
[869, [4, 4, 4, 78, 72, 124]]
[870, [0, 16, 16, 78, 48, 144]]
[871, [0, 32, 32, 78, 24, 168]]
[872, [6, 6, 6, 78, 0, 150]]
[873, [0, 16, 16, 78, 0, 144]]
[874, [0, 32, 32, 78, 0, 144]]
[875, [22, 22, 22, 78, 0, 118]]
[876, [0, 16, 16, 78, 0, 96]]
[877, [0, 32, 32, 78, 0, 96]]
[878, [26, 26, 26, 78, 0, 74]]
[879, [0, 16, 16, 408, 0, 48]]
[880, [0, 32, 32, 264, 144, 48]]
[881, [24, 24, 24, 120, 264, 48]]
[882, [0, 16, 16, 120, 240, 48]]
[883, [0, 32, 32, 120, 216, 72]]
[884, [24, 24, 24, 120, 192, 72]]
[885, [6, 22, 22, 120, 168, 78]]
[886, [0, 32, 32, 120, 144, 96]]
[887, [26, 26, 26, 120, 120, 98]]
[888, [8, 24, 24, 120, 96, 104]]
[889, [0, 32, 32, 120, 72, 120]]
[890, [28, 28, 28, 120, 48, 124]]
[891, [10, 26, 26, 120, 24, 130]]
[892, [0, 32, 32, 120, 0, 144]]
[893, [32, 32, 32, 120, 0, 128]]
[894, [16, 32, 32, 120, 0, 112]]
[895, [0, 32, 32, 120, 0, 96]]
[896, [34, 34, 34, 120, 0, 82]]
[897, [16, 32, 32, 120, 0, 64]]
[898, [0, 32, 32, 120, 0, 48]]
[899, [28, 28, 28, 450, 0, 28]]
[900, [14, 30, 30, 306, 144, 14]]
[901, [0, 32, 32, 162, 264, 24]]
[902, [14, 14, 14, 18, 384, 14]]
[903, [0, 16, 16, 18, 360, 24]]
[904, [0, 32, 32, 18, 336, 48]]
[905, [0, 0, 0, 18, 312, 24]]
[906, [0, 16, 16, 18, 288, 48]]
[907, [0, 32, 32, 18, 264, 72]]
[908, [0, 0, 0, 18, 240, 48]]
[909, [0, 16, 16, 18, 216, 72]]
[910, [0, 32, 32, 18, 192, 96]]
[911, [0, 0, 0, 18, 168, 72]]
[912, [0, 16, 16, 18, 144, 96]]
[913, [0, 32, 32, 18, 120, 120]]
[914, [0, 0, 0, 18, 96, 96]]
[915, [0, 16, 16, 18, 72, 120]]
[916, [0, 32, 32, 18, 48, 144]]
[917, [0, 0, 0, 18, 24, 120]]
[918, [0, 16, 16, 18, 0, 144]]
[919, [0, 32, 32, 348, 0, 144]]
[920, [0, 0, 0, 204, 144, 96]]
[921, [0, 16, 16, 60, 264, 120]]
[922, [0, 32, 32, 60, 240, 144]]
[923, [0, 0, 0, 60, 216, 120]]
[924, [0, 16, 16, 60, 192, 144]]
[925, [0, 32, 32, 60, 168, 168]]
[926, [0, 0, 0, 60, 144, 144]]
[927, [0, 16, 16, 60, 120, 168]]
[928, [0, 32, 32, 60, 96, 192]]
[929, [0, 0, 0, 60, 72, 168]]
[930, [0, 16, 16, 60, 48, 192]]
[931, [0, 32, 32, 60, 24, 216]]
[932, [0, 0, 0, 60, 0, 192]]
[933, [0, 16, 16, 60, 0, 192]]
[934, [0, 32, 32, 60, 0, 192]]
[935, [0, 0, 0, 60, 0, 144]]
[936, [0, 16, 16, 60, 0, 144]]
[937, [0, 32, 32, 60, 0, 144]]
[938, [0, 0, 0, 60, 0, 96]]
[939, [0, 16, 16, 390, 0, 96]]
[940, [0, 32, 32, 246, 144, 96]]
[941, [0, 0, 0, 102, 264, 72]]
[942, [0, 16, 16, 102, 240, 96]]
[943, [0, 32, 32, 102, 216, 120]]
[944, [0, 0, 0, 102, 192, 96]]
[945, [0, 16, 16, 102, 168, 120]]
[946, [0, 32, 32, 102, 144, 144]]
[947, [0, 0, 0, 102, 120, 120]]
[948, [0, 16, 16, 102, 96, 144]]
[949, [0, 32, 32, 102, 72, 168]]
[950, [0, 0, 0, 102, 48, 144]]
[951, [0, 16, 16, 102, 24, 168]]
[952, [0, 32, 32, 102, 0, 192]]
[953, [0, 0, 0, 102, 0, 144]]
[954, [0, 16, 16, 102, 0, 144]]
[955, [0, 32, 32, 102, 0, 144]]
[956, [0, 0, 0, 102, 0, 96]]
[957, [0, 16, 16, 102, 0, 96]]
[958, [0, 32, 32, 102, 0, 96]]
[959, [0, 0, 0, 432, 0, 48]]
[960, [0, 16, 16, 288, 144, 48]]
[961, [0, 32, 32, 144, 264, 72]]
[962, [0, 0, 0, 0, 384, 48]]
[963, [0, 16, 16, 0, 360, 72]]
[964, [0, 32, 32, 0, 336, 96]]
[965, [0, 0, 0, 0, 312, 72]]
[966, [0, 16, 16, 0, 288, 96]]
[967, [0, 32, 32, 0, 264, 120]]
[968, [0, 0, 0, 0, 240, 96]]
[969, [0, 16, 16, 0, 216, 120]]
[970, [0, 32, 32, 0, 192, 144]]
[971, [0, 0, 0, 0, 168, 120]]
[972, [0, 16, 16, 0, 144, 144]]
[973, [0, 32, 32, 0, 120, 168]]
[974, [0, 0, 0, 0, 96, 144]]
[975, [0, 16, 16, 0, 72, 168]]
[976, [0, 32, 32, 0, 48, 192]]
[977, [0, 0, 0, 0, 24, 168]]
[978, [0, 16, 16, 0, 0, 192]]
[979, [0, 32, 32, 330, 0, 192]]
[980, [0, 0, 0, 186, 144, 144]]
[981, [0, 16, 16, 42, 264, 168]]
[982, [0, 32, 32, 42, 240, 192]]
[983, [0, 0, 0, 42, 216, 168]]
[984, [0, 16, 16, 42, 192, 192]]
[985, [0, 32, 32, 42, 168, 216]]
[986, [0, 0, 0, 42, 144, 192]]
[987, [0, 16, 16, 42, 120, 216]]
[988, [0, 32, 32, 42, 96, 240]]
[989, [0, 0, 0, 42, 72, 216]]
[990, [0, 16, 16, 42, 48, 240]]
[991, [0, 32, 32, 42, 24, 264]]
[992, [0, 0, 0, 42, 0, 240]]
[993, [0, 16, 16, 42, 0, 240]]
[994, [0, 32, 32, 42, 0, 240]]
[995, [0, 0, 0, 42, 0, 192]]
[996, [0, 16, 16, 42, 0, 192]]
[997, [0, 32, 32, 42, 0, 192]]
[998, [0, 0, 0, 42, 0, 144]]
[999, [0, 16, 16, 372, 0, 144]]
[1000, [0, 32, 32, 228, 144, 144]]
[1001, [0, 0, 0, 84, 264, 120]]
[1002, [0, 16, 16, 84, 240, 144]]
[1003, [0, 32, 32, 84, 216, 168]]
[1004, [0, 0, 0, 84, 192, 144]]
[1005, [0, 16, 16, 84, 168, 168]]
[1006, [0, 32, 32, 84, 144, 192]]
[1007, [0, 0, 0, 84, 120, 168]]
[1008, [0, 16, 16, 84, 96, 192]]
[1009, [0, 32, 32, 84, 72, 216]]
[1010, [0, 0, 0, 84, 48, 192]]
[1011, [0, 16, 16, 84, 24, 216]]
[1012, [0, 32, 32, 84, 0, 240]]
[1013, [0, 0, 0, 84, 0, 192]]
[1014, [0, 16, 16, 84, 0, 192]]
[1015, [0, 32, 32, 84, 0, 192]]
[1016, [0, 0, 0, 84, 0, 144]]
[1017, [0, 16, 16, 84, 0, 144]]
[1018, [0, 32, 32, 84, 0, 144]]
[1019, [0, 0, 0, 414, 0, 96]]
[1020, [0, 16, 16, 270, 144, 96]]
[1021, [0, 32, 32, 126, 264, 120]]
[1022, [0, 0, 0, 126, 240, 96]]
[1023, [0, 16, 16, 126, 216, 120]]
[1024, [0, 32, 32, 126, 192, 144]]
[1025, [0, 0, 0, 126, 168, 120]]
[1026, [0, 16, 16, 126, 144, 144]]
[1027, [0, 32, 32, 126, 120, 168]]
[1028, [0, 0, 0, 126, 96, 144]]
[1029, [0, 16, 16, 126, 72, 168]]
[1030, [0, 32, 32, 126, 48, 192]]
[1031, [0, 0, 0, 126, 24, 168]]
[1032, [0, 16, 16, 126, 0, 192]]
[1033, [0, 32, 32, 126, 0, 192]]
[1034, [0, 0, 0, 126, 0, 144]]
[1035, [0, 16, 16, 126, 0, 144]]
[1036, [0, 32, 32, 126, 0, 144]]
[1037, [0, 0, 0, 126, 0, 96]]
[1038, [0, 16, 16, 126, 0, 96]]
[1039, [0, 32, 32, 456, 0, 96]]
[1040, [0, 0, 0, 312, 144, 48]]
[1041, [0, 16, 16, 168, 264, 72]]
[1042, [0, 32, 32, 24, 384, 96]]
[1043, [0, 0, 0, 24, 360, 72]]
[1044, [0, 16, 16, 24, 336, 96]]
[1045, [0, 32, 32, 24, 312, 120]]
[1046, [0, 0, 0, 24, 288, 96]]
[1047, [0, 16, 16, 24, 264, 120]]
[1048, [0, 32, 32, 24, 240, 144]]
[1049, [0, 0, 0, 24, 216, 120]]
[1050, [0, 16, 16, 24, 192, 144]]
[1051, [0, 32, 32, 24, 168, 168]]
[1052, [0, 0, 0, 24, 144, 144]]
[1053, [0, 16, 16, 24, 120, 168]]
[1054, [0, 32, 32, 24, 96, 192]]
[1055, [0, 0, 0, 24, 72, 168]]
[1056, [0, 16, 16, 24, 48, 192]]
[1057, [0, 32, 32, 24, 24, 216]]
[1058, [0, 0, 0, 24, 0, 192]]
[1059, [0, 16, 16, 354, 0, 192]]
[1060, [0, 32, 32, 210, 144, 192]]
[1061, [0, 0, 0, 66, 264, 168]]
[1062, [0, 16, 16, 66, 240, 192]]
[1063, [0, 32, 32, 66, 216, 216]]
[1064, [0, 0, 0, 66, 192, 192]]
[1065, [0, 16, 16, 66, 168, 216]]
[1066, [0, 32, 32, 66, 144, 240]]
[1067, [0, 0, 0, 66, 120, 216]]
[1068, [0, 16, 16, 66, 96, 240]]
[1069, [0, 32, 32, 66, 72, 264]]
[1070, [0, 0, 0, 66, 48, 240]]
[1071, [0, 16, 16, 66, 24, 264]]
[1072, [0, 32, 32, 66, 0, 288]]
[1073, [0, 0, 0, 66, 0, 240]]
[1074, [0, 16, 16, 66, 0, 240]]
[1075, [0, 32, 32, 66, 0, 240]]
[1076, [0, 0, 0, 66, 0, 192]]
[1077, [0, 16, 16, 66, 0, 192]]
[1078, [0, 32, 32, 66, 0, 192]]
[1079, [0, 0, 0, 396, 0, 144]]
[1080, [0, 16, 16, 252, 144, 144]]
[1081, [0, 32, 32, 108, 264, 168]]
[1082, [0, 0, 0, 108, 240, 144]]
[1083, [0, 16, 16, 108, 216, 168]]
[1084, [0, 32, 32, 108, 192, 192]]
[1085, [0, 0, 0, 108, 168, 168]]
[1086, [0, 16, 16, 108, 144, 192]]
[1087, [0, 32, 32, 108, 120, 216]]
[1088, [0, 0, 0, 108, 96, 192]]
[1089, [0, 16, 16, 108, 72, 216]]
[1090, [0, 32, 32, 108, 48, 240]]
[1091, [0, 0, 0, 108, 24, 216]]
[1092, [0, 16, 16, 108, 0, 240]]
[1093, [0, 32, 32, 108, 0, 240]]
[1094, [0, 0, 0, 108, 0, 192]]
[1095, [0, 16, 16, 108, 0, 192]]
[1096, [0, 32, 32, 108, 0, 192]]
[1097, [0, 0, 0, 108, 0, 144]]
[1098, [0, 16, 16, 108, 0, 144]]
[1099, [0, 32, 32, 438, 0, 144]]
[1100, [0, 0, 0, 294, 144, 96]]
[1101, [0, 16, 16, 150, 264, 120]]
[1102, [0, 32, 32, 6, 384, 144]]
[1103, [0, 0, 0, 6, 360, 120]]
[1104, [0, 16, 16, 6, 336, 144]]
[1105, [0, 32, 32, 6, 312, 168]]
[1106, [0, 0, 0, 6, 288, 144]]
[1107, [0, 16, 16, 6, 264, 168]]
[1108, [0, 32, 32, 6, 240, 192]]
[1109, [0, 0, 0, 6, 216, 168]]
[1110, [0, 16, 16, 6, 192, 192]]
[1111, [0, 32, 32, 6, 168, 216]]
[1112, [0, 0, 0, 6, 144, 192]]
[1113, [0, 16, 16, 6, 120, 216]]
[1114, [0, 32, 32, 6, 96, 240]]
[1115, [0, 0, 0, 6, 72, 216]]
[1116, [0, 16, 16, 6, 48, 240]]
[1117, [0, 32, 32, 6, 24, 264]]
[1118, [0, 0, 0, 6, 0, 240]]
[1119, [0, 16, 16, 336, 0, 240]]
[1120, [0, 32, 32, 192, 144, 240]]
[1121, [0, 0, 0, 48, 264, 216]]
[1122, [0, 16, 16, 48, 240, 240]]
[1123, [0, 32, 32, 48, 216, 264]]
[1124, [0, 0, 0, 48, 192, 240]]
[1125, [0, 16, 16, 48, 168, 264]]
[1126, [0, 32, 32, 48, 144, 288]]
[1127, [0, 0, 0, 48, 120, 264]]
[1128, [0, 16, 16, 48, 96, 288]]
[1129, [0, 32, 32, 48, 72, 312]]
[1130, [0, 0, 0, 48, 48, 288]]
[1131, [0, 16, 16, 48, 24, 312]]
[1132, [0, 32, 32, 48, 0, 336]]
[1133, [0, 0, 0, 48, 0, 288]]
[1134, [0, 16, 16, 48, 0, 288]]
[1135, [0, 32, 32, 48, 0, 288]]
[1136, [0, 0, 0, 48, 0, 240]]
[1137, [0, 16, 16, 48, 0, 240]]
[1138, [0, 32, 32, 48, 0, 240]]
[1139, [0, 0, 0, 378, 0, 192]]
[1140, [0, 16, 16, 234, 144, 192]]
[1141, [0, 32, 32, 90, 264, 216]]
[1142, [0, 0, 0, 90, 240, 192]]
[1143, [0, 16, 16, 90, 216, 216]]
[1144, [0, 32, 32, 90, 192, 240]]
[1145, [0, 0, 0, 90, 168, 216]]
[1146, [0, 16, 16, 90, 144, 240]]
[1147, [0, 32, 32, 90, 120, 264]]
[1148, [0, 0, 0, 90, 96, 240]]
[1149, [0, 16, 16, 90, 72, 264]]
[1150, [0, 32, 32, 90, 48, 288]]
[1151, [0, 0, 0, 90, 24, 264]]
[1152, [0, 16, 16, 90, 0, 288]]
[1153, [0, 32, 32, 90, 0, 288]]
[1154, [0, 0, 0, 90, 0, 240]]
[1155, [0, 16, 16, 90, 0, 240]]
[1156, [0, 32, 32, 90, 0, 240]]
[1157, [0, 0, 0, 90, 0, 192]]
[1158, [0, 16, 16, 90, 0, 192]]
[1159, [0, 32, 32, 420, 0, 192]]
[1160, [0, 0, 0, 276, 144, 144]]
[1161, [0, 16, 16, 132, 264, 168]]
[1162, [0, 32, 32, 132, 240, 192]]
[1163, [0, 0, 0, 132, 216, 168]]
[1164, [0, 16, 16, 132, 192, 192]]
[1165, [0, 32, 32, 132, 168, 216]]
[1166, [0, 0, 0, 132, 144, 192]]
[1167, [0, 16, 16, 132, 120, 216]]
[1168, [0, 32, 32, 132, 96, 240]]
[1169, [0, 0, 0, 132, 72, 216]]
[1170, [0, 16, 16, 132, 48, 240]]
[1171, [0, 32, 32, 132, 24, 264]]
[1172, [0, 0, 0, 132, 0, 240]]
[1173, [0, 16, 16, 132, 0, 240]]
[1174, [0, 32, 32, 132, 0, 240]]
[1175, [0, 0, 0, 132, 0, 192]]
[1176, [0, 16, 16, 132, 0, 192]]
[1177, [0, 32, 32, 132, 0, 192]]
[1178, [0, 0, 0, 132, 0, 144]]
[1179, [0, 16, 16, 462, 0, 144]]
[1180, [0, 32, 32, 318, 144, 144]]
[1181, [0, 0, 0, 174, 264, 120]]
[1182, [0, 16, 16, 30, 384, 144]]
[1183, [0, 32, 32, 30, 360, 168]]
[1184, [0, 0, 0, 30, 336, 144]]
[1185, [0, 16, 16, 30, 312, 168]]
[1186, [0, 32, 32, 30, 288, 192]]
[1187, [0, 0, 0, 30, 264, 168]]
[1188, [0, 16, 16, 30, 240, 192]]
[1189, [0, 32, 32, 30, 216, 216]]
[1190, [0, 0, 0, 30, 192, 192]]
[1191, [0, 16, 16, 30, 168, 216]]
[1192, [0, 32, 32, 30, 144, 240]]
[1193, [0, 0, 0, 30, 120, 216]]
[1194, [0, 16, 16, 30, 96, 240]]
[1195, [0, 32, 32, 30, 72, 264]]
[1196, [0, 0, 0, 30, 48, 240]]
[1197, [0, 16, 16, 30, 24, 264]]
[1198, [0, 32, 32, 30, 0, 288]]
[1199, [0, 0, 0, 360, 0, 240]]
[1200, [0, 16, 16, 216, 144, 240]]
[1201, [0, 32, 32, 72, 264, 264]]
[1202, [0, 0, 0, 72, 240, 240]]
[1203, [0, 16, 16, 72, 216, 264]]
[1204, [0, 32, 32, 72, 192, 288]]
[1205, [0, 0, 0, 72, 168, 264]]
[1206, [0, 16, 16, 72, 144, 288]]
[1207, [0, 32, 32, 72, 120, 312]]
[1208, [0, 0, 0, 72, 96, 288]]
[1209, [0, 16, 16, 72, 72, 312]]
[1210, [0, 32, 32, 72, 48, 336]]
[1211, [0, 0, 0, 72, 24, 312]]
[1212, [0, 16, 16, 72, 0, 336]]
[1213, [0, 32, 32, 72, 0, 336]]
[1214, [0, 0, 0, 72, 0, 288]]
[1215, [0, 16, 16, 72, 0, 288]]
[1216, [0, 32, 32, 72, 0, 288]]
[1217, [0, 0, 0, 72, 0, 240]]
[1218, [0, 16, 16, 72, 0, 240]]
[1219, [0, 32, 32, 402, 0, 240]]
[1220, [0, 0, 0, 258, 144, 192]]
[1221, [0, 16, 16, 114, 264, 216]]
[1222, [0, 32, 32, 114, 240, 240]]
[1223, [0, 0, 0, 114, 216, 216]]
[1224, [0, 16, 16, 114, 192, 240]]
[1225, [0, 32, 32, 114, 168, 264]]
[1226, [0, 0, 0, 114, 144, 240]]
[1227, [0, 16, 16, 114, 120, 264]]
[1228, [0, 32, 32, 114, 96, 288]]
[1229, [0, 0, 0, 114, 72, 264]]
[1230, [0, 16, 16, 114, 48, 288]]
[1231, [0, 32, 32, 114, 24, 312]]
[1232, [0, 0, 0, 114, 0, 288]]
[1233, [0, 16, 16, 114, 0, 288]]
[1234, [0, 32, 32, 114, 0, 288]]
[1235, [0, 0, 0, 114, 0, 240]]
[1236, [0, 16, 16, 114, 0, 240]]
[1237, [0, 32, 32, 114, 0, 240]]
[1238, [0, 0, 0, 114, 0, 192]]
[1239, [0, 16, 16, 444, 0, 192]]
[1240, [0, 32, 32, 300, 144, 192]]
[1241, [0, 0, 0, 156, 264, 168]]
[1242, [0, 16, 16, 12, 384, 192]]
[1243, [0, 32, 32, 12, 360, 216]]
[1244, [0, 0, 0, 12, 336, 192]]
[1245, [0, 16, 16, 12, 312, 216]]
[1246, [0, 32, 32, 12, 288, 240]]
[1247, [0, 0, 0, 12, 264, 216]]
[1248, [0, 16, 16, 12, 240, 240]]
[1249, [0, 32, 32, 12, 216, 264]]
[1250, [0, 0, 0, 12, 192, 240]]
[1251, [0, 16, 16, 12, 168, 264]]
[1252, [0, 32, 32, 12, 144, 288]]
[1253, [0, 0, 0, 12, 120, 264]]
[1254, [0, 16, 16, 12, 96, 288]]
[1255, [0, 32, 32, 12, 72, 312]]
[1256, [0, 0, 0, 12, 48, 288]]
[1257, [0, 16, 16, 12, 24, 312]]
[1258, [0, 32, 32, 12, 0, 336]]
[1259, [0, 0, 0, 342, 0, 288]]
[1260, [0, 16, 16, 198, 144, 288]]
[1261, [0, 32, 32, 54, 264, 312]]
[1262, [0, 0, 0, 54, 240, 288]]
[1263, [0, 16, 16, 54, 216, 312]]
[1264, [0, 32, 32, 54, 192, 336]]
[1265, [0, 0, 0, 54, 168, 312]]
[1266, [0, 16, 16, 54, 144, 336]]
[1267, [0, 32, 32, 54, 120, 360]]
[1268, [0, 0, 0, 54, 96, 336]]
[1269, [0, 16, 16, 54, 72, 360]]
[1270, [0, 32, 32, 54, 48, 384]]
[1271, [0, 0, 0, 54, 24, 360]]
[1272, [0, 16, 16, 54, 0, 384]]
[1273, [0, 32, 32, 54, 0, 384]]
[1274, [0, 0, 0, 54, 0, 336]]
[1275, [0, 16, 16, 54, 0, 336]]
[1276, [0, 32, 32, 54, 0, 336]]
[1277, [0, 0, 0, 54, 0, 288]]
[1278, [0, 16, 16, 54, 0, 288]]
[1279, [0, 32, 32, 384, 0, 288]]
[1280, [0, 0, 0, 240, 144, 240]]
[1281, [0, 16, 16, 96, 264, 264]]
[1282, [0, 32, 32, 96, 240, 288]]
[1283, [0, 0, 0, 96, 216, 264]]
[1284, [0, 16, 16, 96, 192, 288]]
[1285, [0, 32, 32, 96, 168, 312]]
[1286, [0, 0, 0, 96, 144, 288]]
[1287, [0, 16, 16, 96, 120, 312]]
[1288, [0, 32, 32, 96, 96, 336]]
[1289, [0, 0, 0, 96, 72, 312]]
[1290, [0, 16, 16, 96, 48, 336]]
[1291, [0, 32, 32, 96, 24, 360]]
[1292, [0, 0, 0, 96, 0, 336]]
[1293, [0, 16, 16, 96, 0, 336]]
[1294, [0, 32, 32, 96, 0, 336]]
[1295, [0, 0, 0, 96, 0, 288]]
[1296, [0, 16, 16, 96, 0, 288]]
[1297, [0, 32, 32, 96, 0, 288]]
[1298, [0, 0, 0, 96, 0, 240]]
[1299, [0, 16, 16, 426, 0, 240]]
[1300, [0, 32, 32, 282, 144, 240]]
[1301, [0, 0, 0, 138, 264, 216]]
[1302, [0, 16, 16, 138, 240, 240]]
[1303, [0, 32, 32, 138, 216, 264]]
[1304, [0, 0, 0, 138, 192, 240]]
[1305, [0, 16, 16, 138, 168, 264]]
[1306, [0, 32, 32, 138, 144, 288]]
[1307, [0, 0, 0, 138, 120, 264]]
[1308, [0, 16, 16, 138, 96, 288]]
[1309, [0, 32, 32, 138, 72, 312]]
[1310, [0, 0, 0, 138, 48, 288]]
[1311, [0, 16, 16, 138, 24, 312]]
[1312, [0, 32, 32, 138, 0, 336]]
[1313, [0, 0, 0, 138, 0, 288]]
[1314, [0, 16, 16, 138, 0, 288]]
[1315, [0, 32, 32, 138, 0, 288]]
[1316, [0, 0, 0, 138, 0, 240]]
[1317, [0, 16, 16, 138, 0, 240]]
[1318, [0, 32, 32, 138, 0, 240]]
[1319, [0, 0, 0, 468, 0, 192]]
[1320, [0, 16, 16, 324, 144, 192]]
[1321, [0, 32, 32, 180, 264, 216]]
[1322, [0, 0, 0, 36, 384, 192]]
[1323, [0, 16, 16, 36, 360, 216]]
[1324, [0, 32, 32, 36, 336, 240]]
[1325, [0, 0, 0, 36, 312, 216]]
[1326, [0, 16, 16, 36, 288, 240]]
[1327, [0, 32, 32, 36, 264, 264]]
[1328, [0, 0, 0, 36, 240, 240]]
[1329, [0, 16, 16, 36, 216, 264]]
[1330, [0, 32, 32, 36, 192, 288]]
[1331, [0, 0, 0, 36, 168, 264]]
[1332, [0, 16, 16, 36, 144, 288]]
[1333, [0, 32, 32, 36, 120, 312]]
[1334, [0, 0, 0, 36, 96, 288]]
[1335, [0, 16, 16, 36, 72, 312]]
[1336, [0, 32, 32, 36, 48, 336]]
[1337, [0, 0, 0, 36, 24, 312]]
[1338, [0, 16, 16, 36, 0, 336]]
[1339, [0, 32, 32, 366, 0, 336]]
[1340, [0, 0, 0, 222, 144, 288]]
[1341, [0, 16, 16, 78, 264, 312]]
[1342, [0, 32, 32, 78, 240, 336]]
[1343, [0, 0, 0, 78, 216, 312]]
[1344, [0, 16, 16, 78, 192, 336]]
[1345, [0, 32, 32, 78, 168, 360]]
[1346, [0, 0, 0, 78, 144, 336]]
[1347, [0, 16, 16, 78, 120, 360]]
[1348, [0, 32, 32, 78, 96, 384]]
[1349, [0, 0, 0, 78, 72, 360]]
[1350, [0, 16, 16, 78, 48, 384]]
[1351, [0, 32, 32, 78, 24, 408]]
[1352, [0, 0, 0, 78, 0, 384]]
[1353, [0, 16, 16, 78, 0, 384]]
[1354, [0, 32, 32, 78, 0, 384]]
[1355, [0, 0, 0, 78, 0, 336]]
[1356, [0, 16, 16, 78, 0, 336]]
[1357, [0, 32, 32, 78, 0, 336]]
[1358, [0, 0, 0, 78, 0, 288]]
[1359, [0, 16, 16, 408, 0, 288]]
[1360, [0, 32, 32, 264, 144, 288]]
[1361, [0, 0, 0, 120, 264, 264]]
[1362, [0, 16, 16, 120, 240, 288]]
[1363, [0, 32, 32, 120, 216, 312]]
[1364, [0, 0, 0, 120, 192, 288]]
[1365, [0, 16, 16, 120, 168, 312]]
[1366, [0, 32, 32, 120, 144, 336]]
[1367, [0, 0, 0, 120, 120, 312]]
[1368, [0, 16, 16, 120, 96, 336]]
[1369, [0, 32, 32, 120, 72, 360]]
[1370, [0, 0, 0, 120, 48, 336]]
[1371, [0, 16, 16, 120, 24, 360]]
[1372, [0, 32, 32, 120, 0, 384]]
[1373, [0, 0, 0, 120, 0, 336]]
[1374, [0, 16, 16, 120, 0, 336]]
[1375, [0, 32, 32, 120, 0, 336]]
[1376, [0, 0, 0, 120, 0, 288]]
[1377, [0, 16, 16, 120, 0, 288]]
[1378, [0, 32, 32, 120, 0, 288]]
[1379, [0, 0, 0, 450, 0, 240]]
[1380, [0, 16, 16, 306, 144, 240]]
[1381, [0, 32, 32, 162, 264, 264]]
[1382, [0, 0, 0, 18, 384, 240]]
[1383, [0, 16, 16, 18, 360, 264]]
[1384, [0, 32, 32, 18, 336, 288]]
[1385, [0, 0, 0, 18, 312, 264]]
[1386, [0, 16, 16, 18, 288, 288]]
[1387, [0, 32, 32, 18, 264, 312]]
[1388, [0, 0, 0, 18, 240, 288]]
[1389, [0, 16, 16, 18, 216, 312]]
[1390, [0, 32, 32, 18, 192, 336]]
[1391, [0, 0, 0, 18, 168, 312]]
[1392, [0, 16, 16, 18, 144, 336]]
[1393, [0, 32, 32, 18, 120, 360]]
[1394, [0, 0, 0, 18, 96, 336]]
[1395, [0, 16, 16, 18, 72, 360]]
[1396, [0, 32, 32, 18, 48, 384]]
[1397, [0, 0, 0, 18, 24, 360]]
[1398, [0, 16, 16, 18, 0, 384]]
[1399, [0, 32, 32, 348, 0, 384]]
[1400, [0, 0, 0, 204, 144, 336]]
[1401, [0, 16, 16, 60, 264, 360]]
[1402, [0, 32, 32, 60, 240, 384]]
[1403, [0, 0, 0, 60, 216, 360]]
[1404, [0, 16, 16, 60, 192, 384]]
[1405, [0, 32, 32, 60, 168, 408]]
[1406, [0, 0, 0, 60, 144, 384]]
[1407, [0, 16, 16, 60, 120, 408]]
[1408, [0, 32, 32, 60, 96, 432]]
[1409, [0, 0, 0, 60, 72, 408]]
[1410, [0, 16, 16, 60, 48, 432]]
[1411, [0, 32, 32, 60, 24, 456]]
[1412, [0, 0, 0, 60, 0, 432]]
[1413, [0, 16, 16, 60, 0, 432]]
[1414, [0, 32, 32, 60, 0, 432]]
[1415, [0, 0, 0, 60, 0, 384]]
[1416, [0, 16, 16, 60, 0, 384]]
[1417, [0, 32, 32, 60, 0, 384]]
[1418, [0, 0, 0, 60, 0, 336]]
[1419, [0, 16, 16, 390, 0, 336]]
[1420, [0, 32, 32, 246, 144, 336]]
[1421, [0, 0, 0, 102, 264, 312]]
[1422, [0, 16, 16, 102, 240, 336]]
[1423, [0, 32, 32, 102, 216, 360]]
[1424, [0, 0, 0, 102, 192, 336]]
[1425, [0, 16, 16, 102, 168, 360]]
[1426, [0, 32, 32, 102, 144, 384]]
[1427, [0, 0, 0, 102, 120, 360]]
[1428, [0, 16, 16, 102, 96, 384]]
[1429, [0, 32, 32, 102, 72, 408]]
[1430, [0, 0, 0, 102, 48, 384]]
[1431, [0, 16, 16, 102, 24, 408]]
[1432, [0, 32, 32, 102, 0, 432]]
[1433, [0, 0, 0, 102, 0, 384]]
[1434, [0, 16, 16, 102, 0, 384]]
[1435, [0, 32, 32, 102, 0, 384]]
[1436, [0, 0, 0, 102, 0, 336]]
[1437, [0, 16, 16, 102, 0, 336]]
[1438, [0, 32, 32, 102, 0, 336]]
[1439, [0, 0, 0, 417, 0, 288]]
