SimulationV03.py[0, [0, 16, 16, 0, 0, 0]]
[1, [0, 32, 32, 0, 0, 0]]
[2, [48, 48, 48, 0, 0, 0]]
[3, [48, 64, 64, 0, 0, 0]]
[4, [48, 80, 80, 0, 0, 0]]
[5, [96, 96, 96, 0, 0, 0]]
[6, [96, 112, 112, 0, 0, 0]]
[7, [96, 128, 128, 0, 0, 0]]
[8, [144, 144, 144, 0, 0, 0]]
[9, [144, 160, 160, 0, 0, 0]]
[10, [144, 176, 176, 0, 0, 0]]
[11, [192, 192, 192, 0, 0, 0]]
[12, [192, 208, 208, 0, 0, 0]]
[13, [192, 224, 224, 0, 0, 0]]
[14, [240, 240, 240, 0, 0, 0]]
[15, [240, 256, 256, 0, 0, 0]]
[16, [240, 272, 272, 0, 0, 0]]
[17, [288, 288, 288, 0, 0, 0]]
[18, [288, 304, 304, 0, 0, 0]]
[19, [288, 320, 320, 330, 0, 0]]
[20, [336, 336, 336, 186, 144, 0]]
[21, [306, 322, 322, 42, 258, 0]]
[22, [276, 308, 308, 42, 228, 0]]
[23, [294, 294, 294, 42, 198, 0]]
[24, [264, 280, 280, 42, 168, 0]]
[25, [234, 266, 266, 42, 138, 0]]
[26, [252, 252, 252, 42, 108, 0]]
[27, [222, 238, 238, 42, 78, 0]]
[28, [192, 224, 224, 42, 48, 0]]
[29, [210, 210, 210, 42, 18, 0]]
[30, [192, 208, 208, 42, 0, 0]]
[31, [192, 224, 224, 42, 0, 0]]
[32, [240, 240, 240, 42, 0, 0]]
[33, [240, 256, 256, 42, 0, 0]]
[34, [240, 272, 272, 42, 0, 0]]
[35, [288, 288, 288, 42, 0, 0]]
[36, [288, 304, 304, 42, 0, 0]]
[37, [288, 320, 320, 42, 0, 0]]
[38, [336, 336, 336, 42, 0, 0]]
[39, [336, 352, 352, 372, 0, 0]]
[40, [336, 368, 368, 228, 144, 0]]
[41, [354, 354, 354, 84, 258, 0]]
[42, [324, 340, 340, 84, 228, 0]]
[43, [294, 326, 326, 84, 198, 0]]
[44, [312, 312, 312, 84, 168, 0]]
[45, [282, 298, 298, 84, 138, 0]]
[46, [252, 284, 284, 84, 108, 0]]
[47, [270, 270, 270, 84, 78, 0]]
[48, [240, 256, 256, 84, 48, 0]]
[49, [210, 242, 242, 84, 18, 0]]
[50, [240, 240, 240, 84, 0, 0]]
[51, [240, 256, 256, 84, 0, 0]]
[52, [240, 272, 272, 84, 0, 0]]
[53, [288, 288, 288, 84, 0, 0]]
[54, [288, 304, 304, 84, 0, 0]]
[55, [288, 320, 320, 84, 0, 0]]
[56, [336, 336, 336, 84, 0, 0]]
[57, [336, 352, 352, 84, 0, 0]]
[58, [336, 368, 368, 84, 0, 0]]
[59, [384, 384, 384, 414, 0, 0]]
[60, [384, 400, 400, 270, 144, 0]]
[61, [354, 386, 386, 126, 258, 0]]
[62, [372, 372, 372, 126, 228, 0]]
[63, [342, 358, 358, 126, 198, 0]]
[64, [312, 344, 344, 126, 168, 0]]
[65, [330, 330, 330, 126, 138, 0]]
[66, [300, 316, 316, 126, 108, 0]]
[67, [270, 302, 302, 126, 78, 0]]
[68, [288, 288, 288, 126, 48, 0]]
[69, [258, 274, 274, 126, 18, 0]]
[70, [240, 272, 272, 126, 0, 0]]
[71, [288, 288, 288, 126, 0, 0]]
[72, [288, 304, 304, 126, 0, 0]]
[73, [288, 320, 320, 126, 0, 0]]
[74, [336, 336, 336, 126, 0, 0]]
[75, [336, 352, 352, 126, 0, 0]]
[76, [336, 368, 368, 126, 0, 0]]
[77, [384, 384, 384, 126, 0, 0]]
[78, [384, 400, 400, 126, 0, 0]]
[79, [384, 416, 416, 456, 0, 0]]
[80, [432, 432, 432, 312, 144, 0]]
[81, [402, 418, 418, 168, 258, 0]]
[82, [372, 404, 404, 24, 372, 0]]
[83, [390, 390, 390, 24, 342, 0]]
[84, [360, 376, 376, 24, 312, 0]]
[85, [330, 362, 362, 24, 282, 0]]
[86, [348, 348, 348, 24, 252, 0]]
[87, [318, 334, 334, 24, 222, 0]]
[88, [288, 320, 320, 24, 192, 0]]
[89, [306, 306, 306, 24, 162, 0]]
[90, [276, 292, 292, 24, 132, 0]]
[91, [246, 278, 278, 24, 102, 0]]
[92, [264, 264, 264, 24, 72, 0]]
[93, [234, 250, 250, 24, 42, 0]]
[94, [204, 236, 236, 24, 12, 0]]
[95, [240, 240, 240, 24, 0, 0]]
[96, [240, 256, 256, 24, 0, 0]]
[97, [240, 272, 272, 24, 0, 0]]
[98, [288, 288, 288, 24, 0, 0]]
[99, [288, 304, 304, 354, 0, 0]]
[100, [288, 320, 320, 210, 144, 0]]
[101, [306, 306, 306, 66, 258, 0]]
[102, [276, 292, 292, 66, 228, 0]]
[103, [246, 278, 278, 66, 198, 0]]
[104, [264, 264, 264, 66, 168, 0]]
[105, [234, 250, 250, 66, 138, 0]]
[106, [204, 236, 236, 66, 108, 0]]
[107, [222, 222, 222, 66, 78, 0]]
[108, [192, 208, 208, 66, 48, 0]]
[109, [164, 196, 196, 66, 18, 2]]
[110, [192, 192, 192, 66, 0, 0]]
[111, [192, 208, 208, 66, 0, 0]]
[112, [192, 224, 224, 66, 0, 0]]
[113, [240, 240, 240, 66, 0, 0]]
[114, [240, 256, 256, 66, 0, 0]]
[115, [240, 272, 272, 66, 0, 0]]
[116, [288, 288, 288, 66, 0, 0]]
[117, [288, 304, 304, 66, 0, 0]]
[118, [288, 320, 320, 66, 0, 0]]
[119, [336, 336, 336, 396, 0, 0]]
[120, [336, 352, 352, 252, 144, 0]]
[121, [306, 338, 338, 108, 258, 0]]
[122, [324, 324, 324, 108, 228, 0]]
[123, [298, 314, 314, 108, 198, 4]]
[124, [296, 328, 328, 108, 168, 32]]
[125, [344, 344, 344, 108, 138, 62]]
[126, [344, 360, 360, 108, 108, 92]]
[127, [344, 376, 376, 108, 78, 122]]
[128, [380, 380, 380, 108, 48, 140]]
[129, [364, 380, 380, 108, 18, 154]]
[130, [354, 386, 386, 108, 0, 162]]
[131, [398, 398, 398, 108, 0, 158]]
[132, [394, 410, 410, 108, 0, 154]]
[133, [392, 424, 424, 108, 0, 152]]
[134, [438, 438, 438, 108, 0, 150]]
[135, [436, 452, 452, 108, 0, 148]]
[136, [430, 462, 462, 108, 0, 142]]
[137, [474, 474, 474, 108, 0, 138]]
[138, [462, 478, 478, 108, 0, 126]]
[139, [452, 484, 484, 438, 0, 116]]
[140, [498, 498, 498, 294, 144, 114]]
[141, [492, 508, 508, 150, 258, 138]]
[142, [490, 522, 522, 6, 372, 166]]
[143, [522, 522, 522, 6, 342, 180]]
[144, [504, 520, 520, 6, 312, 192]]
[145, [484, 516, 516, 6, 282, 202]]
[146, [502, 502, 502, 6, 252, 202]]
[147, [494, 510, 510, 6, 222, 224]]
[148, [478, 510, 510, 6, 192, 238]]
[149, [508, 508, 508, 6, 162, 250]]
[150, [478, 494, 494, 6, 132, 250]]
[151, [458, 490, 490, 6, 102, 260]]
[152, [482, 482, 482, 6, 72, 266]]
[153, [452, 468, 468, 6, 42, 266]]
[154, [444, 476, 476, 6, 12, 288]]
[155, [476, 476, 476, 6, 0, 284]]
[156, [458, 474, 474, 6, 0, 266]]
[157, [410, 442, 442, 6, 0, 218]]
[158, [424, 424, 424, 6, 0, 184]]
[159, [384, 400, 400, 336, 0, 144]]
[160, [354, 386, 386, 192, 144, 114]]
[161, [394, 394, 394, 48, 258, 136]]
[162, [378, 394, 394, 48, 228, 150]]
[163, [360, 392, 392, 48, 198, 162]]
[164, [350, 350, 350, 48, 168, 134]]
[165, [306, 322, 322, 48, 138, 120]]
[166, [256, 288, 288, 48, 108, 100]]
[167, [274, 274, 274, 48, 78, 100]]
[168, [266, 282, 282, 48, 48, 122]]
[169, [250, 282, 282, 48, 18, 136]]
[170, [280, 280, 280, 48, 0, 136]]
[171, [220, 236, 236, 48, 0, 76]]
[172, [170, 202, 202, 48, 0, 26]]
[173, [192, 192, 192, 48, 0, 0]]
[174, [192, 208, 208, 48, 0, 0]]
[175, [192, 224, 224, 48, 0, 0]]
[176, [240, 240, 240, 48, 0, 0]]
[177, [240, 256, 256, 48, 0, 0]]
[178, [240, 272, 272, 48, 0, 0]]
[179, [288, 288, 288, 378, 0, 0]]
[180, [288, 304, 304, 234, 144, 0]]
[181, [258, 290, 290, 90, 258, 0]]
[182, [276, 276, 276, 90, 228, 0]]
[183, [246, 262, 262, 90, 198, 0]]
[184, [216, 248, 248, 90, 168, 0]]
[185, [234, 234, 234, 90, 138, 0]]
[186, [204, 220, 220, 90, 108, 0]]
[187, [174, 206, 206, 90, 78, 0]]
[188, [192, 192, 192, 90, 48, 0]]
[189, [162, 178, 178, 90, 18, 0]]
[190, [144, 176, 176, 90, 0, 0]]
[191, [192, 192, 192, 90, 0, 0]]
[192, [192, 208, 208, 90, 0, 0]]
[193, [192, 224, 224, 90, 0, 0]]
[194, [240, 240, 240, 90, 0, 0]]
[195, [240, 256, 256, 90, 0, 0]]
[196, [240, 272, 272, 90, 0, 0]]
[197, [288, 288, 288, 90, 0, 0]]
[198, [288, 304, 304, 90, 0, 0]]
[199, [288, 320, 320, 420, 0, 0]]
[200, [336, 336, 336, 276, 144, 0]]
[201, [306, 322, 322, 132, 258, 0]]
[202, [276, 308, 308, 132, 228, 0]]
[203, [294, 294, 294, 132, 198, 0]]
[204, [264, 280, 280, 132, 168, 0]]
[205, [234, 266, 266, 132, 138, 0]]
[206, [252, 252, 252, 132, 108, 0]]
[207, [222, 238, 238, 132, 78, 0]]
[208, [192, 224, 224, 132, 48, 0]]
[209, [210, 210, 210, 132, 18, 0]]
[210, [192, 208, 208, 132, 0, 0]]
[211, [192, 224, 224, 132, 0, 0]]
[212, [240, 240, 240, 132, 0, 0]]
[213, [240, 256, 256, 132, 0, 0]]
[214, [240, 272, 272, 132, 0, 0]]
[215, [288, 288, 288, 132, 0, 0]]
[216, [288, 304, 304, 132, 0, 0]]
[217, [288, 320, 320, 132, 0, 0]]
[218, [336, 336, 336, 132, 0, 0]]
[219, [336, 352, 352, 462, 0, 0]]
[220, [336, 368, 368, 318, 144, 0]]
[221, [354, 354, 354, 174, 258, 0]]
[222, [324, 340, 340, 30, 372, 0]]
[223, [294, 326, 326, 30, 342, 0]]
[224, [312, 312, 312, 30, 312, 0]]
[225, [282, 298, 298, 30, 282, 0]]
[226, [252, 284, 284, 30, 252, 0]]
[227, [270, 270, 270, 30, 222, 0]]
[228, [240, 256, 256, 30, 192, 0]]
[229, [210, 242, 242, 30, 162, 0]]
[230, [228, 228, 228, 30, 132, 0]]
[231, [198, 214, 214, 30, 102, 0]]
[232, [168, 200, 200, 30, 72, 0]]
[233, [186, 186, 186, 30, 42, 0]]
[234, [156, 172, 172, 30, 12, 0]]
[235, [144, 176, 176, 30, 0, 0]]
[236, [192, 192, 192, 30, 0, 0]]
[237, [192, 208, 208, 30, 0, 0]]
[238, [192, 224, 224, 30, 0, 0]]
[239, [240, 240, 240, 360, 0, 0]]
[240, [240, 256, 256, 216, 144, 0]]
[241, [210, 242, 242, 72, 258, 0]]
[242, [228, 228, 228, 72, 228, 0]]
[243, [198, 214, 214, 72, 198, 0]]
[244, [168, 200, 200, 72, 168, 0]]
[245, [186, 186, 186, 72, 138, 0]]
[246, [156, 172, 172, 72, 108, 0]]
[247, [126, 158, 158, 72, 78, 0]]
[248, [144, 144, 144, 72, 48, 0]]
[249, [114, 130, 130, 72, 18, 0]]
[250, [96, 128, 128, 72, 0, 0]]
[251, [144, 144, 144, 72, 0, 0]]
[252, [144, 160, 160, 72, 0, 0]]
[253, [144, 176, 176, 72, 0, 0]]
[254, [192, 192, 192, 72, 0, 0]]
[255, [192, 208, 208, 72, 0, 0]]
[256, [192, 224, 224, 72, 0, 0]]
[257, [240, 240, 240, 72, 0, 0]]
[258, [240, 256, 256, 72, 0, 0]]
[259, [240, 272, 272, 402, 0, 0]]
[260, [288, 288, 288, 258, 144, 0]]
[261, [258, 274, 274, 114, 258, 0]]
[262, [228, 260, 260, 114, 228, 0]]
[263, [246, 246, 246, 114, 198, 0]]
[264, [216, 232, 232, 114, 168, 0]]
[265, [186, 218, 218, 114, 138, 0]]
[266, [216, 216, 216, 114, 108, 12]]
[267, [216, 232, 232, 114, 78, 42]]
[268, [198, 230, 230, 114, 48, 54]]
[269, [228, 228, 228, 114, 18, 66]]
[270, [208, 224, 224, 114, 0, 64]]
[271, [188, 220, 220, 114, 0, 44]]
[272, [218, 218, 218, 114, 0, 26]]
[273, [202, 218, 218, 114, 0, 10]]
[274, [202, 234, 234, 114, 0, 10]]
[275, [242, 242, 242, 114, 0, 2]]
[276, [240, 256, 256, 114, 0, 0]]
[277, [240, 272, 272, 114, 0, 0]]
[278, [288, 288, 288, 114, 0, 0]]
[279, [288, 304, 304, 444, 0, 0]]
[280, [288, 320, 320, 300, 144, 0]]
[281, [306, 306, 306, 156, 258, 0]]
[282, [280, 296, 296, 12, 372, 4]]
[283, [280, 312, 312, 12, 342, 34]]
[284, [326, 326, 326, 12, 312, 62]]
[285, [320, 336, 336, 12, 282, 86]]
[286, [316, 348, 348, 12, 252, 112]]
[287, [354, 354, 354, 12, 222, 132]]
[288, [334, 350, 350, 12, 192, 142]]
[289, [314, 346, 346, 12, 162, 152]]
[290, [358, 358, 358, 12, 132, 178]]
[291, [350, 366, 366, 12, 102, 200]]
[292, [340, 372, 372, 12, 72, 220]]
[293, [382, 382, 382, 12, 42, 244]]
[294, [372, 388, 388, 12, 12, 264]]
[295, [360, 392, 392, 12, 0, 264]]
[296, [388, 388, 388, 12, 0, 244]]
[297, [370, 386, 386, 12, 0, 226]]
[298, [350, 382, 382, 12, 0, 206]]
[299, [374, 374, 374, 342, 0, 182]]
[300, [358, 374, 374, 198, 144, 166]]
[301, [336, 368, 368, 54, 258, 174]]
[302, [372, 372, 372, 54, 228, 192]]
[303, [354, 370, 370, 54, 198, 204]]
[304, [326, 358, 358, 54, 168, 206]]
[305, [344, 344, 344, 54, 138, 206]]
[306, [314, 330, 330, 54, 108, 206]]
[307, [284, 316, 316, 54, 78, 206]]
[308, [298, 298, 298, 54, 48, 202]]
[309, [280, 296, 296, 54, 18, 214]]
[310, [258, 290, 290, 54, 0, 210]]
[311, [274, 274, 274, 54, 0, 178]]
[312, [242, 258, 258, 54, 0, 146]]
[313, [212, 244, 244, 54, 0, 116]]
[314, [230, 230, 230, 54, 0, 86]]
[315, [196, 212, 212, 54, 0, 52]]
[316, [178, 210, 210, 54, 0, 34]]
[317, [192, 192, 192, 54, 0, 0]]
[318, [192, 208, 208, 54, 0, 0]]
[319, [192, 224, 224, 384, 0, 0]]
[320, [240, 240, 240, 240, 144, 0]]
[321, [210, 226, 226, 96, 258, 0]]
[322, [180, 212, 212, 96, 228, 0]]
[323, [198, 198, 198, 96, 198, 0]]
[324, [168, 184, 184, 96, 168, 0]]
[325, [138, 170, 170, 96, 138, 0]]
[326, [156, 156, 156, 96, 108, 0]]
[327, [126, 142, 142, 96, 78, 0]]
[328, [96, 128, 128, 96, 48, 0]]
[329, [114, 114, 114, 96, 18, 0]]
[330, [96, 112, 112, 96, 0, 0]]
[331, [96, 128, 128, 96, 0, 0]]
[332, [144, 144, 144, 96, 0, 0]]
[333, [144, 160, 160, 96, 0, 0]]
[334, [144, 176, 176, 96, 0, 0]]
[335, [192, 192, 192, 96, 0, 0]]
[336, [192, 208, 208, 96, 0, 0]]
[337, [192, 224, 224, 96, 0, 0]]
[338, [240, 240, 240, 96, 0, 0]]
[339, [240, 256, 256, 426, 0, 0]]
[340, [240, 272, 272, 282, 144, 0]]
[341, [258, 258, 258, 138, 258, 0]]
[342, [228, 244, 244, 138, 228, 0]]
[343, [198, 230, 230, 138, 198, 0]]
[344, [216, 216, 216, 138, 168, 0]]
[345, [186, 202, 202, 138, 138, 0]]
[346, [156, 188, 188, 138, 108, 0]]
[347, [174, 174, 174, 138, 78, 0]]
[348, [144, 160, 160, 138, 48, 0]]
[349, [114, 146, 146, 138, 18, 0]]
[350, [144, 144, 144, 138, 0, 0]]
[351, [144, 160, 160, 138, 0, 0]]
[352, [144, 176, 176, 138, 0, 0]]
[353, [192, 192, 192, 138, 0, 0]]
[354, [192, 208, 208, 138, 0, 0]]
[355, [192, 224, 224, 138, 0, 0]]
[356, [240, 240, 240, 138, 0, 0]]
[357, [240, 256, 256, 138, 0, 0]]
[358, [240, 272, 272, 138, 0, 0]]
[359, [288, 288, 288, 468, 0, 0]]
[360, [288, 304, 304, 324, 144, 0]]
[361, [258, 290, 290, 180, 258, 0]]
[362, [276, 276, 276, 36, 372, 0]]
[363, [246, 262, 262, 36, 342, 0]]
[364, [216, 248, 248, 36, 312, 0]]
[365, [234, 234, 234, 36, 282, 0]]
[366, [204, 220, 220, 36, 252, 0]]
[367, [174, 206, 206, 36, 222, 0]]
[368, [192, 192, 192, 36, 192, 0]]
[369, [162, 178, 178, 36, 162, 0]]
[370, [132, 164, 164, 36, 132, 0]]
[371, [150, 150, 150, 36, 102, 0]]
[372, [120, 136, 136, 36, 72, 0]]
[373, [90, 122, 122, 36, 42, 0]]
[374, [108, 108, 108, 36, 12, 0]]
[375, [96, 112, 112, 36, 0, 0]]
[376, [96, 128, 128, 36, 0, 0]]
[377, [144, 144, 144, 36, 0, 0]]
[378, [144, 160, 160, 36, 0, 0]]
[379, [144, 176, 176, 366, 0, 0]]
[380, [192, 192, 192, 222, 144, 0]]
[381, [162, 178, 178, 78, 258, 0]]
[382, [132, 164, 164, 78, 228, 0]]
[383, [150, 150, 150, 78, 198, 0]]
[384, [120, 136, 136, 78, 168, 0]]
[385, [90, 122, 122, 78, 138, 0]]
[386, [108, 108, 108, 78, 108, 0]]
[387, [78, 94, 94, 78, 78, 0]]
[388, [48, 80, 80, 78, 48, 0]]
[389, [66, 66, 66, 78, 18, 0]]
[390, [48, 64, 64, 78, 0, 0]]
[391, [48, 80, 80, 78, 0, 0]]
[392, [96, 96, 96, 78, 0, 0]]
[393, [96, 112, 112, 78, 0, 0]]
[394, [96, 128, 128, 78, 0, 0]]
[395, [144, 144, 144, 78, 0, 0]]
[396, [144, 160, 160, 78, 0, 0]]
[397, [144, 176, 176, 78, 0, 0]]
[398, [192, 192, 192, 78, 0, 0]]
[399, [192, 208, 208, 408, 0, 0]]
[400, [192, 224, 224, 264, 144, 0]]
[401, [210, 210, 210, 120, 258, 0]]
[402, [180, 196, 196, 120, 228, 0]]
[403, [150, 182, 182, 120, 198, 0]]
[404, [168, 168, 168, 120, 168, 0]]
[405, [138, 154, 154, 120, 138, 0]]
[406, [108, 140, 140, 120, 108, 0]]
[407, [134, 134, 134, 120, 78, 8]]
[408, [112, 128, 128, 120, 48, 16]]
[409, [84, 116, 116, 120, 18, 18]]
[410, [106, 106, 106, 120, 0, 10]]
[411, [96, 112, 112, 120, 0, 0]]
[412, [96, 128, 128, 120, 0, 0]]
[413, [144, 144, 144, 120, 0, 0]]
[414, [144, 160, 160, 120, 0, 0]]
[415, [144, 176, 176, 120, 0, 0]]
[416, [192, 192, 192, 120, 0, 0]]
[417, [192, 208, 208, 120, 0, 0]]
[418, [192, 224, 224, 120, 0, 0]]
[419, [240, 240, 240, 450, 0, 0]]
[420, [240, 256, 256, 306, 144, 0]]
[421, [210, 242, 242, 162, 258, 0]]
[422, [228, 228, 228, 18, 372, 0]]
[423, [198, 214, 214, 18, 342, 0]]
[424, [186, 218, 218, 18, 312, 18]]
[425, [226, 226, 226, 18, 282, 40]]
[426, [222, 238, 238, 18, 252, 66]]
[427, [222, 254, 254, 18, 222, 96]]
[428, [244, 244, 244, 18, 192, 100]]
[429, [228, 244, 244, 18, 162, 114]]
[430, [212, 244, 244, 18, 132, 128]]
[431, [250, 250, 250, 18, 102, 148]]
[432, [240, 256, 256, 18, 72, 168]]
[433, [234, 266, 266, 18, 42, 192]]
[434, [282, 282, 282, 18, 12, 222]]
[435, [266, 282, 282, 18, 0, 218]]
[436, [256, 288, 288, 18, 0, 208]]
[437, [292, 292, 292, 18, 0, 196]]
[438, [284, 300, 300, 18, 0, 188]]
[439, [270, 302, 302, 348, 0, 174]]
[440, [304, 304, 304, 204, 144, 160]]
[441, [304, 320, 320, 60, 258, 190]]
[442, [280, 312, 312, 60, 228, 196]]
[443, [316, 316, 316, 60, 198, 214]]
[444, [300, 316, 316, 60, 168, 228]]
[445, [274, 306, 306, 60, 138, 232]]
[446, [304, 304, 304, 60, 108, 244]]
[447, [288, 304, 304, 60, 78, 258]]
[448, [284, 316, 316, 60, 48, 284]]
[449, [294, 294, 294, 60, 18, 276]]
[450, [274, 290, 290, 60, 0, 274]]
[451, [256, 288, 288, 60, 0, 256]]
[452, [278, 278, 278, 60, 0, 230]]
[453, [260, 276, 276, 60, 0, 212]]
[454, [244, 276, 276, 60, 0, 196]]
[455, [288, 288, 288, 60, 0, 192]]
[456, [250, 266, 266, 60, 0, 154]]
[457, [220, 252, 252, 60, 0, 124]]
[458, [236, 236, 236, 60, 0, 92]]
[459, [196, 212, 212, 390, 0, 52]]
[460, [176, 208, 208, 246, 144, 32]]
[461, [208, 208, 208, 102, 258, 46]]
[462, [204, 220, 220, 102, 228, 72]]
[463, [166, 198, 198, 102, 198, 64]]
[464, [174, 174, 174, 102, 168, 54]]
[465, [136, 152, 152, 102, 138, 46]]
[466, [84, 116, 116, 102, 108, 24]]
[467, [108, 108, 108, 102, 78, 30]]
[468, [92, 108, 108, 102, 48, 44]]
[469, [88, 120, 120, 102, 18, 70]]
[470, [98, 98, 98, 102, 0, 50]]
[471, [52, 68, 68, 102, 0, 4]]
[472, [48, 80, 80, 102, 0, 0]]
[473, [96, 96, 96, 102, 0, 0]]
[474, [96, 112, 112, 102, 0, 0]]
[475, [96, 128, 128, 102, 0, 0]]
[476, [144, 144, 144, 102, 0, 0]]
[477, [144, 160, 160, 102, 0, 0]]
[478, [144, 176, 176, 102, 0, 0]]
[479, [192, 192, 192, 432, 0, 0]]
[480, [192, 208, 208, 288, 144, 0]]
[481, [162, 194, 194, 144, 258, 0]]
[482, [180, 180, 180, 0, 372, 0]]
[483, [150, 166, 166, 0, 342, 0]]
[484, [120, 152, 152, 0, 312, 0]]
[485, [138, 138, 138, 0, 282, 0]]
[486, [108, 124, 124, 0, 252, 0]]
[487, [78, 110, 110, 0, 222, 0]]
[488, [96, 96, 96, 0, 192, 0]]
[489, [66, 82, 82, 0, 162, 0]]
[490, [36, 68, 68, 0, 132, 0]]
[491, [54, 54, 54, 0, 102, 0]]
[492, [24, 40, 40, 0, 72, 0]]
[493, [0, 32, 32, 0, 42, 6]]
[494, [12, 12, 12, 0, 12, 0]]
[495, [0, 16, 16, 0, 0, 0]]
[496, [0, 32, 32, 0, 0, 0]]
[497, [48, 48, 48, 0, 0, 0]]
[498, [48, 64, 64, 0, 0, 0]]
[499, [48, 80, 80, 330, 0, 0]]
[500, [96, 96, 96, 186, 144, 0]]
[501, [66, 82, 82, 42, 258, 0]]
[502, [36, 68, 68, 42, 228, 0]]
[503, [54, 54, 54, 42, 198, 0]]
[504, [24, 40, 40, 42, 168, 0]]
[505, [0, 32, 32, 42, 138, 6]]
[506, [12, 12, 12, 42, 108, 0]]
[507, [0, 16, 16, 42, 78, 18]]
[508, [0, 32, 32, 42, 48, 48]]
[509, [0, 0, 0, 42, 18, 30]]
[510, [0, 16, 16, 42, 0, 48]]
[511, [0, 32, 32, 42, 0, 48]]
[512, [0, 0, 0, 42, 0, 0]]
[513, [0, 16, 16, 42, 0, 0]]
[514, [0, 32, 32, 42, 0, 0]]
[515, [48, 48, 48, 42, 0, 0]]
[516, [48, 64, 64, 42, 0, 0]]
[517, [48, 80, 80, 42, 0, 0]]
[518, [96, 96, 96, 42, 0, 0]]
[519, [96, 112, 112, 372, 0, 0]]
[520, [96, 128, 128, 228, 144, 0]]
[521, [114, 114, 114, 84, 258, 0]]
[522, [84, 100, 100, 84, 228, 0]]
[523, [54, 86, 86, 84, 198, 0]]
[524, [72, 72, 72, 84, 168, 0]]
[525, [42, 58, 58, 84, 138, 0]]
[526, [12, 44, 44, 84, 108, 0]]
[527, [30, 30, 30, 84, 78, 0]]
[528, [0, 16, 16, 84, 48, 0]]
[529, [0, 32, 32, 84, 18, 30]]
[530, [0, 0, 0, 84, 0, 0]]
[531, [0, 16, 16, 84, 0, 0]]
[532, [0, 32, 32, 84, 0, 0]]
[533, [48, 48, 48, 84, 0, 0]]
[534, [48, 64, 64, 84, 0, 0]]
[535, [48, 80, 80, 84, 0, 0]]
[536, [96, 96, 96, 84, 0, 0]]
[537, [96, 112, 112, 84, 0, 0]]
[538, [96, 128, 128, 84, 0, 0]]
[539, [144, 144, 144, 414, 0, 0]]
[540, [144, 160, 160, 270, 144, 0]]
[541, [114, 146, 146, 126, 258, 0]]
[542, [132, 132, 132, 126, 228, 0]]
[543, [102, 118, 118, 126, 198, 0]]
[544, [72, 104, 104, 126, 168, 0]]
[545, [90, 90, 90, 126, 138, 0]]
[546, [60, 76, 76, 126, 108, 0]]
[547, [30, 62, 62, 126, 78, 0]]
[548, [48, 48, 48, 126, 48, 0]]
[549, [18, 34, 34, 126, 18, 0]]
[550, [0, 32, 32, 126, 0, 0]]
[551, [48, 48, 48, 126, 0, 0]]
[552, [48, 64, 64, 126, 0, 0]]
[553, [48, 80, 80, 126, 0, 0]]
[554, [96, 96, 96, 126, 0, 0]]
[555, [96, 112, 112, 126, 0, 0]]
[556, [96, 128, 128, 126, 0, 0]]
[557, [144, 144, 144, 126, 0, 0]]
[558, [144, 160, 160, 126, 0, 0]]
[559, [144, 176, 176, 456, 0, 0]]
[560, [192, 192, 192, 312, 144, 0]]
[561, [162, 178, 178, 168, 258, 0]]
[562, [132, 164, 164, 24, 372, 0]]
[563, [150, 150, 150, 24, 342, 0]]
[564, [120, 136, 136, 24, 312, 0]]
[565, [90, 122, 122, 24, 282, 0]]
[566, [128, 128, 128, 24, 252, 20]]
[567, [128, 144, 144, 24, 222, 50]]
[568, [106, 138, 138, 24, 192, 58]]
[569, [132, 132, 132, 24, 162, 66]]
[570, [104, 120, 120, 24, 132, 68]]
[571, [80, 112, 112, 24, 102, 74]]
[572, [104, 104, 104, 24, 72, 80]]
[573, [98, 114, 114, 24, 42, 104]]
[574, [96, 128, 128, 24, 12, 132]]
[575, [132, 132, 132, 24, 0, 132]]
[576, [114, 130, 130, 24, 0, 114]]
[577, [88, 120, 120, 24, 0, 88]]
[578, [118, 118, 118, 24, 0, 70]]
[579, [100, 116, 116, 354, 0, 52]]
[580, [94, 126, 126, 210, 144, 46]]
[581, [138, 138, 138, 66, 258, 72]]
[582, [130, 146, 146, 66, 228, 94]]
[583, [116, 148, 148, 66, 198, 110]]
[584, [142, 142, 142, 66, 168, 118]]
[585, [124, 140, 140, 66, 138, 130]]
[586, [106, 138, 138, 66, 108, 142]]
[587, [144, 144, 144, 66, 78, 162]]
[588, [134, 150, 150, 66, 48, 182]]
[589, [126, 158, 158, 66, 18, 204]]
[590, [156, 156, 156, 66, 0, 204]]
[591, [134, 150, 150, 66, 0, 182]]
[592, [116, 148, 148, 66, 0, 164]]
[593, [148, 148, 148, 66, 0, 148]]
[594, [136, 152, 152, 66, 0, 136]]
[595, [126, 158, 158, 66, 0, 126]]
[596, [166, 166, 166, 66, 0, 118]]
[597, [142, 158, 158, 66, 0, 94]]
[598, [114, 146, 146, 66, 0, 66]]
[599, [140, 140, 140, 396, 0, 44]]
[600, [124, 140, 140, 252, 144, 28]]
[601, [106, 138, 138, 108, 258, 40]]
[602, [140, 140, 140, 108, 228, 56]]
[603, [134, 150, 150, 108, 198, 80]]
[604, [100, 132, 132, 108, 168, 76]]
[605, [116, 116, 116, 108, 138, 74]]
[606, [90, 106, 106, 108, 108, 78]]
[607, [68, 100, 100, 108, 78, 86]]
[608, [92, 92, 92, 108, 48, 92]]
[609, [76, 92, 92, 108, 18, 106]]
[610, [70, 102, 102, 108, 0, 118]]
[611, [80, 80, 80, 108, 0, 80]]
[612, [42, 58, 58, 108, 0, 42]]
[613, [6, 38, 38, 108, 0, 6]]
[614, [48, 48, 48, 108, 0, 0]]
[615, [48, 64, 64, 108, 0, 0]]
[616, [48, 80, 80, 108, 0, 0]]
[617, [96, 96, 96, 108, 0, 0]]
[618, [96, 112, 112, 108, 0, 0]]
[619, [96, 128, 128, 438, 0, 0]]
[620, [144, 144, 144, 294, 144, 0]]
[621, [114, 130, 130, 150, 258, 0]]
[622, [84, 116, 116, 6, 372, 0]]
[623, [102, 102, 102, 6, 342, 0]]
[624, [72, 88, 88, 6, 312, 0]]
[625, [42, 74, 74, 6, 282, 0]]
[626, [60, 60, 60, 6, 252, 0]]
[627, [30, 46, 46, 6, 222, 0]]
[628, [0, 32, 32, 6, 192, 0]]
[629, [18, 18, 18, 6, 162, 0]]
[630, [0, 16, 16, 6, 132, 12]]
[631, [0, 32, 32, 6, 102, 42]]
[632, [0, 0, 0, 6, 72, 24]]
[633, [0, 16, 16, 6, 42, 54]]
[634, [0, 32, 32, 6, 12, 84]]
[635, [0, 0, 0, 6, 0, 48]]
[636, [0, 16, 16, 6, 0, 48]]
[637, [0, 32, 32, 6, 0, 48]]
[638, [0, 0, 0, 6, 0, 0]]
[639, [0, 16, 16, 336, 0, 0]]
[640, [0, 32, 32, 192, 144, 0]]
[641, [18, 18, 18, 48, 258, 0]]
[642, [0, 16, 16, 48, 228, 12]]
[643, [0, 32, 32, 48, 198, 42]]
[644, [0, 0, 0, 48, 168, 24]]
[645, [0, 16, 16, 48, 138, 54]]
[646, [0, 32, 32, 48, 108, 84]]
[647, [0, 0, 0, 48, 78, 66]]
[648, [0, 16, 16, 48, 48, 96]]
[649, [0, 32, 32, 48, 18, 126]]
[650, [0, 0, 0, 48, 0, 96]]
[651, [0, 16, 16, 48, 0, 96]]
[652, [0, 32, 32, 48, 0, 96]]
[653, [0, 0, 0, 48, 0, 48]]
[654, [0, 16, 16, 48, 0, 48]]
[655, [0, 32, 32, 48, 0, 48]]
[656, [0, 0, 0, 48, 0, 0]]
[657, [0, 16, 16, 48, 0, 0]]
[658, [0, 32, 32, 48, 0, 0]]
[659, [48, 48, 48, 378, 0, 0]]
[660, [48, 64, 64, 234, 144, 0]]
[661, [18, 50, 50, 90, 258, 0]]
[662, [36, 36, 36, 90, 228, 0]]
[663, [6, 22, 22, 90, 198, 0]]
[664, [0, 32, 32, 90, 168, 24]]
[665, [0, 0, 0, 90, 138, 6]]
[666, [0, 16, 16, 90, 108, 36]]
[667, [0, 32, 32, 90, 78, 66]]
[668, [0, 0, 0, 90, 48, 48]]
[669, [0, 16, 16, 90, 18, 78]]
[670, [0, 32, 32, 90, 0, 96]]
[671, [0, 0, 0, 90, 0, 48]]
[672, [0, 16, 16, 90, 0, 48]]
[673, [0, 32, 32, 90, 0, 48]]
[674, [0, 0, 0, 90, 0, 0]]
[675, [0, 16, 16, 90, 0, 0]]
[676, [0, 32, 32, 90, 0, 0]]
[677, [48, 48, 48, 90, 0, 0]]
[678, [48, 64, 64, 90, 0, 0]]
[679, [48, 80, 80, 420, 0, 0]]
[680, [96, 96, 96, 276, 144, 0]]
[681, [66, 82, 82, 132, 258, 0]]
[682, [36, 68, 68, 132, 228, 0]]
[683, [54, 54, 54, 132, 198, 0]]
[684, [24, 40, 40, 132, 168, 0]]
[685, [0, 32, 32, 132, 138, 6]]
[686, [12, 12, 12, 132, 108, 0]]
[687, [0, 16, 16, 132, 78, 18]]
[688, [0, 32, 32, 132, 48, 48]]
[689, [0, 0, 0, 132, 18, 30]]
[690, [0, 16, 16, 132, 0, 48]]
[691, [0, 32, 32, 132, 0, 48]]
[692, [0, 0, 0, 132, 0, 0]]
[693, [0, 16, 16, 132, 0, 0]]
[694, [0, 32, 32, 132, 0, 0]]
[695, [48, 48, 48, 132, 0, 0]]
[696, [48, 64, 64, 132, 0, 0]]
[697, [48, 80, 80, 132, 0, 0]]
[698, [96, 96, 96, 132, 0, 0]]
[699, [96, 112, 112, 462, 0, 0]]
[700, [96, 128, 128, 318, 144, 0]]
[701, [114, 114, 114, 174, 258, 0]]
[702, [84, 100, 100, 30, 372, 0]]
[703, [54, 86, 86, 30, 342, 0]]
[704, [72, 72, 72, 30, 312, 0]]
[705, [42, 56, 58, 30, 282, 0]]
[706, [12, 40, 44, 30, 252, 0]]
[707, [30, 24, 30, 30, 222, 0]]
[708, [0, 8, 16, 30, 192, 0]]
[709, [0, 22, 32, 30, 162, 30]]
[710, [12, 0, 12, 30, 132, 24]]
[711, [0, 2, 16, 30, 102, 42]]
[712, [0, 16, 32, 30, 72, 72]]
[713, [18, 0, 18, 30, 42, 72]]
[714, [4, 0, 20, 30, 12, 88]]
[715, [0, 12, 32, 30, 0, 96]]
[716, [20, 0, 20, 30, 0, 68]]
[717, [4, 0, 20, 30, 0, 52]]
[718, [0, 12, 32, 30, 0, 48]]
[719, [20, 0, 20, 360, 0, 20]]
[720, [4, 0, 20, 216, 144, 4]]
[721, [0, 12, 32, 72, 258, 30]]
[722, [20, 0, 20, 72, 228, 32]]
[723, [4, 0, 20, 72, 198, 46]]
[724, [0, 12, 32, 72, 168, 72]]
[725, [20, 0, 20, 72, 138, 74]]
[726, [4, 0, 20, 72, 108, 88]]
[727, [0, 12, 32, 72, 78, 114]]
[728, [20, 0, 20, 72, 48, 116]]
[729, [4, 0, 20, 72, 18, 130]]
[730, [0, 12, 32, 72, 0, 144]]
[731, [20, 0, 20, 72, 0, 116]]
[732, [4, 0, 20, 72, 0, 100]]
[733, [0, 12, 32, 72, 0, 96]]
[734, [20, 0, 20, 72, 0, 68]]
[735, [4, 0, 20, 72, 0, 52]]
[736, [0, 12, 32, 72, 0, 48]]
[737, [20, 0, 20, 72, 0, 20]]
[738, [4, 0, 20, 72, 0, 4]]
[739, [0, 12, 32, 402, 0, 0]]
[740, [48, 28, 48, 258, 144, 0]]
[741, [18, 14, 34, 114, 258, 0]]
[742, [0, 12, 32, 114, 228, 12]]
[743, [20, 0, 20, 114, 198, 14]]
[744, [4, 0, 20, 114, 168, 28]]
[745, [0, 12, 32, 114, 138, 54]]
[746, [20, 0, 20, 114, 108, 56]]
[747, [4, 0, 20, 114, 78, 70]]
[748, [0, 12, 32, 114, 48, 96]]
[749, [20, 0, 20, 114, 18, 98]]
[750, [4, 0, 20, 114, 0, 100]]
[751, [0, 12, 32, 114, 0, 96]]
[752, [20, 0, 20, 114, 0, 68]]
[753, [4, 0, 20, 114, 0, 52]]
[754, [0, 12, 32, 114, 0, 48]]
[755, [20, 0, 20, 114, 0, 20]]
[756, [4, 0, 20, 114, 0, 4]]
[757, [0, 12, 32, 114, 0, 0]]
[758, [48, 28, 48, 114, 0, 0]]
[759, [48, 44, 64, 444, 0, 0]]
[760, [48, 60, 80, 300, 144, 0]]
[761, [66, 46, 66, 156, 258, 0]]
[762, [36, 32, 52, 12, 372, 0]]
[763, [6, 18, 38, 12, 342, 0]]
[764, [24, 4, 24, 12, 312, 0]]
[765, [4, 0, 20, 12, 282, 10]]
[766, [0, 12, 32, 12, 252, 36]]
[767, [20, 0, 20, 12, 222, 38]]
[768, [4, 0, 20, 12, 192, 52]]
[769, [0, 12, 32, 12, 162, 78]]
[770, [20, 0, 20, 12, 132, 80]]
[771, [4, 0, 20, 12, 102, 94]]
[772, [0, 12, 32, 12, 72, 120]]
[773, [20, 0, 20, 12, 42, 122]]
[774, [4, 0, 20, 12, 12, 136]]
[775, [0, 12, 32, 12, 0, 144]]
[776, [20, 0, 20, 12, 0, 116]]
[777, [4, 0, 20, 12, 0, 100]]
[778, [0, 12, 32, 12, 0, 96]]
[779, [20, 0, 20, 342, 0, 68]]
[780, [4, 0, 20, 198, 144, 52]]
[781, [0, 12, 32, 54, 258, 78]]
[782, [20, 0, 20, 54, 228, 80]]
[783, [4, 0, 20, 54, 198, 94]]
[784, [0, 12, 32, 54, 168, 120]]
[785, [20, 0, 20, 54, 138, 122]]
[786, [4, 0, 20, 54, 108, 136]]
[787, [0, 12, 32, 54, 78, 162]]
[788, [20, 0, 20, 54, 48, 164]]
[789, [4, 0, 20, 54, 18, 178]]
[790, [0, 12, 32, 54, 0, 192]]
[791, [20, 0, 20, 54, 0, 164]]
[792, [4, 0, 20, 54, 0, 148]]
[793, [0, 12, 32, 54, 0, 144]]
[794, [20, 0, 20, 54, 0, 116]]
[795, [4, 0, 20, 54, 0, 100]]
[796, [0, 12, 32, 54, 0, 96]]
[797, [20, 0, 20, 54, 0, 68]]
[798, [4, 0, 20, 54, 0, 52]]
[799, [0, 12, 32, 384, 0, 48]]
[800, [20, 0, 20, 240, 144, 20]]
[801, [4, 0, 20, 96, 258, 34]]
[802, [0, 12, 32, 96, 228, 60]]
[803, [20, 0, 20, 96, 198, 62]]
[804, [4, 0, 20, 96, 168, 76]]
[805, [0, 12, 32, 96, 138, 102]]
[806, [20, 0, 20, 96, 108, 104]]
[807, [4, 0, 20, 96, 78, 118]]
[808, [0, 12, 32, 96, 48, 144]]
[809, [20, 0, 20, 96, 18, 146]]
[810, [4, 0, 20, 96, 0, 148]]
[811, [0, 12, 32, 96, 0, 144]]
[812, [20, 0, 20, 96, 0, 116]]
[813, [4, 0, 20, 96, 0, 100]]
[814, [0, 12, 32, 96, 0, 96]]
[815, [20, 0, 20, 96, 0, 68]]
[816, [4, 0, 20, 96, 0, 52]]
[817, [0, 12, 32, 96, 0, 48]]
[818, [20, 0, 20, 96, 0, 20]]
[819, [4, 0, 20, 426, 0, 4]]
[820, [0, 12, 32, 282, 144, 0]]
[821, [20, 0, 20, 138, 258, 2]]
[822, [4, 0, 20, 138, 228, 16]]
[823, [0, 12, 32, 138, 198, 42]]
[824, [20, 0, 20, 138, 168, 44]]
[825, [4, 0, 20, 138, 138, 58]]
[826, [0, 12, 32, 138, 108, 84]]
[827, [20, 0, 20, 138, 78, 86]]
[828, [4, 0, 20, 138, 48, 100]]
[829, [0, 12, 32, 138, 18, 126]]
[830, [20, 0, 20, 138, 0, 116]]
[831, [4, 0, 20, 138, 0, 100]]
[832, [0, 12, 32, 138, 0, 96]]
[833, [20, 0, 20, 138, 0, 68]]
[834, [4, 0, 20, 138, 0, 52]]
[835, [0, 12, 32, 138, 0, 48]]
[836, [20, 0, 20, 138, 0, 20]]
[837, [4, 0, 20, 138, 0, 4]]
[838, [0, 12, 32, 138, 0, 0]]
[839, [48, 28, 48, 468, 0, 0]]
[840, [48, 44, 64, 324, 144, 0]]
[841, [18, 30, 50, 180, 258, 0]]
[842, [36, 16, 36, 36, 372, 0]]
[843, [6, 2, 22, 36, 342, 0]]
[844, [0, 12, 32, 36, 312, 24]]
[845, [20, 0, 20, 36, 282, 26]]
[846, [4, 0, 20, 36, 252, 40]]
[847, [0, 12, 32, 36, 222, 66]]
[848, [20, 0, 20, 36, 192, 68]]
[849, [4, 0, 20, 36, 162, 82]]
[850, [0, 12, 32, 36, 132, 108]]
[851, [20, 0, 20, 36, 102, 110]]
[852, [4, 0, 20, 36, 72, 124]]
[853, [0, 12, 32, 36, 42, 150]]
[854, [20, 0, 20, 36, 12, 152]]
[855, [4, 0, 20, 36, 0, 148]]
[856, [0, 12, 32, 36, 0, 144]]
[857, [20, 0, 20, 36, 0, 116]]
[858, [4, 0, 20, 36, 0, 100]]
[859, [0, 12, 32, 366, 0, 96]]
[860, [20, 0, 20, 222, 144, 68]]
[861, [4, 0, 20, 78, 258, 82]]
[862, [0, 12, 32, 78, 228, 108]]
[863, [20, 0, 20, 78, 198, 110]]
[864, [4, 0, 20, 78, 168, 124]]
[865, [0, 12, 32, 78, 138, 150]]
[866, [20, 0, 20, 78, 108, 152]]
[867, [4, 0, 20, 78, 78, 166]]
[868, [0, 12, 32, 78, 48, 192]]
[869, [20, 0, 20, 78, 18, 194]]
[870, [4, 0, 20, 78, 0, 196]]
[871, [0, 12, 32, 78, 0, 192]]
[872, [20, 0, 20, 78, 0, 164]]
[873, [4, 0, 20, 78, 0, 148]]
[874, [0, 12, 32, 78, 0, 144]]
[875, [20, 0, 20, 78, 0, 116]]
[876, [4, 0, 20, 78, 0, 100]]
[877, [0, 12, 32, 78, 0, 96]]
[878, [20, 0, 20, 78, 0, 68]]
[879, [4, 0, 20, 408, 0, 52]]
[880, [0, 12, 32, 264, 144, 48]]
[881, [20, 0, 20, 120, 258, 50]]
[882, [4, 0, 20, 120, 228, 64]]
[883, [0, 12, 32, 120, 198, 90]]
[884, [20, 0, 20, 120, 168, 92]]
[885, [4, 0, 20, 120, 138, 106]]
[886, [0, 12, 32, 120, 108, 132]]
[887, [20, 0, 20, 120, 78, 134]]
[888, [4, 0, 20, 120, 48, 148]]
[889, [0, 12, 32, 120, 18, 174]]
[890, [20, 0, 20, 120, 0, 164]]
[891, [4, 0, 20, 120, 0, 148]]
[892, [0, 12, 32, 120, 0, 144]]
[893, [20, 0, 20, 120, 0, 116]]
[894, [4, 0, 20, 120, 0, 100]]
[895, [0, 12, 32, 120, 0, 96]]
[896, [20, 0, 20, 120, 0, 68]]
[897, [4, 0, 20, 120, 0, 52]]
[898, [0, 12, 32, 120, 0, 48]]
[899, [20, 0, 20, 450, 0, 20]]
[900, [4, 0, 20, 306, 144, 4]]
[901, [0, 12, 32, 162, 258, 30]]
[902, [20, 0, 20, 18, 372, 32]]
[903, [4, 0, 20, 18, 342, 46]]
[904, [0, 12, 32, 18, 312, 72]]
[905, [20, 0, 20, 18, 282, 74]]
[906, [4, 0, 20, 18, 252, 88]]
[907, [0, 12, 32, 18, 222, 114]]
[908, [20, 0, 20, 18, 192, 116]]
[909, [4, 0, 20, 18, 162, 130]]
[910, [0, 12, 32, 18, 132, 156]]
[911, [20, 0, 20, 18, 102, 158]]
[912, [4, 0, 20, 18, 72, 172]]
[913, [0, 12, 32, 18, 42, 198]]
[914, [20, 0, 20, 18, 12, 200]]
[915, [4, 0, 20, 18, 0, 196]]
[916, [0, 12, 32, 18, 0, 192]]
[917, [20, 0, 20, 18, 0, 164]]
[918, [4, 0, 20, 18, 0, 148]]
[919, [0, 12, 32, 348, 0, 144]]
[920, [20, 0, 20, 204, 144, 116]]
[921, [4, 0, 20, 60, 258, 130]]
[922, [0, 12, 32, 60, 228, 156]]
[923, [20, 0, 20, 60, 198, 158]]
[924, [4, 0, 20, 60, 168, 172]]
[925, [0, 12, 32, 60, 138, 198]]
[926, [20, 0, 20, 60, 108, 200]]
[927, [4, 0, 20, 60, 78, 214]]
[928, [0, 12, 32, 60, 48, 240]]
[929, [20, 0, 20, 60, 18, 242]]
[930, [4, 0, 20, 60, 0, 244]]
[931, [0, 12, 32, 60, 0, 240]]
[932, [20, 0, 20, 60, 0, 212]]
[933, [4, 0, 20, 60, 0, 196]]
[934, [0, 12, 32, 60, 0, 192]]
[935, [20, 0, 20, 60, 0, 164]]
[936, [4, 0, 20, 60, 0, 148]]
[937, [0, 12, 32, 60, 0, 144]]
[938, [20, 0, 20, 60, 0, 116]]
[939, [4, 0, 20, 390, 0, 100]]
[940, [0, 12, 32, 246, 144, 96]]
[941, [20, 0, 20, 102, 258, 98]]
[942, [4, 0, 20, 102, 228, 112]]
[943, [0, 12, 32, 102, 198, 138]]
[944, [20, 0, 20, 102, 168, 140]]
[945, [4, 0, 20, 102, 138, 154]]
[946, [0, 12, 32, 102, 108, 180]]
[947, [20, 0, 20, 102, 78, 182]]
[948, [4, 0, 20, 102, 48, 196]]
[949, [0, 12, 32, 102, 18, 222]]
[950, [20, 0, 20, 102, 0, 212]]
[951, [4, 0, 20, 102, 0, 196]]
[952, [0, 12, 32, 102, 0, 192]]
[953, [20, 0, 20, 102, 0, 164]]
[954, [4, 0, 20, 102, 0, 148]]
[955, [0, 12, 32, 102, 0, 144]]
[956, [20, 0, 20, 102, 0, 116]]
[957, [4, 0, 20, 102, 0, 100]]
[958, [0, 12, 32, 102, 0, 96]]
[959, [20, 0, 20, 432, 0, 68]]
