SimulationV01.py[2821269.44, [4086, 4090, 4090, 4092, 4098, 4098, 4104, 4104, 4104, 4104, 4104, 4104, 4104, 4104, 4104, 4104, 4104, 4104, 4104, 4104, 4104, 4104, 4104, 4104, 4104, 4104, 4104, 4104, 4104, 4104, 4104, 4104, 4104, 4104, 4104, 4104, 4104, 4104], [13, 9, 9, 24, 1, 9, 118, 9999, 9999, 9999, 9999, 9999, 9999]]
[2821329.65, [4092, 4096, 4098, 4098, 4104, 4104, 4104, 4104, 4104, 4104, 4104, 4104, 4104, 4104, 4104, 4104, 4104, 4104, 4104, 4104, 4104, 4104, 4104, 4104, 4104, 4104, 4104, 4104, 4104, 4104, 4104, 4104, 4104, 4104, 4104, 4104, 4104, 4104], [13, 9, 9, 24, 1, 9, 118, 9999, 9999, 9999, 9999, 9999, 9999]]
[2821566.73, [4058, 4096, 4102, 4104, 4104, 4104, 4104, 4104, 4104, 4104, 4104, 4104, 4104, 4104, 4104, 4104, 4104, 4104, 4104, 4104, 4104, 4104, 4104, 4104, 4104, 4104, 4104, 4104, 4104, 4104, 4104, 4104, 4104, 4104, 4104, 4104, 4104, 4104], [13, 9, 9, 24, 1, 9, 118, 9999, 9999, 9999, 9999, 9999, 9999]]
[2821741.39, [4098, 4100, 4100, 4104, 4104, 4104, 4104, 4104, 4104, 4104, 4104, 4104, 4104, 4104, 4104, 4104, 4104, 4104, 4104, 4104, 4104, 4104, 4104, 4104, 4104, 4104, 4104, 4104, 4104, 4104, 4104, 4104, 4104, 4104, 4104, 4104, 4104, 4104], [13, 9, 9, 24, 1, 9, 118, 9999, 9999, 9999, 9999, 9999, 9999]]
[2821850.96, [4063, 4100, 4100, 4102, 4104, 4104, 4104, 4104, 4104, 4104, 4104, 4104, 4104, 4104, 4104, 4104, 4104, 4104, 4104, 4104, 4104, 4104, 4104, 4104, 4104, 4104, 4104, 4104, 4104, 4104, 4104, 4104, 4104, 4104, 4104, 4104, 4104, 4104], [13, 9, 9, 24, 1, 9, 118, 9999, 9999, 9999, 9999, 9999, 9999]]
[2821959.36, [4090, 4104, 4104, 4104, 4104, 4104, 4104, 4104, 4104, 4104, 4104, 4104, 4104, 4104, 4104, 4104, 4104, 4104, 4104, 4104, 4104, 4104, 4104, 4104, 4104, 4104, 4104, 4104, 4104, 4104, 4104, 4104, 4104, 4104, 4104, 4104, 4104, 4104], [13, 9, 9, 24, 1, 9, 118, 9999, 9999, 9999, 9999, 9999, 9999]]
[2821967.75, [4063, 4094, 4096, 4096, 4102, 4104, 4104, 4104, 4104, 4104, 4104, 4104, 4104, 4104, 4104, 4104, 4104, 4104, 4104, 4104, 4104, 4104, 4104, 4104, 4104, 4104, 4104, 4104, 4104, 4104, 4104, 4104, 4104, 4104, 4104, 4104, 4104, 4104], [13, 9, 9, 24, 1, 9, 118, 9999, 9999, 9999, 9999, 9999, 9999]]
[2822014.76, [4063, 4094, 4104, 4104, 4104, 4104, 4104, 4104, 4104, 4104, 4104, 4104, 4104, 4104, 4104, 4104, 4104, 4104, 4104, 4104, 4104, 4104, 4104, 4104, 4104, 4104, 4104, 4104, 4104, 4104, 4104, 4104, 4104, 4104, 4104, 4104, 4104, 4104], [13, 9, 9, 24, 1, 9, 118, 9999, 9999, 9999, 9999, 9999, 9999]]
[2822022.61, [4070, 4104, 4104, 4104, 4104, 4104, 4104, 4104, 4104, 4104, 4104, 4104, 4104, 4104, 4104, 4104, 4104, 4104, 4104, 4104, 4104, 4104, 4104, 4104, 4104, 4104, 4104, 4104, 4104, 4104, 4104, 4104, 4104, 4104, 4104, 4104, 4104, 4104], [13, 9, 9, 24, 1, 9, 118, 9999, 9999, 9999, 9999, 9999, 9999]]
[2822078.15, [4063, 4092, 4102, 4104, 4104, 4104, 4104, 4104, 4104, 4104, 4104, 4104, 4104, 4104, 4104, 4104, 4104, 4104, 4104, 4104, 4104, 4104, 4104, 4104, 4104, 4104, 4104, 4104, 4104, 4104, 4104, 4104, 4104, 4104, 4104, 4104, 4104, 4104], [13, 9, 9, 24, 1, 9, 118, 9999, 9999, 9999, 9999, 9999, 9999]]
[2822093.58, [4077, 4100, 4104, 4104, 4104, 4104, 4104, 4104, 4104, 4104, 4104, 4104, 4104, 4104, 4104, 4104, 4104, 4104, 4104, 4104, 4104, 4104, 4104, 4104, 4104, 4104, 4104, 4104, 4104, 4104, 4104, 4104, 4104, 4104, 4104, 4104, 4104, 4104], [13, 9, 9, 24, 1, 9, 118, 9999, 9999, 9999, 9999, 9999, 9999]]
[2822093.75, [4080, 4084, 4098, 4100, 4104, 4104, 4104, 4104, 4104, 4104, 4104, 4104, 4104, 4104, 4104, 4104, 4104, 4104, 4104, 4104, 4104, 4104, 4104, 4104, 4104, 4104, 4104, 4104, 4104, 4104, 4104, 4104, 4104, 4104, 4104, 4104, 4104, 4104], [13, 9, 9, 24, 1, 9, 118, 9999, 9999, 9999, 9999, 9999, 9999]]
[2822145.9, [4063, 4098, 4104, 4104, 4104, 4104, 4104, 4104, 4104, 4104, 4104, 4104, 4104, 4104, 4104, 4104, 4104, 4104, 4104, 4104, 4104, 4104, 4104, 4104, 4104, 4104, 4104, 4104, 4104, 4104, 4104, 4104, 4104, 4104, 4104, 4104, 4104, 4104], [13, 9, 9, 24, 1, 9, 118, 9999, 9999, 9999, 9999, 9999, 9999]]
[2822149.92, [4063, 4094, 4098, 4102, 4104, 4104, 4104, 4104, 4104, 4104, 4104, 4104, 4104, 4104, 4104, 4104, 4104, 4104, 4104, 4104, 4104, 4104, 4104, 4104, 4104, 4104, 4104, 4104, 4104, 4104, 4104, 4104, 4104, 4104, 4104, 4104, 4104, 4104], [13, 9, 9, 24, 1, 9, 118, 9999, 9999, 9999, 9999, 9999, 9999]]
[2822184.33, [4082, 4090, 4098, 4102, 4104, 4104, 4104, 4104, 4104, 4104, 4104, 4104, 4104, 4104, 4104, 4104, 4104, 4104, 4104, 4104, 4104, 4104, 4104, 4104, 4104, 4104, 4104, 4104, 4104, 4104, 4104, 4104, 4104, 4104, 4104, 4104, 4104, 4104], [13, 9, 9, 24, 1, 9, 118, 9999, 9999, 9999, 9999, 9999, 9999]]
[2822190.8, [4063, 4080, 4082, 4104, 4104, 4104, 4104, 4104, 4104, 4104, 4104, 4104, 4104, 4104, 4104, 4104, 4104, 4104, 4104, 4104, 4104, 4104, 4104, 4104, 4104, 4104, 4104, 4104, 4104, 4104, 4104, 4104, 4104, 4104, 4104, 4104, 4104, 4104], [13, 9, 9, 24, 1, 9, 118, 9999, 9999, 9999, 9999, 9999, 9999]]
[2822192.68, [4063, 4098, 4102, 4104, 4104, 4104, 4104, 4104, 4104, 4104, 4104, 4104, 4104, 4104, 4104, 4104, 4104, 4104, 4104, 4104, 4104, 4104, 4104, 4104, 4104, 4104, 4104, 4104, 4104, 4104, 4104, 4104, 4104, 4104, 4104, 4104, 4104, 4104], [13, 9, 9, 24, 1, 9, 118, 9999, 9999, 9999, 9999, 9999, 9999]]
[2822219.34, [4063, 4096, 4098, 4102, 4104, 4104, 4104, 4104, 4104, 4104, 4104, 4104, 4104, 4104, 4104, 4104, 4104, 4104, 4104, 4104, 4104, 4104, 4104, 4104, 4104, 4104, 4104, 4104, 4104, 4104, 4104, 4104, 4104, 4104, 4104, 4104, 4104, 4104], [13, 9, 9, 24, 1, 9, 118, 9999, 9999, 9999, 9999, 9999, 9999]]
[2822237.87, [4052, 4090, 4094, 4100, 4104, 4104, 4104, 4104, 4104, 4104, 4104, 4104, 4104, 4104, 4104, 4104, 4104, 4104, 4104, 4104, 4104, 4104, 4104, 4104, 4104, 4104, 4104, 4104, 4104, 4104, 4104, 4104, 4104, 4104, 4104, 4104, 4104, 4104], [13, 9, 9, 24, 1, 9, 118, 9999, 9999, 9999, 9999, 9999, 9999]]
[2822255.11, [4090, 4094, 4098, 4100, 4104, 4104, 4104, 4104, 4104, 4104, 4104, 4104, 4104, 4104, 4104, 4104, 4104, 4104, 4104, 4104, 4104, 4104, 4104, 4104, 4104, 4104, 4104, 4104, 4104, 4104, 4104, 4104, 4104, 4104, 4104, 4104, 4104, 4104], [13, 9, 9, 24, 1, 9, 118, 9999, 9999, 9999, 9999, 9999, 9999]]
[2822257.75, [4060, 4063, 4068, 4100, 4104, 4104, 4104, 4104, 4104, 4104, 4104, 4104, 4104, 4104, 4104, 4104, 4104, 4104, 4104, 4104, 4104, 4104, 4104, 4104, 4104, 4104, 4104, 4104, 4104, 4104, 4104, 4104, 4104, 4104, 4104, 4104, 4104, 4104], [13, 9, 9, 24, 1, 9, 118, 9999, 9999, 9999, 9999, 9999, 9999]]
[2822280.01, [4063, 4074, 4080, 4094, 4094, 4094, 4104, 4104, 4104, 4104, 4104, 4104, 4104, 4104, 4104, 4104, 4104, 4104, 4104, 4104, 4104, 4104, 4104, 4104, 4104, 4104, 4104, 4104, 4104, 4104, 4104, 4104, 4104, 4104, 4104, 4104, 4104, 4104], [13, 9, 9, 24, 1, 9, 118, 9999, 9999, 9999, 9999, 9999, 9999]]
[2822319.46, [4063, 4086, 4104, 4104, 4104, 4104, 4104, 4104, 4104, 4104, 4104, 4104, 4104, 4104, 4104, 4104, 4104, 4104, 4104, 4104, 4104, 4104, 4104, 4104, 4104, 4104, 4104, 4104, 4104, 4104, 4104, 4104, 4104, 4104, 4104, 4104, 4104, 4104], [13, 9, 9, 24, 1, 9, 118, 9999, 9999, 9999, 9999, 9999, 9999]]
[2822330.73, [4077, 4077, 4090, 4100, 4104, 4104, 4104, 4104, 4104, 4104, 4104, 4104, 4104, 4104, 4104, 4104, 4104, 4104, 4104, 4104, 4104, 4104, 4104, 4104, 4104, 4104, 4104, 4104, 4104, 4104, 4104, 4104, 4104, 4104, 4104, 4104, 4104, 4104], [13, 9, 9, 24, 1, 9, 118, 9999, 9999, 9999, 9999, 9999, 9999]]
[2822342.81, [4063, 4088, 4096, 4104, 4104, 4104, 4104, 4104, 4104, 4104, 4104, 4104, 4104, 4104, 4104, 4104, 4104, 4104, 4104, 4104, 4104, 4104, 4104, 4104, 4104, 4104, 4104, 4104, 4104, 4104, 4104, 4104, 4104, 4104, 4104, 4104, 4104, 4104], [13, 9, 9, 24, 1, 9, 118, 9999, 9999, 9999, 9999, 9999, 9999]]
[2822353.6, [4077, 4090, 4096, 4102, 4104, 4104, 4104, 4104, 4104, 4104, 4104, 4104, 4104, 4104, 4104, 4104, 4104, 4104, 4104, 4104, 4104, 4104, 4104, 4104, 4104, 4104, 4104, 4104, 4104, 4104, 4104, 4104, 4104, 4104, 4104, 4104, 4104, 4104], [13, 9, 9, 24, 1, 9, 118, 9999, 9999, 9999, 9999, 9999, 9999]]
[2822368.56, [4092, 4094, 4094, 4100, 4100, 4100, 4104, 4104, 4104, 4104, 4104, 4104, 4104, 4104, 4104, 4104, 4104, 4104, 4104, 4104, 4104, 4104, 4104, 4104, 4104, 4104, 4104, 4104, 4104, 4104, 4104, 4104, 4104, 4104, 4104, 4104, 4104, 4104], [13, 9, 9, 24, 1, 9, 118, 9999, 9999, 9999, 9999, 9999, 9999]]
[2822374.48, [4063, 4084, 4090, 4098, 4098, 4098, 4100, 4102, 4102, 4104, 4104, 4104, 4104, 4104, 4104, 4104, 4104, 4104, 4104, 4104, 4104, 4104, 4104, 4104, 4104, 4104, 4104, 4104, 4104, 4104, 4104, 4104, 4104, 4104, 4104, 4104, 4104, 4104], [13, 9, 9, 24, 1, 9, 118, 9999, 9999, 9999, 9999, 9999, 9999]]
[2822377.69, [4063, 4104, 4104, 4104, 4104, 4104, 4104, 4104, 4104, 4104, 4104, 4104, 4104, 4104, 4104, 4104, 4104, 4104, 4104, 4104, 4104, 4104, 4104, 4104, 4104, 4104, 4104, 4104, 4104, 4104, 4104, 4104, 4104, 4104, 4104, 4104, 4104, 4104], [13, 9, 9, 24, 1, 9, 118, 9999, 9999, 9999, 9999, 9999, 9999]]
[2822390.23, [4094, 4096, 4100, 4102, 4102, 4104, 4104, 4104, 4104, 4104, 4104, 4104, 4104, 4104, 4104, 4104, 4104, 4104, 4104, 4104, 4104, 4104, 4104, 4104, 4104, 4104, 4104, 4104, 4104, 4104, 4104, 4104, 4104, 4104, 4104, 4104, 4104, 4104], [13, 9, 9, 24, 1, 9, 118, 9999, 9999, 9999, 9999, 9999, 9999]]
[2822406.99, [4063, 4084, 4090, 4094, 4100, 4104, 4104, 4104, 4104, 4104, 4104, 4104, 4104, 4104, 4104, 4104, 4104, 4104, 4104, 4104, 4104, 4104, 4104, 4104, 4104, 4104, 4104, 4104, 4104, 4104, 4104, 4104, 4104, 4104, 4104, 4104, 4104, 4104], [13, 9, 9, 24, 1, 9, 118, 9999, 9999, 9999, 9999, 9999, 9999]]
[2822407.0, [4063, 4088, 4092, 4094, 4104, 4104, 4104, 4104, 4104, 4104, 4104, 4104, 4104, 4104, 4104, 4104, 4104, 4104, 4104, 4104, 4104, 4104, 4104, 4104, 4104, 4104, 4104, 4104, 4104, 4104, 4104, 4104, 4104, 4104, 4104, 4104, 4104, 4104], [13, 9, 9, 24, 1, 9, 117, 9999, 9999, 9999, 9999, 9999, 9999]]
[2822418.34, [4063, 4072, 4100, 4104, 4104, 4104, 4104, 4104, 4104, 4104, 4104, 4104, 4104, 4104, 4104, 4104, 4104, 4104, 4104, 4104, 4104, 4104, 4104, 4104, 4104, 4104, 4104, 4104, 4104, 4104, 4104, 4104, 4104, 4104, 4104, 4104, 4104, 4104], [13, 9, 9, 24, 1, 9, 118, 9999, 9999, 9999, 9999, 9999, 9999]]
[2822445.27, [4063, 4063, 4104, 4104, 4104, 4104, 4104, 4104, 4104, 4104, 4104, 4104, 4104, 4104, 4104, 4104, 4104, 4104, 4104, 4104, 4104, 4104, 4104, 4104, 4104, 4104, 4104, 4104, 4104, 4104, 4104, 4104, 4104, 4104, 4104, 4104, 4104, 4104], [13, 9, 9, 24, 1, 9, 118, 9999, 9999, 9999, 9999, 9999, 9999]]
[2822472.36, [4063, 4063, 4102, 4104, 4104, 4104, 4104, 4104, 4104, 4104, 4104, 4104, 4104, 4104, 4104, 4104, 4104, 4104, 4104, 4104, 4104, 4104, 4104, 4104, 4104, 4104, 4104, 4104, 4104, 4104, 4104, 4104, 4104, 4104, 4104, 4104, 4104, 4104], [13, 9, 9, 24, 1, 9, 118, 9999, 9999, 9999, 9999, 9999, 9999]]
[2822478.18, [4063, 4094, 4100, 4104, 4104, 4104, 4104, 4104, 4104, 4104, 4104, 4104, 4104, 4104, 4104, 4104, 4104, 4104, 4104, 4104, 4104, 4104, 4104, 4104, 4104, 4104, 4104, 4104, 4104, 4104, 4104, 4104, 4104, 4104, 4104, 4104, 4104, 4104], [13, 9, 9, 24, 1, 9, 118, 9999, 9999, 9999, 9999, 9999, 9999]]
[2822487.21, [4063, 4098, 4104, 4104, 4104, 4104, 4104, 4104, 4104, 4104, 4104, 4104, 4104, 4104, 4104, 4104, 4104, 4104, 4104, 4104, 4104, 4104, 4104, 4104, 4104, 4104, 4104, 4104, 4104, 4104, 4104, 4104, 4104, 4104, 4104, 4104, 4104, 4104], [13, 9, 9, 24, 1, 9, 117, 9999, 9999, 9999, 9999, 9999, 9999]]
[2822510.51, [4063, 4077, 4096, 4100, 4104, 4104, 4104, 4104, 4104, 4104, 4104, 4104, 4104, 4104, 4104, 4104, 4104, 4104, 4104, 4104, 4104, 4104, 4104, 4104, 4104, 4104, 4104, 4104, 4104, 4104, 4104, 4104, 4104, 4104, 4104, 4104, 4104, 4104], [13, 9, 9, 24, 1, 9, 118, 9999, 9999, 9999, 9999, 9999, 9999]]
[2822521.65, [4100, 4104, 4104, 4104, 4104, 4104, 4104, 4104, 4104, 4104, 4104, 4104, 4104, 4104, 4104, 4104, 4104, 4104, 4104, 4104, 4104, 4104, 4104, 4104, 4104, 4104, 4104, 4104, 4104, 4104, 4104, 4104, 4104, 4104, 4104, 4104, 4104, 4104], [13, 9, 9, 24, 1, 9, 118, 9999, 9999, 9999, 9999, 9999, 9999]]
[2822548.48, [4063, 4063, 4092, 4096, 4104, 4104, 4104, 4104, 4104, 4104, 4104, 4104, 4104, 4104, 4104, 4104, 4104, 4104, 4104, 4104, 4104, 4104, 4104, 4104, 4104, 4104, 4104, 4104, 4104, 4104, 4104, 4104, 4104, 4104, 4104, 4104, 4104, 4104], [13, 9, 9, 24, 1, 9, 118, 9999, 9999, 9999, 9999, 9999, 9999]]
[2822551.14, [4063, 4092, 4096, 4098, 4098, 4100, 4100, 4102, 4104, 4104, 4104, 4104, 4104, 4104, 4104, 4104, 4104, 4104, 4104, 4104, 4104, 4104, 4104, 4104, 4104, 4104, 4104, 4104, 4104, 4104, 4104, 4104, 4104, 4104, 4104, 4104, 4104, 4104], [13, 9, 9, 24, 1, 9, 118, 9999, 9999, 9999, 9999, 9999, 9999]]
[2822552.88, [4063, 4066, 4094, 4098, 4102, 4104, 4104, 4104, 4104, 4104, 4104, 4104, 4104, 4104, 4104, 4104, 4104, 4104, 4104, 4104, 4104, 4104, 4104, 4104, 4104, 4104, 4104, 4104, 4104, 4104, 4104, 4104, 4104, 4104, 4104, 4104, 4104, 4104], [13, 9, 9, 24, 1, 9, 118, 9999, 9999, 9999, 9999, 9999, 9999]]
[2822561.1, [4058, 4063, 4063, 4098, 4102, 4102, 4104, 4104, 4104, 4104, 4104, 4104, 4104, 4104, 4104, 4104, 4104, 4104, 4104, 4104, 4104, 4104, 4104, 4104, 4104, 4104, 4104, 4104, 4104, 4104, 4104, 4104, 4104, 4104, 4104, 4104, 4104, 4104], [13, 9, 9, 24, 1, 9, 118, 9999, 9999, 9999, 9999, 9999, 9999]]
[2822568.57, [4063, 4063, 4063, 4096, 4104, 4104, 4104, 4104, 4104, 4104, 4104, 4104, 4104, 4104, 4104, 4104, 4104, 4104, 4104, 4104, 4104, 4104, 4104, 4104, 4104, 4104, 4104, 4104, 4104, 4104, 4104, 4104, 4104, 4104, 4104, 4104, 4104, 4104], [13, 9, 9, 24, 1, 9, 118, 9999, 9999, 9999, 9999, 9999, 9999]]
[2822595.46, [4096, 4098, 4104, 4104, 4104, 4104, 4104, 4104, 4104, 4104, 4104, 4104, 4104, 4104, 4104, 4104, 4104, 4104, 4104, 4104, 4104, 4104, 4104, 4104, 4104, 4104, 4104, 4104, 4104, 4104, 4104, 4104, 4104, 4104, 4104, 4104, 4104, 4104], [13, 9, 9, 24, 1, 9, 118, 9999, 9999, 9999, 9999, 9999, 9999]]
[2822609.67, [4063, 4092, 4096, 4104, 4104, 4104, 4104, 4104, 4104, 4104, 4104, 4104, 4104, 4104, 4104, 4104, 4104, 4104, 4104, 4104, 4104, 4104, 4104, 4104, 4104, 4104, 4104, 4104, 4104, 4104, 4104, 4104, 4104, 4104, 4104, 4104, 4104, 4104], [13, 9, 9, 24, 1, 9, 118, 9999, 9999, 9999, 9999, 9999, 9999]]
[2822610.81, [4063, 4088, 4098, 4104, 4104, 4104, 4104, 4104, 4104, 4104, 4104, 4104, 4104, 4104, 4104, 4104, 4104, 4104, 4104, 4104, 4104, 4104, 4104, 4104, 4104, 4104, 4104, 4104, 4104, 4104, 4104, 4104, 4104, 4104, 4104, 4104, 4104, 4104], [13, 9, 9, 24, 1, 9, 118, 9999, 9999, 9999, 9999, 9999, 9999]]
[2822616.06, [4063, 4063, 4063, 4092, 4092, 4104, 4104, 4104, 4104, 4104, 4104, 4104, 4104, 4104, 4104, 4104, 4104, 4104, 4104, 4104, 4104, 4104, 4104, 4104, 4104, 4104, 4104, 4104, 4104, 4104, 4104, 4104, 4104, 4104, 4104, 4104, 4104, 4104], [13, 9, 9, 24, 1, 9, 118, 9999, 9999, 9999, 9999, 9999, 9999]]
[2822617.34, [4063, 4063, 4063, 4102, 4104, 4104, 4104, 4104, 4104, 4104, 4104, 4104, 4104, 4104, 4104, 4104, 4104, 4104, 4104, 4104, 4104, 4104, 4104, 4104, 4104, 4104, 4104, 4104, 4104, 4104, 4104, 4104, 4104, 4104, 4104, 4104, 4104, 4104], [13, 9, 9, 24, 1, 9, 118, 9999, 9999, 9999, 9999, 9999, 9999]]
[2822621.16, [4063, 4063, 4063, 4092, 4096, 4104, 4104, 4104, 4104, 4104, 4104, 4104, 4104, 4104, 4104, 4104, 4104, 4104, 4104, 4104, 4104, 4104, 4104, 4104, 4104, 4104, 4104, 4104, 4104, 4104, 4104, 4104, 4104, 4104, 4104, 4104, 4104, 4104], [13, 9, 9, 24, 1, 9, 118, 9999, 9999, 9999, 9999, 9999, 9999]]
[2822626.27, [4063, 4082, 4104, 4104, 4104, 4104, 4104, 4104, 4104, 4104, 4104, 4104, 4104, 4104, 4104, 4104, 4104, 4104, 4104, 4104, 4104, 4104, 4104, 4104, 4104, 4104, 4104, 4104, 4104, 4104, 4104, 4104, 4104, 4104, 4104, 4104, 4104, 4104], [13, 9, 9, 24, 1, 9, 118, 9999, 9999, 9999, 9999, 9999, 9999]]
[2822637.05, [4063, 4090, 4098, 4104, 4104, 4104, 4104, 4104, 4104, 4104, 4104, 4104, 4104, 4104, 4104, 4104, 4104, 4104, 4104, 4104, 4104, 4104, 4104, 4104, 4104, 4104, 4104, 4104, 4104, 4104, 4104, 4104, 4104, 4104, 4104, 4104, 4104, 4104], [13, 9, 9, 24, 1, 9, 118, 9999, 9999, 9999, 9999, 9999, 9999]]
[2822666.97, [4092, 4098, 4104, 4104, 4104, 4104, 4104, 4104, 4104, 4104, 4104, 4104, 4104, 4104, 4104, 4104, 4104, 4104, 4104, 4104, 4104, 4104, 4104, 4104, 4104, 4104, 4104, 4104, 4104, 4104, 4104, 4104, 4104, 4104, 4104, 4104, 4104, 4104], [13, 9, 9, 24, 1, 9, 118, 9999, 9999, 9999, 9999, 9999, 9999]]
[2822672.35, [4063, 4063, 4100, 4100, 4100, 4104, 4104, 4104, 4104, 4104, 4104, 4104, 4104, 4104, 4104, 4104, 4104, 4104, 4104, 4104, 4104, 4104, 4104, 4104, 4104, 4104, 4104, 4104, 4104, 4104, 4104, 4104, 4104, 4104, 4104, 4104, 4104, 4104], [13, 9, 9, 24, 1, 9, 118, 9999, 9999, 9999, 9999, 9999, 9999]]
[2822690.14, [4063, 4077, 4094, 4104, 4104, 4104, 4104, 4104, 4104, 4104, 4104, 4104, 4104, 4104, 4104, 4104, 4104, 4104, 4104, 4104, 4104, 4104, 4104, 4104, 4104, 4104, 4104, 4104, 4104, 4104, 4104, 4104, 4104, 4104, 4104, 4104, 4104, 4104], [13, 9, 9, 24, 1, 9, 118, 9999, 9999, 9999, 9999, 9999, 9999]]
[2822699.41, [4063, 4063, 4090, 4090, 4094, 4104, 4104, 4104, 4104, 4104, 4104, 4104, 4104, 4104, 4104, 4104, 4104, 4104, 4104, 4104, 4104, 4104, 4104, 4104, 4104, 4104, 4104, 4104, 4104, 4104, 4104, 4104, 4104, 4104, 4104, 4104, 4104, 4104], [13, 9, 9, 24, 1, 9, 118, 9999, 9999, 9999, 9999, 9999, 9999]]
[2822736.16, [4063, 4077, 4080, 4092, 4094, 4102, 4104, 4104, 4104, 4104, 4104, 4104, 4104, 4104, 4104, 4104, 4104, 4104, 4104, 4104, 4104, 4104, 4104, 4104, 4104, 4104, 4104, 4104, 4104, 4104, 4104, 4104, 4104, 4104, 4104, 4104, 4104, 4104], [13, 9, 9, 24, 1, 9, 118, 9999, 9999, 9999, 9999, 9999, 9999]]
[2822755.4, [4063, 4104, 4104, 4104, 4104, 4104, 4104, 4104, 4104, 4104, 4104, 4104, 4104, 4104, 4104, 4104, 4104, 4104, 4104, 4104, 4104, 4104, 4104, 4104, 4104, 4104, 4104, 4104, 4104, 4104, 4104, 4104, 4104, 4104, 4104, 4104, 4104, 4104], [13, 9, 9, 24, 1, 9, 117, 9999, 9999, 9999, 9999, 9999, 9999]]
[2822759.91, [4063, 4077, 4096, 4096, 4098, 4104, 4104, 4104, 4104, 4104, 4104, 4104, 4104, 4104, 4104, 4104, 4104, 4104, 4104, 4104, 4104, 4104, 4104, 4104, 4104, 4104, 4104, 4104, 4104, 4104, 4104, 4104, 4104, 4104, 4104, 4104, 4104, 4104], [13, 9, 9, 24, 1, 9, 118, 9999, 9999, 9999, 9999, 9999, 9999]]
[2822784.49, [4063, 4080, 4084, 4090, 4102, 4102, 4104, 4104, 4104, 4104, 4104, 4104, 4104, 4104, 4104, 4104, 4104, 4104, 4104, 4104, 4104, 4104, 4104, 4104, 4104, 4104, 4104, 4104, 4104, 4104, 4104, 4104, 4104, 4104, 4104, 4104, 4104, 4104], [13, 9, 9, 24, 1, 9, 118, 9999, 9999, 9999, 9999, 9999, 9999]]
[2822786.25, [4063, 4078, 4104, 4104, 4104, 4104, 4104, 4104, 4104, 4104, 4104, 4104, 4104, 4104, 4104, 4104, 4104, 4104, 4104, 4104, 4104, 4104, 4104, 4104, 4104, 4104, 4104, 4104, 4104, 4104, 4104, 4104, 4104, 4104, 4104, 4104, 4104, 4104], [13, 9, 9, 24, 1, 9, 118, 9999, 9999, 9999, 9999, 9999, 9999]]
[2822801.75, [4063, 4063, 4072, 4102, 4104, 4104, 4104, 4104, 4104, 4104, 4104, 4104, 4104, 4104, 4104, 4104, 4104, 4104, 4104, 4104, 4104, 4104, 4104, 4104, 4104, 4104, 4104, 4104, 4104, 4104, 4104, 4104, 4104, 4104, 4104, 4104, 4104, 4104], [13, 9, 9, 24, 1, 9, 118, 9999, 9999, 9999, 9999, 9999, 9999]]
[2822802.42, [4063, 4098, 4104, 4104, 4104, 4104, 4104, 4104, 4104, 4104, 4104, 4104, 4104, 4104, 4104, 4104, 4104, 4104, 4104, 4104, 4104, 4104, 4104, 4104, 4104, 4104, 4104, 4104, 4104, 4104, 4104, 4104, 4104, 4104, 4104, 4104, 4104, 4104], [13, 9, 9, 24, 1, 9, 118, 9999, 9999, 9999, 9999, 9999, 9999]]
[2822826.57, [4063, 4063, 4064, 4096, 4098, 4104, 4104, 4104, 4104, 4104, 4104, 4104, 4104, 4104, 4104, 4104, 4104, 4104, 4104, 4104, 4104, 4104, 4104, 4104, 4104, 4104, 4104, 4104, 4104, 4104, 4104, 4104, 4104, 4104, 4104, 4104, 4104, 4104], [13, 9, 9, 24, 1, 9, 118, 9999, 9999, 9999, 9999, 9999, 9999]]
[2822831.36, [4063, 4063, 4092, 4104, 4104, 4104, 4104, 4104, 4104, 4104, 4104, 4104, 4104, 4104, 4104, 4104, 4104, 4104, 4104, 4104, 4104, 4104, 4104, 4104, 4104, 4104, 4104, 4104, 4104, 4104, 4104, 4104, 4104, 4104, 4104, 4104, 4104, 4104], [13, 9, 9, 24, 1, 9, 118, 9999, 9999, 9999, 9999, 9999, 9999]]
[2822856.97, [4063, 4063, 4092, 4098, 4104, 4104, 4104, 4104, 4104, 4104, 4104, 4104, 4104, 4104, 4104, 4104, 4104, 4104, 4104, 4104, 4104, 4104, 4104, 4104, 4104, 4104, 4104, 4104, 4104, 4104, 4104, 4104, 4104, 4104, 4104, 4104, 4104, 4104], [13, 9, 9, 24, 1, 9, 118, 9999, 9999, 9999, 9999, 9999, 9999]]
[2822943.18, [4063, 4063, 4092, 4104, 4104, 4104, 4104, 4104, 4104, 4104, 4104, 4104, 4104, 4104, 4104, 4104, 4104, 4104, 4104, 4104, 4104, 4104, 4104, 4104, 4104, 4104, 4104, 4104, 4104, 4104, 4104, 4104, 4104, 4104, 4104, 4104, 4104, 4104], [13, 9, 9, 24, 1, 9, 118, 9999, 9999, 9999, 9999, 9999, 9999]]
[2822970.69, [4063, 4063, 4077, 4102, 4104, 4104, 4104, 4104, 4104, 4104, 4104, 4104, 4104, 4104, 4104, 4104, 4104, 4104, 4104, 4104, 4104, 4104, 4104, 4104, 4104, 4104, 4104, 4104, 4104, 4104, 4104, 4104, 4104, 4104, 4104, 4104, 4104, 4104], [13, 9, 9, 24, 1, 9, 118, 9999, 9999, 9999, 9999, 9999, 9999]]
[2822978.5, [4063, 4063, 4084, 4090, 4104, 4104, 4104, 4104, 4104, 4104, 4104, 4104, 4104, 4104, 4104, 4104, 4104, 4104, 4104, 4104, 4104, 4104, 4104, 4104, 4104, 4104, 4104, 4104, 4104, 4104, 4104, 4104, 4104, 4104, 4104, 4104, 4104, 4104], [13, 9, 9, 24, 1, 9, 118, 9999, 9999, 9999, 9999, 9999, 9999]]
[2822989.55, [4063, 4074, 4077, 4077, 4078, 4090, 4094, 4096, 4104, 4104, 4104, 4104, 4104, 4104, 4104, 4104, 4104, 4104, 4104, 4104, 4104, 4104, 4104, 4104, 4104, 4104, 4104, 4104, 4104, 4104, 4104, 4104, 4104, 4104, 4104, 4104, 4104, 4104], [13, 9, 9, 24, 1, 9, 118, 9999, 9999, 9999, 9999, 9999, 9999]]
[2822990.18, [4088, 4090, 4092, 4104, 4104, 4104, 4104, 4104, 4104, 4104, 4104, 4104, 4104, 4104, 4104, 4104, 4104, 4104, 4104, 4104, 4104, 4104, 4104, 4104, 4104, 4104, 4104, 4104, 4104, 4104, 4104, 4104, 4104, 4104, 4104, 4104, 4104, 4104], [13, 9, 9, 24, 1, 9, 118, 9999, 9999, 9999, 9999, 9999, 9999]]
[2823000.93, [4063, 4094, 4102, 4104, 4104, 4104, 4104, 4104, 4104, 4104, 4104, 4104, 4104, 4104, 4104, 4104, 4104, 4104, 4104, 4104, 4104, 4104, 4104, 4104, 4104, 4104, 4104, 4104, 4104, 4104, 4104, 4104, 4104, 4104, 4104, 4104, 4104, 4104], [13, 9, 9, 24, 1, 9, 118, 9999, 9999, 9999, 9999, 9999, 9999]]
[2823007.33, [4063, 4063, 4090, 4094, 4094, 4096, 4104, 4104, 4104, 4104, 4104, 4104, 4104, 4104, 4104, 4104, 4104, 4104, 4104, 4104, 4104, 4104, 4104, 4104, 4104, 4104, 4104, 4104, 4104, 4104, 4104, 4104, 4104, 4104, 4104, 4104, 4104, 4104], [13, 9, 9, 24, 1, 9, 118, 9999, 9999, 9999, 9999, 9999, 9999]]
[2823032.13, [4063, 4063, 4084, 4096, 4100, 4102, 4102, 4104, 4104, 4104, 4104, 4104, 4104, 4104, 4104, 4104, 4104, 4104, 4104, 4104, 4104, 4104, 4104, 4104, 4104, 4104, 4104, 4104, 4104, 4104, 4104, 4104, 4104, 4104, 4104, 4104, 4104, 4104], [13, 9, 9, 24, 1, 9, 118, 9999, 9999, 9999, 9999, 9999, 9999]]
[2823032.55, [4063, 4063, 4086, 4088, 4088, 4094, 4094, 4104, 4104, 4104, 4104, 4104, 4104, 4104, 4104, 4104, 4104, 4104, 4104, 4104, 4104, 4104, 4104, 4104, 4104, 4104, 4104, 4104, 4104, 4104, 4104, 4104, 4104, 4104, 4104, 4104, 4104, 4104], [13, 9, 9, 24, 1, 9, 118, 9999, 9999, 9999, 9999, 9999, 9999]]
[2823050.87, [4063, 4063, 4076, 4088, 4092, 4102, 4104, 4104, 4104, 4104, 4104, 4104, 4104, 4104, 4104, 4104, 4104, 4104, 4104, 4104, 4104, 4104, 4104, 4104, 4104, 4104, 4104, 4104, 4104, 4104, 4104, 4104, 4104, 4104, 4104, 4104, 4104, 4104], [13, 9, 9, 24, 1, 9, 118, 9999, 9999, 9999, 9999, 9999, 9999]]
[2823089.24, [4063, 4063, 4070, 4090, 4094, 4100, 4102, 4104, 4104, 4104, 4104, 4104, 4104, 4104, 4104, 4104, 4104, 4104, 4104, 4104, 4104, 4104, 4104, 4104, 4104, 4104, 4104, 4104, 4104, 4104, 4104, 4104, 4104, 4104, 4104, 4104, 4104, 4104], [13, 9, 9, 24, 1, 9, 118, 9999, 9999, 9999, 9999, 9999, 9999]]
[2823095.53, [4077, 4077, 4090, 4094, 4100, 4102, 4104, 4104, 4104, 4104, 4104, 4104, 4104, 4104, 4104, 4104, 4104, 4104, 4104, 4104, 4104, 4104, 4104, 4104, 4104, 4104, 4104, 4104, 4104, 4104, 4104, 4104, 4104, 4104, 4104, 4104, 4104, 4104], [13, 9, 9, 24, 1, 9, 118, 9999, 9999, 9999, 9999, 9999, 9999]]
[2823107.68, [4054, 4077, 4090, 4090, 4100, 4100, 4102, 4104, 4104, 4104, 4104, 4104, 4104, 4104, 4104, 4104, 4104, 4104, 4104, 4104, 4104, 4104, 4104, 4104, 4104, 4104, 4104, 4104, 4104, 4104, 4104, 4104, 4104, 4104, 4104, 4104, 4104, 4104], [13, 9, 9, 24, 1, 9, 118, 9999, 9999, 9999, 9999, 9999, 9999]]
[2823111.16, [4063, 4094, 4098, 4104, 4104, 4104, 4104, 4104, 4104, 4104, 4104, 4104, 4104, 4104, 4104, 4104, 4104, 4104, 4104, 4104, 4104, 4104, 4104, 4104, 4104, 4104, 4104, 4104, 4104, 4104, 4104, 4104, 4104, 4104, 4104, 4104, 4104, 4104], [13, 9, 9, 24, 1, 9, 118, 9999, 9999, 9999, 9999, 9999, 9999]]
[2823173.83, [4063, 4063, 4090, 4104, 4104, 4104, 4104, 4104, 4104, 4104, 4104, 4104, 4104, 4104, 4104, 4104, 4104, 4104, 4104, 4104, 4104, 4104, 4104, 4104, 4104, 4104, 4104, 4104, 4104, 4104, 4104, 4104, 4104, 4104, 4104, 4104, 4104, 4104], [13, 9, 9, 24, 1, 9, 118, 9999, 9999, 9999, 9999, 9999, 9999]]
[2823199.28, [4063, 4063, 4090, 4102, 4104, 4104, 4104, 4104, 4104, 4104, 4104, 4104, 4104, 4104, 4104, 4104, 4104, 4104, 4104, 4104, 4104, 4104, 4104, 4104, 4104, 4104, 4104, 4104, 4104, 4104, 4104, 4104, 4104, 4104, 4104, 4104, 4104, 4104], [13, 9, 9, 24, 1, 9, 118, 9999, 9999, 9999, 9999, 9999, 9999]]
[2823208.35, [4063, 4063, 4077, 4080, 4082, 4094, 4102, 4104, 4104, 4104, 4104, 4104, 4104, 4104, 4104, 4104, 4104, 4104, 4104, 4104, 4104, 4104, 4104, 4104, 4104, 4104, 4104, 4104, 4104, 4104, 4104, 4104, 4104, 4104, 4104, 4104, 4104, 4104], [13, 9, 9, 24, 1, 9, 118, 9999, 9999, 9999, 9999, 9999, 9999]]
[2823210.52, [4063, 4063, 4077, 4092, 4096, 4100, 4100, 4104, 4104, 4104, 4104, 4104, 4104, 4104, 4104, 4104, 4104, 4104, 4104, 4104, 4104, 4104, 4104, 4104, 4104, 4104, 4104, 4104, 4104, 4104, 4104, 4104, 4104, 4104, 4104, 4104, 4104, 4104], [13, 9, 9, 24, 1, 9, 118, 9999, 9999, 9999, 9999, 9999, 9999]]
[2823217.33, [4063, 4090, 4100, 4104, 4104, 4104, 4104, 4104, 4104, 4104, 4104, 4104, 4104, 4104, 4104, 4104, 4104, 4104, 4104, 4104, 4104, 4104, 4104, 4104, 4104, 4104, 4104, 4104, 4104, 4104, 4104, 4104, 4104, 4104, 4104, 4104, 4104, 4104], [13, 9, 9, 24, 1, 9, 118, 9999, 9999, 9999, 9999, 9999, 9999]]
[2823218.19, [4063, 4090, 4096, 4098, 4100, 4102, 4104, 4104, 4104, 4104, 4104, 4104, 4104, 4104, 4104, 4104, 4104, 4104, 4104, 4104, 4104, 4104, 4104, 4104, 4104, 4104, 4104, 4104, 4104, 4104, 4104, 4104, 4104, 4104, 4104, 4104, 4104, 4104], [13, 9, 9, 24, 1, 9, 118, 9999, 9999, 9999, 9999, 9999, 9999]]
[2823227.1, [4063, 4063, 4088, 4094, 4098, 4102, 4104, 4104, 4104, 4104, 4104, 4104, 4104, 4104, 4104, 4104, 4104, 4104, 4104, 4104, 4104, 4104, 4104, 4104, 4104, 4104, 4104, 4104, 4104, 4104, 4104, 4104, 4104, 4104, 4104, 4104, 4104, 4104], [13, 9, 9, 24, 1, 9, 118, 9999, 9999, 9999, 9999, 9999, 9999]]
[2823243.9, [4063, 4076, 4090, 4096, 4104, 4104, 4104, 4104, 4104, 4104, 4104, 4104, 4104, 4104, 4104, 4104, 4104, 4104, 4104, 4104, 4104, 4104, 4104, 4104, 4104, 4104, 4104, 4104, 4104, 4104, 4104, 4104, 4104, 4104, 4104, 4104, 4104, 4104], [13, 9, 9, 24, 1, 9, 117, 9999, 9999, 9999, 9999, 9999, 9999]]
[2823276.0, [4063, 4063, 4063, 4076, 4088, 4090, 4104, 4104, 4104, 4104, 4104, 4104, 4104, 4104, 4104, 4104, 4104, 4104, 4104, 4104, 4104, 4104, 4104, 4104, 4104, 4104, 4104, 4104, 4104, 4104, 4104, 4104, 4104, 4104, 4104, 4104, 4104, 4104], [13, 9, 9, 24, 1, 9, 118, 9999, 9999, 9999, 9999, 9999, 9999]]
[2823281.64, [4063, 4063, 4086, 4090, 4096, 4100, 4104, 4104, 4104, 4104, 4104, 4104, 4104, 4104, 4104, 4104, 4104, 4104, 4104, 4104, 4104, 4104, 4104, 4104, 4104, 4104, 4104, 4104, 4104, 4104, 4104, 4104, 4104, 4104, 4104, 4104, 4104, 4104], [13, 9, 9, 24, 1, 9, 118, 9999, 9999, 9999, 9999, 9999, 9999]]
[2823295.3, [4063, 4063, 4094, 4102, 4104, 4104, 4104, 4104, 4104, 4104, 4104, 4104, 4104, 4104, 4104, 4104, 4104, 4104, 4104, 4104, 4104, 4104, 4104, 4104, 4104, 4104, 4104, 4104, 4104, 4104, 4104, 4104, 4104, 4104, 4104, 4104, 4104, 4104], [13, 9, 9, 24, 1, 9, 118, 9999, 9999, 9999, 9999, 9999, 9999]]
[2823317.3, [4020, 4063, 4063, 4104, 4104, 4104, 4104, 4104, 4104, 4104, 4104, 4104, 4104, 4104, 4104, 4104, 4104, 4104, 4104, 4104, 4104, 4104, 4104, 4104, 4104, 4104, 4104, 4104, 4104, 4104, 4104, 4104, 4104, 4104, 4104, 4104, 4104, 4104], [13, 9, 9, 24, 1, 9, 118, 9999, 9999, 9999, 9999, 9999, 9999]]
[2823321.03, [4063, 4063, 4063, 4096, 4100, 4104, 4104, 4104, 4104, 4104, 4104, 4104, 4104, 4104, 4104, 4104, 4104, 4104, 4104, 4104, 4104, 4104, 4104, 4104, 4104, 4104, 4104, 4104, 4104, 4104, 4104, 4104, 4104, 4104, 4104, 4104, 4104, 4104], [13, 9, 9, 24, 1, 9, 117, 9999, 9999, 9999, 9999, 9999, 9999]]
[2823342.58, [4063, 4063, 4082, 4104, 4104, 4104, 4104, 4104, 4104, 4104, 4104, 4104, 4104, 4104, 4104, 4104, 4104, 4104, 4104, 4104, 4104, 4104, 4104, 4104, 4104, 4104, 4104, 4104, 4104, 4104, 4104, 4104, 4104, 4104, 4104, 4104, 4104, 4104], [13, 9, 9, 24, 1, 9, 117, 9999, 9999, 9999, 9999, 9999, 9999]]
[2823343.15, [4063, 4063, 4063, 4092, 4100, 4100, 4104, 4104, 4104, 4104, 4104, 4104, 4104, 4104, 4104, 4104, 4104, 4104, 4104, 4104, 4104, 4104, 4104, 4104, 4104, 4104, 4104, 4104, 4104, 4104, 4104, 4104, 4104, 4104, 4104, 4104, 4104, 4104], [13, 9, 9, 24, 1, 9, 118, 9999, 9999, 9999, 9999, 9999, 9999]]
[2823362.9, [4063, 4063, 4092, 4092, 4098, 4100, 4102, 4104, 4104, 4104, 4104, 4104, 4104, 4104, 4104, 4104, 4104, 4104, 4104, 4104, 4104, 4104, 4104, 4104, 4104, 4104, 4104, 4104, 4104, 4104, 4104, 4104, 4104, 4104, 4104, 4104, 4104, 4104], [13, 9, 9, 24, 1, 9, 118, 9999, 9999, 9999, 9999, 9999, 9999]]
[2823425.45, [4063, 4063, 4077, 4098, 4104, 4104, 4104, 4104, 4104, 4104, 4104, 4104, 4104, 4104, 4104, 4104, 4104, 4104, 4104, 4104, 4104, 4104, 4104, 4104, 4104, 4104, 4104, 4104, 4104, 4104, 4104, 4104, 4104, 4104, 4104, 4104, 4104, 4104], [13, 9, 9, 24, 1, 9, 118, 9999, 9999, 9999, 9999, 9999, 9999]]
[2823436.67, [4063, 4063, 4077, 4092, 4096, 4098, 4100, 4104, 4104, 4104, 4104, 4104, 4104, 4104, 4104, 4104, 4104, 4104, 4104, 4104, 4104, 4104, 4104, 4104, 4104, 4104, 4104, 4104, 4104, 4104, 4104, 4104, 4104, 4104, 4104, 4104, 4104, 4104], [13, 9, 9, 24, 1, 9, 118, 9999, 9999, 9999, 9999, 9999, 9999]]
[2823462.99, [4063, 4063, 4063, 4080, 4084, 4098, 4104, 4104, 4104, 4104, 4104, 4104, 4104, 4104, 4104, 4104, 4104, 4104, 4104, 4104, 4104, 4104, 4104, 4104, 4104, 4104, 4104, 4104, 4104, 4104, 4104, 4104, 4104, 4104, 4104, 4104, 4104, 4104], [13, 9, 9, 24, 1, 9, 118, 9999, 9999, 9999, 9999, 9999, 9999]]
[2823465.88, [4063, 4098, 4100, 4104, 4104, 4104, 4104, 4104, 4104, 4104, 4104, 4104, 4104, 4104, 4104, 4104, 4104, 4104, 4104, 4104, 4104, 4104, 4104, 4104, 4104, 4104, 4104, 4104, 4104, 4104, 4104, 4104, 4104, 4104, 4104, 4104, 4104, 4104], [13, 9, 9, 24, 1, 9, 117, 9999, 9999, 9999, 9999, 9999, 9999]]
[2823474.49, [4063, 4063, 4080, 4088, 4090, 4102, 4104, 4104, 4104, 4104, 4104, 4104, 4104, 4104, 4104, 4104, 4104, 4104, 4104, 4104, 4104, 4104, 4104, 4104, 4104, 4104, 4104, 4104, 4104, 4104, 4104, 4104, 4104, 4104, 4104, 4104, 4104, 4104], [13, 9, 9, 24, 1, 9, 118, 9999, 9999, 9999, 9999, 9999, 9999]]
[2823533.41, [4032, 4063, 4090, 4092, 4098, 4104, 4104, 4104, 4104, 4104, 4104, 4104, 4104, 4104, 4104, 4104, 4104, 4104, 4104, 4104, 4104, 4104, 4104, 4104, 4104, 4104, 4104, 4104, 4104, 4104, 4104, 4104, 4104, 4104, 4104, 4104, 4104, 4104], [13, 9, 9, 24, 1, 9, 118, 9999, 9999, 9999, 9999, 9999, 9999]]
[2823536.35, [4063, 4063, 4080, 4104, 4104, 4104, 4104, 4104, 4104, 4104, 4104, 4104, 4104, 4104, 4104, 4104, 4104, 4104, 4104, 4104, 4104, 4104, 4104, 4104, 4104, 4104, 4104, 4104, 4104, 4104, 4104, 4104, 4104, 4104, 4104, 4104, 4104, 4104], [13, 9, 9, 24, 1, 9, 118, 9999, 9999, 9999, 9999, 9999, 9999]]
[2823547.48, [4063, 4063, 4063, 4063, 4080, 4094, 4094, 4100, 4100, 4102, 4104, 4104, 4104, 4104, 4104, 4104, 4104, 4104, 4104, 4104, 4104, 4104, 4104, 4104, 4104, 4104, 4104, 4104, 4104, 4104, 4104, 4104, 4104, 4104, 4104, 4104, 4104, 4104], [13, 9, 9, 24, 1, 9, 118, 9999, 9999, 9999, 9999, 9999, 9999]]
[2823582.07, [4063, 4063, 4086, 4100, 4104, 4104, 4104, 4104, 4104, 4104, 4104, 4104, 4104, 4104, 4104, 4104, 4104, 4104, 4104, 4104, 4104, 4104, 4104, 4104, 4104, 4104, 4104, 4104, 4104, 4104, 4104, 4104, 4104, 4104, 4104, 4104, 4104, 4104], [13, 9, 9, 24, 1, 9, 118, 9999, 9999, 9999, 9999, 9999, 9999]]
[2823598.38, [4063, 4063, 4094, 4094, 4104, 4104, 4104, 4104, 4104, 4104, 4104, 4104, 4104, 4104, 4104, 4104, 4104, 4104, 4104, 4104, 4104, 4104, 4104, 4104, 4104, 4104, 4104, 4104, 4104, 4104, 4104, 4104, 4104, 4104, 4104, 4104, 4104, 4104], [13, 9, 9, 24, 1, 9, 118, 9999, 9999, 9999, 9999, 9999, 9999]]
[2823619.61, [4063, 4077, 4102, 4102, 4104, 4104, 4104, 4104, 4104, 4104, 4104, 4104, 4104, 4104, 4104, 4104, 4104, 4104, 4104, 4104, 4104, 4104, 4104, 4104, 4104, 4104, 4104, 4104, 4104, 4104, 4104, 4104, 4104, 4104, 4104, 4104, 4104, 4104], [13, 9, 9, 24, 1, 9, 118, 9999, 9999, 9999, 9999, 9999, 9999]]
[2823640.46, [4063, 4063, 4063, 4063, 4077, 4077, 4090, 4092, 4092, 4098, 4104, 4104, 4104, 4104, 4104, 4104, 4104, 4104, 4104, 4104, 4104, 4104, 4104, 4104, 4104, 4104, 4104, 4104, 4104, 4104, 4104, 4104, 4104, 4104, 4104, 4104, 4104, 4104], [13, 9, 9, 24, 1, 9, 118, 9999, 9999, 9999, 9999, 9999, 9999]]
[2823736.34, [4063, 4063, 4063, 4088, 4096, 4096, 4100, 4100, 4100, 4104, 4104, 4104, 4104, 4104, 4104, 4104, 4104, 4104, 4104, 4104, 4104, 4104, 4104, 4104, 4104, 4104, 4104, 4104, 4104, 4104, 4104, 4104, 4104, 4104, 4104, 4104, 4104, 4104], [13, 9, 9, 24, 1, 9, 117, 9999, 9999, 9999, 9999, 9999, 9999]]
[2823738.38, [4063, 4063, 4090, 4090, 4098, 4102, 4104, 4104, 4104, 4104, 4104, 4104, 4104, 4104, 4104, 4104, 4104, 4104, 4104, 4104, 4104, 4104, 4104, 4104, 4104, 4104, 4104, 4104, 4104, 4104, 4104, 4104, 4104, 4104, 4104, 4104, 4104, 4104], [13, 9, 9, 24, 1, 9, 118, 9999, 9999, 9999, 9999, 9999, 9999]]
[2823753.97, [4063, 4063, 4080, 4104, 4104, 4104, 4104, 4104, 4104, 4104, 4104, 4104, 4104, 4104, 4104, 4104, 4104, 4104, 4104, 4104, 4104, 4104, 4104, 4104, 4104, 4104, 4104, 4104, 4104, 4104, 4104, 4104, 4104, 4104, 4104, 4104, 4104, 4104], [13, 9, 9, 24, 1, 9, 117, 9999, 9999, 9999, 9999, 9999, 9999]]
[2823757.28, [4063, 4063, 4098, 4098, 4102, 4104, 4104, 4104, 4104, 4104, 4104, 4104, 4104, 4104, 4104, 4104, 4104, 4104, 4104, 4104, 4104, 4104, 4104, 4104, 4104, 4104, 4104, 4104, 4104, 4104, 4104, 4104, 4104, 4104, 4104, 4104, 4104, 4104], [13, 9, 9, 24, 1, 9, 118, 9999, 9999, 9999, 9999, 9999, 9999]]
[2823774.84, [4063, 4063, 4063, 4070, 4088, 4090, 4096, 4096, 4104, 4104, 4104, 4104, 4104, 4104, 4104, 4104, 4104, 4104, 4104, 4104, 4104, 4104, 4104, 4104, 4104, 4104, 4104, 4104, 4104, 4104, 4104, 4104, 4104, 4104, 4104, 4104, 4104, 4104], [13, 9, 9, 24, 1, 9, 118, 9999, 9999, 9999, 9999, 9999, 9999]]
[2823780.25, [4063, 4063, 4096, 4100, 4104, 4104, 4104, 4104, 4104, 4104, 4104, 4104, 4104, 4104, 4104, 4104, 4104, 4104, 4104, 4104, 4104, 4104, 4104, 4104, 4104, 4104, 4104, 4104, 4104, 4104, 4104, 4104, 4104, 4104, 4104, 4104, 4104, 4104], [13, 9, 9, 24, 1, 9, 118, 9999, 9999, 9999, 9999, 9999, 9999]]
[2823819.38, [4063, 4077, 4098, 4100, 4104, 4104, 4104, 4104, 4104, 4104, 4104, 4104, 4104, 4104, 4104, 4104, 4104, 4104, 4104, 4104, 4104, 4104, 4104, 4104, 4104, 4104, 4104, 4104, 4104, 4104, 4104, 4104, 4104, 4104, 4104, 4104, 4104, 4104], [13, 9, 9, 24, 1, 9, 117, 9999, 9999, 9999, 9999, 9999, 9999]]
[2823821.62, [4063, 4063, 4063, 4094, 4104, 4104, 4104, 4104, 4104, 4104, 4104, 4104, 4104, 4104, 4104, 4104, 4104, 4104, 4104, 4104, 4104, 4104, 4104, 4104, 4104, 4104, 4104, 4104, 4104, 4104, 4104, 4104, 4104, 4104, 4104, 4104, 4104, 4104], [13, 9, 9, 24, 1, 9, 118, 9999, 9999, 9999, 9999, 9999, 9999]]
[2823838.1, [4063, 4063, 4063, 4063, 4092, 4094, 4104, 4104, 4104, 4104, 4104, 4104, 4104, 4104, 4104, 4104, 4104, 4104, 4104, 4104, 4104, 4104, 4104, 4104, 4104, 4104, 4104, 4104, 4104, 4104, 4104, 4104, 4104, 4104, 4104, 4104, 4104, 4104], [13, 9, 9, 24, 1, 9, 118, 9999, 9999, 9999, 9999, 9999, 9999]]
[2823893.28, [4063, 4077, 4090, 4102, 4104, 4104, 4104, 4104, 4104, 4104, 4104, 4104, 4104, 4104, 4104, 4104, 4104, 4104, 4104, 4104, 4104, 4104, 4104, 4104, 4104, 4104, 4104, 4104, 4104, 4104, 4104, 4104, 4104, 4104, 4104, 4104, 4104, 4104], [13, 9, 9, 24, 1, 9, 118, 9999, 9999, 9999, 9999, 9999, 9999]]
[2823906.86, [4063, 4063, 4063, 4086, 4102, 4104, 4104, 4104, 4104, 4104, 4104, 4104, 4104, 4104, 4104, 4104, 4104, 4104, 4104, 4104, 4104, 4104, 4104, 4104, 4104, 4104, 4104, 4104, 4104, 4104, 4104, 4104, 4104, 4104, 4104, 4104, 4104, 4104], [13, 9, 9, 24, 1, 9, 118, 9999, 9999, 9999, 9999, 9999, 9999]]
[2823907.32, [4063, 4063, 4077, 4077, 4078, 4090, 4096, 4104, 4104, 4104, 4104, 4104, 4104, 4104, 4104, 4104, 4104, 4104, 4104, 4104, 4104, 4104, 4104, 4104, 4104, 4104, 4104, 4104, 4104, 4104, 4104, 4104, 4104, 4104, 4104, 4104, 4104, 4104], [13, 9, 9, 24, 1, 9, 118, 9999, 9999, 9999, 9999, 9999, 9999]]
[2823936.25, [4063, 4063, 4090, 4096, 4102, 4104, 4104, 4104, 4104, 4104, 4104, 4104, 4104, 4104, 4104, 4104, 4104, 4104, 4104, 4104, 4104, 4104, 4104, 4104, 4104, 4104, 4104, 4104, 4104, 4104, 4104, 4104, 4104, 4104, 4104, 4104, 4104, 4104], [13, 9, 9, 24, 1, 9, 117, 9999, 9999, 9999, 9999, 9999, 9999]]
[2823979.9, [4063, 4063, 4063, 4084, 4096, 4100, 4104, 4104, 4104, 4104, 4104, 4104, 4104, 4104, 4104, 4104, 4104, 4104, 4104, 4104, 4104, 4104, 4104, 4104, 4104, 4104, 4104, 4104, 4104, 4104, 4104, 4104, 4104, 4104, 4104, 4104, 4104, 4104], [13, 9, 9, 24, 1, 9, 118, 9999, 9999, 9999, 9999, 9999, 9999]]
[2824003.98, [4063, 4063, 4088, 4090, 4096, 4098, 4100, 4102, 4104, 4104, 4104, 4104, 4104, 4104, 4104, 4104, 4104, 4104, 4104, 4104, 4104, 4104, 4104, 4104, 4104, 4104, 4104, 4104, 4104, 4104, 4104, 4104, 4104, 4104, 4104, 4104, 4104, 4104], [13, 9, 9, 24, 1, 9, 118, 9999, 9999, 9999, 9999, 9999, 9999]]
[2824012.15, [4063, 4063, 4063, 4082, 4088, 4096, 4096, 4098, 4100, 4102, 4102, 4102, 4104, 4104, 4104, 4104, 4104, 4104, 4104, 4104, 4104, 4104, 4104, 4104, 4104, 4104, 4104, 4104, 4104, 4104, 4104, 4104, 4104, 4104, 4104, 4104, 4104, 4104], [13, 9, 9, 24, 1, 9, 118, 9999, 9999, 9999, 9999, 9999, 9999]]
[2824128.83, [4063, 4063, 4094, 4096, 4098, 4098, 4098, 4104, 4104, 4104, 4104, 4104, 4104, 4104, 4104, 4104, 4104, 4104, 4104, 4104, 4104, 4104, 4104, 4104, 4104, 4104, 4104, 4104, 4104, 4104, 4104, 4104, 4104, 4104, 4104, 4104, 4104, 4104], [13, 9, 9, 24, 1, 9, 118, 9999, 9999, 9999, 9999, 9999, 9999]]
[2824137.14, [4063, 4063, 4077, 4096, 4098, 4100, 4102, 4104, 4104, 4104, 4104, 4104, 4104, 4104, 4104, 4104, 4104, 4104, 4104, 4104, 4104, 4104, 4104, 4104, 4104, 4104, 4104, 4104, 4104, 4104, 4104, 4104, 4104, 4104, 4104, 4104, 4104, 4104], [13, 9, 9, 24, 1, 9, 118, 9999, 9999, 9999, 9999, 9999, 9999]]
[2824156.91, [4063, 4063, 4063, 4063, 4074, 4100, 4104, 4104, 4104, 4104, 4104, 4104, 4104, 4104, 4104, 4104, 4104, 4104, 4104, 4104, 4104, 4104, 4104, 4104, 4104, 4104, 4104, 4104, 4104, 4104, 4104, 4104, 4104, 4104, 4104, 4104, 4104, 4104], [13, 9, 9, 24, 1, 9, 118, 9999, 9999, 9999, 9999, 9999, 9999]]
[2824201.55, [4063, 4063, 4063, 4063, 4090, 4102, 4104, 4104, 4104, 4104, 4104, 4104, 4104, 4104, 4104, 4104, 4104, 4104, 4104, 4104, 4104, 4104, 4104, 4104, 4104, 4104, 4104, 4104, 4104, 4104, 4104, 4104, 4104, 4104, 4104, 4104, 4104, 4104], [13, 9, 9, 24, 1, 9, 118, 9999, 9999, 9999, 9999, 9999, 9999]]
[2824514.21, [4063, 4063, 4063, 4063, 4066, 4100, 4104, 4104, 4104, 4104, 4104, 4104, 4104, 4104, 4104, 4104, 4104, 4104, 4104, 4104, 4104, 4104, 4104, 4104, 4104, 4104, 4104, 4104, 4104, 4104, 4104, 4104, 4104, 4104, 4104, 4104, 4104, 4104], [13, 9, 9, 24, 1, 9, 118, 9999, 9999, 9999, 9999, 9999, 9999]]
[2824778.52, [4063, 4063, 4063, 4077, 4077, 4078, 4086, 4104, 4104, 4104, 4104, 4104, 4104, 4104, 4104, 4104, 4104, 4104, 4104, 4104, 4104, 4104, 4104, 4104, 4104, 4104, 4104, 4104, 4104, 4104, 4104, 4104, 4104, 4104, 4104, 4104, 4104, 4104], [13, 9, 9, 24, 1, 9, 118, 9999, 9999, 9999, 9999, 9999, 9999]]
[2824946.23, [4063, 4063, 4063, 4063, 4077, 4104, 4104, 4104, 4104, 4104, 4104, 4104, 4104, 4104, 4104, 4104, 4104, 4104, 4104, 4104, 4104, 4104, 4104, 4104, 4104, 4104, 4104, 4104, 4104, 4104, 4104, 4104, 4104, 4104, 4104, 4104, 4104, 4104], [13, 9, 9, 24, 1, 9, 118, 9999, 9999, 9999, 9999, 9999, 9999]]
[2825116.33, [4063, 4063, 4063, 4063, 4100, 4102, 4104, 4104, 4104, 4104, 4104, 4104, 4104, 4104, 4104, 4104, 4104, 4104, 4104, 4104, 4104, 4104, 4104, 4104, 4104, 4104, 4104, 4104, 4104, 4104, 4104, 4104, 4104, 4104, 4104, 4104, 4104, 4104], [13, 9, 9, 24, 1, 9, 118, 9999, 9999, 9999, 9999, 9999, 9999]]
[2825292.01, [4044, 4100, 4104, 4104, 4104, 4104, 4104, 4104, 4104, 4104, 4104, 4104, 4104, 4104, 4104, 4104, 4104, 4104, 4104, 4104, 4104, 4104, 4104, 4104, 4104, 4104, 4104, 4104, 4104, 4104, 4104, 4104, 4104, 4104, 4104, 4104, 4104, 4104], [13, 9, 9, 24, 1, 8, 117, 9999, 9999, 9999, 9999, 9999, 9999]]
[2825433.57, [4068, 4080, 4102, 4104, 4104, 4104, 4104, 4104, 4104, 4104, 4104, 4104, 4104, 4104, 4104, 4104, 4104, 4104, 4104, 4104, 4104, 4104, 4104, 4104, 4104, 4104, 4104, 4104, 4104, 4104, 4104, 4104, 4104, 4104, 4104, 4104, 4104, 4104], [13, 9, 9, 24, 1, 8, 118, 9999, 9999, 9999, 9999, 9999, 9999]]
[2825495.91, [4080, 4096, 4100, 4100, 4100, 4104, 4104, 4104, 4104, 4104, 4104, 4104, 4104, 4104, 4104, 4104, 4104, 4104, 4104, 4104, 4104, 4104, 4104, 4104, 4104, 4104, 4104, 4104, 4104, 4104, 4104, 4104, 4104, 4104, 4104, 4104, 4104, 4104], [13, 9, 9, 24, 1, 8, 118, 9999, 9999, 9999, 9999, 9999, 9999]]
[2825827.5, [4044, 4044, 4054, 4094, 4098, 4104, 4104, 4104, 4104, 4104, 4104, 4104, 4104, 4104, 4104, 4104, 4104, 4104, 4104, 4104, 4104, 4104, 4104, 4104, 4104, 4104, 4104, 4104, 4104, 4104, 4104, 4104, 4104, 4104, 4104, 4104, 4104, 4104], [13, 9, 9, 24, 1, 8, 118, 9999, 9999, 9999, 9999, 9999, 9999]]
[2825978.79, [4044, 4092, 4104, 4104, 4104, 4104, 4104, 4104, 4104, 4104, 4104, 4104, 4104, 4104, 4104, 4104, 4104, 4104, 4104, 4104, 4104, 4104, 4104, 4104, 4104, 4104, 4104, 4104, 4104, 4104, 4104, 4104, 4104, 4104, 4104, 4104, 4104, 4104], [13, 9, 9, 24, 1, 8, 117, 9999, 9999, 9999, 9999, 9999, 9999]]
[2826034.07, [4044, 4044, 4080, 4086, 4090, 4102, 4104, 4104, 4104, 4104, 4104, 4104, 4104, 4104, 4104, 4104, 4104, 4104, 4104, 4104, 4104, 4104, 4104, 4104, 4104, 4104, 4104, 4104, 4104, 4104, 4104, 4104, 4104, 4104, 4104, 4104, 4104, 4104], [13, 9, 9, 24, 1, 8, 117, 9999, 9999, 9999, 9999, 9999, 9999]]
[2826070.16, [4044, 4092, 4098, 4104, 4104, 4104, 4104, 4104, 4104, 4104, 4104, 4104, 4104, 4104, 4104, 4104, 4104, 4104, 4104, 4104, 4104, 4104, 4104, 4104, 4104, 4104, 4104, 4104, 4104, 4104, 4104, 4104, 4104, 4104, 4104, 4104, 4104, 4104], [13, 9, 9, 24, 1, 8, 118, 9999, 9999, 9999, 9999, 9999, 9999]]
[2826162.26, [4044, 4044, 4080, 4090, 4104, 4104, 4104, 4104, 4104, 4104, 4104, 4104, 4104, 4104, 4104, 4104, 4104, 4104, 4104, 4104, 4104, 4104, 4104, 4104, 4104, 4104, 4104, 4104, 4104, 4104, 4104, 4104, 4104, 4104, 4104, 4104, 4104, 4104], [13, 9, 9, 24, 1, 8, 117, 9999, 9999, 9999, 9999, 9999, 9999]]
[2826163.02, [4044, 4084, 4092, 4098, 4104, 4104, 4104, 4104, 4104, 4104, 4104, 4104, 4104, 4104, 4104, 4104, 4104, 4104, 4104, 4104, 4104, 4104, 4104, 4104, 4104, 4104, 4104, 4104, 4104, 4104, 4104, 4104, 4104, 4104, 4104, 4104, 4104, 4104], [13, 9, 9, 24, 1, 8, 117, 9999, 9999, 9999, 9999, 9999, 9999]]
[2826349.49, [4044, 4056, 4080, 4084, 4084, 4102, 4104, 4104, 4104, 4104, 4104, 4104, 4104, 4104, 4104, 4104, 4104, 4104, 4104, 4104, 4104, 4104, 4104, 4104, 4104, 4104, 4104, 4104, 4104, 4104, 4104, 4104, 4104, 4104, 4104, 4104, 4104, 4104], [13, 9, 9, 24, 1, 8, 118, 9999, 9999, 9999, 9999, 9999, 9999]]
[2826454.39, [4044, 4044, 4090, 4096, 4104, 4104, 4104, 4104, 4104, 4104, 4104, 4104, 4104, 4104, 4104, 4104, 4104, 4104, 4104, 4104, 4104, 4104, 4104, 4104, 4104, 4104, 4104, 4104, 4104, 4104, 4104, 4104, 4104, 4104, 4104, 4104, 4104, 4104], [13, 9, 9, 24, 1, 8, 118, 9999, 9999, 9999, 9999, 9999, 9999]]
[2826498.59, [3996, 4044, 4080, 4080, 4086, 4104, 4104, 4104, 4104, 4104, 4104, 4104, 4104, 4104, 4104, 4104, 4104, 4104, 4104, 4104, 4104, 4104, 4104, 4104, 4104, 4104, 4104, 4104, 4104, 4104, 4104, 4104, 4104, 4104, 4104, 4104, 4104, 4104], [13, 9, 9, 24, 1, 8, 118, 9999, 9999, 9999, 9999, 9999, 9999]]
[2826721.14, [4044, 4044, 4044, 4056, 4080, 4092, 4104, 4104, 4104, 4104, 4104, 4104, 4104, 4104, 4104, 4104, 4104, 4104, 4104, 4104, 4104, 4104, 4104, 4104, 4104, 4104, 4104, 4104, 4104, 4104, 4104, 4104, 4104, 4104, 4104, 4104, 4104, 4104], [13, 9, 9, 24, 1, 8, 118, 9999, 9999, 9999, 9999, 9999, 9999]]
[2826726.42, [4044, 4044, 4056, 4080, 4100, 4104, 4104, 4104, 4104, 4104, 4104, 4104, 4104, 4104, 4104, 4104, 4104, 4104, 4104, 4104, 4104, 4104, 4104, 4104, 4104, 4104, 4104, 4104, 4104, 4104, 4104, 4104, 4104, 4104, 4104, 4104, 4104, 4104], [13, 9, 9, 24, 1, 8, 117, 9999, 9999, 9999, 9999, 9999, 9999]]
[2826747.02, [4044, 4044, 4068, 4090, 4092, 4102, 4104, 4104, 4104, 4104, 4104, 4104, 4104, 4104, 4104, 4104, 4104, 4104, 4104, 4104, 4104, 4104, 4104, 4104, 4104, 4104, 4104, 4104, 4104, 4104, 4104, 4104, 4104, 4104, 4104, 4104, 4104, 4104], [13, 9, 9, 24, 1, 8, 118, 9999, 9999, 9999, 9999, 9999, 9999]]
[2826842.38, [4044, 4044, 4044, 4088, 4098, 4100, 4104, 4104, 4104, 4104, 4104, 4104, 4104, 4104, 4104, 4104, 4104, 4104, 4104, 4104, 4104, 4104, 4104, 4104, 4104, 4104, 4104, 4104, 4104, 4104, 4104, 4104, 4104, 4104, 4104, 4104, 4104, 4104], [13, 9, 9, 24, 1, 8, 117, 9999, 9999, 9999, 9999, 9999, 9999]]
[2827092.69, [4044, 4044, 4088, 4102, 4104, 4104, 4104, 4104, 4104, 4104, 4104, 4104, 4104, 4104, 4104, 4104, 4104, 4104, 4104, 4104, 4104, 4104, 4104, 4104, 4104, 4104, 4104, 4104, 4104, 4104, 4104, 4104, 4104, 4104, 4104, 4104, 4104, 4104], [13, 9, 9, 24, 1, 8, 117, 9999, 9999, 9999, 9999, 9999, 9999]]
[2827113.56, [4044, 4044, 4044, 4092, 4096, 4096, 4102, 4104, 4104, 4104, 4104, 4104, 4104, 4104, 4104, 4104, 4104, 4104, 4104, 4104, 4104, 4104, 4104, 4104, 4104, 4104, 4104, 4104, 4104, 4104, 4104, 4104, 4104, 4104, 4104, 4104, 4104, 4104], [13, 9, 9, 24, 1, 8, 117, 9999, 9999, 9999, 9999, 9999, 9999]]
[2827418.54, [4044, 4044, 4080, 4086, 4096, 4100, 4104, 4104, 4104, 4104, 4104, 4104, 4104, 4104, 4104, 4104, 4104, 4104, 4104, 4104, 4104, 4104, 4104, 4104, 4104, 4104, 4104, 4104, 4104, 4104, 4104, 4104, 4104, 4104, 4104, 4104, 4104, 4104], [13, 9, 9, 24, 1, 8, 117, 9999, 9999, 9999, 9999, 9999, 9999]]
[2827477.76, [4044, 4044, 4044, 4044, 4068, 4086, 4094, 4102, 4102, 4104, 4104, 4104, 4104, 4104, 4104, 4104, 4104, 4104, 4104, 4104, 4104, 4104, 4104, 4104, 4104, 4104, 4104, 4104, 4104, 4104, 4104, 4104, 4104, 4104, 4104, 4104, 4104, 4104], [13, 9, 9, 24, 1, 8, 118, 9999, 9999, 9999, 9999, 9999, 9999]]
[2827508.27, [4044, 4044, 4068, 4082, 4090, 4092, 4104, 4104, 4104, 4104, 4104, 4104, 4104, 4104, 4104, 4104, 4104, 4104, 4104, 4104, 4104, 4104, 4104, 4104, 4104, 4104, 4104, 4104, 4104, 4104, 4104, 4104, 4104, 4104, 4104, 4104, 4104, 4104], [13, 9, 9, 24, 1, 8, 117, 9999, 9999, 9999, 9999, 9999, 9999]]
[2827893.82, [4044, 4044, 4044, 4044, 4068, 4068, 4084, 4096, 4100, 4104, 4104, 4104, 4104, 4104, 4104, 4104, 4104, 4104, 4104, 4104, 4104, 4104, 4104, 4104, 4104, 4104, 4104, 4104, 4104, 4104, 4104, 4104, 4104, 4104, 4104, 4104, 4104, 4104], [13, 9, 9, 24, 1, 8, 118, 9999, 9999, 9999, 9999, 9999, 9999]]
