SimulationV011.py[2821423.47, [4104, 4104, 4104, 4104, 4104, 4104, 4104, 4104, 4104, 4104, 4104, 4104, 4104, 4104, 4104, 4104, 4104, 4104, 4104, 4104, 4104, 4104, 4104, 4104, 4104, 4104, 4104, 4104, 4104, 4104, 4104, 4104, 4104, 4104, 4104, 4104, 4104, 4104], [13, 9, 9, 24, 1, 9, 117, 9999, 9999, 9999, 9999, 9999, 9999]]
[2821988.01, [4068, 4094, 4104, 4104, 4104, 4104, 4104, 4104, 4104, 4104, 4104, 4104, 4104, 4104, 4104, 4104, 4104, 4104, 4104, 4104, 4104, 4104, 4104, 4104, 4104, 4104, 4104, 4104, 4104, 4104, 4104, 4104, 4104, 4104, 4104, 4104, 4104, 4104], [13, 9, 9, 24, 1, 9, 117, 9999, 9999, 9999, 9999, 9999, 9999]]
[2822035.29, [4072, 4074, 4094, 4100, 4104, 4104, 4104, 4104, 4104, 4104, 4104, 4104, 4104, 4104, 4104, 4104, 4104, 4104, 4104, 4104, 4104, 4104, 4104, 4104, 4104, 4104, 4104, 4104, 4104, 4104, 4104, 4104, 4104, 4104, 4104, 4104, 4104, 4104], [13, 9, 9, 24, 1, 9, 117, 9999, 9999, 9999, 9999, 9999, 9999]]
[2822051.03, [4058, 4076, 4088, 4092, 4098, 4102, 4104, 4104, 4104, 4104, 4104, 4104, 4104, 4104, 4104, 4104, 4104, 4104, 4104, 4104, 4104, 4104, 4104, 4104, 4104, 4104, 4104, 4104, 4104, 4104, 4104, 4104, 4104, 4104, 4104, 4104, 4104, 4104], [13, 9, 9, 24, 1, 9, 117, 9999, 9999, 9999, 9999, 9999, 9999]]
[2822147.95, [4063, 4063, 4078, 4094, 4096, 4096, 4096, 4098, 4104, 4104, 4104, 4104, 4104, 4104, 4104, 4104, 4104, 4104, 4104, 4104, 4104, 4104, 4104, 4104, 4104, 4104, 4104, 4104, 4104, 4104, 4104, 4104, 4104, 4104, 4104, 4104, 4104, 4104], [13, 9, 9, 24, 1, 9, 117, 9999, 9999, 9999, 9999, 9999, 9999]]
[2822179.0, [4052, 4094, 4102, 4104, 4104, 4104, 4104, 4104, 4104, 4104, 4104, 4104, 4104, 4104, 4104, 4104, 4104, 4104, 4104, 4104, 4104, 4104, 4104, 4104, 4104, 4104, 4104, 4104, 4104, 4104, 4104, 4104, 4104, 4104, 4104, 4104, 4104, 4104], [13, 9, 9, 24, 1, 9, 117, 9999, 9999, 9999, 9999, 9999, 9999]]
[2822301.32, [4063, 4090, 4104, 4104, 4104, 4104, 4104, 4104, 4104, 4104, 4104, 4104, 4104, 4104, 4104, 4104, 4104, 4104, 4104, 4104, 4104, 4104, 4104, 4104, 4104, 4104, 4104, 4104, 4104, 4104, 4104, 4104, 4104, 4104, 4104, 4104, 4104, 4104], [13, 9, 9, 24, 1, 9, 117, 9999, 9999, 9999, 9999, 9999, 9999]]
[2822302.84, [4063, 4072, 4096, 4098, 4104, 4104, 4104, 4104, 4104, 4104, 4104, 4104, 4104, 4104, 4104, 4104, 4104, 4104, 4104, 4104, 4104, 4104, 4104, 4104, 4104, 4104, 4104, 4104, 4104, 4104, 4104, 4104, 4104, 4104, 4104, 4104, 4104, 4104], [13, 9, 9, 24, 1, 9, 117, 9999, 9999, 9999, 9999, 9999, 9999]]
[2822350.96, [4088, 4090, 4096, 4096, 4104, 4104, 4104, 4104, 4104, 4104, 4104, 4104, 4104, 4104, 4104, 4104, 4104, 4104, 4104, 4104, 4104, 4104, 4104, 4104, 4104, 4104, 4104, 4104, 4104, 4104, 4104, 4104, 4104, 4104, 4104, 4104, 4104, 4104], [13, 9, 9, 24, 1, 9, 117, 9999, 9999, 9999, 9999, 9999, 9999]]
[2822356.85, [4063, 4072, 4084, 4102, 4104, 4104, 4104, 4104, 4104, 4104, 4104, 4104, 4104, 4104, 4104, 4104, 4104, 4104, 4104, 4104, 4104, 4104, 4104, 4104, 4104, 4104, 4104, 4104, 4104, 4104, 4104, 4104, 4104, 4104, 4104, 4104, 4104, 4104], [13, 9, 9, 24, 1, 9, 117, 9999, 9999, 9999, 9999, 9999, 9999]]
[2822400.35, [4063, 4063, 4080, 4090, 4104, 4104, 4104, 4104, 4104, 4104, 4104, 4104, 4104, 4104, 4104, 4104, 4104, 4104, 4104, 4104, 4104, 4104, 4104, 4104, 4104, 4104, 4104, 4104, 4104, 4104, 4104, 4104, 4104, 4104, 4104, 4104, 4104, 4104], [13, 9, 9, 24, 1, 9, 117, 9999, 9999, 9999, 9999, 9999, 9999]]
[2822424.6, [4063, 4086, 4096, 4102, 4104, 4104, 4104, 4104, 4104, 4104, 4104, 4104, 4104, 4104, 4104, 4104, 4104, 4104, 4104, 4104, 4104, 4104, 4104, 4104, 4104, 4104, 4104, 4104, 4104, 4104, 4104, 4104, 4104, 4104, 4104, 4104, 4104, 4104], [13, 9, 9, 24, 1, 9, 117, 9999, 9999, 9999, 9999, 9999, 9999]]
[2822430.74, [4063, 4104, 4104, 4104, 4104, 4104, 4104, 4104, 4104, 4104, 4104, 4104, 4104, 4104, 4104, 4104, 4104, 4104, 4104, 4104, 4104, 4104, 4104, 4104, 4104, 4104, 4104, 4104, 4104, 4104, 4104, 4104, 4104, 4104, 4104, 4104, 4104, 4104], [13, 9, 9, 24, 1, 9, 117, 9999, 9999, 9999, 9999, 9999, 9999]]
[2822442.98, [4092, 4098, 4102, 4102, 4104, 4104, 4104, 4104, 4104, 4104, 4104, 4104, 4104, 4104, 4104, 4104, 4104, 4104, 4104, 4104, 4104, 4104, 4104, 4104, 4104, 4104, 4104, 4104, 4104, 4104, 4104, 4104, 4104, 4104, 4104, 4104, 4104, 4104], [13, 9, 9, 24, 1, 9, 117, 9999, 9999, 9999, 9999, 9999, 9999]]
[2822454.56, [4077, 4090, 4104, 4104, 4104, 4104, 4104, 4104, 4104, 4104, 4104, 4104, 4104, 4104, 4104, 4104, 4104, 4104, 4104, 4104, 4104, 4104, 4104, 4104, 4104, 4104, 4104, 4104, 4104, 4104, 4104, 4104, 4104, 4104, 4104, 4104, 4104, 4104], [13, 9, 9, 24, 1, 9, 117, 9999, 9999, 9999, 9999, 9999, 9999]]
[2822509.5, [4063, 4063, 4090, 4092, 4096, 4100, 4104, 4104, 4104, 4104, 4104, 4104, 4104, 4104, 4104, 4104, 4104, 4104, 4104, 4104, 4104, 4104, 4104, 4104, 4104, 4104, 4104, 4104, 4104, 4104, 4104, 4104, 4104, 4104, 4104, 4104, 4104, 4104], [13, 9, 9, 24, 1, 9, 117, 9999, 9999, 9999, 9999, 9999, 9999]]
[2822514.88, [4063, 4063, 4094, 4104, 4104, 4104, 4104, 4104, 4104, 4104, 4104, 4104, 4104, 4104, 4104, 4104, 4104, 4104, 4104, 4104, 4104, 4104, 4104, 4104, 4104, 4104, 4104, 4104, 4104, 4104, 4104, 4104, 4104, 4104, 4104, 4104, 4104, 4104], [13, 9, 9, 24, 1, 9, 117, 9999, 9999, 9999, 9999, 9999, 9999]]
[2822518.56, [4090, 4100, 4102, 4104, 4104, 4104, 4104, 4104, 4104, 4104, 4104, 4104, 4104, 4104, 4104, 4104, 4104, 4104, 4104, 4104, 4104, 4104, 4104, 4104, 4104, 4104, 4104, 4104, 4104, 4104, 4104, 4104, 4104, 4104, 4104, 4104, 4104, 4104], [13, 9, 9, 24, 1, 9, 117, 9999, 9999, 9999, 9999, 9999, 9999]]
[2822546.92, [4063, 4086, 4090, 4092, 4096, 4104, 4104, 4104, 4104, 4104, 4104, 4104, 4104, 4104, 4104, 4104, 4104, 4104, 4104, 4104, 4104, 4104, 4104, 4104, 4104, 4104, 4104, 4104, 4104, 4104, 4104, 4104, 4104, 4104, 4104, 4104, 4104, 4104], [13, 9, 9, 24, 1, 9, 117, 9999, 9999, 9999, 9999, 9999, 9999]]
[2822571.45, [4045, 4090, 4096, 4104, 4104, 4104, 4104, 4104, 4104, 4104, 4104, 4104, 4104, 4104, 4104, 4104, 4104, 4104, 4104, 4104, 4104, 4104, 4104, 4104, 4104, 4104, 4104, 4104, 4104, 4104, 4104, 4104, 4104, 4104, 4104, 4104, 4104, 4104], [13, 9, 9, 24, 1, 9, 117, 9999, 9999, 9999, 9999, 9999, 9999]]
[2822577.47, [4077, 4092, 4092, 4104, 4104, 4104, 4104, 4104, 4104, 4104, 4104, 4104, 4104, 4104, 4104, 4104, 4104, 4104, 4104, 4104, 4104, 4104, 4104, 4104, 4104, 4104, 4104, 4104, 4104, 4104, 4104, 4104, 4104, 4104, 4104, 4104, 4104, 4104], [13, 9, 9, 24, 1, 9, 117, 9999, 9999, 9999, 9999, 9999, 9999]]
[2822582.49, [4100, 4102, 4104, 4104, 4104, 4104, 4104, 4104, 4104, 4104, 4104, 4104, 4104, 4104, 4104, 4104, 4104, 4104, 4104, 4104, 4104, 4104, 4104, 4104, 4104, 4104, 4104, 4104, 4104, 4104, 4104, 4104, 4104, 4104, 4104, 4104, 4104, 4104], [13, 9, 9, 24, 1, 9, 117, 9999, 9999, 9999, 9999, 9999, 9999]]
[2822606.44, [4063, 4076, 4090, 4092, 4100, 4102, 4104, 4104, 4104, 4104, 4104, 4104, 4104, 4104, 4104, 4104, 4104, 4104, 4104, 4104, 4104, 4104, 4104, 4104, 4104, 4104, 4104, 4104, 4104, 4104, 4104, 4104, 4104, 4104, 4104, 4104, 4104, 4104], [13, 9, 9, 24, 1, 9, 117, 9999, 9999, 9999, 9999, 9999, 9999]]
[2822612.78, [4063, 4066, 4092, 4104, 4104, 4104, 4104, 4104, 4104, 4104, 4104, 4104, 4104, 4104, 4104, 4104, 4104, 4104, 4104, 4104, 4104, 4104, 4104, 4104, 4104, 4104, 4104, 4104, 4104, 4104, 4104, 4104, 4104, 4104, 4104, 4104, 4104, 4104], [13, 9, 9, 24, 1, 9, 117, 9999, 9999, 9999, 9999, 9999, 9999]]
[2822629.82, [4058, 4096, 4098, 4104, 4104, 4104, 4104, 4104, 4104, 4104, 4104, 4104, 4104, 4104, 4104, 4104, 4104, 4104, 4104, 4104, 4104, 4104, 4104, 4104, 4104, 4104, 4104, 4104, 4104, 4104, 4104, 4104, 4104, 4104, 4104, 4104, 4104, 4104], [13, 9, 9, 24, 1, 9, 117, 9999, 9999, 9999, 9999, 9999, 9999]]
[2822635.0, [4090, 4092, 4094, 4098, 4100, 4104, 4104, 4104, 4104, 4104, 4104, 4104, 4104, 4104, 4104, 4104, 4104, 4104, 4104, 4104, 4104, 4104, 4104, 4104, 4104, 4104, 4104, 4104, 4104, 4104, 4104, 4104, 4104, 4104, 4104, 4104, 4104, 4104], [13, 9, 9, 24, 1, 9, 117, 9999, 9999, 9999, 9999, 9999, 9999]]
[2822677.75, [4063, 4063, 4080, 4102, 4104, 4104, 4104, 4104, 4104, 4104, 4104, 4104, 4104, 4104, 4104, 4104, 4104, 4104, 4104, 4104, 4104, 4104, 4104, 4104, 4104, 4104, 4104, 4104, 4104, 4104, 4104, 4104, 4104, 4104, 4104, 4104, 4104, 4104], [13, 9, 9, 24, 1, 9, 117, 9999, 9999, 9999, 9999, 9999, 9999]]
[2822695.94, [4094, 4098, 4104, 4104, 4104, 4104, 4104, 4104, 4104, 4104, 4104, 4104, 4104, 4104, 4104, 4104, 4104, 4104, 4104, 4104, 4104, 4104, 4104, 4104, 4104, 4104, 4104, 4104, 4104, 4104, 4104, 4104, 4104, 4104, 4104, 4104, 4104, 4104], [13, 9, 9, 24, 1, 9, 117, 9999, 9999, 9999, 9999, 9999, 9999]]
[2822698.55, [4096, 4098, 4100, 4102, 4102, 4104, 4104, 4104, 4104, 4104, 4104, 4104, 4104, 4104, 4104, 4104, 4104, 4104, 4104, 4104, 4104, 4104, 4104, 4104, 4104, 4104, 4104, 4104, 4104, 4104, 4104, 4104, 4104, 4104, 4104, 4104, 4104, 4104], [13, 9, 9, 24, 1, 9, 117, 9999, 9999, 9999, 9999, 9999, 9999]]
[2822724.37, [4072, 4084, 4090, 4092, 4094, 4102, 4104, 4104, 4104, 4104, 4104, 4104, 4104, 4104, 4104, 4104, 4104, 4104, 4104, 4104, 4104, 4104, 4104, 4104, 4104, 4104, 4104, 4104, 4104, 4104, 4104, 4104, 4104, 4104, 4104, 4104, 4104, 4104], [13, 9, 9, 24, 1, 9, 117, 9999, 9999, 9999, 9999, 9999, 9999]]
[2822768.71, [4063, 4096, 4098, 4102, 4104, 4104, 4104, 4104, 4104, 4104, 4104, 4104, 4104, 4104, 4104, 4104, 4104, 4104, 4104, 4104, 4104, 4104, 4104, 4104, 4104, 4104, 4104, 4104, 4104, 4104, 4104, 4104, 4104, 4104, 4104, 4104, 4104, 4104], [13, 9, 9, 24, 1, 9, 117, 9999, 9999, 9999, 9999, 9999, 9999]]
[2822769.81, [4092, 4096, 4104, 4104, 4104, 4104, 4104, 4104, 4104, 4104, 4104, 4104, 4104, 4104, 4104, 4104, 4104, 4104, 4104, 4104, 4104, 4104, 4104, 4104, 4104, 4104, 4104, 4104, 4104, 4104, 4104, 4104, 4104, 4104, 4104, 4104, 4104, 4104], [13, 9, 9, 24, 1, 9, 117, 9999, 9999, 9999, 9999, 9999, 9999]]
[2822779.84, [4098, 4100, 4104, 4104, 4104, 4104, 4104, 4104, 4104, 4104, 4104, 4104, 4104, 4104, 4104, 4104, 4104, 4104, 4104, 4104, 4104, 4104, 4104, 4104, 4104, 4104, 4104, 4104, 4104, 4104, 4104, 4104, 4104, 4104, 4104, 4104, 4104, 4104], [13, 9, 9, 24, 1, 9, 116, 9999, 9999, 9999, 9999, 9999, 9999]]
[2822816.99, [4063, 4063, 4063, 4092, 4096, 4104, 4104, 4104, 4104, 4104, 4104, 4104, 4104, 4104, 4104, 4104, 4104, 4104, 4104, 4104, 4104, 4104, 4104, 4104, 4104, 4104, 4104, 4104, 4104, 4104, 4104, 4104, 4104, 4104, 4104, 4104, 4104, 4104], [13, 9, 9, 24, 1, 9, 117, 9999, 9999, 9999, 9999, 9999, 9999]]
[2822834.09, [4063, 4090, 4094, 4100, 4104, 4104, 4104, 4104, 4104, 4104, 4104, 4104, 4104, 4104, 4104, 4104, 4104, 4104, 4104, 4104, 4104, 4104, 4104, 4104, 4104, 4104, 4104, 4104, 4104, 4104, 4104, 4104, 4104, 4104, 4104, 4104, 4104, 4104], [13, 9, 9, 24, 1, 9, 117, 9999, 9999, 9999, 9999, 9999, 9999]]
[2822852.4, [4063, 4094, 4104, 4104, 4104, 4104, 4104, 4104, 4104, 4104, 4104, 4104, 4104, 4104, 4104, 4104, 4104, 4104, 4104, 4104, 4104, 4104, 4104, 4104, 4104, 4104, 4104, 4104, 4104, 4104, 4104, 4104, 4104, 4104, 4104, 4104, 4104, 4104], [13, 9, 9, 24, 1, 9, 117, 9999, 9999, 9999, 9999, 9999, 9999]]
[2822854.36, [4063, 4096, 4104, 4104, 4104, 4104, 4104, 4104, 4104, 4104, 4104, 4104, 4104, 4104, 4104, 4104, 4104, 4104, 4104, 4104, 4104, 4104, 4104, 4104, 4104, 4104, 4104, 4104, 4104, 4104, 4104, 4104, 4104, 4104, 4104, 4104, 4104, 4104], [13, 9, 9, 24, 1, 9, 117, 9999, 9999, 9999, 9999, 9999, 9999]]
[2822859.54, [4090, 4096, 4100, 4104, 4104, 4104, 4104, 4104, 4104, 4104, 4104, 4104, 4104, 4104, 4104, 4104, 4104, 4104, 4104, 4104, 4104, 4104, 4104, 4104, 4104, 4104, 4104, 4104, 4104, 4104, 4104, 4104, 4104, 4104, 4104, 4104, 4104, 4104], [13, 9, 9, 24, 1, 9, 117, 9999, 9999, 9999, 9999, 9999, 9999]]
[2822861.04, [4102, 4102, 4102, 4104, 4104, 4104, 4104, 4104, 4104, 4104, 4104, 4104, 4104, 4104, 4104, 4104, 4104, 4104, 4104, 4104, 4104, 4104, 4104, 4104, 4104, 4104, 4104, 4104, 4104, 4104, 4104, 4104, 4104, 4104, 4104, 4104, 4104, 4104], [13, 9, 9, 24, 1, 9, 116, 9999, 9999, 9999, 9999, 9999, 9999]]
[2822932.18, [4063, 4076, 4090, 4104, 4104, 4104, 4104, 4104, 4104, 4104, 4104, 4104, 4104, 4104, 4104, 4104, 4104, 4104, 4104, 4104, 4104, 4104, 4104, 4104, 4104, 4104, 4104, 4104, 4104, 4104, 4104, 4104, 4104, 4104, 4104, 4104, 4104, 4104], [13, 9, 9, 24, 1, 9, 117, 9999, 9999, 9999, 9999, 9999, 9999]]
[2822946.05, [4104, 4104, 4104, 4104, 4104, 4104, 4104, 4104, 4104, 4104, 4104, 4104, 4104, 4104, 4104, 4104, 4104, 4104, 4104, 4104, 4104, 4104, 4104, 4104, 4104, 4104, 4104, 4104, 4104, 4104, 4104, 4104, 4104, 4104, 4104, 4104, 4104, 4104], [13, 9, 9, 24, 1, 9, 117, 9999, 9999, 9999, 9999, 9999, 9999]]
[2822967.32, [4088, 4094, 4100, 4104, 4104, 4104, 4104, 4104, 4104, 4104, 4104, 4104, 4104, 4104, 4104, 4104, 4104, 4104, 4104, 4104, 4104, 4104, 4104, 4104, 4104, 4104, 4104, 4104, 4104, 4104, 4104, 4104, 4104, 4104, 4104, 4104, 4104, 4104], [13, 9, 9, 24, 1, 9, 117, 9999, 9999, 9999, 9999, 9999, 9999]]
[2822978.47, [4063, 4080, 4086, 4096, 4100, 4102, 4104, 4104, 4104, 4104, 4104, 4104, 4104, 4104, 4104, 4104, 4104, 4104, 4104, 4104, 4104, 4104, 4104, 4104, 4104, 4104, 4104, 4104, 4104, 4104, 4104, 4104, 4104, 4104, 4104, 4104, 4104, 4104], [13, 9, 9, 24, 1, 9, 116, 9999, 9999, 9999, 9999, 9999, 9999]]
[2822987.06, [4104, 4104, 4104, 4104, 4104, 4104, 4104, 4104, 4104, 4104, 4104, 4104, 4104, 4104, 4104, 4104, 4104, 4104, 4104, 4104, 4104, 4104, 4104, 4104, 4104, 4104, 4104, 4104, 4104, 4104, 4104, 4104, 4104, 4104, 4104, 4104, 4104, 4104], [13, 9, 9, 24, 1, 9, 117, 9999, 9999, 9999, 9999, 9999, 9999]]
[2822999.47, [4082, 4082, 4096, 4098, 4100, 4104, 4104, 4104, 4104, 4104, 4104, 4104, 4104, 4104, 4104, 4104, 4104, 4104, 4104, 4104, 4104, 4104, 4104, 4104, 4104, 4104, 4104, 4104, 4104, 4104, 4104, 4104, 4104, 4104, 4104, 4104, 4104, 4104], [13, 9, 9, 24, 1, 9, 116, 9999, 9999, 9999, 9999, 9999, 9999]]
[2823019.79, [4063, 4080, 4090, 4092, 4094, 4104, 4104, 4104, 4104, 4104, 4104, 4104, 4104, 4104, 4104, 4104, 4104, 4104, 4104, 4104, 4104, 4104, 4104, 4104, 4104, 4104, 4104, 4104, 4104, 4104, 4104, 4104, 4104, 4104, 4104, 4104, 4104, 4104], [13, 9, 9, 24, 1, 9, 117, 9999, 9999, 9999, 9999, 9999, 9999]]
[2823024.48, [4063, 4090, 4090, 4092, 4098, 4098, 4100, 4104, 4104, 4104, 4104, 4104, 4104, 4104, 4104, 4104, 4104, 4104, 4104, 4104, 4104, 4104, 4104, 4104, 4104, 4104, 4104, 4104, 4104, 4104, 4104, 4104, 4104, 4104, 4104, 4104, 4104, 4104], [13, 9, 9, 24, 1, 9, 117, 9999, 9999, 9999, 9999, 9999, 9999]]
[2823026.51, [4063, 4063, 4094, 4096, 4104, 4104, 4104, 4104, 4104, 4104, 4104, 4104, 4104, 4104, 4104, 4104, 4104, 4104, 4104, 4104, 4104, 4104, 4104, 4104, 4104, 4104, 4104, 4104, 4104, 4104, 4104, 4104, 4104, 4104, 4104, 4104, 4104, 4104], [13, 9, 9, 24, 1, 9, 117, 9999, 9999, 9999, 9999, 9999, 9999]]
[2823030.37, [4063, 4063, 4104, 4104, 4104, 4104, 4104, 4104, 4104, 4104, 4104, 4104, 4104, 4104, 4104, 4104, 4104, 4104, 4104, 4104, 4104, 4104, 4104, 4104, 4104, 4104, 4104, 4104, 4104, 4104, 4104, 4104, 4104, 4104, 4104, 4104, 4104, 4104], [13, 9, 9, 24, 1, 9, 117, 9999, 9999, 9999, 9999, 9999, 9999]]
[2823042.82, [4088, 4102, 4104, 4104, 4104, 4104, 4104, 4104, 4104, 4104, 4104, 4104, 4104, 4104, 4104, 4104, 4104, 4104, 4104, 4104, 4104, 4104, 4104, 4104, 4104, 4104, 4104, 4104, 4104, 4104, 4104, 4104, 4104, 4104, 4104, 4104, 4104, 4104], [13, 9, 9, 24, 1, 9, 117, 9999, 9999, 9999, 9999, 9999, 9999]]
[2823045.1, [4058, 4063, 4094, 4098, 4098, 4104, 4104, 4104, 4104, 4104, 4104, 4104, 4104, 4104, 4104, 4104, 4104, 4104, 4104, 4104, 4104, 4104, 4104, 4104, 4104, 4104, 4104, 4104, 4104, 4104, 4104, 4104, 4104, 4104, 4104, 4104, 4104, 4104], [13, 9, 9, 24, 1, 9, 117, 9999, 9999, 9999, 9999, 9999, 9999]]
[2823056.95, [4063, 4063, 4092, 4094, 4094, 4104, 4104, 4104, 4104, 4104, 4104, 4104, 4104, 4104, 4104, 4104, 4104, 4104, 4104, 4104, 4104, 4104, 4104, 4104, 4104, 4104, 4104, 4104, 4104, 4104, 4104, 4104, 4104, 4104, 4104, 4104, 4104, 4104], [13, 9, 9, 24, 1, 9, 117, 9999, 9999, 9999, 9999, 9999, 9999]]
[2823099.02, [4063, 4063, 4063, 4063, 4094, 4098, 4102, 4102, 4102, 4104, 4104, 4104, 4104, 4104, 4104, 4104, 4104, 4104, 4104, 4104, 4104, 4104, 4104, 4104, 4104, 4104, 4104, 4104, 4104, 4104, 4104, 4104, 4104, 4104, 4104, 4104, 4104, 4104], [13, 9, 9, 24, 1, 9, 117, 9999, 9999, 9999, 9999, 9999, 9999]]
[2823106.08, [4063, 4063, 4104, 4104, 4104, 4104, 4104, 4104, 4104, 4104, 4104, 4104, 4104, 4104, 4104, 4104, 4104, 4104, 4104, 4104, 4104, 4104, 4104, 4104, 4104, 4104, 4104, 4104, 4104, 4104, 4104, 4104, 4104, 4104, 4104, 4104, 4104, 4104], [13, 9, 9, 24, 1, 9, 117, 9999, 9999, 9999, 9999, 9999, 9999]]
[2823106.43, [4063, 4063, 4094, 4096, 4098, 4098, 4098, 4104, 4104, 4104, 4104, 4104, 4104, 4104, 4104, 4104, 4104, 4104, 4104, 4104, 4104, 4104, 4104, 4104, 4104, 4104, 4104, 4104, 4104, 4104, 4104, 4104, 4104, 4104, 4104, 4104, 4104, 4104], [13, 9, 9, 24, 1, 9, 117, 9999, 9999, 9999, 9999, 9999, 9999]]
[2823150.05, [4063, 4063, 4102, 4102, 4102, 4104, 4104, 4104, 4104, 4104, 4104, 4104, 4104, 4104, 4104, 4104, 4104, 4104, 4104, 4104, 4104, 4104, 4104, 4104, 4104, 4104, 4104, 4104, 4104, 4104, 4104, 4104, 4104, 4104, 4104, 4104, 4104, 4104], [13, 9, 9, 24, 1, 9, 116, 9999, 9999, 9999, 9999, 9999, 9999]]
[2823173.28, [4090, 4094, 4102, 4104, 4104, 4104, 4104, 4104, 4104, 4104, 4104, 4104, 4104, 4104, 4104, 4104, 4104, 4104, 4104, 4104, 4104, 4104, 4104, 4104, 4104, 4104, 4104, 4104, 4104, 4104, 4104, 4104, 4104, 4104, 4104, 4104, 4104, 4104], [13, 9, 9, 24, 1, 9, 117, 9999, 9999, 9999, 9999, 9999, 9999]]
[2823220.42, [4063, 4090, 4094, 4102, 4104, 4104, 4104, 4104, 4104, 4104, 4104, 4104, 4104, 4104, 4104, 4104, 4104, 4104, 4104, 4104, 4104, 4104, 4104, 4104, 4104, 4104, 4104, 4104, 4104, 4104, 4104, 4104, 4104, 4104, 4104, 4104, 4104, 4104], [13, 9, 9, 24, 1, 9, 117, 9999, 9999, 9999, 9999, 9999, 9999]]
[2823231.9, [4063, 4063, 4063, 4082, 4096, 4102, 4104, 4104, 4104, 4104, 4104, 4104, 4104, 4104, 4104, 4104, 4104, 4104, 4104, 4104, 4104, 4104, 4104, 4104, 4104, 4104, 4104, 4104, 4104, 4104, 4104, 4104, 4104, 4104, 4104, 4104, 4104, 4104], [13, 9, 9, 24, 1, 9, 117, 9999, 9999, 9999, 9999, 9999, 9999]]
[2823240.06, [4063, 4063, 4084, 4098, 4104, 4104, 4104, 4104, 4104, 4104, 4104, 4104, 4104, 4104, 4104, 4104, 4104, 4104, 4104, 4104, 4104, 4104, 4104, 4104, 4104, 4104, 4104, 4104, 4104, 4104, 4104, 4104, 4104, 4104, 4104, 4104, 4104, 4104], [13, 9, 9, 24, 1, 9, 117, 9999, 9999, 9999, 9999, 9999, 9999]]
[2823250.79, [4063, 4063, 4074, 4076, 4102, 4104, 4104, 4104, 4104, 4104, 4104, 4104, 4104, 4104, 4104, 4104, 4104, 4104, 4104, 4104, 4104, 4104, 4104, 4104, 4104, 4104, 4104, 4104, 4104, 4104, 4104, 4104, 4104, 4104, 4104, 4104, 4104, 4104], [13, 9, 9, 24, 1, 9, 117, 9999, 9999, 9999, 9999, 9999, 9999]]
[2823259.0, [4063, 4077, 4084, 4094, 4100, 4104, 4104, 4104, 4104, 4104, 4104, 4104, 4104, 4104, 4104, 4104, 4104, 4104, 4104, 4104, 4104, 4104, 4104, 4104, 4104, 4104, 4104, 4104, 4104, 4104, 4104, 4104, 4104, 4104, 4104, 4104, 4104, 4104], [13, 9, 9, 24, 1, 9, 117, 9999, 9999, 9999, 9999, 9999, 9999]]
[2823261.42, [4063, 4063, 4063, 4078, 4094, 4098, 4102, 4102, 4102, 4104, 4104, 4104, 4104, 4104, 4104, 4104, 4104, 4104, 4104, 4104, 4104, 4104, 4104, 4104, 4104, 4104, 4104, 4104, 4104, 4104, 4104, 4104, 4104, 4104, 4104, 4104, 4104, 4104], [13, 9, 9, 24, 1, 9, 117, 9999, 9999, 9999, 9999, 9999, 9999]]
[2823284.53, [4063, 4080, 4086, 4090, 4094, 4102, 4104, 4104, 4104, 4104, 4104, 4104, 4104, 4104, 4104, 4104, 4104, 4104, 4104, 4104, 4104, 4104, 4104, 4104, 4104, 4104, 4104, 4104, 4104, 4104, 4104, 4104, 4104, 4104, 4104, 4104, 4104, 4104], [13, 9, 9, 24, 1, 9, 117, 9999, 9999, 9999, 9999, 9999, 9999]]
[2823303.5, [4063, 4084, 4092, 4092, 4098, 4100, 4102, 4104, 4104, 4104, 4104, 4104, 4104, 4104, 4104, 4104, 4104, 4104, 4104, 4104, 4104, 4104, 4104, 4104, 4104, 4104, 4104, 4104, 4104, 4104, 4104, 4104, 4104, 4104, 4104, 4104, 4104, 4104], [13, 9, 9, 24, 1, 9, 117, 9999, 9999, 9999, 9999, 9999, 9999]]
[2823307.93, [4063, 4063, 4077, 4088, 4092, 4104, 4104, 4104, 4104, 4104, 4104, 4104, 4104, 4104, 4104, 4104, 4104, 4104, 4104, 4104, 4104, 4104, 4104, 4104, 4104, 4104, 4104, 4104, 4104, 4104, 4104, 4104, 4104, 4104, 4104, 4104, 4104, 4104], [13, 9, 9, 24, 1, 9, 117, 9999, 9999, 9999, 9999, 9999, 9999]]
[2823315.43, [4063, 4063, 4100, 4102, 4102, 4102, 4104, 4104, 4104, 4104, 4104, 4104, 4104, 4104, 4104, 4104, 4104, 4104, 4104, 4104, 4104, 4104, 4104, 4104, 4104, 4104, 4104, 4104, 4104, 4104, 4104, 4104, 4104, 4104, 4104, 4104, 4104, 4104], [13, 9, 9, 24, 1, 9, 117, 9999, 9999, 9999, 9999, 9999, 9999]]
[2823323.1, [4063, 4102, 4102, 4102, 4104, 4104, 4104, 4104, 4104, 4104, 4104, 4104, 4104, 4104, 4104, 4104, 4104, 4104, 4104, 4104, 4104, 4104, 4104, 4104, 4104, 4104, 4104, 4104, 4104, 4104, 4104, 4104, 4104, 4104, 4104, 4104, 4104, 4104], [13, 9, 9, 24, 1, 9, 117, 9999, 9999, 9999, 9999, 9999, 9999]]
[2823327.73, [4063, 4063, 4096, 4096, 4104, 4104, 4104, 4104, 4104, 4104, 4104, 4104, 4104, 4104, 4104, 4104, 4104, 4104, 4104, 4104, 4104, 4104, 4104, 4104, 4104, 4104, 4104, 4104, 4104, 4104, 4104, 4104, 4104, 4104, 4104, 4104, 4104, 4104], [13, 9, 9, 24, 1, 9, 117, 9999, 9999, 9999, 9999, 9999, 9999]]
[2823351.35, [4063, 4090, 4104, 4104, 4104, 4104, 4104, 4104, 4104, 4104, 4104, 4104, 4104, 4104, 4104, 4104, 4104, 4104, 4104, 4104, 4104, 4104, 4104, 4104, 4104, 4104, 4104, 4104, 4104, 4104, 4104, 4104, 4104, 4104, 4104, 4104, 4104, 4104], [13, 9, 9, 24, 1, 9, 117, 9999, 9999, 9999, 9999, 9999, 9999]]
[2823352.43, [4060, 4063, 4100, 4100, 4104, 4104, 4104, 4104, 4104, 4104, 4104, 4104, 4104, 4104, 4104, 4104, 4104, 4104, 4104, 4104, 4104, 4104, 4104, 4104, 4104, 4104, 4104, 4104, 4104, 4104, 4104, 4104, 4104, 4104, 4104, 4104, 4104, 4104], [13, 9, 9, 24, 1, 9, 117, 9999, 9999, 9999, 9999, 9999, 9999]]
[2823366.65, [4063, 4063, 4076, 4100, 4104, 4104, 4104, 4104, 4104, 4104, 4104, 4104, 4104, 4104, 4104, 4104, 4104, 4104, 4104, 4104, 4104, 4104, 4104, 4104, 4104, 4104, 4104, 4104, 4104, 4104, 4104, 4104, 4104, 4104, 4104, 4104, 4104, 4104], [13, 9, 9, 24, 1, 9, 117, 9999, 9999, 9999, 9999, 9999, 9999]]
[2823391.76, [4063, 4063, 4077, 4090, 4100, 4102, 4104, 4104, 4104, 4104, 4104, 4104, 4104, 4104, 4104, 4104, 4104, 4104, 4104, 4104, 4104, 4104, 4104, 4104, 4104, 4104, 4104, 4104, 4104, 4104, 4104, 4104, 4104, 4104, 4104, 4104, 4104, 4104], [13, 9, 9, 24, 1, 9, 117, 9999, 9999, 9999, 9999, 9999, 9999]]
[2823399.04, [4077, 4080, 4098, 4104, 4104, 4104, 4104, 4104, 4104, 4104, 4104, 4104, 4104, 4104, 4104, 4104, 4104, 4104, 4104, 4104, 4104, 4104, 4104, 4104, 4104, 4104, 4104, 4104, 4104, 4104, 4104, 4104, 4104, 4104, 4104, 4104, 4104, 4104], [13, 9, 9, 24, 1, 9, 117, 9999, 9999, 9999, 9999, 9999, 9999]]
[2823402.5, [4063, 4063, 4084, 4092, 4100, 4104, 4104, 4104, 4104, 4104, 4104, 4104, 4104, 4104, 4104, 4104, 4104, 4104, 4104, 4104, 4104, 4104, 4104, 4104, 4104, 4104, 4104, 4104, 4104, 4104, 4104, 4104, 4104, 4104, 4104, 4104, 4104, 4104], [13, 9, 9, 24, 1, 9, 117, 9999, 9999, 9999, 9999, 9999, 9999]]
[2823422.73, [4063, 4092, 4096, 4104, 4104, 4104, 4104, 4104, 4104, 4104, 4104, 4104, 4104, 4104, 4104, 4104, 4104, 4104, 4104, 4104, 4104, 4104, 4104, 4104, 4104, 4104, 4104, 4104, 4104, 4104, 4104, 4104, 4104, 4104, 4104, 4104, 4104, 4104], [13, 9, 9, 24, 1, 9, 117, 9999, 9999, 9999, 9999, 9999, 9999]]
[2823427.26, [4063, 4088, 4096, 4102, 4104, 4104, 4104, 4104, 4104, 4104, 4104, 4104, 4104, 4104, 4104, 4104, 4104, 4104, 4104, 4104, 4104, 4104, 4104, 4104, 4104, 4104, 4104, 4104, 4104, 4104, 4104, 4104, 4104, 4104, 4104, 4104, 4104, 4104], [13, 9, 9, 24, 1, 9, 117, 9999, 9999, 9999, 9999, 9999, 9999]]
[2823461.56, [4063, 4063, 4090, 4098, 4100, 4102, 4104, 4104, 4104, 4104, 4104, 4104, 4104, 4104, 4104, 4104, 4104, 4104, 4104, 4104, 4104, 4104, 4104, 4104, 4104, 4104, 4104, 4104, 4104, 4104, 4104, 4104, 4104, 4104, 4104, 4104, 4104, 4104], [13, 9, 9, 24, 1, 9, 117, 9999, 9999, 9999, 9999, 9999, 9999]]
[2823462.78, [4063, 4063, 4063, 4090, 4104, 4104, 4104, 4104, 4104, 4104, 4104, 4104, 4104, 4104, 4104, 4104, 4104, 4104, 4104, 4104, 4104, 4104, 4104, 4104, 4104, 4104, 4104, 4104, 4104, 4104, 4104, 4104, 4104, 4104, 4104, 4104, 4104, 4104], [13, 9, 9, 24, 1, 9, 117, 9999, 9999, 9999, 9999, 9999, 9999]]
[2823466.93, [4063, 4063, 4092, 4094, 4098, 4104, 4104, 4104, 4104, 4104, 4104, 4104, 4104, 4104, 4104, 4104, 4104, 4104, 4104, 4104, 4104, 4104, 4104, 4104, 4104, 4104, 4104, 4104, 4104, 4104, 4104, 4104, 4104, 4104, 4104, 4104, 4104, 4104], [13, 9, 9, 24, 1, 9, 117, 9999, 9999, 9999, 9999, 9999, 9999]]
[2823467.39, [4063, 4063, 4094, 4096, 4098, 4102, 4104, 4104, 4104, 4104, 4104, 4104, 4104, 4104, 4104, 4104, 4104, 4104, 4104, 4104, 4104, 4104, 4104, 4104, 4104, 4104, 4104, 4104, 4104, 4104, 4104, 4104, 4104, 4104, 4104, 4104, 4104, 4104], [13, 9, 9, 24, 1, 9, 117, 9999, 9999, 9999, 9999, 9999, 9999]]
[2823468.66, [4063, 4063, 4072, 4077, 4086, 4090, 4102, 4104, 4104, 4104, 4104, 4104, 4104, 4104, 4104, 4104, 4104, 4104, 4104, 4104, 4104, 4104, 4104, 4104, 4104, 4104, 4104, 4104, 4104, 4104, 4104, 4104, 4104, 4104, 4104, 4104, 4104, 4104], [13, 9, 9, 24, 1, 9, 117, 9999, 9999, 9999, 9999, 9999, 9999]]
[2823501.87, [4063, 4096, 4098, 4098, 4100, 4102, 4104, 4104, 4104, 4104, 4104, 4104, 4104, 4104, 4104, 4104, 4104, 4104, 4104, 4104, 4104, 4104, 4104, 4104, 4104, 4104, 4104, 4104, 4104, 4104, 4104, 4104, 4104, 4104, 4104, 4104, 4104, 4104], [13, 9, 9, 24, 1, 9, 116, 9999, 9999, 9999, 9999, 9999, 9999]]
[2823520.41, [4063, 4063, 4074, 4077, 4090, 4090, 4104, 4104, 4104, 4104, 4104, 4104, 4104, 4104, 4104, 4104, 4104, 4104, 4104, 4104, 4104, 4104, 4104, 4104, 4104, 4104, 4104, 4104, 4104, 4104, 4104, 4104, 4104, 4104, 4104, 4104, 4104, 4104], [13, 9, 9, 24, 1, 9, 116, 9999, 9999, 9999, 9999, 9999, 9999]]
[2823529.45, [4063, 4063, 4092, 4104, 4104, 4104, 4104, 4104, 4104, 4104, 4104, 4104, 4104, 4104, 4104, 4104, 4104, 4104, 4104, 4104, 4104, 4104, 4104, 4104, 4104, 4104, 4104, 4104, 4104, 4104, 4104, 4104, 4104, 4104, 4104, 4104, 4104, 4104], [13, 9, 9, 24, 1, 9, 117, 9999, 9999, 9999, 9999, 9999, 9999]]
[2823543.84, [4063, 4080, 4082, 4090, 4094, 4104, 4104, 4104, 4104, 4104, 4104, 4104, 4104, 4104, 4104, 4104, 4104, 4104, 4104, 4104, 4104, 4104, 4104, 4104, 4104, 4104, 4104, 4104, 4104, 4104, 4104, 4104, 4104, 4104, 4104, 4104, 4104, 4104], [13, 9, 9, 24, 1, 9, 117, 9999, 9999, 9999, 9999, 9999, 9999]]
[2823571.01, [4063, 4063, 4086, 4100, 4104, 4104, 4104, 4104, 4104, 4104, 4104, 4104, 4104, 4104, 4104, 4104, 4104, 4104, 4104, 4104, 4104, 4104, 4104, 4104, 4104, 4104, 4104, 4104, 4104, 4104, 4104, 4104, 4104, 4104, 4104, 4104, 4104, 4104], [13, 9, 9, 24, 1, 9, 117, 9999, 9999, 9999, 9999, 9999, 9999]]
[2823601.63, [4048, 4063, 4063, 4094, 4096, 4104, 4104, 4104, 4104, 4104, 4104, 4104, 4104, 4104, 4104, 4104, 4104, 4104, 4104, 4104, 4104, 4104, 4104, 4104, 4104, 4104, 4104, 4104, 4104, 4104, 4104, 4104, 4104, 4104, 4104, 4104, 4104, 4104], [13, 9, 9, 24, 1, 9, 117, 9999, 9999, 9999, 9999, 9999, 9999]]
[2823602.27, [4063, 4063, 4063, 4090, 4094, 4098, 4102, 4104, 4104, 4104, 4104, 4104, 4104, 4104, 4104, 4104, 4104, 4104, 4104, 4104, 4104, 4104, 4104, 4104, 4104, 4104, 4104, 4104, 4104, 4104, 4104, 4104, 4104, 4104, 4104, 4104, 4104, 4104], [13, 9, 9, 24, 1, 9, 116, 9999, 9999, 9999, 9999, 9999, 9999]]
[2823613.36, [4063, 4066, 4077, 4092, 4100, 4104, 4104, 4104, 4104, 4104, 4104, 4104, 4104, 4104, 4104, 4104, 4104, 4104, 4104, 4104, 4104, 4104, 4104, 4104, 4104, 4104, 4104, 4104, 4104, 4104, 4104, 4104, 4104, 4104, 4104, 4104, 4104, 4104], [13, 9, 9, 24, 1, 9, 117, 9999, 9999, 9999, 9999, 9999, 9999]]
[2823614.6, [4063, 4090, 4090, 4090, 4102, 4104, 4104, 4104, 4104, 4104, 4104, 4104, 4104, 4104, 4104, 4104, 4104, 4104, 4104, 4104, 4104, 4104, 4104, 4104, 4104, 4104, 4104, 4104, 4104, 4104, 4104, 4104, 4104, 4104, 4104, 4104, 4104, 4104], [13, 9, 9, 24, 1, 9, 117, 9999, 9999, 9999, 9999, 9999, 9999]]
[2823682.24, [4063, 4063, 4063, 4092, 4104, 4104, 4104, 4104, 4104, 4104, 4104, 4104, 4104, 4104, 4104, 4104, 4104, 4104, 4104, 4104, 4104, 4104, 4104, 4104, 4104, 4104, 4104, 4104, 4104, 4104, 4104, 4104, 4104, 4104, 4104, 4104, 4104, 4104], [13, 9, 9, 24, 1, 9, 117, 9999, 9999, 9999, 9999, 9999, 9999]]
[2823699.63, [4054, 4063, 4063, 4092, 4100, 4104, 4104, 4104, 4104, 4104, 4104, 4104, 4104, 4104, 4104, 4104, 4104, 4104, 4104, 4104, 4104, 4104, 4104, 4104, 4104, 4104, 4104, 4104, 4104, 4104, 4104, 4104, 4104, 4104, 4104, 4104, 4104, 4104], [13, 9, 9, 24, 1, 9, 117, 9999, 9999, 9999, 9999, 9999, 9999]]
[2823723.9, [4062, 4063, 4063, 4096, 4096, 4104, 4104, 4104, 4104, 4104, 4104, 4104, 4104, 4104, 4104, 4104, 4104, 4104, 4104, 4104, 4104, 4104, 4104, 4104, 4104, 4104, 4104, 4104, 4104, 4104, 4104, 4104, 4104, 4104, 4104, 4104, 4104, 4104], [13, 9, 9, 24, 1, 9, 117, 9999, 9999, 9999, 9999, 9999, 9999]]
[2823803.45, [4063, 4063, 4086, 4096, 4100, 4104, 4104, 4104, 4104, 4104, 4104, 4104, 4104, 4104, 4104, 4104, 4104, 4104, 4104, 4104, 4104, 4104, 4104, 4104, 4104, 4104, 4104, 4104, 4104, 4104, 4104, 4104, 4104, 4104, 4104, 4104, 4104, 4104], [13, 9, 9, 24, 1, 9, 116, 9999, 9999, 9999, 9999, 9999, 9999]]
[2823835.35, [4063, 4063, 4094, 4100, 4104, 4104, 4104, 4104, 4104, 4104, 4104, 4104, 4104, 4104, 4104, 4104, 4104, 4104, 4104, 4104, 4104, 4104, 4104, 4104, 4104, 4104, 4104, 4104, 4104, 4104, 4104, 4104, 4104, 4104, 4104, 4104, 4104, 4104], [13, 9, 9, 24, 1, 9, 117, 9999, 9999, 9999, 9999, 9999, 9999]]
[2823862.93, [4063, 4077, 4090, 4094, 4094, 4094, 4100, 4102, 4104, 4104, 4104, 4104, 4104, 4104, 4104, 4104, 4104, 4104, 4104, 4104, 4104, 4104, 4104, 4104, 4104, 4104, 4104, 4104, 4104, 4104, 4104, 4104, 4104, 4104, 4104, 4104, 4104, 4104], [13, 9, 9, 24, 1, 9, 117, 9999, 9999, 9999, 9999, 9999, 9999]]
[2823882.52, [4063, 4063, 4080, 4090, 4096, 4102, 4104, 4104, 4104, 4104, 4104, 4104, 4104, 4104, 4104, 4104, 4104, 4104, 4104, 4104, 4104, 4104, 4104, 4104, 4104, 4104, 4104, 4104, 4104, 4104, 4104, 4104, 4104, 4104, 4104, 4104, 4104, 4104], [13, 9, 9, 24, 1, 9, 117, 9999, 9999, 9999, 9999, 9999, 9999]]
[2823882.98, [4063, 4063, 4063, 4082, 4084, 4090, 4100, 4104, 4104, 4104, 4104, 4104, 4104, 4104, 4104, 4104, 4104, 4104, 4104, 4104, 4104, 4104, 4104, 4104, 4104, 4104, 4104, 4104, 4104, 4104, 4104, 4104, 4104, 4104, 4104, 4104, 4104, 4104], [13, 9, 9, 24, 1, 9, 117, 9999, 9999, 9999, 9999, 9999, 9999]]
[2823936.63, [4063, 4063, 4063, 4088, 4090, 4102, 4102, 4104, 4104, 4104, 4104, 4104, 4104, 4104, 4104, 4104, 4104, 4104, 4104, 4104, 4104, 4104, 4104, 4104, 4104, 4104, 4104, 4104, 4104, 4104, 4104, 4104, 4104, 4104, 4104, 4104, 4104, 4104], [13, 9, 9, 24, 1, 9, 117, 9999, 9999, 9999, 9999, 9999, 9999]]
[2823938.96, [4063, 4063, 4090, 4094, 4096, 4102, 4102, 4104, 4104, 4104, 4104, 4104, 4104, 4104, 4104, 4104, 4104, 4104, 4104, 4104, 4104, 4104, 4104, 4104, 4104, 4104, 4104, 4104, 4104, 4104, 4104, 4104, 4104, 4104, 4104, 4104, 4104, 4104], [13, 9, 9, 24, 1, 9, 117, 9999, 9999, 9999, 9999, 9999, 9999]]
[2823939.23, [4063, 4063, 4080, 4086, 4092, 4104, 4104, 4104, 4104, 4104, 4104, 4104, 4104, 4104, 4104, 4104, 4104, 4104, 4104, 4104, 4104, 4104, 4104, 4104, 4104, 4104, 4104, 4104, 4104, 4104, 4104, 4104, 4104, 4104, 4104, 4104, 4104, 4104], [13, 9, 9, 24, 1, 9, 117, 9999, 9999, 9999, 9999, 9999, 9999]]
[2823969.83, [4063, 4063, 4077, 4077, 4077, 4077, 4098, 4104, 4104, 4104, 4104, 4104, 4104, 4104, 4104, 4104, 4104, 4104, 4104, 4104, 4104, 4104, 4104, 4104, 4104, 4104, 4104, 4104, 4104, 4104, 4104, 4104, 4104, 4104, 4104, 4104, 4104, 4104], [13, 9, 9, 24, 1, 9, 117, 9999, 9999, 9999, 9999, 9999, 9999]]
[2824019.21, [4058, 4063, 4063, 4090, 4096, 4102, 4104, 4104, 4104, 4104, 4104, 4104, 4104, 4104, 4104, 4104, 4104, 4104, 4104, 4104, 4104, 4104, 4104, 4104, 4104, 4104, 4104, 4104, 4104, 4104, 4104, 4104, 4104, 4104, 4104, 4104, 4104, 4104], [13, 9, 9, 24, 1, 9, 117, 9999, 9999, 9999, 9999, 9999, 9999]]
[2824043.03, [4063, 4063, 4063, 4098, 4100, 4100, 4104, 4104, 4104, 4104, 4104, 4104, 4104, 4104, 4104, 4104, 4104, 4104, 4104, 4104, 4104, 4104, 4104, 4104, 4104, 4104, 4104, 4104, 4104, 4104, 4104, 4104, 4104, 4104, 4104, 4104, 4104, 4104], [13, 9, 9, 24, 1, 9, 117, 9999, 9999, 9999, 9999, 9999, 9999]]
[2824044.2, [4063, 4063, 4090, 4104, 4104, 4104, 4104, 4104, 4104, 4104, 4104, 4104, 4104, 4104, 4104, 4104, 4104, 4104, 4104, 4104, 4104, 4104, 4104, 4104, 4104, 4104, 4104, 4104, 4104, 4104, 4104, 4104, 4104, 4104, 4104, 4104, 4104, 4104], [13, 9, 9, 24, 1, 9, 117, 9999, 9999, 9999, 9999, 9999, 9999]]
[2824056.08, [4063, 4063, 4063, 4063, 4100, 4104, 4104, 4104, 4104, 4104, 4104, 4104, 4104, 4104, 4104, 4104, 4104, 4104, 4104, 4104, 4104, 4104, 4104, 4104, 4104, 4104, 4104, 4104, 4104, 4104, 4104, 4104, 4104, 4104, 4104, 4104, 4104, 4104], [13, 9, 9, 24, 1, 9, 117, 9999, 9999, 9999, 9999, 9999, 9999]]
[2824057.94, [4063, 4063, 4063, 4090, 4102, 4102, 4104, 4104, 4104, 4104, 4104, 4104, 4104, 4104, 4104, 4104, 4104, 4104, 4104, 4104, 4104, 4104, 4104, 4104, 4104, 4104, 4104, 4104, 4104, 4104, 4104, 4104, 4104, 4104, 4104, 4104, 4104, 4104], [13, 9, 9, 24, 1, 9, 117, 9999, 9999, 9999, 9999, 9999, 9999]]
[2824062.74, [4063, 4063, 4098, 4102, 4104, 4104, 4104, 4104, 4104, 4104, 4104, 4104, 4104, 4104, 4104, 4104, 4104, 4104, 4104, 4104, 4104, 4104, 4104, 4104, 4104, 4104, 4104, 4104, 4104, 4104, 4104, 4104, 4104, 4104, 4104, 4104, 4104, 4104], [13, 9, 9, 24, 1, 9, 116, 9999, 9999, 9999, 9999, 9999, 9999]]
[2824130.96, [4063, 4063, 4063, 4063, 4064, 4100, 4102, 4104, 4104, 4104, 4104, 4104, 4104, 4104, 4104, 4104, 4104, 4104, 4104, 4104, 4104, 4104, 4104, 4104, 4104, 4104, 4104, 4104, 4104, 4104, 4104, 4104, 4104, 4104, 4104, 4104, 4104, 4104], [13, 9, 9, 24, 1, 9, 117, 9999, 9999, 9999, 9999, 9999, 9999]]
[2824151.67, [4063, 4063, 4063, 4070, 4084, 4098, 4100, 4104, 4104, 4104, 4104, 4104, 4104, 4104, 4104, 4104, 4104, 4104, 4104, 4104, 4104, 4104, 4104, 4104, 4104, 4104, 4104, 4104, 4104, 4104, 4104, 4104, 4104, 4104, 4104, 4104, 4104, 4104], [13, 9, 9, 24, 1, 9, 117, 9999, 9999, 9999, 9999, 9999, 9999]]
[2824156.4, [4063, 4063, 4063, 4084, 4096, 4098, 4100, 4104, 4104, 4104, 4104, 4104, 4104, 4104, 4104, 4104, 4104, 4104, 4104, 4104, 4104, 4104, 4104, 4104, 4104, 4104, 4104, 4104, 4104, 4104, 4104, 4104, 4104, 4104, 4104, 4104, 4104, 4104], [13, 9, 9, 24, 1, 9, 117, 9999, 9999, 9999, 9999, 9999, 9999]]
[2824220.55, [4063, 4063, 4063, 4063, 4063, 4098, 4104, 4104, 4104, 4104, 4104, 4104, 4104, 4104, 4104, 4104, 4104, 4104, 4104, 4104, 4104, 4104, 4104, 4104, 4104, 4104, 4104, 4104, 4104, 4104, 4104, 4104, 4104, 4104, 4104, 4104, 4104, 4104], [13, 9, 9, 24, 1, 9, 117, 9999, 9999, 9999, 9999, 9999, 9999]]
[2824249.08, [4063, 4063, 4063, 4076, 4090, 4094, 4104, 4104, 4104, 4104, 4104, 4104, 4104, 4104, 4104, 4104, 4104, 4104, 4104, 4104, 4104, 4104, 4104, 4104, 4104, 4104, 4104, 4104, 4104, 4104, 4104, 4104, 4104, 4104, 4104, 4104, 4104, 4104], [13, 9, 9, 24, 1, 9, 118, 9999, 9999, 9999, 9999, 9999, 9999]]
[2824280.5, [4063, 4063, 4063, 4063, 4090, 4094, 4100, 4102, 4104, 4104, 4104, 4104, 4104, 4104, 4104, 4104, 4104, 4104, 4104, 4104, 4104, 4104, 4104, 4104, 4104, 4104, 4104, 4104, 4104, 4104, 4104, 4104, 4104, 4104, 4104, 4104, 4104, 4104], [13, 9, 9, 24, 1, 9, 117, 9999, 9999, 9999, 9999, 9999, 9999]]
[2824290.28, [4063, 4063, 4063, 4090, 4094, 4104, 4104, 4104, 4104, 4104, 4104, 4104, 4104, 4104, 4104, 4104, 4104, 4104, 4104, 4104, 4104, 4104, 4104, 4104, 4104, 4104, 4104, 4104, 4104, 4104, 4104, 4104, 4104, 4104, 4104, 4104, 4104, 4104], [13, 9, 9, 24, 1, 9, 117, 9999, 9999, 9999, 9999, 9999, 9999]]
[2824297.88, [4063, 4063, 4077, 4077, 4096, 4104, 4104, 4104, 4104, 4104, 4104, 4104, 4104, 4104, 4104, 4104, 4104, 4104, 4104, 4104, 4104, 4104, 4104, 4104, 4104, 4104, 4104, 4104, 4104, 4104, 4104, 4104, 4104, 4104, 4104, 4104, 4104, 4104], [13, 9, 9, 24, 1, 9, 117, 9999, 9999, 9999, 9999, 9999, 9999]]
[2824347.17, [4063, 4063, 4063, 4098, 4104, 4104, 4104, 4104, 4104, 4104, 4104, 4104, 4104, 4104, 4104, 4104, 4104, 4104, 4104, 4104, 4104, 4104, 4104, 4104, 4104, 4104, 4104, 4104, 4104, 4104, 4104, 4104, 4104, 4104, 4104, 4104, 4104, 4104], [13, 9, 9, 24, 1, 9, 116, 9999, 9999, 9999, 9999, 9999, 9999]]
[2824392.27, [4063, 4063, 4072, 4074, 4080, 4082, 4090, 4098, 4102, 4104, 4104, 4104, 4104, 4104, 4104, 4104, 4104, 4104, 4104, 4104, 4104, 4104, 4104, 4104, 4104, 4104, 4104, 4104, 4104, 4104, 4104, 4104, 4104, 4104, 4104, 4104, 4104, 4104], [13, 9, 9, 24, 1, 9, 117, 9999, 9999, 9999, 9999, 9999, 9999]]
[2824399.27, [4063, 4063, 4063, 4063, 4090, 4104, 4104, 4104, 4104, 4104, 4104, 4104, 4104, 4104, 4104, 4104, 4104, 4104, 4104, 4104, 4104, 4104, 4104, 4104, 4104, 4104, 4104, 4104, 4104, 4104, 4104, 4104, 4104, 4104, 4104, 4104, 4104, 4104], [13, 9, 9, 24, 1, 9, 117, 9999, 9999, 9999, 9999, 9999, 9999]]
[2824438.54, [4063, 4063, 4063, 4070, 4086, 4100, 4102, 4102, 4104, 4104, 4104, 4104, 4104, 4104, 4104, 4104, 4104, 4104, 4104, 4104, 4104, 4104, 4104, 4104, 4104, 4104, 4104, 4104, 4104, 4104, 4104, 4104, 4104, 4104, 4104, 4104, 4104, 4104], [13, 9, 9, 24, 1, 9, 117, 9999, 9999, 9999, 9999, 9999, 9999]]
[2824489.93, [4063, 4063, 4063, 4090, 4098, 4104, 4104, 4104, 4104, 4104, 4104, 4104, 4104, 4104, 4104, 4104, 4104, 4104, 4104, 4104, 4104, 4104, 4104, 4104, 4104, 4104, 4104, 4104, 4104, 4104, 4104, 4104, 4104, 4104, 4104, 4104, 4104, 4104], [13, 9, 9, 24, 1, 9, 117, 9999, 9999, 9999, 9999, 9999, 9999]]
[2824602.43, [4063, 4063, 4063, 4063, 4063, 4094, 4100, 4102, 4104, 4104, 4104, 4104, 4104, 4104, 4104, 4104, 4104, 4104, 4104, 4104, 4104, 4104, 4104, 4104, 4104, 4104, 4104, 4104, 4104, 4104, 4104, 4104, 4104, 4104, 4104, 4104, 4104, 4104], [13, 9, 9, 24, 1, 9, 117, 9999, 9999, 9999, 9999, 9999, 9999]]
[2824611.73, [4063, 4063, 4063, 4063, 4063, 4080, 4086, 4088, 4104, 4104, 4104, 4104, 4104, 4104, 4104, 4104, 4104, 4104, 4104, 4104, 4104, 4104, 4104, 4104, 4104, 4104, 4104, 4104, 4104, 4104, 4104, 4104, 4104, 4104, 4104, 4104, 4104, 4104], [13, 9, 9, 24, 1, 9, 117, 9999, 9999, 9999, 9999, 9999, 9999]]
[2824619.87, [4063, 4063, 4090, 4100, 4102, 4104, 4104, 4104, 4104, 4104, 4104, 4104, 4104, 4104, 4104, 4104, 4104, 4104, 4104, 4104, 4104, 4104, 4104, 4104, 4104, 4104, 4104, 4104, 4104, 4104, 4104, 4104, 4104, 4104, 4104, 4104, 4104, 4104], [13, 9, 9, 24, 1, 9, 117, 9999, 9999, 9999, 9999, 9999, 9999]]
[2824660.08, [4012, 4063, 4063, 4063, 4102, 4104, 4104, 4104, 4104, 4104, 4104, 4104, 4104, 4104, 4104, 4104, 4104, 4104, 4104, 4104, 4104, 4104, 4104, 4104, 4104, 4104, 4104, 4104, 4104, 4104, 4104, 4104, 4104, 4104, 4104, 4104, 4104, 4104], [13, 9, 9, 24, 1, 9, 117, 9999, 9999, 9999, 9999, 9999, 9999]]
[2824835.55, [4063, 4063, 4063, 4063, 4088, 4090, 4090, 4090, 4104, 4104, 4104, 4104, 4104, 4104, 4104, 4104, 4104, 4104, 4104, 4104, 4104, 4104, 4104, 4104, 4104, 4104, 4104, 4104, 4104, 4104, 4104, 4104, 4104, 4104, 4104, 4104, 4104, 4104], [13, 9, 9, 24, 1, 9, 117, 9999, 9999, 9999, 9999, 9999, 9999]]
[2824925.75, [4063, 4063, 4063, 4063, 4063, 4063, 4096, 4102, 4102, 4104, 4104, 4104, 4104, 4104, 4104, 4104, 4104, 4104, 4104, 4104, 4104, 4104, 4104, 4104, 4104, 4104, 4104, 4104, 4104, 4104, 4104, 4104, 4104, 4104, 4104, 4104, 4104, 4104], [13, 9, 9, 24, 1, 9, 117, 9999, 9999, 9999, 9999, 9999, 9999]]
[2825050.22, [4063, 4063, 4063, 4063, 4063, 4104, 4104, 4104, 4104, 4104, 4104, 4104, 4104, 4104, 4104, 4104, 4104, 4104, 4104, 4104, 4104, 4104, 4104, 4104, 4104, 4104, 4104, 4104, 4104, 4104, 4104, 4104, 4104, 4104, 4104, 4104, 4104, 4104], [13, 9, 9, 24, 1, 9, 117, 9999, 9999, 9999, 9999, 9999, 9999]]
[2825055.99, [4063, 4063, 4063, 4063, 4063, 4086, 4092, 4096, 4098, 4102, 4104, 4104, 4104, 4104, 4104, 4104, 4104, 4104, 4104, 4104, 4104, 4104, 4104, 4104, 4104, 4104, 4104, 4104, 4104, 4104, 4104, 4104, 4104, 4104, 4104, 4104, 4104, 4104], [13, 9, 9, 24, 1, 9, 116, 9999, 9999, 9999, 9999, 9999, 9999]]
[2825060.21, [4063, 4063, 4077, 4084, 4090, 4100, 4104, 4104, 4104, 4104, 4104, 4104, 4104, 4104, 4104, 4104, 4104, 4104, 4104, 4104, 4104, 4104, 4104, 4104, 4104, 4104, 4104, 4104, 4104, 4104, 4104, 4104, 4104, 4104, 4104, 4104, 4104, 4104], [13, 9, 9, 24, 1, 9, 117, 9999, 9999, 9999, 9999, 9999, 9999]]
[2825065.31, [4063, 4063, 4063, 4063, 4084, 4086, 4102, 4104, 4104, 4104, 4104, 4104, 4104, 4104, 4104, 4104, 4104, 4104, 4104, 4104, 4104, 4104, 4104, 4104, 4104, 4104, 4104, 4104, 4104, 4104, 4104, 4104, 4104, 4104, 4104, 4104, 4104, 4104], [13, 9, 9, 24, 1, 9, 117, 9999, 9999, 9999, 9999, 9999, 9999]]
[2825099.52, [4078, 4080, 4092, 4092, 4104, 4104, 4104, 4104, 4104, 4104, 4104, 4104, 4104, 4104, 4104, 4104, 4104, 4104, 4104, 4104, 4104, 4104, 4104, 4104, 4104, 4104, 4104, 4104, 4104, 4104, 4104, 4104, 4104, 4104, 4104, 4104, 4104, 4104], [13, 9, 9, 24, 1, 8, 117, 9999, 9999, 9999, 9999, 9999, 9999]]
[2825111.32, [4063, 4063, 4063, 4086, 4088, 4090, 4092, 4104, 4104, 4104, 4104, 4104, 4104, 4104, 4104, 4104, 4104, 4104, 4104, 4104, 4104, 4104, 4104, 4104, 4104, 4104, 4104, 4104, 4104, 4104, 4104, 4104, 4104, 4104, 4104, 4104, 4104, 4104], [13, 9, 9, 24, 1, 9, 117, 9999, 9999, 9999, 9999, 9999, 9999]]
[2825236.01, [4096, 4096, 4096, 4098, 4100, 4100, 4104, 4104, 4104, 4104, 4104, 4104, 4104, 4104, 4104, 4104, 4104, 4104, 4104, 4104, 4104, 4104, 4104, 4104, 4104, 4104, 4104, 4104, 4104, 4104, 4104, 4104, 4104, 4104, 4104, 4104, 4104, 4104], [13, 9, 9, 24, 1, 8, 117, 9999, 9999, 9999, 9999, 9999, 9999]]
[2825468.89, [4080, 4084, 4090, 4104, 4104, 4104, 4104, 4104, 4104, 4104, 4104, 4104, 4104, 4104, 4104, 4104, 4104, 4104, 4104, 4104, 4104, 4104, 4104, 4104, 4104, 4104, 4104, 4104, 4104, 4104, 4104, 4104, 4104, 4104, 4104, 4104, 4104, 4104], [13, 9, 9, 24, 1, 8, 118, 9999, 9999, 9999, 9999, 9999, 9999]]
[2825598.01, [4044, 4044, 4074, 4088, 4096, 4104, 4104, 4104, 4104, 4104, 4104, 4104, 4104, 4104, 4104, 4104, 4104, 4104, 4104, 4104, 4104, 4104, 4104, 4104, 4104, 4104, 4104, 4104, 4104, 4104, 4104, 4104, 4104, 4104, 4104, 4104, 4104, 4104], [13, 9, 9, 24, 1, 8, 117, 9999, 9999, 9999, 9999, 9999, 9999]]
[2825661.84, [4096, 4098, 4100, 4100, 4104, 4104, 4104, 4104, 4104, 4104, 4104, 4104, 4104, 4104, 4104, 4104, 4104, 4104, 4104, 4104, 4104, 4104, 4104, 4104, 4104, 4104, 4104, 4104, 4104, 4104, 4104, 4104, 4104, 4104, 4104, 4104, 4104, 4104], [13, 9, 9, 24, 1, 8, 117, 9999, 9999, 9999, 9999, 9999, 9999]]
[2825707.46, [4044, 4068, 4082, 4098, 4102, 4104, 4104, 4104, 4104, 4104, 4104, 4104, 4104, 4104, 4104, 4104, 4104, 4104, 4104, 4104, 4104, 4104, 4104, 4104, 4104, 4104, 4104, 4104, 4104, 4104, 4104, 4104, 4104, 4104, 4104, 4104, 4104, 4104], [13, 9, 9, 24, 1, 8, 117, 9999, 9999, 9999, 9999, 9999, 9999]]
[2825836.53, [4080, 4096, 4098, 4098, 4100, 4104, 4104, 4104, 4104, 4104, 4104, 4104, 4104, 4104, 4104, 4104, 4104, 4104, 4104, 4104, 4104, 4104, 4104, 4104, 4104, 4104, 4104, 4104, 4104, 4104, 4104, 4104, 4104, 4104, 4104, 4104, 4104, 4104], [13, 9, 9, 24, 1, 8, 116, 9999, 9999, 9999, 9999, 9999, 9999]]
[2825911.9, [4098, 4104, 4104, 4104, 4104, 4104, 4104, 4104, 4104, 4104, 4104, 4104, 4104, 4104, 4104, 4104, 4104, 4104, 4104, 4104, 4104, 4104, 4104, 4104, 4104, 4104, 4104, 4104, 4104, 4104, 4104, 4104, 4104, 4104, 4104, 4104, 4104, 4104], [13, 9, 9, 24, 1, 8, 116, 9999, 9999, 9999, 9999, 9999, 9999]]
[2825922.71, [4063, 4063, 4063, 4063, 4090, 4098, 4104, 4104, 4104, 4104, 4104, 4104, 4104, 4104, 4104, 4104, 4104, 4104, 4104, 4104, 4104, 4104, 4104, 4104, 4104, 4104, 4104, 4104, 4104, 4104, 4104, 4104, 4104, 4104, 4104, 4104, 4104, 4104], [13, 9, 9, 24, 1, 9, 117, 9999, 9999, 9999, 9999, 9999, 9999]]
[2826139.86, [4044, 4078, 4100, 4104, 4104, 4104, 4104, 4104, 4104, 4104, 4104, 4104, 4104, 4104, 4104, 4104, 4104, 4104, 4104, 4104, 4104, 4104, 4104, 4104, 4104, 4104, 4104, 4104, 4104, 4104, 4104, 4104, 4104, 4104, 4104, 4104, 4104, 4104], [13, 9, 9, 24, 1, 8, 117, 9999, 9999, 9999, 9999, 9999, 9999]]
[2826282.26, [4044, 4044, 4044, 4090, 4100, 4102, 4104, 4104, 4104, 4104, 4104, 4104, 4104, 4104, 4104, 4104, 4104, 4104, 4104, 4104, 4104, 4104, 4104, 4104, 4104, 4104, 4104, 4104, 4104, 4104, 4104, 4104, 4104, 4104, 4104, 4104, 4104, 4104], [13, 9, 9, 24, 1, 8, 117, 9999, 9999, 9999, 9999, 9999, 9999]]
[2826321.26, [4044, 4044, 4044, 4068, 4088, 4090, 4104, 4104, 4104, 4104, 4104, 4104, 4104, 4104, 4104, 4104, 4104, 4104, 4104, 4104, 4104, 4104, 4104, 4104, 4104, 4104, 4104, 4104, 4104, 4104, 4104, 4104, 4104, 4104, 4104, 4104, 4104, 4104], [13, 9, 9, 24, 1, 8, 117, 9999, 9999, 9999, 9999, 9999, 9999]]
[2826389.88, [4044, 4044, 4086, 4098, 4098, 4102, 4104, 4104, 4104, 4104, 4104, 4104, 4104, 4104, 4104, 4104, 4104, 4104, 4104, 4104, 4104, 4104, 4104, 4104, 4104, 4104, 4104, 4104, 4104, 4104, 4104, 4104, 4104, 4104, 4104, 4104, 4104, 4104], [13, 9, 9, 24, 1, 8, 116, 9999, 9999, 9999, 9999, 9999, 9999]]
[2826393.61, [4092, 4102, 4104, 4104, 4104, 4104, 4104, 4104, 4104, 4104, 4104, 4104, 4104, 4104, 4104, 4104, 4104, 4104, 4104, 4104, 4104, 4104, 4104, 4104, 4104, 4104, 4104, 4104, 4104, 4104, 4104, 4104, 4104, 4104, 4104, 4104, 4104, 4104], [13, 9, 9, 24, 1, 8, 116, 9999, 9999, 9999, 9999, 9999, 9999]]
[2826514.32, [4044, 4068, 4092, 4092, 4104, 4104, 4104, 4104, 4104, 4104, 4104, 4104, 4104, 4104, 4104, 4104, 4104, 4104, 4104, 4104, 4104, 4104, 4104, 4104, 4104, 4104, 4104, 4104, 4104, 4104, 4104, 4104, 4104, 4104, 4104, 4104, 4104, 4104], [13, 9, 9, 24, 1, 8, 116, 9999, 9999, 9999, 9999, 9999, 9999]]
[2826546.62, [4044, 4044, 4086, 4098, 4104, 4104, 4104, 4104, 4104, 4104, 4104, 4104, 4104, 4104, 4104, 4104, 4104, 4104, 4104, 4104, 4104, 4104, 4104, 4104, 4104, 4104, 4104, 4104, 4104, 4104, 4104, 4104, 4104, 4104, 4104, 4104, 4104, 4104], [13, 9, 9, 24, 1, 8, 117, 9999, 9999, 9999, 9999, 9999, 9999]]
[2826589.61, [4044, 4076, 4076, 4092, 4098, 4100, 4102, 4102, 4104, 4104, 4104, 4104, 4104, 4104, 4104, 4104, 4104, 4104, 4104, 4104, 4104, 4104, 4104, 4104, 4104, 4104, 4104, 4104, 4104, 4104, 4104, 4104, 4104, 4104, 4104, 4104, 4104, 4104], [13, 9, 9, 24, 1, 8, 117, 9999, 9999, 9999, 9999, 9999, 9999]]
[2826712.07, [4044, 4044, 4084, 4092, 4098, 4104, 4104, 4104, 4104, 4104, 4104, 4104, 4104, 4104, 4104, 4104, 4104, 4104, 4104, 4104, 4104, 4104, 4104, 4104, 4104, 4104, 4104, 4104, 4104, 4104, 4104, 4104, 4104, 4104, 4104, 4104, 4104, 4104], [13, 9, 9, 24, 1, 8, 116, 9999, 9999, 9999, 9999, 9999, 9999]]
[2826777.71, [4044, 4092, 4098, 4100, 4102, 4104, 4104, 4104, 4104, 4104, 4104, 4104, 4104, 4104, 4104, 4104, 4104, 4104, 4104, 4104, 4104, 4104, 4104, 4104, 4104, 4104, 4104, 4104, 4104, 4104, 4104, 4104, 4104, 4104, 4104, 4104, 4104, 4104], [13, 9, 9, 24, 1, 8, 116, 9999, 9999, 9999, 9999, 9999, 9999]]
[2826821.6, [4044, 4044, 4044, 4056, 4080, 4102, 4104, 4104, 4104, 4104, 4104, 4104, 4104, 4104, 4104, 4104, 4104, 4104, 4104, 4104, 4104, 4104, 4104, 4104, 4104, 4104, 4104, 4104, 4104, 4104, 4104, 4104, 4104, 4104, 4104, 4104, 4104, 4104], [13, 9, 9, 24, 1, 8, 116, 9999, 9999, 9999, 9999, 9999, 9999]]
[2827015.44, [4044, 4044, 4056, 4070, 4104, 4104, 4104, 4104, 4104, 4104, 4104, 4104, 4104, 4104, 4104, 4104, 4104, 4104, 4104, 4104, 4104, 4104, 4104, 4104, 4104, 4104, 4104, 4104, 4104, 4104, 4104, 4104, 4104, 4104, 4104, 4104, 4104, 4104], [13, 9, 9, 24, 1, 8, 117, 9999, 9999, 9999, 9999, 9999, 9999]]
[2827774.51, [4044, 4044, 4044, 4094, 4098, 4100, 4104, 4104, 4104, 4104, 4104, 4104, 4104, 4104, 4104, 4104, 4104, 4104, 4104, 4104, 4104, 4104, 4104, 4104, 4104, 4104, 4104, 4104, 4104, 4104, 4104, 4104, 4104, 4104, 4104, 4104, 4104, 4104], [13, 9, 9, 24, 1, 8, 116, 9999, 9999, 9999, 9999, 9999, 9999]]
[2827915.88, [4044, 4044, 4098, 4102, 4104, 4104, 4104, 4104, 4104, 4104, 4104, 4104, 4104, 4104, 4104, 4104, 4104, 4104, 4104, 4104, 4104, 4104, 4104, 4104, 4104, 4104, 4104, 4104, 4104, 4104, 4104, 4104, 4104, 4104, 4104, 4104, 4104, 4104], [13, 9, 9, 24, 1, 8, 116, 9999, 9999, 9999, 9999, 9999, 9999]]
