SimulationV05.py[0, [0, 16, 16, 0, 0, 0]]
[1, [0, 32, 32, 0, 0, 0]]
[2, [48, 48, 48, 0, 0, 0]]
[3, [48, 64, 64, 0, 0, 0]]
[4, [48, 80, 80, 0, 0, 0]]
[5, [96, 96, 96, 0, 0, 0]]
[6, [96, 112, 112, 0, 0, 0]]
[7, [96, 128, 128, 0, 0, 0]]
[8, [144, 144, 144, 0, 0, 0]]
[9, [144, 160, 160, 0, 0, 0]]
[10, [144, 176, 176, 0, 0, 0]]
[11, [192, 192, 192, 0, 0, 0]]
[12, [192, 208, 208, 0, 0, 0]]
[13, [192, 224, 224, 0, 0, 0]]
[14, [240, 240, 240, 0, 0, 0]]
[15, [240, 256, 256, 0, 0, 0]]
[16, [240, 272, 272, 0, 0, 0]]
[17, [288, 288, 288, 0, 0, 0]]
[18, [288, 304, 304, 0, 0, 0]]
[19, [288, 320, 320, 330, 0, 0]]
[20, [336, 336, 336, 186, 144, 0]]
[21, [312, 328, 328, 42, 264, 0]]
[22, [288, 320, 320, 42, 240, 0]]
[23, [312, 312, 312, 42, 216, 0]]
[24, [288, 304, 304, 42, 192, 0]]
[25, [264, 296, 296, 42, 168, 0]]
[26, [288, 288, 288, 42, 144, 0]]
[27, [264, 280, 280, 42, 120, 0]]
[28, [240, 272, 272, 42, 96, 0]]
[29, [264, 264, 264, 42, 72, 0]]
[30, [240, 256, 256, 42, 48, 0]]
[31, [216, 248, 248, 42, 24, 0]]
[32, [240, 240, 240, 42, 0, 0]]
[33, [240, 256, 256, 42, 0, 0]]
[34, [240, 272, 272, 42, 0, 0]]
[35, [288, 288, 288, 42, 0, 0]]
[36, [288, 304, 304, 42, 0, 0]]
[37, [288, 320, 320, 42, 0, 0]]
[38, [336, 336, 336, 42, 0, 0]]
[39, [336, 352, 352, 372, 0, 0]]
[40, [336, 368, 368, 228, 144, 0]]
[41, [360, 360, 360, 84, 264, 0]]
[42, [336, 352, 352, 84, 240, 0]]
[43, [312, 344, 344, 84, 216, 0]]
[44, [336, 336, 336, 84, 192, 0]]
[45, [312, 328, 328, 84, 168, 0]]
[46, [288, 320, 320, 84, 144, 0]]
[47, [312, 312, 312, 84, 120, 0]]
[48, [288, 304, 304, 84, 96, 0]]
[49, [264, 296, 296, 84, 72, 0]]
[50, [288, 288, 288, 84, 48, 0]]
[51, [264, 280, 280, 84, 24, 0]]
[52, [240, 272, 272, 84, 0, 0]]
[53, [288, 288, 288, 84, 0, 0]]
[54, [288, 304, 304, 84, 0, 0]]
[55, [288, 320, 320, 84, 0, 0]]
[56, [336, 336, 336, 84, 0, 0]]
[57, [336, 352, 352, 84, 0, 0]]
[58, [336, 368, 368, 84, 0, 0]]
[59, [384, 384, 384, 414, 0, 0]]
[60, [384, 400, 400, 270, 144, 0]]
[61, [360, 392, 392, 126, 264, 0]]
[62, [384, 384, 384, 126, 240, 0]]
[63, [360, 376, 376, 126, 216, 0]]
[64, [336, 368, 368, 126, 192, 0]]
[65, [360, 360, 360, 126, 168, 0]]
[66, [336, 352, 352, 126, 144, 0]]
[67, [312, 344, 344, 126, 120, 0]]
[68, [336, 336, 336, 126, 96, 0]]
[69, [312, 328, 328, 126, 72, 0]]
[70, [288, 320, 320, 126, 48, 0]]
[71, [312, 312, 312, 126, 24, 0]]
[72, [288, 304, 304, 126, 0, 0]]
[73, [288, 320, 320, 126, 0, 0]]
[74, [336, 336, 336, 126, 0, 0]]
[75, [336, 352, 352, 126, 0, 0]]
[76, [336, 368, 368, 126, 0, 0]]
[77, [384, 384, 384, 126, 0, 0]]
[78, [384, 400, 400, 126, 0, 0]]
[79, [384, 416, 416, 456, 0, 0]]
[80, [432, 432, 432, 312, 144, 0]]
[81, [408, 424, 424, 168, 264, 0]]
[82, [384, 416, 416, 24, 384, 0]]
[83, [408, 408, 408, 24, 360, 0]]
[84, [384, 400, 400, 24, 336, 0]]
[85, [360, 392, 392, 24, 312, 0]]
[86, [384, 384, 384, 24, 288, 0]]
[87, [360, 376, 376, 24, 264, 0]]
[88, [336, 368, 368, 24, 240, 0]]
[89, [360, 360, 360, 24, 216, 0]]
[90, [336, 352, 352, 24, 192, 0]]
[91, [312, 344, 344, 24, 168, 0]]
[92, [336, 336, 336, 24, 144, 0]]
[93, [312, 328, 328, 24, 120, 0]]
[94, [288, 320, 320, 24, 96, 0]]
[95, [312, 312, 312, 24, 72, 0]]
[96, [288, 304, 304, 24, 48, 0]]
[97, [264, 296, 296, 24, 24, 0]]
[98, [288, 288, 288, 24, 0, 0]]
[99, [288, 304, 304, 354, 0, 0]]
[100, [288, 320, 320, 210, 144, 0]]
[101, [312, 312, 312, 66, 264, 0]]
[102, [288, 304, 304, 66, 240, 0]]
[103, [264, 296, 296, 66, 216, 0]]
[104, [288, 288, 288, 66, 192, 0]]
[105, [264, 280, 280, 66, 168, 0]]
[106, [240, 272, 272, 66, 144, 0]]
[107, [264, 264, 264, 66, 120, 0]]
[108, [240, 256, 256, 66, 96, 0]]
[109, [216, 248, 248, 66, 72, 0]]
[110, [240, 240, 240, 66, 48, 0]]
[111, [216, 232, 232, 66, 24, 0]]
[112, [192, 224, 224, 66, 0, 0]]
[113, [240, 240, 240, 66, 0, 0]]
[114, [240, 256, 256, 66, 0, 0]]
[115, [240, 272, 272, 66, 0, 0]]
[116, [288, 288, 288, 66, 0, 0]]
[117, [288, 304, 304, 66, 0, 0]]
[118, [288, 320, 320, 66, 0, 0]]
[119, [336, 336, 336, 396, 0, 0]]
[120, [336, 352, 352, 252, 144, 0]]
[121, [312, 344, 344, 108, 264, 0]]
[122, [336, 336, 336, 108, 240, 0]]
[123, [312, 328, 328, 108, 216, 0]]
[124, [294, 326, 326, 108, 192, 6]]
[125, [342, 342, 342, 108, 168, 30]]
[126, [342, 358, 358, 108, 144, 54]]
[127, [342, 374, 374, 108, 120, 78]]
[128, [374, 374, 374, 108, 96, 86]]
[129, [364, 380, 380, 108, 72, 100]]
[130, [360, 392, 392, 108, 48, 120]]
[131, [402, 402, 402, 108, 24, 138]]
[132, [402, 418, 418, 108, 0, 162]]
[133, [400, 432, 432, 108, 0, 160]]
[134, [446, 446, 446, 108, 0, 158]]
[135, [444, 460, 460, 108, 0, 156]]
[136, [438, 470, 470, 108, 0, 150]]
[137, [482, 482, 482, 108, 0, 146]]
[138, [476, 492, 492, 108, 0, 140]]
[139, [468, 500, 500, 438, 0, 132]]
[140, [510, 510, 510, 294, 144, 126]]
[141, [502, 518, 518, 150, 264, 142]]
[142, [496, 528, 528, 6, 384, 160]]
[143, [538, 538, 538, 6, 360, 178]]
[144, [526, 542, 542, 6, 336, 190]]
[145, [506, 538, 538, 6, 312, 194]]
[146, [536, 536, 536, 6, 288, 200]]
[147, [518, 534, 534, 6, 264, 206]]
[148, [506, 538, 538, 6, 240, 218]]
[149, [542, 542, 542, 6, 216, 230]]
[150, [522, 538, 538, 6, 192, 234]]
[151, [502, 534, 534, 6, 168, 238]]
[152, [528, 528, 528, 6, 144, 240]]
[153, [510, 526, 526, 6, 120, 246]]
[154, [492, 524, 524, 6, 96, 252]]
[155, [528, 528, 528, 6, 72, 264]]
[156, [516, 532, 532, 6, 48, 276]]
[157, [488, 520, 520, 6, 24, 272]]
[158, [502, 502, 502, 6, 0, 262]]
[159, [462, 478, 478, 336, 0, 222]]
[160, [432, 464, 464, 192, 144, 192]]
[161, [462, 462, 462, 48, 264, 198]]
[162, [450, 466, 466, 48, 240, 210]]
[163, [438, 470, 470, 48, 216, 222]]
[164, [444, 444, 444, 48, 192, 204]]
[165, [404, 420, 420, 48, 168, 188]]
[166, [360, 392, 392, 48, 144, 168]]
[167, [374, 374, 374, 48, 120, 158]]
[168, [356, 372, 372, 48, 96, 164]]
[169, [344, 376, 376, 48, 72, 176]]
[170, [380, 380, 380, 48, 48, 188]]
[171, [336, 352, 352, 48, 24, 168]]
[172, [294, 326, 326, 48, 0, 150]]
[173, [298, 298, 298, 48, 0, 106]]
[174, [264, 280, 280, 48, 0, 72]]
[175, [246, 278, 278, 48, 0, 54]]
[176, [282, 282, 282, 48, 0, 42]]
[177, [270, 286, 286, 48, 0, 30]]
[178, [240, 272, 272, 48, 0, 0]]
[179, [288, 288, 288, 378, 0, 0]]
[180, [288, 304, 304, 234, 144, 0]]
[181, [264, 296, 296, 90, 264, 0]]
[182, [288, 288, 288, 90, 240, 0]]
[183, [264, 280, 280, 90, 216, 0]]
[184, [240, 272, 272, 90, 192, 0]]
[185, [264, 264, 264, 90, 168, 0]]
[186, [240, 256, 256, 90, 144, 0]]
[187, [216, 248, 248, 90, 120, 0]]
[188, [240, 240, 240, 90, 96, 0]]
[189, [216, 232, 232, 90, 72, 0]]
[190, [192, 224, 224, 90, 48, 0]]
[191, [216, 216, 216, 90, 24, 0]]
[192, [192, 208, 208, 90, 0, 0]]
[193, [192, 224, 224, 90, 0, 0]]
[194, [240, 240, 240, 90, 0, 0]]
[195, [240, 256, 256, 90, 0, 0]]
[196, [240, 272, 272, 90, 0, 0]]
[197, [288, 288, 288, 90, 0, 0]]
[198, [288, 304, 304, 90, 0, 0]]
[199, [288, 320, 320, 420, 0, 0]]
[200, [336, 336, 336, 276, 144, 0]]
[201, [312, 328, 328, 132, 264, 0]]
[202, [288, 320, 320, 132, 240, 0]]
[203, [312, 312, 312, 132, 216, 0]]
[204, [288, 304, 304, 132, 192, 0]]
[205, [264, 296, 296, 132, 168, 0]]
[206, [288, 288, 288, 132, 144, 0]]
[207, [264, 280, 280, 132, 120, 0]]
[208, [240, 272, 272, 132, 96, 0]]
[209, [264, 264, 264, 132, 72, 0]]
[210, [240, 256, 256, 132, 48, 0]]
[211, [216, 248, 248, 132, 24, 0]]
[212, [240, 240, 240, 132, 0, 0]]
[213, [240, 256, 256, 132, 0, 0]]
[214, [240, 272, 272, 132, 0, 0]]
[215, [288, 288, 288, 132, 0, 0]]
[216, [288, 304, 304, 132, 0, 0]]
[217, [288, 320, 320, 132, 0, 0]]
[218, [336, 336, 336, 132, 0, 0]]
[219, [336, 352, 352, 462, 0, 0]]
[220, [336, 368, 368, 318, 144, 0]]
[221, [360, 360, 360, 174, 264, 0]]
[222, [336, 352, 352, 30, 384, 0]]
[223, [312, 344, 344, 30, 360, 0]]
[224, [336, 336, 336, 30, 336, 0]]
[225, [312, 328, 328, 30, 312, 0]]
[226, [288, 320, 320, 30, 288, 0]]
[227, [312, 312, 312, 30, 264, 0]]
[228, [288, 304, 304, 30, 240, 0]]
[229, [264, 296, 296, 30, 216, 0]]
[230, [288, 288, 288, 30, 192, 0]]
[231, [264, 280, 280, 30, 168, 0]]
[232, [240, 272, 272, 30, 144, 0]]
[233, [264, 264, 264, 30, 120, 0]]
[234, [240, 256, 256, 30, 96, 0]]
[235, [216, 248, 248, 30, 72, 0]]
[236, [240, 240, 240, 30, 48, 0]]
[237, [216, 232, 232, 30, 24, 0]]
[238, [192, 224, 224, 30, 0, 0]]
[239, [240, 240, 240, 360, 0, 0]]
[240, [240, 256, 256, 216, 144, 0]]
[241, [216, 248, 248, 72, 264, 0]]
[242, [240, 240, 240, 72, 240, 0]]
[243, [216, 232, 232, 72, 216, 0]]
[244, [192, 224, 224, 72, 192, 0]]
[245, [216, 216, 216, 72, 168, 0]]
[246, [192, 208, 208, 72, 144, 0]]
[247, [168, 200, 200, 72, 120, 0]]
[248, [192, 192, 192, 72, 96, 0]]
[249, [168, 184, 184, 72, 72, 0]]
[250, [144, 176, 176, 72, 48, 0]]
[251, [168, 168, 168, 72, 24, 0]]
[252, [144, 160, 160, 72, 0, 0]]
[253, [144, 176, 176, 72, 0, 0]]
[254, [192, 192, 192, 72, 0, 0]]
[255, [192, 208, 208, 72, 0, 0]]
[256, [192, 224, 224, 72, 0, 0]]
[257, [240, 240, 240, 72, 0, 0]]
[258, [240, 256, 256, 72, 0, 0]]
[259, [240, 272, 272, 402, 0, 0]]
[260, [288, 288, 288, 258, 144, 0]]
[261, [264, 280, 280, 114, 264, 0]]
[262, [240, 272, 272, 114, 240, 0]]
[263, [264, 264, 264, 114, 216, 0]]
[264, [240, 256, 256, 114, 192, 0]]
[265, [216, 248, 248, 114, 168, 0]]
[266, [248, 248, 248, 114, 144, 8]]
[267, [248, 264, 264, 114, 120, 32]]
[268, [232, 264, 264, 114, 96, 40]]
[269, [258, 258, 258, 114, 72, 42]]
[270, [240, 256, 256, 114, 48, 48]]
[271, [222, 254, 254, 114, 24, 54]]
[272, [250, 250, 250, 114, 0, 58]]
[273, [238, 254, 254, 114, 0, 46]]
[274, [238, 270, 270, 114, 0, 46]]
[275, [274, 274, 274, 114, 0, 34]]
[276, [258, 274, 274, 114, 0, 18]]
[277, [246, 278, 278, 114, 0, 6]]
[278, [288, 288, 288, 114, 0, 0]]
[279, [288, 304, 304, 444, 0, 0]]
[280, [288, 320, 320, 300, 144, 0]]
[281, [312, 312, 312, 156, 264, 0]]
[282, [308, 324, 324, 12, 384, 20]]
[283, [300, 332, 332, 12, 360, 36]]
[284, [340, 340, 340, 12, 336, 52]]
[285, [334, 350, 350, 12, 312, 70]]
[286, [326, 358, 358, 12, 288, 86]]
[287, [360, 360, 360, 12, 264, 96]]
[288, [332, 348, 348, 12, 240, 92]]
[289, [328, 360, 360, 12, 216, 112]]
[290, [366, 366, 366, 12, 192, 126]]
[291, [358, 374, 374, 12, 168, 142]]
[292, [352, 384, 384, 12, 144, 160]]
[293, [388, 388, 388, 12, 120, 172]]
[294, [370, 386, 386, 12, 96, 178]]
[295, [344, 376, 376, 12, 72, 176]]
[296, [388, 388, 388, 12, 48, 196]]
[297, [370, 386, 386, 12, 24, 202]]
[298, [360, 392, 392, 12, 0, 216]]
[299, [398, 398, 398, 342, 0, 206]]
[300, [378, 394, 394, 198, 144, 186]]
[301, [356, 388, 388, 54, 264, 188]]
[302, [378, 378, 378, 54, 240, 186]]
[303, [374, 390, 390, 54, 216, 206]]
[304, [354, 386, 386, 54, 192, 210]]
[305, [388, 388, 388, 54, 168, 220]]
[306, [372, 388, 388, 54, 144, 228]]
[307, [346, 378, 378, 54, 120, 226]]
[308, [362, 362, 362, 54, 96, 218]]
[309, [326, 342, 342, 54, 72, 206]]
[310, [320, 352, 352, 54, 48, 224]]
[311, [338, 338, 338, 54, 24, 218]]
[312, [312, 328, 328, 54, 0, 216]]
[313, [290, 322, 322, 54, 0, 194]]
[314, [310, 310, 310, 54, 0, 166]]
[315, [278, 294, 294, 54, 0, 134]]
[316, [242, 274, 274, 54, 0, 98]]
[317, [278, 278, 278, 54, 0, 86]]
[318, [244, 260, 260, 54, 0, 52]]
[319, [216, 248, 248, 384, 0, 24]]
[320, [240, 240, 240, 240, 144, 0]]
[321, [216, 232, 232, 96, 264, 0]]
[322, [192, 224, 224, 96, 240, 0]]
[323, [216, 216, 216, 96, 216, 0]]
[324, [192, 208, 208, 96, 192, 0]]
[325, [168, 200, 200, 96, 168, 0]]
[326, [192, 192, 192, 96, 144, 0]]
[327, [168, 184, 184, 96, 120, 0]]
[328, [144, 176, 176, 96, 96, 0]]
[329, [168, 168, 168, 96, 72, 0]]
[330, [144, 160, 160, 96, 48, 0]]
[331, [120, 152, 152, 96, 24, 0]]
[332, [144, 144, 144, 96, 0, 0]]
[333, [144, 160, 160, 96, 0, 0]]
[334, [144, 176, 176, 96, 0, 0]]
[335, [192, 192, 192, 96, 0, 0]]
[336, [192, 208, 208, 96, 0, 0]]
[337, [192, 224, 224, 96, 0, 0]]
[338, [240, 240, 240, 96, 0, 0]]
[339, [240, 256, 256, 426, 0, 0]]
[340, [240, 272, 272, 282, 144, 0]]
[341, [264, 264, 264, 138, 264, 0]]
[342, [240, 256, 256, 138, 240, 0]]
[343, [216, 248, 248, 138, 216, 0]]
[344, [240, 240, 240, 138, 192, 0]]
[345, [216, 232, 232, 138, 168, 0]]
[346, [192, 224, 224, 138, 144, 0]]
[347, [216, 216, 216, 138, 120, 0]]
[348, [192, 208, 208, 138, 96, 0]]
[349, [168, 200, 200, 138, 72, 0]]
[350, [192, 192, 192, 138, 48, 0]]
[351, [168, 184, 184, 138, 24, 0]]
[352, [144, 176, 176, 138, 0, 0]]
[353, [192, 192, 192, 138, 0, 0]]
[354, [192, 208, 208, 138, 0, 0]]
[355, [192, 224, 224, 138, 0, 0]]
[356, [240, 240, 240, 138, 0, 0]]
[357, [240, 256, 256, 138, 0, 0]]
[358, [240, 272, 272, 138, 0, 0]]
[359, [288, 288, 288, 468, 0, 0]]
[360, [288, 304, 304, 324, 144, 0]]
[361, [264, 296, 296, 180, 264, 0]]
[362, [288, 288, 288, 36, 384, 0]]
[363, [264, 280, 280, 36, 360, 0]]
[364, [240, 272, 272, 36, 336, 0]]
[365, [264, 264, 264, 36, 312, 0]]
[366, [240, 256, 256, 36, 288, 0]]
[367, [216, 248, 248, 36, 264, 0]]
[368, [240, 240, 240, 36, 240, 0]]
[369, [216, 232, 232, 36, 216, 0]]
[370, [192, 224, 224, 36, 192, 0]]
[371, [216, 216, 216, 36, 168, 0]]
[372, [192, 208, 208, 36, 144, 0]]
[373, [168, 200, 200, 36, 120, 0]]
[374, [192, 192, 192, 36, 96, 0]]
[375, [168, 184, 184, 36, 72, 0]]
[376, [144, 176, 176, 36, 48, 0]]
[377, [168, 168, 168, 36, 24, 0]]
[378, [144, 160, 160, 36, 0, 0]]
[379, [144, 176, 176, 366, 0, 0]]
[380, [192, 192, 192, 222, 144, 0]]
[381, [168, 184, 184, 78, 264, 0]]
[382, [144, 176, 176, 78, 240, 0]]
[383, [168, 168, 168, 78, 216, 0]]
[384, [144, 160, 160, 78, 192, 0]]
[385, [120, 152, 152, 78, 168, 0]]
[386, [144, 144, 144, 78, 144, 0]]
[387, [120, 136, 136, 78, 120, 0]]
[388, [96, 128, 128, 78, 96, 0]]
[389, [120, 120, 120, 78, 72, 0]]
[390, [96, 112, 112, 78, 48, 0]]
[391, [72, 104, 104, 78, 24, 0]]
[392, [96, 96, 96, 78, 0, 0]]
[393, [96, 112, 112, 78, 0, 0]]
[394, [96, 128, 128, 78, 0, 0]]
[395, [144, 144, 144, 78, 0, 0]]
[396, [144, 160, 160, 78, 0, 0]]
[397, [144, 176, 176, 78, 0, 0]]
[398, [192, 192, 192, 78, 0, 0]]
[399, [192, 208, 208, 408, 0, 0]]
[400, [192, 224, 224, 264, 144, 0]]
[401, [216, 216, 216, 120, 264, 0]]
[402, [192, 208, 208, 120, 240, 0]]
[403, [168, 200, 200, 120, 216, 0]]
[404, [192, 192, 192, 120, 192, 0]]
[405, [168, 184, 184, 120, 168, 0]]
[406, [144, 176, 176, 120, 144, 0]]
[407, [168, 168, 168, 120, 120, 0]]
[408, [144, 160, 160, 120, 96, 0]]
[409, [120, 152, 152, 120, 72, 0]]
[410, [148, 148, 148, 120, 48, 4]]
[411, [124, 140, 140, 120, 24, 4]]
[412, [104, 136, 136, 120, 0, 8]]
[413, [144, 144, 144, 120, 0, 0]]
[414, [144, 160, 160, 120, 0, 0]]
[415, [144, 176, 176, 120, 0, 0]]
[416, [192, 192, 192, 120, 0, 0]]
[417, [192, 208, 208, 120, 0, 0]]
[418, [192, 224, 224, 120, 0, 0]]
[419, [240, 240, 240, 450, 0, 0]]
[420, [240, 256, 256, 306, 144, 0]]
[421, [216, 248, 248, 162, 264, 0]]
[422, [240, 240, 240, 18, 384, 0]]
[423, [216, 232, 232, 18, 360, 0]]
[424, [194, 226, 226, 18, 336, 2]]
[425, [242, 242, 242, 18, 312, 26]]
[426, [242, 258, 258, 18, 288, 50]]
[427, [240, 272, 272, 18, 264, 72]]
[428, [274, 274, 274, 18, 240, 82]]
[429, [252, 268, 268, 18, 216, 84]]
[430, [232, 264, 264, 18, 192, 88]]
[431, [264, 264, 264, 18, 168, 96]]
[432, [264, 280, 280, 18, 144, 120]]
[433, [262, 294, 294, 18, 120, 142]]
[434, [306, 306, 306, 18, 96, 162]]
[435, [296, 312, 312, 18, 72, 176]]
[436, [282, 314, 314, 18, 48, 186]]
[437, [310, 310, 310, 18, 24, 190]]
[438, [290, 306, 306, 18, 0, 194]]
[439, [284, 316, 316, 348, 0, 188]]
[440, [330, 330, 330, 204, 144, 186]]
[441, [320, 336, 336, 60, 264, 200]]
[442, [308, 340, 340, 60, 240, 212]]
[443, [338, 338, 338, 60, 216, 218]]
[444, [318, 334, 334, 60, 192, 222]]
[445, [288, 320, 320, 60, 168, 216]]
[446, [326, 326, 326, 60, 144, 230]]
[447, [318, 334, 334, 60, 120, 246]]
[448, [304, 336, 336, 60, 96, 256]]
[449, [330, 330, 330, 60, 72, 258]]
[450, [302, 318, 318, 60, 48, 254]]
[451, [282, 314, 314, 60, 24, 258]]
[452, [298, 298, 298, 60, 0, 250]]
[453, [286, 302, 302, 60, 0, 238]]
[454, [278, 310, 310, 60, 0, 230]]
[455, [312, 312, 312, 60, 0, 216]]
[456, [290, 306, 306, 60, 0, 194]]
[457, [252, 284, 284, 60, 0, 156]]
[458, [276, 276, 276, 60, 0, 132]]
[459, [236, 252, 252, 390, 0, 92]]
[460, [216, 248, 248, 246, 144, 72]]
[461, [256, 256, 256, 102, 264, 88]]
[462, [242, 258, 258, 102, 240, 98]]
[463, [220, 252, 252, 102, 216, 100]]
[464, [228, 228, 228, 102, 192, 84]]
[465, [196, 212, 212, 102, 168, 76]]
[466, [154, 186, 186, 102, 144, 58]]
[467, [180, 180, 180, 102, 120, 60]]
[468, [172, 188, 188, 102, 96, 76]]
[469, [158, 190, 190, 102, 72, 86]]
[470, [184, 184, 184, 102, 48, 88]]
[471, [140, 156, 156, 102, 24, 68]]
[472, [108, 140, 140, 102, 0, 60]]
[473, [108, 108, 108, 102, 0, 12]]
[474, [96, 112, 112, 102, 0, 0]]
[475, [96, 128, 128, 102, 0, 0]]
[476, [144, 144, 144, 102, 0, 0]]
[477, [144, 160, 160, 102, 0, 0]]
[478, [144, 176, 176, 102, 0, 0]]
[479, [192, 192, 192, 432, 0, 0]]
[480, [192, 208, 208, 288, 144, 0]]
[481, [168, 200, 200, 144, 264, 0]]
[482, [192, 192, 192, 0, 384, 0]]
[483, [168, 184, 184, 0, 360, 0]]
[484, [144, 176, 176, 0, 336, 0]]
[485, [168, 168, 168, 0, 312, 0]]
[486, [144, 160, 160, 0, 288, 0]]
[487, [120, 152, 152, 0, 264, 0]]
[488, [144, 144, 144, 0, 240, 0]]
[489, [120, 136, 136, 0, 216, 0]]
[490, [96, 128, 128, 0, 192, 0]]
[491, [120, 120, 120, 0, 168, 0]]
[492, [96, 112, 112, 0, 144, 0]]
[493, [72, 104, 104, 0, 120, 0]]
[494, [96, 96, 96, 0, 96, 0]]
[495, [72, 88, 88, 0, 72, 0]]
[496, [48, 80, 80, 0, 48, 0]]
[497, [72, 72, 72, 0, 24, 0]]
[498, [48, 64, 64, 0, 0, 0]]
[499, [48, 80, 80, 330, 0, 0]]
[500, [96, 96, 96, 186, 144, 0]]
[501, [72, 88, 88, 42, 264, 0]]
[502, [48, 80, 80, 42, 240, 0]]
[503, [72, 72, 72, 42, 216, 0]]
[504, [48, 64, 64, 42, 192, 0]]
[505, [24, 56, 56, 42, 168, 0]]
[506, [48, 48, 48, 42, 144, 0]]
[507, [24, 40, 40, 42, 120, 0]]
[508, [0, 32, 32, 42, 96, 0]]
[509, [24, 24, 24, 42, 72, 0]]
[510, [0, 16, 16, 42, 48, 0]]
[511, [0, 32, 32, 42, 24, 24]]
[512, [0, 0, 0, 42, 0, 0]]
[513, [0, 16, 16, 42, 0, 0]]
[514, [0, 32, 32, 42, 0, 0]]
[515, [48, 48, 48, 42, 0, 0]]
[516, [48, 64, 64, 42, 0, 0]]
[517, [48, 80, 80, 42, 0, 0]]
[518, [96, 96, 96, 42, 0, 0]]
[519, [96, 112, 112, 372, 0, 0]]
[520, [96, 128, 128, 228, 144, 0]]
[521, [120, 120, 120, 84, 264, 0]]
[522, [96, 112, 112, 84, 240, 0]]
[523, [72, 104, 104, 84, 216, 0]]
[524, [96, 96, 96, 84, 192, 0]]
[525, [72, 88, 88, 84, 168, 0]]
[526, [48, 80, 80, 84, 144, 0]]
[527, [72, 72, 72, 84, 120, 0]]
[528, [48, 64, 64, 84, 96, 0]]
[529, [24, 56, 56, 84, 72, 0]]
[530, [48, 48, 48, 84, 48, 0]]
[531, [24, 40, 40, 84, 24, 0]]
[532, [0, 32, 32, 84, 0, 0]]
[533, [48, 48, 48, 84, 0, 0]]
[534, [48, 64, 64, 84, 0, 0]]
[535, [48, 80, 80, 84, 0, 0]]
[536, [96, 96, 96, 84, 0, 0]]
[537, [96, 112, 112, 84, 0, 0]]
[538, [96, 128, 128, 84, 0, 0]]
[539, [144, 144, 144, 414, 0, 0]]
[540, [144, 160, 160, 270, 144, 0]]
[541, [120, 152, 152, 126, 264, 0]]
[542, [144, 144, 144, 126, 240, 0]]
[543, [120, 136, 136, 126, 216, 0]]
[544, [96, 128, 128, 126, 192, 0]]
[545, [120, 120, 120, 126, 168, 0]]
[546, [96, 112, 112, 126, 144, 0]]
[547, [72, 104, 104, 126, 120, 0]]
[548, [96, 96, 96, 126, 96, 0]]
[549, [72, 88, 88, 126, 72, 0]]
[550, [48, 80, 80, 126, 48, 0]]
[551, [72, 72, 72, 126, 24, 0]]
[552, [48, 64, 64, 126, 0, 0]]
[553, [48, 80, 80, 126, 0, 0]]
[554, [96, 96, 96, 126, 0, 0]]
[555, [96, 112, 112, 126, 0, 0]]
[556, [96, 128, 128, 126, 0, 0]]
[557, [144, 144, 144, 126, 0, 0]]
[558, [144, 160, 160, 126, 0, 0]]
[559, [144, 176, 176, 456, 0, 0]]
[560, [192, 192, 192, 312, 144, 0]]
[561, [168, 184, 184, 168, 264, 0]]
[562, [144, 176, 176, 24, 384, 0]]
[563, [168, 168, 168, 24, 360, 0]]
[564, [144, 160, 160, 24, 336, 0]]
[565, [120, 152, 152, 24, 312, 0]]
[566, [150, 150, 150, 24, 288, 6]]
[567, [146, 162, 162, 24, 264, 26]]
[568, [134, 166, 166, 24, 240, 38]]
[569, [164, 164, 164, 24, 216, 44]]
[570, [144, 160, 160, 24, 192, 48]]
[571, [126, 158, 158, 24, 168, 54]]
[572, [152, 152, 152, 24, 144, 56]]
[573, [140, 156, 156, 24, 120, 68]]
[574, [130, 162, 162, 24, 96, 82]]
[575, [172, 172, 172, 24, 72, 100]]
[576, [154, 170, 170, 24, 48, 106]]
[577, [138, 170, 170, 24, 24, 114]]
[578, [168, 168, 168, 24, 0, 120]]
[579, [156, 172, 172, 354, 0, 108]]
[580, [146, 178, 178, 210, 144, 98]]
[581, [184, 184, 184, 66, 264, 112]]
[582, [176, 192, 192, 66, 240, 128]]
[583, [162, 194, 194, 66, 216, 138]]
[584, [194, 194, 194, 66, 192, 146]]
[585, [174, 190, 190, 66, 168, 150]]
[586, [160, 192, 192, 66, 144, 160]]
[587, [202, 202, 202, 66, 120, 178]]
[588, [182, 198, 198, 66, 96, 182]]
[589, [168, 200, 200, 66, 72, 192]]
[590, [208, 208, 208, 66, 48, 208]]
[591, [182, 198, 198, 66, 24, 206]]
[592, [160, 192, 192, 66, 0, 208]]
[593, [202, 202, 202, 66, 0, 202]]
[594, [196, 212, 212, 66, 0, 196]]
[595, [176, 208, 208, 66, 0, 176]]
[596, [210, 210, 210, 66, 0, 162]]
[597, [188, 204, 204, 66, 0, 140]]
[598, [154, 186, 186, 66, 0, 106]]
[599, [178, 178, 178, 396, 0, 82]]
[600, [164, 180, 180, 252, 144, 68]]
[601, [154, 186, 186, 108, 264, 82]]
[602, [176, 176, 176, 108, 240, 80]]
[603, [162, 178, 178, 108, 216, 90]]
[604, [134, 166, 166, 108, 192, 86]]
[605, [156, 156, 156, 108, 168, 84]]
[606, [132, 148, 148, 108, 144, 84]]
[607, [116, 148, 148, 108, 120, 92]]
[608, [144, 144, 144, 108, 96, 96]]
[609, [114, 130, 130, 108, 72, 90]]
[610, [100, 132, 132, 108, 48, 100]]
[611, [120, 120, 120, 108, 24, 96]]
[612, [88, 104, 104, 108, 0, 88]]
[613, [62, 94, 94, 108, 0, 62]]
[614, [92, 92, 92, 108, 0, 44]]
[615, [72, 88, 88, 108, 0, 24]]
[616, [48, 80, 80, 108, 0, 0]]
[617, [96, 96, 96, 108, 0, 0]]
[618, [96, 112, 112, 108, 0, 0]]
[619, [96, 128, 128, 438, 0, 0]]
[620, [144, 144, 144, 294, 144, 0]]
[621, [120, 136, 136, 150, 264, 0]]
[622, [96, 128, 128, 6, 384, 0]]
[623, [120, 120, 120, 6, 360, 0]]
[624, [96, 112, 112, 6, 336, 0]]
[625, [72, 104, 104, 6, 312, 0]]
[626, [96, 96, 96, 6, 288, 0]]
[627, [72, 88, 88, 6, 264, 0]]
[628, [48, 80, 80, 6, 240, 0]]
[629, [72, 72, 72, 6, 216, 0]]
[630, [48, 64, 64, 6, 192, 0]]
[631, [24, 56, 56, 6, 168, 0]]
[632, [48, 48, 48, 6, 144, 0]]
[633, [24, 40, 40, 6, 120, 0]]
[634, [0, 32, 32, 6, 96, 0]]
[635, [24, 24, 24, 6, 72, 0]]
[636, [0, 16, 16, 6, 48, 0]]
[637, [0, 32, 32, 6, 24, 24]]
[638, [0, 0, 0, 6, 0, 0]]
[639, [0, 16, 16, 336, 0, 0]]
[640, [0, 32, 32, 192, 144, 0]]
[641, [24, 24, 24, 48, 264, 0]]
[642, [0, 16, 16, 48, 240, 0]]
[643, [0, 32, 32, 48, 216, 24]]
[644, [0, 0, 0, 48, 192, 0]]
[645, [0, 16, 16, 48, 168, 24]]
[646, [0, 32, 32, 48, 144, 48]]
[647, [0, 0, 0, 48, 120, 24]]
[648, [0, 16, 16, 48, 96, 48]]
[649, [0, 32, 32, 48, 72, 72]]
[650, [0, 0, 0, 48, 48, 48]]
[651, [0, 16, 16, 48, 24, 72]]
[652, [0, 32, 32, 48, 0, 96]]
[653, [0, 0, 0, 48, 0, 48]]
[654, [0, 16, 16, 48, 0, 48]]
[655, [0, 32, 32, 48, 0, 48]]
[656, [0, 0, 0, 48, 0, 0]]
[657, [0, 16, 16, 48, 0, 0]]
[658, [0, 32, 32, 48, 0, 0]]
[659, [48, 48, 48, 378, 0, 0]]
[660, [48, 64, 64, 234, 144, 0]]
[661, [24, 56, 56, 90, 264, 0]]
[662, [48, 48, 48, 90, 240, 0]]
[663, [24, 40, 40, 90, 216, 0]]
[664, [0, 32, 32, 90, 192, 0]]
[665, [24, 24, 24, 90, 168, 0]]
[666, [0, 16, 16, 90, 144, 0]]
[667, [0, 32, 32, 90, 120, 24]]
[668, [0, 0, 0, 90, 96, 0]]
[669, [0, 16, 16, 90, 72, 24]]
[670, [0, 32, 32, 90, 48, 48]]
[671, [0, 0, 0, 90, 24, 24]]
[672, [0, 16, 16, 90, 0, 48]]
[673, [0, 32, 32, 90, 0, 48]]
[674, [0, 0, 0, 90, 0, 0]]
[675, [0, 16, 16, 90, 0, 0]]
[676, [0, 32, 32, 90, 0, 0]]
[677, [48, 48, 48, 90, 0, 0]]
[678, [48, 64, 64, 90, 0, 0]]
[679, [48, 80, 80, 420, 0, 0]]
[680, [96, 96, 96, 276, 144, 0]]
[681, [72, 88, 88, 132, 264, 0]]
[682, [48, 80, 80, 132, 240, 0]]
[683, [72, 72, 72, 132, 216, 0]]
[684, [48, 64, 64, 132, 192, 0]]
[685, [24, 56, 56, 132, 168, 0]]
[686, [48, 48, 48, 132, 144, 0]]
[687, [24, 40, 40, 132, 120, 0]]
[688, [0, 32, 32, 132, 96, 0]]
[689, [24, 24, 24, 132, 72, 0]]
[690, [0, 16, 16, 132, 48, 0]]
[691, [0, 32, 32, 132, 24, 24]]
[692, [0, 0, 0, 132, 0, 0]]
[693, [0, 16, 16, 132, 0, 0]]
[694, [0, 32, 32, 132, 0, 0]]
[695, [48, 48, 48, 132, 0, 0]]
[696, [48, 64, 64, 132, 0, 0]]
[697, [48, 80, 80, 132, 0, 0]]
[698, [96, 96, 96, 132, 0, 0]]
[699, [96, 112, 112, 462, 0, 0]]
[700, [96, 128, 128, 318, 144, 0]]
[701, [120, 120, 120, 174, 264, 0]]
[702, [96, 112, 112, 30, 384, 0]]
[703, [72, 104, 104, 30, 360, 0]]
[704, [96, 96, 96, 30, 336, 0]]
[705, [72, 88, 88, 30, 312, 0]]
[706, [48, 80, 80, 30, 288, 0]]
[707, [78, 78, 78, 30, 264, 6]]
[708, [58, 74, 74, 30, 240, 10]]
[709, [40, 72, 72, 30, 216, 16]]
[710, [68, 68, 68, 30, 192, 20]]
[711, [50, 66, 66, 30, 168, 26]]
[712, [38, 70, 70, 30, 144, 38]]
[713, [66, 66, 66, 30, 120, 42]]
[714, [50, 66, 66, 30, 96, 50]]
[715, [34, 66, 66, 30, 72, 58]]
[716, [70, 70, 70, 30, 48, 70]]
[717, [56, 72, 72, 30, 24, 80]]
[718, [38, 70, 70, 30, 0, 86]]
[719, [70, 70, 70, 360, 0, 70]]
[720, [50, 66, 66, 216, 144, 50]]
[721, [36, 68, 68, 72, 264, 60]]
[722, [74, 74, 74, 72, 240, 74]]
[723, [58, 74, 74, 72, 216, 82]]
[724, [46, 78, 78, 72, 192, 94]]
[725, [70, 70, 70, 72, 168, 94]]
[726, [56, 72, 72, 72, 144, 104]]
[727, [46, 78, 78, 72, 120, 118]]
[728, [80, 80, 80, 72, 96, 128]]
[729, [68, 84, 84, 72, 72, 140]]
[730, [52, 84, 84, 72, 48, 148]]
[731, [88, 88, 88, 72, 24, 160]]
[732, [60, 76, 76, 72, 0, 156]]
[733, [42, 74, 74, 72, 0, 138]]
[734, [84, 84, 84, 72, 0, 132]]
[735, [74, 90, 90, 72, 0, 122]]
[736, [68, 100, 100, 72, 0, 116]]
[737, [102, 102, 102, 72, 0, 102]]
[738, [88, 104, 104, 72, 0, 88]]
[739, [60, 92, 92, 402, 0, 60]]
[740, [84, 84, 84, 258, 144, 36]]
[741, [68, 84, 84, 114, 264, 44]]
[742, [54, 86, 86, 114, 240, 54]]
[743, [94, 94, 94, 114, 216, 70]]
[744, [76, 92, 92, 114, 192, 76]]
[745, [56, 88, 88, 114, 168, 80]]
[746, [74, 74, 74, 114, 144, 74]]
[747, [54, 70, 70, 114, 120, 78]]
[748, [42, 74, 74, 114, 96, 90]]
[749, [78, 78, 78, 114, 72, 102]]
[750, [68, 84, 84, 114, 48, 116]]
[751, [46, 78, 78, 114, 24, 118]]
[752, [76, 76, 76, 114, 0, 124]]
[753, [46, 62, 62, 114, 0, 94]]
[754, [24, 56, 56, 114, 0, 72]]
[755, [56, 56, 56, 114, 0, 56]]
[756, [34, 50, 50, 114, 0, 34]]
[757, [18, 50, 50, 114, 0, 18]]
[758, [48, 48, 48, 114, 0, 0]]
[759, [48, 64, 64, 444, 0, 0]]
[760, [48, 80, 80, 300, 144, 0]]
[761, [72, 72, 72, 156, 264, 0]]
[762, [48, 64, 64, 12, 384, 0]]
[763, [24, 56, 56, 12, 360, 0]]
[764, [48, 48, 48, 12, 336, 0]]
[765, [24, 40, 40, 12, 312, 0]]
[766, [0, 32, 32, 12, 288, 0]]
[767, [24, 24, 24, 12, 264, 0]]
[768, [0, 16, 16, 12, 240, 0]]
[769, [0, 32, 32, 12, 216, 24]]
[770, [0, 0, 0, 12, 192, 0]]
[771, [0, 16, 16, 12, 168, 24]]
[772, [0, 32, 32, 12, 144, 48]]
[773, [0, 0, 0, 12, 120, 24]]
[774, [0, 16, 16, 12, 96, 48]]
[775, [0, 32, 32, 12, 72, 72]]
[776, [0, 0, 0, 12, 48, 48]]
[777, [0, 16, 16, 12, 24, 72]]
[778, [0, 32, 32, 12, 0, 96]]
[779, [0, 0, 0, 342, 0, 48]]
[780, [0, 16, 16, 198, 144, 48]]
[781, [0, 32, 32, 54, 264, 72]]
[782, [0, 0, 0, 54, 240, 48]]
[783, [0, 16, 16, 54, 216, 72]]
[784, [0, 32, 32, 54, 192, 96]]
[785, [0, 0, 0, 54, 168, 72]]
[786, [0, 16, 16, 54, 144, 96]]
[787, [0, 32, 32, 54, 120, 120]]
[788, [0, 0, 0, 54, 96, 96]]
[789, [0, 16, 16, 54, 72, 120]]
[790, [0, 32, 32, 54, 48, 144]]
[791, [0, 0, 0, 54, 24, 120]]
[792, [0, 16, 16, 54, 0, 144]]
[793, [0, 32, 32, 54, 0, 144]]
[794, [0, 0, 0, 54, 0, 96]]
[795, [0, 16, 16, 54, 0, 96]]
[796, [0, 32, 32, 54, 0, 96]]
[797, [0, 0, 0, 54, 0, 48]]
[798, [0, 16, 16, 54, 0, 48]]
[799, [0, 32, 32, 384, 0, 48]]
[800, [0, 0, 0, 240, 144, 0]]
[801, [0, 16, 16, 96, 264, 24]]
[802, [0, 32, 32, 96, 240, 48]]
[803, [0, 0, 0, 96, 216, 24]]
[804, [0, 16, 16, 96, 192, 48]]
[805, [0, 32, 32, 96, 168, 72]]
[806, [0, 0, 0, 96, 144, 48]]
[807, [0, 16, 16, 96, 120, 72]]
[808, [0, 32, 32, 96, 96, 96]]
[809, [0, 0, 0, 96, 72, 72]]
[810, [0, 16, 16, 96, 48, 96]]
[811, [0, 32, 32, 96, 24, 120]]
[812, [0, 0, 0, 96, 0, 96]]
[813, [0, 16, 16, 96, 0, 96]]
[814, [0, 32, 32, 96, 0, 96]]
[815, [0, 0, 0, 96, 0, 48]]
[816, [0, 16, 16, 96, 0, 48]]
[817, [0, 32, 32, 96, 0, 48]]
[818, [0, 0, 0, 96, 0, 0]]
[819, [0, 16, 16, 426, 0, 0]]
[820, [0, 32, 32, 282, 144, 0]]
[821, [24, 24, 24, 138, 264, 0]]
[822, [0, 16, 16, 138, 240, 0]]
[823, [0, 32, 32, 138, 216, 24]]
[824, [0, 0, 0, 138, 192, 0]]
[825, [0, 16, 16, 138, 168, 24]]
[826, [0, 32, 32, 138, 144, 48]]
[827, [0, 0, 0, 138, 120, 24]]
[828, [0, 16, 16, 138, 96, 48]]
[829, [0, 32, 32, 138, 72, 72]]
[830, [0, 0, 0, 138, 48, 48]]
[831, [0, 16, 16, 138, 24, 72]]
[832, [0, 32, 32, 138, 0, 96]]
[833, [0, 0, 0, 138, 0, 48]]
[834, [0, 16, 16, 138, 0, 48]]
[835, [0, 32, 32, 138, 0, 48]]
[836, [0, 0, 0, 138, 0, 0]]
[837, [0, 16, 16, 138, 0, 0]]
[838, [0, 32, 32, 138, 0, 0]]
[839, [48, 48, 48, 468, 0, 0]]
[840, [48, 64, 64, 324, 144, 0]]
[841, [24, 56, 56, 180, 264, 0]]
[842, [48, 48, 48, 36, 384, 0]]
[843, [24, 40, 40, 36, 360, 0]]
[844, [0, 32, 32, 36, 336, 0]]
[845, [24, 24, 24, 36, 312, 0]]
[846, [0, 16, 16, 36, 288, 0]]
[847, [0, 32, 32, 36, 264, 24]]
[848, [0, 0, 0, 36, 240, 0]]
[849, [0, 16, 16, 36, 216, 24]]
[850, [0, 32, 32, 36, 192, 48]]
[851, [0, 0, 0, 36, 168, 24]]
[852, [0, 16, 16, 36, 144, 48]]
[853, [0, 32, 32, 36, 120, 72]]
[854, [0, 0, 0, 36, 96, 48]]
[855, [0, 16, 16, 36, 72, 72]]
[856, [0, 32, 32, 36, 48, 96]]
[857, [2, 2, 2, 36, 24, 74]]
[858, [0, 16, 16, 36, 0, 96]]
[859, [0, 32, 32, 366, 0, 96]]
[860, [4, 4, 4, 222, 144, 52]]
[861, [0, 16, 16, 78, 264, 72]]
[862, [0, 32, 32, 78, 240, 96]]
[863, [12, 12, 12, 78, 216, 84]]
[864, [0, 16, 16, 78, 192, 96]]
[865, [0, 32, 32, 78, 168, 120]]
[866, [18, 18, 18, 78, 144, 114]]
[867, [0, 16, 16, 78, 120, 120]]
[868, [0, 32, 32, 78, 96, 144]]
[869, [14, 14, 14, 78, 72, 134]]
[870, [0, 16, 16, 78, 48, 144]]
[871, [0, 32, 32, 78, 24, 168]]
[872, [10, 10, 10, 78, 0, 154]]
[873, [0, 16, 16, 78, 0, 144]]
[874, [0, 32, 32, 78, 0, 144]]
[875, [18, 18, 18, 78, 0, 114]]
[876, [0, 16, 16, 78, 0, 96]]
[877, [0, 32, 32, 78, 0, 96]]
[878, [24, 24, 24, 78, 0, 72]]
[879, [2, 18, 18, 408, 0, 50]]
[880, [0, 32, 32, 264, 144, 48]]
[881, [34, 34, 34, 120, 264, 58]]
[882, [12, 28, 28, 120, 240, 60]]
[883, [0, 32, 32, 120, 216, 72]]
[884, [34, 34, 34, 120, 192, 82]]
[885, [6, 22, 22, 120, 168, 78]]
[886, [0, 32, 32, 120, 144, 96]]
[887, [32, 32, 32, 120, 120, 104]]
[888, [14, 30, 30, 120, 96, 110]]
[889, [0, 32, 32, 120, 72, 120]]
[890, [34, 34, 34, 120, 48, 130]]
[891, [18, 34, 34, 120, 24, 138]]
[892, [0, 32, 32, 120, 0, 144]]
[893, [18, 22, 22, 120, 0, 118]]
[894, [2, 22, 22, 120, 0, 102]]
[895, [0, 36, 36, 120, 0, 100]]
[896, [12, 20, 20, 120, 0, 68]]
[897, [0, 24, 24, 120, 0, 56]]
[898, [0, 40, 40, 120, 0, 56]]
[899, [6, 14, 14, 450, 0, 14]]
[900, [0, 24, 24, 306, 144, 8]]
[901, [0, 40, 40, 162, 264, 32]]
[902, [14, 22, 22, 18, 384, 22]]
[903, [0, 24, 24, 18, 360, 32]]
[904, [0, 40, 40, 18, 336, 56]]
[905, [4, 12, 12, 18, 312, 36]]
[906, [0, 24, 24, 18, 288, 56]]
[907, [0, 40, 40, 18, 264, 80]]
[908, [0, 8, 8, 18, 240, 56]]
[909, [0, 24, 24, 18, 216, 80]]
[910, [0, 40, 40, 18, 192, 104]]
[911, [0, 8, 8, 18, 168, 80]]
[912, [0, 24, 24, 18, 144, 104]]
[913, [0, 40, 40, 18, 120, 128]]
[914, [0, 8, 8, 18, 96, 104]]
[915, [0, 24, 24, 18, 72, 128]]
[916, [0, 40, 40, 18, 48, 152]]
[917, [0, 8, 8, 18, 24, 128]]
[918, [0, 24, 24, 18, 0, 152]]
[919, [0, 40, 40, 348, 0, 152]]
[920, [0, 8, 8, 204, 144, 104]]
[921, [0, 24, 24, 60, 264, 128]]
[922, [0, 40, 40, 60, 240, 152]]
[923, [0, 8, 8, 60, 216, 128]]
[924, [0, 24, 24, 60, 192, 152]]
[925, [0, 40, 40, 60, 168, 176]]
[926, [0, 8, 8, 60, 144, 152]]
[927, [0, 24, 24, 60, 120, 176]]
[928, [0, 40, 40, 60, 96, 200]]
[929, [0, 8, 8, 60, 72, 176]]
[930, [0, 24, 24, 60, 48, 200]]
[931, [0, 40, 40, 60, 24, 224]]
[932, [0, 8, 8, 60, 0, 200]]
[933, [0, 24, 24, 60, 0, 200]]
[934, [0, 40, 40, 60, 0, 200]]
[935, [0, 8, 8, 60, 0, 152]]
[936, [0, 24, 24, 60, 0, 152]]
[937, [0, 40, 40, 60, 0, 152]]
[938, [0, 8, 8, 60, 0, 104]]
[939, [0, 24, 24, 390, 0, 104]]
[940, [0, 40, 40, 246, 144, 104]]
[941, [0, 8, 8, 102, 264, 80]]
[942, [0, 24, 24, 102, 240, 104]]
[943, [0, 40, 40, 102, 216, 128]]
[944, [0, 8, 8, 102, 192, 104]]
[945, [0, 24, 24, 102, 168, 128]]
[946, [0, 40, 40, 102, 144, 152]]
[947, [0, 8, 8, 102, 120, 128]]
[948, [0, 24, 24, 102, 96, 152]]
[949, [0, 40, 40, 102, 72, 176]]
[950, [0, 8, 8, 102, 48, 152]]
[951, [0, 24, 24, 102, 24, 176]]
[952, [0, 40, 40, 102, 0, 200]]
[953, [0, 8, 8, 102, 0, 152]]
[954, [0, 24, 24, 102, 0, 152]]
[955, [0, 40, 40, 102, 0, 152]]
[956, [0, 8, 8, 102, 0, 104]]
[957, [0, 24, 24, 102, 0, 104]]
[958, [0, 40, 40, 102, 0, 104]]
[959, [0, 8, 8, 432, 0, 56]]
[960, [0, 24, 24, 288, 144, 56]]
[961, [0, 40, 40, 144, 264, 80]]
[962, [0, 8, 8, 0, 384, 56]]
[963, [0, 24, 24, 0, 360, 80]]
[964, [0, 40, 40, 0, 336, 104]]
[965, [0, 8, 8, 0, 312, 80]]
[966, [0, 24, 24, 0, 288, 104]]
[967, [0, 40, 40, 0, 264, 128]]
[968, [0, 8, 8, 0, 240, 104]]
[969, [0, 24, 24, 0, 216, 128]]
[970, [0, 40, 40, 0, 192, 152]]
[971, [0, 8, 8, 0, 168, 128]]
[972, [0, 24, 24, 0, 144, 152]]
[973, [0, 40, 40, 0, 120, 176]]
[974, [0, 8, 8, 0, 96, 152]]
[975, [0, 24, 24, 0, 72, 176]]
[976, [0, 40, 40, 0, 48, 200]]
[977, [0, 8, 8, 0, 24, 176]]
[978, [0, 24, 24, 0, 0, 200]]
[979, [0, 40, 40, 330, 0, 200]]
[980, [0, 8, 8, 186, 144, 152]]
[981, [0, 24, 24, 42, 264, 176]]
[982, [0, 40, 40, 42, 240, 200]]
[983, [0, 8, 8, 42, 216, 176]]
[984, [0, 24, 24, 42, 192, 200]]
[985, [0, 40, 40, 42, 168, 224]]
[986, [0, 8, 8, 42, 144, 200]]
[987, [0, 24, 24, 42, 120, 224]]
[988, [0, 40, 40, 42, 96, 248]]
[989, [0, 8, 8, 42, 72, 224]]
[990, [0, 24, 24, 42, 48, 248]]
[991, [0, 40, 40, 42, 24, 272]]
[992, [0, 8, 8, 42, 0, 248]]
[993, [0, 24, 24, 42, 0, 248]]
[994, [0, 40, 40, 42, 0, 248]]
[995, [0, 8, 8, 42, 0, 200]]
[996, [0, 24, 24, 42, 0, 200]]
[997, [0, 40, 40, 42, 0, 200]]
[998, [0, 8, 8, 42, 0, 152]]
[999, [0, 24, 24, 372, 0, 152]]
[1000, [0, 40, 40, 228, 144, 152]]
[1001, [0, 8, 8, 84, 264, 128]]
[1002, [0, 24, 24, 84, 240, 152]]
[1003, [0, 40, 40, 84, 216, 176]]
[1004, [0, 8, 8, 84, 192, 152]]
[1005, [0, 24, 24, 84, 168, 176]]
[1006, [0, 40, 40, 84, 144, 200]]
[1007, [0, 8, 8, 84, 120, 176]]
[1008, [0, 24, 24, 84, 96, 200]]
[1009, [0, 40, 40, 84, 72, 224]]
[1010, [0, 8, 8, 84, 48, 200]]
[1011, [0, 24, 24, 84, 24, 224]]
[1012, [0, 40, 40, 84, 0, 248]]
[1013, [0, 8, 8, 84, 0, 200]]
[1014, [0, 24, 24, 84, 0, 200]]
[1015, [0, 40, 40, 84, 0, 200]]
[1016, [0, 8, 8, 84, 0, 152]]
[1017, [0, 24, 24, 84, 0, 152]]
[1018, [0, 40, 40, 84, 0, 152]]
[1019, [0, 8, 8, 414, 0, 104]]
[1020, [0, 24, 24, 270, 144, 104]]
[1021, [0, 40, 40, 126, 264, 128]]
[1022, [0, 8, 8, 126, 240, 104]]
[1023, [0, 24, 24, 126, 216, 128]]
[1024, [0, 40, 40, 126, 192, 152]]
[1025, [0, 8, 8, 126, 168, 128]]
[1026, [0, 24, 24, 126, 144, 152]]
[1027, [0, 40, 40, 126, 120, 176]]
[1028, [0, 8, 8, 126, 96, 152]]
[1029, [0, 24, 24, 126, 72, 176]]
[1030, [0, 40, 40, 126, 48, 200]]
[1031, [0, 8, 8, 126, 24, 176]]
[1032, [0, 24, 24, 126, 0, 200]]
[1033, [0, 40, 40, 126, 0, 200]]
[1034, [0, 8, 8, 126, 0, 152]]
[1035, [0, 24, 24, 126, 0, 152]]
[1036, [0, 40, 40, 126, 0, 152]]
[1037, [0, 8, 8, 126, 0, 104]]
[1038, [0, 24, 24, 126, 0, 104]]
[1039, [0, 40, 40, 456, 0, 104]]
[1040, [0, 8, 8, 312, 144, 56]]
[1041, [0, 24, 24, 168, 264, 80]]
[1042, [0, 40, 40, 24, 384, 104]]
[1043, [0, 8, 8, 24, 360, 80]]
[1044, [0, 24, 24, 24, 336, 104]]
[1045, [0, 40, 40, 24, 312, 128]]
[1046, [0, 8, 8, 24, 288, 104]]
[1047, [0, 24, 24, 24, 264, 128]]
[1048, [0, 40, 40, 24, 240, 152]]
[1049, [0, 8, 8, 24, 216, 128]]
[1050, [0, 24, 24, 24, 192, 152]]
[1051, [0, 40, 40, 24, 168, 176]]
[1052, [0, 8, 8, 24, 144, 152]]
[1053, [0, 24, 24, 24, 120, 176]]
[1054, [0, 40, 40, 24, 96, 200]]
[1055, [0, 8, 8, 24, 72, 176]]
[1056, [0, 24, 24, 24, 48, 200]]
[1057, [0, 40, 40, 24, 24, 224]]
[1058, [0, 8, 8, 24, 0, 200]]
[1059, [0, 24, 24, 354, 0, 200]]
[1060, [0, 40, 40, 210, 144, 200]]
[1061, [0, 8, 8, 66, 264, 176]]
[1062, [0, 24, 24, 66, 240, 200]]
[1063, [0, 40, 40, 66, 216, 224]]
[1064, [0, 8, 8, 66, 192, 200]]
[1065, [0, 24, 24, 66, 168, 224]]
[1066, [0, 40, 40, 66, 144, 248]]
[1067, [0, 8, 8, 66, 120, 224]]
[1068, [0, 24, 24, 66, 96, 248]]
[1069, [0, 40, 40, 66, 72, 272]]
[1070, [0, 8, 8, 66, 48, 248]]
[1071, [0, 24, 24, 66, 24, 272]]
[1072, [0, 40, 40, 66, 0, 296]]
[1073, [0, 8, 8, 66, 0, 248]]
[1074, [0, 24, 24, 66, 0, 248]]
[1075, [0, 40, 40, 66, 0, 248]]
[1076, [0, 8, 8, 66, 0, 200]]
[1077, [0, 24, 24, 66, 0, 200]]
[1078, [0, 40, 40, 66, 0, 200]]
[1079, [0, 8, 8, 396, 0, 152]]
[1080, [0, 24, 24, 252, 144, 152]]
[1081, [0, 40, 40, 108, 264, 176]]
[1082, [0, 8, 8, 108, 240, 152]]
[1083, [0, 24, 24, 108, 216, 176]]
[1084, [0, 40, 40, 108, 192, 200]]
[1085, [0, 8, 8, 108, 168, 176]]
[1086, [0, 24, 24, 108, 144, 200]]
[1087, [0, 40, 40, 108, 120, 224]]
[1088, [0, 8, 8, 108, 96, 200]]
[1089, [0, 24, 24, 108, 72, 224]]
[1090, [0, 40, 40, 108, 48, 248]]
[1091, [0, 8, 8, 108, 24, 224]]
[1092, [0, 24, 24, 108, 0, 248]]
[1093, [0, 40, 40, 108, 0, 248]]
[1094, [0, 8, 8, 108, 0, 200]]
[1095, [0, 24, 24, 108, 0, 200]]
[1096, [0, 40, 40, 108, 0, 200]]
[1097, [0, 8, 8, 108, 0, 152]]
[1098, [0, 24, 24, 108, 0, 152]]
[1099, [0, 40, 40, 438, 0, 152]]
[1100, [0, 8, 8, 294, 144, 104]]
[1101, [0, 24, 24, 150, 264, 128]]
[1102, [0, 40, 40, 6, 384, 152]]
[1103, [0, 8, 8, 6, 360, 128]]
[1104, [0, 24, 24, 6, 336, 152]]
[1105, [0, 40, 40, 6, 312, 176]]
[1106, [0, 8, 8, 6, 288, 152]]
[1107, [0, 24, 24, 6, 264, 176]]
[1108, [0, 40, 40, 6, 240, 200]]
[1109, [0, 8, 8, 6, 216, 176]]
[1110, [0, 24, 24, 6, 192, 200]]
[1111, [0, 40, 40, 6, 168, 224]]
[1112, [0, 8, 8, 6, 144, 200]]
[1113, [0, 24, 24, 6, 120, 224]]
[1114, [0, 40, 40, 6, 96, 248]]
[1115, [0, 8, 8, 6, 72, 224]]
[1116, [0, 24, 24, 6, 48, 248]]
[1117, [0, 40, 40, 6, 24, 272]]
[1118, [0, 8, 8, 6, 0, 248]]
[1119, [0, 24, 24, 336, 0, 248]]
[1120, [0, 40, 40, 192, 144, 248]]
[1121, [0, 8, 8, 48, 264, 224]]
[1122, [0, 24, 24, 48, 240, 248]]
[1123, [0, 40, 40, 48, 216, 272]]
[1124, [0, 8, 8, 48, 192, 248]]
[1125, [0, 24, 24, 48, 168, 272]]
[1126, [0, 40, 40, 48, 144, 296]]
[1127, [0, 8, 8, 48, 120, 272]]
[1128, [0, 24, 24, 48, 96, 296]]
[1129, [0, 40, 40, 48, 72, 320]]
[1130, [0, 8, 8, 48, 48, 296]]
[1131, [0, 24, 24, 48, 24, 320]]
[1132, [0, 40, 40, 48, 0, 344]]
[1133, [0, 8, 8, 48, 0, 296]]
[1134, [0, 24, 24, 48, 0, 296]]
[1135, [0, 40, 40, 48, 0, 296]]
[1136, [0, 8, 8, 48, 0, 248]]
[1137, [0, 24, 24, 48, 0, 248]]
[1138, [0, 40, 40, 48, 0, 248]]
[1139, [0, 8, 8, 378, 0, 200]]
[1140, [0, 24, 24, 234, 144, 200]]
[1141, [0, 40, 40, 90, 264, 224]]
[1142, [0, 8, 8, 90, 240, 200]]
[1143, [0, 24, 24, 90, 216, 224]]
[1144, [0, 40, 40, 90, 192, 248]]
[1145, [0, 8, 8, 90, 168, 224]]
[1146, [0, 24, 24, 90, 144, 248]]
[1147, [0, 40, 40, 90, 120, 272]]
[1148, [0, 8, 8, 90, 96, 248]]
[1149, [0, 24, 24, 90, 72, 272]]
[1150, [0, 40, 40, 90, 48, 296]]
[1151, [0, 8, 8, 90, 24, 272]]
[1152, [0, 24, 24, 90, 0, 296]]
[1153, [0, 40, 40, 90, 0, 296]]
[1154, [0, 8, 8, 90, 0, 248]]
[1155, [0, 24, 24, 90, 0, 248]]
[1156, [0, 40, 40, 90, 0, 248]]
[1157, [0, 8, 8, 90, 0, 200]]
[1158, [0, 24, 24, 90, 0, 200]]
[1159, [0, 40, 40, 420, 0, 200]]
[1160, [0, 8, 8, 276, 144, 152]]
[1161, [0, 24, 24, 132, 264, 176]]
[1162, [0, 40, 40, 132, 240, 200]]
[1163, [0, 8, 8, 132, 216, 176]]
[1164, [0, 24, 24, 132, 192, 200]]
[1165, [0, 40, 40, 132, 168, 224]]
[1166, [0, 8, 8, 132, 144, 200]]
[1167, [0, 24, 24, 132, 120, 224]]
[1168, [0, 40, 40, 132, 96, 248]]
[1169, [0, 8, 8, 132, 72, 224]]
[1170, [0, 24, 24, 132, 48, 248]]
[1171, [0, 40, 40, 132, 24, 272]]
[1172, [0, 8, 8, 132, 0, 248]]
[1173, [0, 24, 24, 132, 0, 248]]
[1174, [0, 40, 40, 132, 0, 248]]
[1175, [0, 8, 8, 132, 0, 200]]
[1176, [0, 24, 24, 132, 0, 200]]
[1177, [0, 40, 40, 132, 0, 200]]
[1178, [0, 8, 8, 132, 0, 152]]
[1179, [0, 24, 24, 462, 0, 152]]
[1180, [0, 40, 40, 318, 144, 152]]
[1181, [0, 8, 8, 174, 264, 128]]
[1182, [0, 24, 24, 30, 384, 152]]
[1183, [0, 40, 40, 30, 360, 176]]
[1184, [0, 8, 8, 30, 336, 152]]
[1185, [0, 24, 24, 30, 312, 176]]
[1186, [0, 40, 40, 30, 288, 200]]
[1187, [0, 8, 8, 30, 264, 176]]
[1188, [0, 24, 24, 30, 240, 200]]
[1189, [0, 40, 40, 30, 216, 224]]
[1190, [0, 8, 8, 30, 192, 200]]
[1191, [0, 24, 24, 30, 168, 224]]
[1192, [0, 40, 40, 30, 144, 248]]
[1193, [0, 8, 8, 30, 120, 224]]
[1194, [0, 24, 24, 30, 96, 248]]
[1195, [0, 40, 40, 30, 72, 272]]
[1196, [0, 8, 8, 30, 48, 248]]
[1197, [0, 24, 24, 30, 24, 272]]
[1198, [0, 40, 40, 30, 0, 296]]
[1199, [0, 8, 8, 360, 0, 248]]
[1200, [0, 24, 24, 216, 144, 248]]
[1201, [0, 40, 40, 72, 264, 272]]
[1202, [0, 8, 8, 72, 240, 248]]
[1203, [0, 24, 24, 72, 216, 272]]
[1204, [0, 40, 40, 72, 192, 296]]
[1205, [0, 8, 8, 72, 168, 272]]
[1206, [0, 24, 24, 72, 144, 296]]
[1207, [0, 40, 40, 72, 120, 320]]
[1208, [0, 8, 8, 72, 96, 296]]
[1209, [0, 24, 24, 72, 72, 320]]
[1210, [0, 40, 40, 72, 48, 344]]
[1211, [0, 8, 8, 72, 24, 320]]
[1212, [0, 24, 24, 72, 0, 344]]
[1213, [0, 40, 40, 72, 0, 344]]
[1214, [0, 8, 8, 72, 0, 296]]
[1215, [0, 24, 24, 72, 0, 296]]
[1216, [0, 40, 40, 72, 0, 296]]
[1217, [0, 8, 8, 72, 0, 248]]
[1218, [0, 24, 24, 72, 0, 248]]
[1219, [0, 40, 40, 402, 0, 248]]
[1220, [0, 8, 8, 258, 144, 200]]
[1221, [0, 24, 24, 114, 264, 224]]
[1222, [0, 40, 40, 114, 240, 248]]
[1223, [0, 8, 8, 114, 216, 224]]
[1224, [0, 24, 24, 114, 192, 248]]
[1225, [0, 40, 40, 114, 168, 272]]
[1226, [0, 8, 8, 114, 144, 248]]
[1227, [0, 24, 24, 114, 120, 272]]
[1228, [0, 40, 40, 114, 96, 296]]
[1229, [0, 8, 8, 114, 72, 272]]
[1230, [0, 24, 24, 114, 48, 296]]
[1231, [0, 40, 40, 114, 24, 320]]
[1232, [0, 8, 8, 114, 0, 296]]
[1233, [0, 24, 24, 114, 0, 296]]
[1234, [0, 40, 40, 114, 0, 296]]
[1235, [0, 8, 8, 114, 0, 248]]
[1236, [0, 24, 24, 114, 0, 248]]
[1237, [0, 40, 40, 114, 0, 248]]
[1238, [0, 8, 8, 114, 0, 200]]
[1239, [0, 24, 24, 444, 0, 200]]
[1240, [0, 40, 40, 300, 144, 200]]
[1241, [0, 8, 8, 156, 264, 176]]
[1242, [0, 24, 24, 12, 384, 200]]
[1243, [0, 40, 40, 12, 360, 224]]
[1244, [0, 8, 8, 12, 336, 200]]
[1245, [0, 24, 24, 12, 312, 224]]
[1246, [0, 40, 40, 12, 288, 248]]
[1247, [0, 8, 8, 12, 264, 224]]
[1248, [0, 24, 24, 12, 240, 248]]
[1249, [0, 40, 40, 12, 216, 272]]
[1250, [0, 8, 8, 12, 192, 248]]
[1251, [0, 24, 24, 12, 168, 272]]
[1252, [0, 40, 40, 12, 144, 296]]
[1253, [0, 8, 8, 12, 120, 272]]
[1254, [0, 24, 24, 12, 96, 296]]
[1255, [0, 40, 40, 12, 72, 320]]
[1256, [0, 8, 8, 12, 48, 296]]
[1257, [0, 24, 24, 12, 24, 320]]
[1258, [0, 40, 40, 12, 0, 344]]
[1259, [0, 8, 8, 342, 0, 296]]
[1260, [0, 24, 24, 198, 144, 296]]
[1261, [0, 40, 40, 54, 264, 320]]
[1262, [0, 8, 8, 54, 240, 296]]
[1263, [0, 24, 24, 54, 216, 320]]
[1264, [0, 40, 40, 54, 192, 344]]
[1265, [0, 8, 8, 54, 168, 320]]
[1266, [0, 24, 24, 54, 144, 344]]
[1267, [0, 40, 40, 54, 120, 368]]
[1268, [0, 8, 8, 54, 96, 344]]
[1269, [0, 24, 24, 54, 72, 368]]
[1270, [0, 40, 40, 54, 48, 392]]
[1271, [0, 8, 8, 54, 24, 368]]
[1272, [0, 24, 24, 54, 0, 392]]
[1273, [0, 40, 40, 54, 0, 392]]
[1274, [0, 8, 8, 54, 0, 344]]
[1275, [0, 24, 24, 54, 0, 344]]
[1276, [0, 40, 40, 54, 0, 344]]
[1277, [0, 8, 8, 54, 0, 296]]
[1278, [0, 24, 24, 54, 0, 296]]
[1279, [0, 40, 40, 384, 0, 296]]
[1280, [0, 8, 8, 240, 144, 248]]
[1281, [0, 24, 24, 96, 264, 272]]
[1282, [0, 40, 40, 96, 240, 296]]
[1283, [0, 8, 8, 96, 216, 272]]
[1284, [0, 24, 24, 96, 192, 296]]
[1285, [0, 40, 40, 96, 168, 320]]
[1286, [0, 8, 8, 96, 144, 296]]
[1287, [0, 24, 24, 96, 120, 320]]
[1288, [0, 40, 40, 96, 96, 344]]
[1289, [0, 8, 8, 96, 72, 320]]
[1290, [0, 24, 24, 96, 48, 344]]
[1291, [0, 40, 40, 96, 24, 368]]
[1292, [0, 8, 8, 96, 0, 344]]
[1293, [0, 24, 24, 96, 0, 344]]
[1294, [0, 40, 40, 96, 0, 344]]
[1295, [0, 8, 8, 96, 0, 296]]
[1296, [0, 24, 24, 96, 0, 296]]
[1297, [0, 40, 40, 96, 0, 296]]
[1298, [0, 8, 8, 96, 0, 248]]
[1299, [0, 24, 24, 426, 0, 248]]
[1300, [0, 40, 40, 282, 144, 248]]
[1301, [0, 8, 8, 138, 264, 224]]
[1302, [0, 24, 24, 138, 240, 248]]
[1303, [0, 40, 40, 138, 216, 272]]
[1304, [0, 8, 8, 138, 192, 248]]
[1305, [0, 24, 24, 138, 168, 272]]
[1306, [0, 40, 40, 138, 144, 296]]
[1307, [0, 8, 8, 138, 120, 272]]
[1308, [0, 24, 24, 138, 96, 296]]
[1309, [0, 40, 40, 138, 72, 320]]
[1310, [0, 8, 8, 138, 48, 296]]
[1311, [0, 24, 24, 138, 24, 320]]
[1312, [0, 40, 40, 138, 0, 344]]
[1313, [0, 8, 8, 138, 0, 296]]
[1314, [0, 24, 24, 138, 0, 296]]
[1315, [0, 40, 40, 138, 0, 296]]
[1316, [0, 8, 8, 138, 0, 248]]
[1317, [0, 24, 24, 138, 0, 248]]
[1318, [0, 40, 40, 138, 0, 248]]
[1319, [0, 8, 8, 468, 0, 200]]
[1320, [0, 24, 24, 324, 144, 200]]
[1321, [0, 40, 40, 180, 264, 224]]
[1322, [0, 8, 8, 36, 384, 200]]
[1323, [0, 24, 24, 36, 360, 224]]
[1324, [0, 40, 40, 36, 336, 248]]
[1325, [0, 8, 8, 36, 312, 224]]
[1326, [0, 24, 24, 36, 288, 248]]
[1327, [0, 40, 40, 36, 264, 272]]
[1328, [0, 8, 8, 36, 240, 248]]
[1329, [0, 24, 24, 36, 216, 272]]
[1330, [0, 40, 40, 36, 192, 296]]
[1331, [0, 8, 8, 36, 168, 272]]
[1332, [0, 24, 24, 36, 144, 296]]
[1333, [0, 40, 40, 36, 120, 320]]
[1334, [0, 8, 8, 36, 96, 296]]
[1335, [0, 24, 24, 36, 72, 320]]
[1336, [0, 40, 40, 36, 48, 344]]
[1337, [0, 8, 8, 36, 24, 320]]
[1338, [0, 24, 24, 36, 0, 344]]
[1339, [0, 40, 40, 351, 0, 344]]
[1340, [0, 8, 8, 207, 144, 296]]
[1341, [0, 24, 24, 63, 264, 320]]
[1342, [0, 40, 40, 63, 240, 344]]
[1343, [0, 8, 8, 63, 216, 320]]
[1344, [0, 24, 24, 63, 192, 344]]
[1345, [0, 40, 40, 63, 168, 368]]
[1346, [0, 8, 8, 78, 144, 344]]
[1347, [0, 24, 24, 78, 120, 368]]
[1348, [0, 40, 40, 78, 96, 392]]
[1349, [0, 8, 8, 78, 72, 368]]
[1350, [0, 24, 24, 78, 48, 392]]
[1351, [0, 40, 40, 78, 24, 416]]
[1352, [0, 8, 8, 78, 0, 392]]
[1353, [0, 24, 24, 78, 0, 392]]
[1354, [0, 40, 40, 78, 0, 392]]
[1355, [0, 8, 8, 78, 0, 344]]
[1356, [0, 24, 24, 78, 0, 344]]
[1357, [0, 40, 40, 78, 0, 344]]
[1358, [0, 8, 8, 78, 0, 296]]
[1359, [0, 24, 24, 393, 0, 296]]
[1360, [0, 40, 40, 249, 144, 296]]
[1361, [0, 8, 8, 105, 264, 272]]
[1362, [0, 24, 24, 105, 240, 296]]
[1363, [0, 40, 40, 105, 216, 320]]
[1364, [0, 8, 8, 105, 192, 296]]
[1365, [0, 24, 24, 105, 168, 320]]
[1366, [0, 40, 40, 120, 144, 344]]
[1367, [0, 8, 8, 120, 120, 320]]
[1368, [0, 24, 24, 120, 96, 344]]
[1369, [0, 40, 40, 120, 72, 368]]
[1370, [0, 8, 8, 120, 48, 344]]
[1371, [0, 24, 24, 120, 24, 368]]
[1372, [0, 40, 40, 120, 0, 392]]
[1373, [0, 8, 8, 120, 0, 344]]
[1374, [0, 24, 24, 120, 0, 344]]
[1375, [0, 40, 40, 120, 0, 344]]
[1376, [0, 8, 8, 120, 0, 296]]
[1377, [0, 24, 24, 120, 0, 296]]
[1378, [0, 40, 40, 120, 0, 296]]
[1379, [0, 8, 8, 435, 0, 248]]
[1380, [0, 24, 24, 291, 144, 248]]
[1381, [0, 40, 40, 147, 264, 272]]
[1382, [0, 8, 8, 3, 384, 248]]
[1383, [0, 24, 24, 3, 360, 272]]
[1384, [0, 40, 40, 3, 336, 296]]
[1385, [0, 8, 8, 3, 312, 272]]
[1386, [0, 24, 24, 18, 288, 296]]
[1387, [0, 40, 40, 18, 264, 320]]
[1388, [0, 8, 8, 18, 240, 296]]
[1389, [0, 24, 24, 18, 216, 320]]
[1390, [0, 40, 40, 18, 192, 344]]
[1391, [0, 8, 8, 18, 168, 320]]
[1392, [0, 24, 24, 18, 144, 344]]
[1393, [0, 40, 40, 18, 120, 368]]
[1394, [0, 8, 8, 18, 96, 344]]
[1395, [0, 24, 24, 18, 72, 368]]
[1396, [0, 40, 40, 18, 48, 392]]
[1397, [0, 8, 8, 18, 24, 368]]
[1398, [0, 24, 24, 18, 0, 392]]
[1399, [0, 40, 40, 333, 0, 392]]
[1400, [0, 8, 8, 189, 144, 344]]
[1401, [0, 24, 24, 45, 264, 368]]
[1402, [0, 40, 40, 45, 240, 392]]
[1403, [0, 8, 8, 45, 216, 368]]
[1404, [0, 24, 24, 45, 192, 392]]
[1405, [0, 40, 40, 45, 168, 416]]
[1406, [0, 8, 8, 60, 144, 392]]
[1407, [0, 24, 24, 60, 120, 416]]
[1408, [0, 40, 40, 60, 96, 440]]
[1409, [0, 8, 8, 60, 72, 416]]
[1410, [0, 24, 24, 60, 48, 440]]
[1411, [0, 40, 40, 60, 24, 464]]
[1412, [0, 8, 8, 60, 0, 440]]
[1413, [0, 24, 24, 60, 0, 440]]
[1414, [0, 40, 40, 60, 0, 440]]
[1415, [0, 8, 8, 60, 0, 392]]
[1416, [0, 24, 24, 60, 0, 392]]
[1417, [0, 40, 40, 60, 0, 392]]
[1418, [0, 8, 8, 60, 0, 344]]
[1419, [0, 24, 24, 375, 0, 344]]
[1420, [0, 40, 40, 231, 144, 344]]
[1421, [0, 8, 8, 87, 264, 320]]
[1422, [0, 24, 24, 87, 240, 344]]
[1423, [0, 40, 40, 87, 216, 368]]
[1424, [0, 8, 8, 87, 192, 344]]
[1425, [0, 24, 24, 87, 168, 368]]
[1426, [0, 40, 40, 102, 144, 392]]
[1427, [0, 8, 8, 102, 120, 368]]
[1428, [0, 24, 24, 102, 96, 392]]
[1429, [0, 40, 40, 102, 72, 416]]
[1430, [0, 8, 8, 102, 48, 392]]
[1431, [0, 24, 24, 102, 24, 416]]
[1432, [0, 40, 40, 102, 0, 440]]
[1433, [0, 8, 8, 102, 0, 392]]
[1434, [0, 24, 24, 102, 0, 392]]
[1435, [0, 40, 40, 102, 0, 392]]
[1436, [0, 8, 8, 102, 0, 344]]
[1437, [0, 24, 24, 102, 0, 344]]
[1438, [0, 40, 40, 102, 0, 344]]
[1439, [0, 8, 8, 417, 0, 296]]
