SimulationV06.py[0, [0, 16, 16, 0, 0, 0]]
[1, [0, 32, 32, 0, 0, 0]]
[2, [48, 48, 48, 0, 0, 0]]
[3, [48, 64, 64, 0, 0, 0]]
[4, [48, 80, 80, 0, 0, 0]]
[5, [96, 96, 96, 0, 0, 0]]
[6, [96, 112, 112, 0, 0, 0]]
[7, [96, 128, 128, 0, 0, 0]]
[8, [144, 144, 144, 0, 0, 0]]
[9, [144, 160, 160, 0, 0, 0]]
[10, [144, 176, 176, 0, 0, 0]]
[11, [192, 192, 192, 0, 0, 0]]
[12, [192, 208, 208, 0, 0, 0]]
[13, [192, 224, 224, 0, 0, 0]]
[14, [240, 240, 240, 0, 0, 0]]
[15, [240, 256, 256, 0, 0, 0]]
[16, [240, 272, 272, 0, 0, 0]]
[17, [288, 288, 288, 0, 0, 0]]
[18, [288, 304, 304, 0, 0, 0]]
[19, [288, 320, 320, 330, 0, 0]]
[20, [336, 336, 336, 186, 144, 0]]
[21, [306, 322, 322, 42, 252, 6]]
[22, [266, 298, 298, 42, 216, 2]]
[23, [284, 284, 284, 42, 180, 8]]
[24, [244, 260, 260, 42, 144, 4]]
[25, [204, 236, 236, 42, 108, 0]]
[26, [222, 222, 222, 42, 72, 6]]
[27, [182, 198, 198, 42, 36, 2]]
[28, [152, 184, 184, 42, 0, 8]]
[29, [200, 200, 200, 42, 0, 8]]
[30, [200, 216, 216, 42, 0, 8]]
[31, [200, 232, 232, 42, 0, 8]]
[32, [248, 248, 248, 42, 0, 8]]
[33, [248, 264, 264, 42, 0, 8]]
[34, [248, 280, 280, 42, 0, 8]]
[35, [296, 296, 296, 42, 0, 8]]
[36, [296, 312, 312, 42, 0, 8]]
[37, [296, 328, 328, 42, 0, 8]]
[38, [344, 344, 344, 42, 0, 8]]
[39, [344, 360, 360, 372, 0, 8]]
[40, [344, 376, 376, 228, 144, 8]]
[41, [352, 352, 352, 84, 252, 4]]
[42, [312, 328, 328, 84, 216, 0]]
[43, [282, 314, 314, 84, 180, 6]]
[44, [290, 290, 290, 84, 144, 2]]
[45, [260, 276, 276, 84, 108, 8]]
[46, [220, 252, 252, 84, 72, 4]]
[47, [228, 228, 228, 84, 36, 0]]
[48, [198, 214, 214, 84, 0, 6]]
[49, [198, 230, 230, 84, 0, 6]]
[50, [246, 246, 246, 84, 0, 6]]
[51, [246, 262, 262, 84, 0, 6]]
[52, [246, 278, 278, 84, 0, 6]]
[53, [294, 294, 294, 84, 0, 6]]
[54, [294, 310, 310, 84, 0, 6]]
[55, [294, 326, 326, 84, 0, 6]]
[56, [342, 342, 342, 84, 0, 6]]
[57, [342, 358, 358, 84, 0, 6]]
[58, [342, 374, 374, 84, 0, 6]]
[59, [390, 390, 390, 414, 0, 6]]
[60, [390, 406, 406, 270, 144, 6]]
[61, [350, 382, 382, 126, 252, 2]]
[62, [368, 368, 368, 126, 216, 8]]
[63, [328, 344, 344, 126, 180, 4]]
[64, [288, 320, 320, 126, 144, 0]]
[65, [306, 306, 306, 126, 108, 6]]
[66, [266, 282, 282, 126, 72, 2]]
[67, [236, 268, 268, 126, 36, 8]]
[68, [244, 244, 244, 126, 0, 4]]
[69, [244, 260, 260, 126, 0, 4]]
[70, [244, 276, 276, 126, 0, 4]]
[71, [292, 292, 292, 126, 0, 4]]
[72, [292, 308, 308, 126, 0, 4]]
[73, [292, 324, 324, 126, 0, 4]]
[74, [340, 340, 340, 126, 0, 4]]
[75, [340, 356, 356, 126, 0, 4]]
[76, [340, 372, 372, 126, 0, 4]]
[77, [388, 388, 388, 126, 0, 4]]
[78, [388, 404, 404, 126, 0, 4]]
[79, [388, 420, 420, 456, 0, 4]]
[80, [436, 436, 436, 312, 144, 4]]
[81, [396, 412, 412, 168, 252, 0]]
[82, [366, 398, 398, 24, 360, 6]]
[83, [374, 374, 374, 24, 324, 2]]
[84, [344, 360, 360, 24, 288, 8]]
[85, [304, 336, 336, 24, 252, 4]]
[86, [312, 312, 312, 24, 216, 0]]
[87, [282, 298, 298, 24, 180, 6]]
[88, [242, 274, 274, 24, 144, 2]]
[89, [260, 260, 260, 24, 108, 8]]
[90, [220, 236, 236, 24, 72, 4]]
[91, [180, 212, 212, 24, 36, 0]]
[92, [198, 198, 198, 24, 0, 6]]
[93, [198, 214, 214, 24, 0, 6]]
[94, [198, 230, 230, 24, 0, 6]]
[95, [246, 246, 246, 24, 0, 6]]
[96, [246, 262, 262, 24, 0, 6]]
[97, [246, 278, 278, 24, 0, 6]]
[98, [294, 294, 294, 24, 0, 6]]
[99, [294, 310, 310, 354, 0, 6]]
[100, [294, 326, 326, 210, 144, 6]]
[101, [302, 302, 302, 66, 252, 2]]
[102, [272, 288, 288, 66, 216, 8]]
[103, [232, 264, 264, 66, 180, 4]]
[104, [240, 240, 240, 66, 144, 0]]
[105, [210, 226, 226, 66, 108, 6]]
[106, [170, 202, 202, 66, 72, 2]]
[107, [188, 188, 188, 66, 36, 8]]
[108, [148, 164, 164, 66, 0, 4]]
[109, [148, 180, 180, 66, 0, 4]]
[110, [196, 196, 196, 66, 0, 4]]
[111, [196, 212, 212, 66, 0, 4]]
[112, [196, 228, 228, 66, 0, 4]]
[113, [244, 244, 244, 66, 0, 4]]
[114, [244, 260, 260, 66, 0, 4]]
[115, [244, 276, 276, 66, 0, 4]]
[116, [292, 292, 292, 66, 0, 4]]
[117, [292, 308, 308, 66, 0, 4]]
[118, [292, 324, 324, 66, 0, 4]]
[119, [340, 340, 340, 396, 0, 4]]
[120, [340, 356, 356, 252, 144, 4]]
[121, [300, 332, 332, 108, 252, 0]]
[122, [318, 318, 318, 108, 216, 6]]
[123, [278, 294, 294, 108, 180, 2]]
[124, [248, 280, 280, 108, 144, 8]]
[125, [256, 256, 256, 108, 108, 4]]
[126, [216, 232, 232, 108, 72, 0]]
[127, [186, 218, 218, 108, 36, 6]]
[128, [234, 234, 234, 108, 0, 42]]
[129, [234, 250, 250, 108, 0, 42]]
[130, [234, 266, 266, 108, 0, 42]]
[131, [282, 282, 282, 108, 0, 42]]
[132, [272, 288, 288, 108, 0, 32]]
[133, [272, 304, 304, 108, 0, 32]]
[134, [320, 320, 320, 108, 0, 32]]
[135, [310, 326, 326, 108, 0, 22]]
[136, [300, 332, 332, 108, 0, 12]]
[137, [338, 338, 338, 108, 0, 2]]
[138, [338, 354, 354, 108, 0, 2]]
[139, [338, 370, 370, 438, 0, 2]]
[140, [386, 386, 386, 294, 144, 2]]
[141, [356, 372, 372, 150, 252, 8]]
[142, [336, 368, 368, 6, 360, 24]]
[143, [374, 374, 374, 6, 324, 50]]
[144, [354, 370, 370, 6, 288, 66]]
[145, [334, 366, 366, 6, 252, 82]]
[146, [352, 352, 352, 6, 216, 88]]
[147, [322, 338, 338, 6, 180, 94]]
[148, [262, 294, 294, 6, 144, 70]]
[149, [290, 290, 290, 6, 108, 86]]
[150, [230, 246, 246, 6, 72, 62]]
[151, [200, 232, 232, 6, 36, 68]]
[152, [228, 228, 228, 6, 0, 84]]
[153, [168, 184, 184, 6, 0, 24]]
[154, [148, 180, 180, 6, 0, 4]]
[155, [196, 196, 196, 6, 0, 4]]
[156, [196, 212, 212, 6, 0, 4]]
[157, [196, 228, 228, 6, 0, 4]]
[158, [244, 244, 244, 6, 0, 4]]
[159, [244, 260, 260, 336, 0, 4]]
[160, [244, 276, 276, 192, 144, 4]]
[161, [252, 252, 252, 48, 252, 0]]
[162, [222, 238, 238, 48, 216, 6]]
[163, [182, 214, 214, 48, 180, 2]]
[164, [200, 200, 200, 48, 144, 8]]
[165, [160, 176, 176, 48, 108, 4]]
[166, [120, 152, 152, 48, 72, 0]]
[167, [138, 138, 138, 48, 36, 6]]
[168, [98, 114, 114, 48, 0, 2]]
[169, [98, 130, 130, 48, 0, 2]]
[170, [146, 146, 146, 48, 0, 2]]
[171, [146, 162, 162, 48, 0, 2]]
[172, [146, 178, 178, 48, 0, 2]]
[173, [194, 194, 194, 48, 0, 2]]
[174, [194, 210, 210, 48, 0, 2]]
[175, [194, 226, 226, 48, 0, 2]]
[176, [242, 242, 242, 48, 0, 2]]
[177, [242, 258, 258, 48, 0, 2]]
[178, [242, 274, 274, 48, 0, 2]]
[179, [290, 290, 290, 378, 0, 2]]
[180, [290, 306, 306, 234, 144, 2]]
[181, [260, 292, 292, 90, 252, 8]]
[182, [268, 268, 268, 90, 216, 4]]
[183, [228, 244, 244, 90, 180, 0]]
[184, [198, 230, 230, 90, 144, 6]]
[185, [206, 206, 206, 90, 108, 2]]
[186, [176, 192, 192, 90, 72, 8]]
[187, [136, 168, 168, 90, 36, 4]]
[188, [144, 144, 144, 90, 0, 0]]
[189, [144, 160, 160, 90, 0, 0]]
[190, [144, 176, 176, 90, 0, 0]]
[191, [192, 192, 192, 90, 0, 0]]
[192, [192, 208, 208, 90, 0, 0]]
[193, [192, 224, 224, 90, 0, 0]]
[194, [240, 240, 240, 90, 0, 0]]
[195, [240, 256, 256, 90, 0, 0]]
[196, [240, 272, 272, 90, 0, 0]]
[197, [288, 288, 288, 90, 0, 0]]
[198, [288, 304, 304, 90, 0, 0]]
[199, [288, 320, 320, 420, 0, 0]]
[200, [336, 336, 336, 276, 144, 0]]
[201, [306, 322, 322, 132, 252, 6]]
[202, [266, 298, 298, 132, 216, 2]]
[203, [284, 284, 284, 132, 180, 8]]
[204, [244, 260, 260, 132, 144, 4]]
[205, [204, 236, 236, 132, 108, 0]]
[206, [222, 222, 222, 132, 72, 6]]
[207, [182, 198, 198, 132, 36, 2]]
[208, [152, 184, 184, 132, 0, 8]]
[209, [200, 200, 200, 132, 0, 8]]
[210, [200, 216, 216, 132, 0, 8]]
[211, [200, 232, 232, 132, 0, 8]]
[212, [248, 248, 248, 132, 0, 8]]
[213, [248, 264, 264, 132, 0, 8]]
[214, [248, 280, 280, 132, 0, 8]]
[215, [296, 296, 296, 132, 0, 8]]
[216, [296, 312, 312, 132, 0, 8]]
[217, [296, 328, 328, 132, 0, 8]]
[218, [344, 344, 344, 132, 0, 8]]
[219, [344, 360, 360, 462, 0, 8]]
[220, [344, 376, 376, 318, 144, 8]]
[221, [352, 352, 352, 174, 252, 4]]
[222, [312, 328, 328, 30, 360, 0]]
[223, [282, 314, 314, 30, 324, 6]]
[224, [290, 290, 290, 30, 288, 2]]
[225, [260, 276, 276, 30, 252, 8]]
[226, [220, 252, 252, 30, 216, 4]]
[227, [228, 228, 228, 30, 180, 0]]
[228, [198, 214, 214, 30, 144, 6]]
[229, [158, 190, 190, 30, 108, 2]]
[230, [176, 176, 176, 30, 72, 8]]
[231, [136, 152, 152, 30, 36, 4]]
[232, [96, 128, 128, 30, 0, 0]]
[233, [144, 144, 144, 30, 0, 0]]
[234, [144, 160, 160, 30, 0, 0]]
[235, [144, 176, 176, 30, 0, 0]]
[236, [192, 192, 192, 30, 0, 0]]
[237, [192, 208, 208, 30, 0, 0]]
[238, [192, 224, 224, 30, 0, 0]]
[239, [240, 240, 240, 360, 0, 0]]
[240, [240, 256, 256, 216, 144, 0]]
[241, [210, 242, 242, 72, 252, 6]]
[242, [218, 218, 218, 72, 216, 2]]
[243, [188, 204, 204, 72, 180, 8]]
[244, [148, 180, 180, 72, 144, 4]]
[245, [156, 156, 156, 72, 108, 0]]
[246, [126, 142, 142, 72, 72, 6]]
[247, [86, 118, 118, 72, 36, 2]]
[248, [104, 104, 104, 72, 0, 8]]
[249, [104, 120, 120, 72, 0, 8]]
[250, [104, 136, 136, 72, 0, 8]]
[251, [152, 152, 152, 72, 0, 8]]
[252, [152, 168, 168, 72, 0, 8]]
[253, [152, 184, 184, 72, 0, 8]]
[254, [200, 200, 200, 72, 0, 8]]
[255, [200, 216, 216, 72, 0, 8]]
[256, [200, 232, 232, 72, 0, 8]]
[257, [248, 248, 248, 72, 0, 8]]
[258, [248, 264, 264, 72, 0, 8]]
[259, [248, 280, 280, 402, 0, 8]]
[260, [296, 296, 296, 258, 144, 8]]
[261, [256, 272, 272, 114, 252, 4]]
[262, [216, 248, 248, 114, 216, 0]]
[263, [234, 234, 234, 114, 180, 6]]
[264, [194, 210, 210, 114, 144, 2]]
[265, [164, 196, 196, 114, 108, 8]]
[266, [172, 172, 172, 114, 72, 4]]
[267, [132, 148, 148, 114, 36, 0]]
[268, [102, 134, 134, 114, 0, 6]]
[269, [150, 150, 150, 114, 0, 6]]
[270, [150, 166, 166, 114, 0, 6]]
[271, [150, 182, 182, 114, 0, 6]]
[272, [198, 198, 198, 114, 0, 6]]
[273, [198, 214, 214, 114, 0, 6]]
[274, [198, 230, 230, 114, 0, 6]]
[275, [246, 246, 246, 114, 0, 6]]
[276, [246, 262, 262, 114, 0, 6]]
[277, [246, 278, 278, 114, 0, 6]]
[278, [294, 294, 294, 114, 0, 6]]
[279, [294, 310, 310, 444, 0, 6]]
[280, [294, 326, 326, 300, 144, 6]]
[281, [302, 302, 302, 156, 252, 2]]
[282, [272, 288, 288, 12, 360, 8]]
[283, [232, 264, 264, 12, 324, 4]]
[284, [240, 240, 240, 12, 288, 0]]
[285, [230, 246, 246, 12, 252, 26]]
[286, [220, 252, 252, 12, 216, 52]]
[287, [258, 258, 258, 12, 180, 78]]
[288, [248, 264, 264, 12, 144, 104]]
[289, [198, 230, 230, 12, 108, 90]]
[290, [216, 216, 216, 12, 72, 96]]
[291, [206, 222, 222, 12, 36, 122]]
[292, [156, 188, 188, 12, 0, 108]]
[293, [194, 194, 194, 12, 0, 98]]
[294, [184, 200, 200, 12, 0, 88]]
[295, [164, 196, 196, 12, 0, 68]]
[296, [192, 192, 192, 12, 0, 48]]
[297, [182, 198, 198, 12, 0, 38]]
[298, [182, 214, 214, 12, 0, 38]]
[299, [230, 230, 230, 342, 0, 38]]
[300, [200, 216, 216, 198, 144, 8]]
[301, [160, 192, 192, 54, 252, 4]]
[302, [168, 168, 168, 54, 216, 0]]
[303, [138, 154, 154, 54, 180, 6]]
[304, [118, 150, 150, 54, 144, 22]]
[305, [156, 156, 156, 54, 108, 48]]
[306, [146, 162, 162, 54, 72, 74]]
[307, [86, 118, 118, 54, 36, 50]]
[308, [74, 74, 74, 54, 0, 26]]
[309, [54, 70, 70, 54, 0, 6]]
[310, [54, 86, 86, 54, 0, 6]]
[311, [102, 102, 102, 54, 0, 6]]
[312, [102, 118, 118, 54, 0, 6]]
[313, [102, 134, 134, 54, 0, 6]]
[314, [150, 150, 150, 54, 0, 6]]
[315, [150, 166, 166, 54, 0, 6]]
[316, [150, 182, 182, 54, 0, 6]]
[317, [198, 198, 198, 54, 0, 6]]
[318, [198, 214, 214, 54, 0, 6]]
[319, [198, 230, 230, 384, 0, 6]]
[320, [246, 246, 246, 240, 144, 6]]
[321, [206, 222, 222, 96, 252, 2]]
[322, [176, 208, 208, 96, 216, 8]]
[323, [184, 184, 184, 96, 180, 4]]
[324, [144, 160, 160, 96, 144, 0]]
[325, [114, 146, 146, 96, 108, 6]]
[326, [122, 122, 122, 96, 72, 2]]
[327, [92, 108, 108, 96, 36, 8]]
[328, [52, 84, 84, 96, 0, 4]]
[329, [100, 100, 100, 96, 0, 4]]
[330, [100, 116, 116, 96, 0, 4]]
[331, [100, 132, 132, 96, 0, 4]]
[332, [148, 148, 148, 96, 0, 4]]
[333, [148, 164, 164, 96, 0, 4]]
[334, [148, 180, 180, 96, 0, 4]]
[335, [196, 196, 196, 96, 0, 4]]
[336, [196, 212, 212, 96, 0, 4]]
[337, [196, 228, 228, 96, 0, 4]]
[338, [244, 244, 244, 96, 0, 4]]
[339, [244, 260, 260, 426, 0, 4]]
[340, [244, 276, 276, 282, 144, 4]]
[341, [252, 252, 252, 138, 252, 0]]
[342, [222, 238, 238, 138, 216, 6]]
[343, [182, 214, 214, 138, 180, 2]]
[344, [200, 200, 200, 138, 144, 8]]
[345, [160, 176, 176, 138, 108, 4]]
[346, [120, 152, 152, 138, 72, 0]]
[347, [138, 138, 138, 138, 36, 6]]
[348, [98, 114, 114, 138, 0, 2]]
[349, [98, 130, 130, 138, 0, 2]]
[350, [146, 146, 146, 138, 0, 2]]
[351, [146, 162, 162, 138, 0, 2]]
[352, [146, 178, 178, 138, 0, 2]]
[353, [194, 194, 194, 138, 0, 2]]
[354, [194, 210, 210, 138, 0, 2]]
[355, [194, 226, 226, 138, 0, 2]]
[356, [242, 242, 242, 138, 0, 2]]
[357, [242, 258, 258, 138, 0, 2]]
[358, [242, 274, 274, 138, 0, 2]]
[359, [290, 290, 290, 468, 0, 2]]
[360, [290, 306, 306, 324, 144, 2]]
[361, [260, 292, 292, 180, 252, 8]]
[362, [268, 268, 268, 36, 360, 4]]
[363, [228, 244, 244, 36, 324, 0]]
[364, [198, 230, 230, 36, 288, 6]]
[365, [206, 206, 206, 36, 252, 2]]
[366, [176, 192, 192, 36, 216, 8]]
[367, [136, 168, 168, 36, 180, 4]]
[368, [144, 144, 144, 36, 144, 0]]
[369, [114, 130, 130, 36, 108, 6]]
[370, [74, 106, 106, 36, 72, 2]]
[371, [92, 92, 92, 36, 36, 8]]
[372, [52, 68, 68, 36, 0, 4]]
[373, [52, 84, 84, 36, 0, 4]]
[374, [100, 100, 100, 36, 0, 4]]
[375, [100, 116, 116, 36, 0, 4]]
[376, [100, 132, 132, 36, 0, 4]]
[377, [148, 148, 148, 36, 0, 4]]
[378, [148, 164, 164, 36, 0, 4]]
[379, [148, 180, 180, 366, 0, 4]]
[380, [196, 196, 196, 222, 144, 4]]
[381, [156, 172, 172, 78, 252, 0]]
[382, [126, 158, 158, 78, 216, 6]]
[383, [134, 134, 134, 78, 180, 2]]
[384, [104, 120, 120, 78, 144, 8]]
[385, [64, 96, 96, 78, 108, 4]]
[386, [72, 72, 72, 78, 72, 0]]
[387, [42, 58, 58, 78, 36, 6]]
[388, [2, 34, 34, 78, 0, 2]]
[389, [50, 50, 50, 78, 0, 2]]
[390, [50, 66, 66, 78, 0, 2]]
[391, [50, 82, 82, 78, 0, 2]]
[392, [98, 98, 98, 78, 0, 2]]
[393, [98, 114, 114, 78, 0, 2]]
[394, [98, 130, 130, 78, 0, 2]]
[395, [146, 146, 146, 78, 0, 2]]
[396, [146, 162, 162, 78, 0, 2]]
[397, [146, 178, 178, 78, 0, 2]]
[398, [194, 194, 194, 78, 0, 2]]
[399, [194, 210, 210, 408, 0, 2]]
[400, [194, 226, 226, 264, 144, 2]]
[401, [212, 212, 212, 120, 252, 8]]
[402, [172, 188, 188, 120, 216, 4]]
[403, [132, 164, 164, 120, 180, 0]]
[404, [150, 150, 150, 120, 144, 6]]
[405, [110, 126, 126, 120, 108, 2]]
[406, [80, 112, 112, 120, 72, 8]]
[407, [88, 88, 88, 120, 36, 4]]
[408, [48, 64, 64, 120, 0, 0]]
[409, [48, 80, 80, 120, 0, 0]]
[410, [96, 96, 96, 120, 0, 0]]
[411, [96, 112, 112, 120, 0, 0]]
[412, [96, 128, 128, 120, 0, 0]]
[413, [144, 144, 144, 120, 0, 0]]
[414, [144, 160, 160, 120, 0, 0]]
[415, [144, 176, 176, 120, 0, 0]]
[416, [192, 192, 192, 120, 0, 0]]
[417, [192, 208, 208, 120, 0, 0]]
[418, [192, 224, 224, 120, 0, 0]]
[419, [240, 240, 240, 450, 0, 0]]
[420, [240, 256, 256, 306, 144, 0]]
[421, [210, 242, 242, 162, 252, 6]]
[422, [218, 218, 218, 18, 360, 2]]
[423, [188, 204, 204, 18, 324, 8]]
[424, [148, 180, 180, 18, 288, 4]]
[425, [156, 156, 156, 18, 252, 0]]
[426, [126, 142, 142, 18, 216, 6]]
[427, [86, 118, 118, 18, 180, 2]]
[428, [104, 104, 104, 18, 144, 8]]
[429, [84, 100, 100, 18, 108, 24]]
[430, [84, 116, 116, 18, 72, 60]]
[431, [112, 112, 112, 18, 36, 76]]
[432, [92, 108, 108, 18, 0, 92]]
[433, [92, 124, 124, 18, 0, 92]]
[434, [140, 140, 140, 18, 0, 92]]
[435, [120, 136, 136, 18, 0, 72]]
[436, [100, 132, 132, 18, 0, 52]]
[437, [128, 128, 128, 18, 0, 32]]
[438, [108, 124, 124, 18, 0, 12]]
[439, [98, 130, 130, 348, 0, 2]]
[440, [146, 146, 146, 204, 144, 2]]
[441, [116, 132, 132, 60, 252, 8]]
[442, [106, 138, 138, 60, 216, 34]]
[443, [124, 124, 124, 60, 180, 40]]
[444, [94, 110, 110, 60, 144, 46]]
[445, [84, 116, 116, 60, 108, 72]]
[446, [102, 102, 102, 60, 72, 78]]
[447, [102, 118, 118, 60, 36, 114]]
[448, [72, 104, 104, 60, 0, 120]]
[449, [70, 70, 70, 60, 0, 70]]
[450, [20, 36, 36, 60, 0, 20]]
[451, [0, 32, 32, 60, 0, 0]]
[452, [48, 48, 48, 60, 0, 0]]
[453, [48, 64, 64, 60, 0, 0]]
[454, [48, 80, 80, 60, 0, 0]]
[455, [96, 96, 96, 60, 0, 0]]
[456, [96, 112, 112, 60, 0, 0]]
[457, [96, 128, 128, 60, 0, 0]]
[458, [144, 144, 144, 60, 0, 0]]
[459, [144, 160, 160, 390, 0, 0]]
[460, [144, 176, 176, 246, 144, 0]]
[461, [162, 162, 162, 102, 252, 6]]
[462, [122, 138, 138, 102, 216, 2]]
[463, [92, 124, 124, 102, 180, 8]]
[464, [100, 100, 100, 102, 144, 4]]
[465, [60, 76, 76, 102, 108, 0]]
[466, [30, 62, 62, 102, 72, 6]]
[467, [38, 38, 38, 102, 36, 2]]
[468, [8, 24, 24, 102, 0, 8]]
[469, [8, 40, 40, 102, 0, 8]]
[470, [56, 56, 56, 102, 0, 8]]
[471, [56, 72, 72, 102, 0, 8]]
[472, [56, 88, 88, 102, 0, 8]]
[473, [104, 104, 104, 102, 0, 8]]
[474, [104, 120, 120, 102, 0, 8]]
[475, [104, 136, 136, 102, 0, 8]]
[476, [152, 152, 152, 102, 0, 8]]
[477, [152, 168, 168, 102, 0, 8]]
[478, [152, 184, 184, 102, 0, 8]]
[479, [200, 200, 200, 432, 0, 8]]
[480, [200, 216, 216, 288, 144, 8]]
[481, [160, 192, 192, 144, 252, 4]]
[482, [168, 168, 168, 0, 360, 0]]
[483, [138, 154, 154, 0, 324, 6]]
[484, [98, 130, 130, 0, 288, 2]]
[485, [116, 116, 116, 0, 252, 8]]
[486, [76, 92, 92, 0, 216, 4]]
[487, [36, 68, 68, 0, 180, 0]]
[488, [54, 54, 54, 0, 144, 6]]
[489, [14, 30, 30, 0, 108, 2]]
[490, [4, 36, 36, 0, 72, 28]]
[491, [2, 2, 2, 0, 36, 14]]
[492, [2, 18, 18, 0, 0, 50]]
[493, [2, 34, 34, 0, 0, 50]]
[494, [0, 0, 0, 0, 0, 0]]
[495, [0, 16, 16, 0, 0, 0]]
[496, [0, 32, 32, 0, 0, 0]]
[497, [48, 48, 48, 0, 0, 0]]
[498, [48, 64, 64, 0, 0, 0]]
[499, [48, 80, 80, 330, 0, 0]]
[500, [96, 96, 96, 186, 144, 0]]
[501, [66, 82, 82, 42, 252, 6]]
[502, [26, 58, 58, 42, 216, 2]]
[503, [44, 44, 44, 42, 180, 8]]
[504, [4, 20, 20, 42, 144, 4]]
[505, [4, 36, 36, 42, 108, 40]]
[506, [2, 2, 2, 42, 72, 26]]
[507, [2, 18, 18, 42, 36, 62]]
[508, [2, 34, 34, 42, 0, 98]]
[509, [0, 0, 0, 42, 0, 48]]
[510, [0, 16, 16, 42, 0, 48]]
[511, [0, 32, 32, 42, 0, 48]]
[512, [8, 8, 8, 42, 0, 8]]
[513, [8, 24, 24, 42, 0, 8]]
[514, [8, 40, 40, 42, 0, 8]]
[515, [56, 56, 56, 42, 0, 8]]
[516, [56, 72, 72, 42, 0, 8]]
[517, [56, 88, 88, 42, 0, 8]]
[518, [104, 104, 104, 42, 0, 8]]
[519, [104, 120, 120, 372, 0, 8]]
[520, [104, 136, 136, 228, 144, 8]]
[521, [112, 112, 112, 84, 252, 4]]
[522, [72, 88, 88, 84, 216, 0]]
[523, [42, 74, 74, 84, 180, 6]]
[524, [50, 50, 50, 84, 144, 2]]
[525, [20, 36, 36, 84, 108, 8]]
[526, [0, 32, 32, 84, 72, 24]]
[527, [8, 8, 8, 84, 36, 20]]
[528, [8, 24, 24, 84, 0, 56]]
[529, [8, 40, 40, 84, 0, 56]]
[530, [6, 6, 6, 84, 0, 6]]
[531, [6, 22, 22, 84, 0, 6]]
[532, [6, 38, 38, 84, 0, 6]]
[533, [54, 54, 54, 84, 0, 6]]
[534, [54, 70, 70, 84, 0, 6]]
[535, [54, 86, 86, 84, 0, 6]]
[536, [102, 102, 102, 84, 0, 6]]
[537, [102, 118, 118, 84, 0, 6]]
[538, [102, 134, 134, 84, 0, 6]]
[539, [150, 150, 150, 414, 0, 6]]
[540, [150, 166, 166, 270, 144, 6]]
[541, [110, 142, 142, 126, 252, 2]]
[542, [128, 128, 128, 126, 216, 8]]
[543, [88, 104, 104, 126, 180, 4]]
[544, [48, 80, 80, 126, 144, 0]]
[545, [66, 66, 66, 126, 108, 6]]
[546, [26, 42, 42, 126, 72, 2]]
[547, [6, 38, 38, 126, 36, 18]]
[548, [4, 4, 4, 126, 0, 4]]
[549, [4, 20, 20, 126, 0, 4]]
[550, [4, 36, 36, 126, 0, 4]]
[551, [52, 52, 52, 126, 0, 4]]
[552, [52, 68, 68, 126, 0, 4]]
[553, [52, 84, 84, 126, 0, 4]]
[554, [100, 100, 100, 126, 0, 4]]
[555, [100, 116, 116, 126, 0, 4]]
[556, [100, 132, 132, 126, 0, 4]]
[557, [148, 148, 148, 126, 0, 4]]
[558, [148, 164, 164, 126, 0, 4]]
[559, [148, 180, 180, 456, 0, 4]]
[560, [196, 196, 196, 312, 144, 4]]
[561, [156, 172, 172, 168, 252, 0]]
[562, [126, 158, 158, 24, 360, 6]]
[563, [134, 134, 134, 24, 324, 2]]
[564, [104, 120, 120, 24, 288, 8]]
[565, [64, 96, 96, 24, 252, 4]]
[566, [72, 72, 72, 24, 216, 0]]
[567, [42, 58, 58, 24, 180, 6]]
[568, [2, 34, 34, 24, 144, 2]]
[569, [20, 20, 20, 24, 108, 8]]
[570, [0, 16, 16, 24, 72, 24]]
[571, [0, 32, 32, 24, 36, 60]]
[572, [8, 8, 8, 24, 0, 56]]
[573, [8, 24, 24, 24, 0, 56]]
[574, [8, 40, 40, 24, 0, 56]]
[575, [6, 6, 6, 24, 0, 6]]
[576, [6, 22, 22, 24, 0, 6]]
[577, [6, 38, 38, 24, 0, 6]]
[578, [54, 54, 54, 24, 0, 6]]
[579, [54, 70, 70, 354, 0, 6]]
[580, [54, 86, 86, 210, 144, 6]]
[581, [62, 62, 62, 66, 252, 2]]
[582, [32, 48, 48, 66, 216, 8]]
[583, [32, 64, 64, 66, 180, 44]]
[584, [60, 60, 60, 66, 144, 60]]
[585, [40, 56, 56, 66, 108, 76]]
[586, [10, 42, 42, 66, 72, 82]]
[587, [48, 48, 48, 66, 36, 108]]
[588, [38, 54, 54, 66, 0, 134]]
[589, [8, 40, 40, 66, 0, 104]]
[590, [6, 6, 6, 66, 0, 54]]
[591, [6, 22, 22, 66, 0, 54]]
[592, [6, 38, 38, 66, 0, 54]]
[593, [4, 4, 4, 66, 0, 4]]
[594, [4, 20, 20, 66, 0, 4]]
[595, [4, 36, 36, 66, 0, 4]]
[596, [52, 52, 52, 66, 0, 4]]
[597, [52, 68, 68, 66, 0, 4]]
[598, [52, 84, 84, 66, 0, 4]]
[599, [100, 100, 100, 396, 0, 4]]
[600, [100, 116, 116, 252, 144, 4]]
[601, [60, 92, 92, 108, 252, 0]]
[602, [78, 78, 78, 108, 216, 6]]
[603, [38, 54, 54, 108, 180, 2]]
[604, [8, 40, 40, 108, 144, 8]]
[605, [16, 16, 16, 108, 108, 4]]
[606, [6, 22, 22, 108, 72, 30]]
[607, [6, 38, 38, 108, 36, 66]]
[608, [4, 4, 4, 108, 0, 52]]
[609, [4, 20, 20, 108, 0, 52]]
[610, [4, 36, 36, 108, 0, 52]]
[611, [2, 2, 2, 108, 0, 2]]
[612, [2, 18, 18, 108, 0, 2]]
[613, [2, 34, 34, 108, 0, 2]]
[614, [50, 50, 50, 108, 0, 2]]
[615, [50, 66, 66, 108, 0, 2]]
[616, [50, 82, 82, 108, 0, 2]]
[617, [98, 98, 98, 108, 0, 2]]
[618, [98, 114, 114, 108, 0, 2]]
[619, [98, 130, 130, 438, 0, 2]]
[620, [146, 146, 146, 294, 144, 2]]
[621, [116, 132, 132, 150, 252, 8]]
[622, [76, 108, 108, 6, 360, 4]]
[623, [84, 84, 84, 6, 324, 0]]
[624, [54, 70, 70, 6, 288, 6]]
[625, [14, 46, 46, 6, 252, 2]]
[626, [32, 32, 32, 6, 216, 8]]
[627, [2, 18, 18, 6, 180, 14]]
[628, [2, 34, 34, 6, 144, 50]]
[629, [0, 0, 0, 6, 108, 36]]
[630, [0, 16, 16, 6, 72, 72]]
[631, [0, 32, 32, 6, 36, 108]]
[632, [8, 8, 8, 6, 0, 104]]
[633, [8, 24, 24, 6, 0, 104]]
[634, [8, 40, 40, 6, 0, 104]]
[635, [6, 6, 6, 6, 0, 54]]
[636, [6, 22, 22, 6, 0, 54]]
[637, [6, 38, 38, 6, 0, 54]]
[638, [4, 4, 4, 6, 0, 4]]
[639, [4, 20, 20, 336, 0, 4]]
[640, [4, 36, 36, 192, 144, 4]]
[641, [12, 12, 12, 48, 252, 0]]
[642, [2, 18, 18, 48, 216, 26]]
[643, [2, 34, 34, 48, 180, 62]]
[644, [0, 0, 0, 48, 144, 48]]
[645, [0, 16, 16, 48, 108, 84]]
[646, [0, 32, 32, 48, 72, 120]]
[647, [8, 8, 8, 48, 36, 116]]
[648, [8, 24, 24, 48, 0, 152]]
[649, [8, 40, 40, 48, 0, 152]]
[650, [2, 6, 6, 48, 0, 102]]
[651, [2, 22, 22, 48, 0, 102]]
[652, [2, 38, 38, 48, 0, 102]]
[653, [6, 14, 14, 48, 0, 62]]
[654, [6, 30, 30, 48, 0, 62]]
[655, [6, 46, 46, 48, 0, 62]]
[656, [0, 12, 12, 48, 0, 12]]
[657, [0, 28, 28, 48, 0, 12]]
[658, [0, 44, 44, 48, 0, 12]]
[659, [34, 50, 50, 378, 0, 2]]
[660, [34, 66, 66, 234, 144, 2]]
[661, [4, 52, 52, 90, 252, 8]]
[662, [8, 28, 28, 90, 216, 4]]
[663, [2, 34, 34, 90, 180, 30]]
[664, [2, 50, 50, 90, 144, 66]]
[665, [6, 26, 26, 90, 108, 62]]
[666, [0, 32, 32, 90, 72, 88]]
[667, [0, 48, 48, 90, 36, 124]]
[668, [4, 24, 24, 90, 0, 120]]
[669, [8, 40, 40, 90, 0, 120]]
[670, [8, 56, 56, 90, 0, 120]]
[671, [2, 22, 22, 90, 0, 70]]
[672, [6, 38, 38, 90, 0, 70]]
[673, [6, 54, 54, 90, 0, 70]]
[674, [0, 20, 20, 90, 0, 20]]
[675, [4, 36, 36, 90, 0, 20]]
[676, [4, 52, 52, 90, 0, 20]]
[677, [28, 48, 48, 90, 0, 0]]
[678, [32, 64, 64, 90, 0, 0]]
[679, [32, 80, 80, 420, 0, 0]]
[680, [76, 96, 96, 276, 144, 0]]
[681, [50, 82, 82, 132, 252, 6]]
[682, [10, 58, 58, 132, 216, 2]]
[683, [24, 44, 44, 132, 180, 8]]
[684, [8, 40, 40, 132, 144, 24]]
[685, [8, 56, 56, 132, 108, 60]]
[686, [2, 22, 22, 132, 72, 46]]
[687, [6, 38, 38, 132, 36, 82]]
[688, [6, 54, 54, 132, 0, 118]]
[689, [0, 20, 20, 132, 0, 68]]
[690, [4, 36, 36, 132, 0, 68]]
[691, [4, 52, 52, 132, 0, 68]]
[692, [8, 28, 28, 132, 0, 28]]
[693, [2, 34, 34, 132, 0, 18]]
[694, [2, 50, 50, 132, 0, 18]]
[695, [36, 56, 56, 132, 0, 8]]
[696, [40, 72, 72, 132, 0, 8]]
[697, [40, 88, 88, 132, 0, 8]]
[698, [84, 104, 104, 132, 0, 8]]
[699, [88, 120, 120, 462, 0, 8]]
[700, [88, 136, 136, 318, 144, 8]]
[701, [92, 112, 112, 174, 252, 4]]
[702, [56, 88, 88, 30, 360, 0]]
[703, [26, 74, 74, 30, 324, 6]]
[704, [30, 50, 50, 30, 288, 2]]
[705, [4, 36, 36, 30, 252, 8]]
[706, [4, 52, 52, 30, 216, 44]]
[707, [8, 28, 28, 30, 180, 40]]
[708, [2, 34, 34, 30, 144, 66]]
[709, [2, 50, 50, 30, 108, 102]]
[710, [6, 26, 26, 30, 72, 98]]
[711, [0, 32, 32, 30, 36, 124]]
[712, [0, 48, 48, 30, 0, 160]]
[713, [4, 24, 24, 30, 0, 120]]
[714, [8, 40, 40, 30, 0, 120]]
[715, [8, 56, 56, 30, 0, 120]]
[716, [2, 22, 22, 30, 0, 70]]
[717, [6, 38, 38, 30, 0, 70]]
[718, [6, 54, 54, 30, 0, 70]]
[719, [0, 20, 20, 360, 0, 20]]
[720, [4, 36, 36, 216, 144, 20]]
[721, [4, 52, 52, 72, 252, 56]]
[722, [8, 28, 28, 72, 216, 52]]
[723, [2, 34, 34, 72, 180, 78]]
[724, [2, 50, 50, 72, 144, 114]]
[725, [6, 26, 26, 72, 108, 110]]
[726, [0, 32, 32, 72, 72, 136]]
[727, [0, 48, 48, 72, 36, 172]]
[728, [4, 24, 24, 72, 0, 168]]
[729, [8, 40, 40, 72, 0, 168]]
[730, [8, 56, 56, 72, 0, 168]]
[731, [2, 22, 22, 72, 0, 118]]
[732, [6, 38, 38, 72, 0, 118]]
[733, [6, 54, 54, 72, 0, 118]]
[734, [0, 20, 20, 72, 0, 68]]
[735, [4, 36, 36, 72, 0, 68]]
[736, [4, 52, 52, 72, 0, 68]]
[737, [8, 28, 28, 72, 0, 28]]
[738, [2, 34, 34, 72, 0, 18]]
[739, [2, 50, 50, 402, 0, 18]]
[740, [36, 56, 56, 258, 144, 8]]
[741, [0, 32, 32, 114, 252, 4]]
[742, [0, 48, 48, 114, 216, 40]]
[743, [4, 24, 24, 114, 180, 36]]
[744, [8, 40, 40, 114, 144, 72]]
[745, [8, 56, 56, 114, 108, 108]]
[746, [2, 22, 22, 114, 72, 94]]
[747, [6, 38, 38, 114, 36, 130]]
[748, [6, 54, 54, 114, 0, 166]]
[749, [0, 20, 20, 114, 0, 116]]
[750, [4, 36, 36, 114, 0, 116]]
[751, [4, 52, 52, 114, 0, 116]]
[752, [8, 28, 28, 114, 0, 76]]
[753, [2, 34, 34, 114, 0, 66]]
[754, [2, 50, 50, 114, 0, 66]]
[755, [6, 26, 26, 114, 0, 26]]
[756, [0, 32, 32, 114, 0, 16]]
[757, [0, 48, 48, 114, 0, 16]]
[758, [34, 54, 54, 114, 0, 6]]
[759, [38, 70, 70, 444, 0, 6]]
[760, [38, 86, 86, 300, 144, 6]]
[761, [42, 62, 62, 156, 252, 2]]
[762, [16, 48, 48, 12, 360, 8]]
[763, [6, 54, 54, 12, 324, 34]]
[764, [0, 20, 20, 12, 288, 20]]
[765, [4, 36, 36, 12, 252, 56]]
[766, [4, 52, 52, 12, 216, 92]]
[767, [8, 28, 28, 12, 180, 88]]
[768, [2, 34, 34, 12, 144, 114]]
[769, [2, 50, 50, 12, 108, 150]]
[770, [6, 26, 26, 12, 72, 146]]
[771, [0, 32, 32, 12, 36, 172]]
[772, [0, 48, 48, 12, 0, 208]]
[773, [4, 24, 24, 12, 0, 168]]
[774, [8, 40, 40, 12, 0, 168]]
[775, [8, 56, 56, 12, 0, 168]]
[776, [2, 22, 22, 12, 0, 118]]
[777, [6, 38, 38, 12, 0, 118]]
[778, [6, 54, 54, 12, 0, 118]]
[779, [0, 20, 20, 342, 0, 68]]
[780, [4, 36, 36, 198, 144, 68]]
[781, [4, 52, 52, 54, 252, 104]]
[782, [8, 28, 28, 54, 216, 100]]
[783, [2, 34, 34, 54, 180, 126]]
[784, [2, 50, 50, 54, 144, 162]]
[785, [6, 26, 26, 54, 108, 158]]
[786, [0, 32, 32, 54, 72, 184]]
[787, [0, 48, 48, 54, 36, 220]]
[788, [4, 24, 24, 54, 0, 216]]
[789, [8, 40, 40, 54, 0, 216]]
[790, [8, 56, 56, 54, 0, 216]]
[791, [2, 22, 22, 54, 0, 166]]
[792, [6, 38, 38, 54, 0, 166]]
[793, [6, 54, 54, 54, 0, 166]]
[794, [0, 20, 20, 54, 0, 116]]
[795, [4, 36, 36, 54, 0, 116]]
[796, [4, 52, 52, 54, 0, 116]]
[797, [8, 28, 28, 54, 0, 76]]
[798, [2, 34, 34, 54, 0, 66]]
[799, [2, 50, 50, 384, 0, 66]]
[800, [6, 26, 26, 240, 144, 26]]
[801, [0, 32, 32, 96, 252, 52]]
[802, [0, 48, 48, 96, 216, 88]]
[803, [4, 24, 24, 96, 180, 84]]
[804, [8, 40, 40, 96, 144, 120]]
[805, [8, 56, 56, 96, 108, 156]]
[806, [2, 22, 22, 96, 72, 142]]
[807, [6, 38, 38, 96, 36, 178]]
[808, [6, 54, 54, 96, 0, 214]]
[809, [0, 20, 20, 96, 0, 164]]
[810, [4, 36, 36, 96, 0, 164]]
[811, [4, 52, 52, 96, 0, 164]]
[812, [8, 28, 28, 96, 0, 124]]
[813, [2, 34, 34, 96, 0, 114]]
[814, [2, 50, 50, 96, 0, 114]]
[815, [6, 26, 26, 96, 0, 74]]
[816, [0, 32, 32, 96, 0, 64]]
[817, [0, 48, 48, 96, 0, 64]]
[818, [4, 24, 24, 96, 0, 24]]
[819, [8, 40, 40, 426, 0, 24]]
[820, [8, 56, 56, 282, 144, 24]]
[821, [2, 22, 22, 138, 252, 10]]
[822, [6, 38, 38, 138, 216, 46]]
[823, [6, 54, 54, 138, 180, 82]]
[824, [0, 20, 20, 138, 144, 68]]
[825, [4, 36, 36, 138, 108, 104]]
[826, [4, 52, 52, 138, 72, 140]]
[827, [8, 28, 28, 138, 36, 136]]
[828, [2, 34, 34, 138, 0, 162]]
[829, [2, 50, 50, 138, 0, 162]]
[830, [6, 26, 26, 138, 0, 122]]
[831, [0, 32, 32, 138, 0, 112]]
[832, [0, 48, 48, 138, 0, 112]]
[833, [4, 24, 24, 138, 0, 72]]
[834, [8, 40, 40, 138, 0, 72]]
[835, [8, 56, 56, 138, 0, 72]]
[836, [2, 22, 22, 138, 0, 22]]
[837, [6, 38, 38, 138, 0, 22]]
[838, [6, 54, 54, 138, 0, 22]]
[839, [30, 50, 50, 453, 0, 2]]
[840, [34, 66, 66, 309, 144, 2]]
[841, [4, 52, 52, 165, 252, 8]]
[842, [8, 28, 28, 21, 360, 4]]
[843, [2, 34, 34, 21, 324, 30]]
[844, [2, 50, 50, 21, 288, 66]]
[845, [6, 26, 26, 21, 252, 62]]
[846, [0, 32, 32, 21, 216, 88]]
[847, [0, 48, 48, 21, 180, 124]]
[848, [4, 24, 24, 21, 144, 120]]
[849, [8, 40, 40, 21, 108, 156]]
[850, [8, 56, 56, 21, 72, 192]]
[851, [2, 22, 22, 21, 36, 178]]
[852, [6, 38, 38, 21, 0, 214]]
[853, [6, 54, 54, 36, 0, 214]]
[854, [0, 20, 20, 36, 0, 164]]
[855, [4, 36, 36, 36, 0, 164]]
[856, [4, 52, 52, 36, 0, 164]]
[857, [8, 28, 28, 36, 0, 124]]
[858, [2, 34, 34, 36, 0, 114]]
[859, [2, 50, 50, 351, 0, 114]]
[860, [6, 26, 26, 207, 144, 74]]
[861, [0, 32, 32, 63, 252, 100]]
[862, [0, 48, 48, 63, 216, 136]]
[863, [4, 24, 24, 63, 180, 132]]
[864, [8, 40, 40, 63, 144, 168]]
[865, [8, 56, 56, 63, 108, 204]]
[866, [2, 22, 22, 63, 72, 190]]
[867, [6, 38, 38, 63, 36, 226]]
[868, [6, 54, 54, 63, 0, 262]]
[869, [0, 20, 20, 63, 0, 212]]
[870, [4, 36, 36, 63, 0, 212]]
[871, [4, 52, 52, 63, 0, 212]]
[872, [8, 28, 28, 63, 0, 172]]
[873, [2, 34, 34, 78, 0, 162]]
[874, [2, 50, 50, 78, 0, 162]]
[875, [6, 26, 26, 78, 0, 122]]
[876, [0, 32, 32, 78, 0, 112]]
[877, [0, 48, 48, 78, 0, 112]]
[878, [4, 24, 24, 78, 0, 72]]
[879, [8, 40, 40, 393, 0, 72]]
[880, [8, 56, 56, 249, 144, 72]]
[881, [2, 22, 22, 105, 252, 58]]
[882, [6, 38, 38, 105, 216, 94]]
[883, [6, 54, 54, 105, 180, 130]]
[884, [0, 20, 20, 105, 144, 116]]
[885, [4, 36, 36, 105, 108, 152]]
[886, [4, 52, 52, 105, 72, 188]]
[887, [8, 28, 28, 105, 36, 184]]
[888, [2, 34, 34, 105, 0, 210]]
[889, [2, 50, 50, 105, 0, 210]]
[890, [6, 26, 26, 105, 0, 170]]
[891, [0, 32, 32, 105, 0, 160]]
[892, [0, 48, 48, 105, 0, 160]]
[893, [4, 24, 24, 120, 0, 120]]
[894, [8, 40, 40, 120, 0, 120]]
[895, [8, 56, 56, 120, 0, 120]]
[896, [2, 22, 22, 120, 0, 70]]
[897, [6, 38, 38, 120, 0, 70]]
[898, [6, 54, 54, 120, 0, 70]]
[899, [0, 20, 20, 435, 0, 20]]
[900, [4, 36, 36, 291, 144, 20]]
[901, [4, 52, 52, 147, 252, 56]]
[902, [8, 28, 28, 3, 360, 52]]
[903, [2, 34, 34, 3, 324, 78]]
[904, [2, 50, 50, 3, 288, 114]]
[905, [6, 26, 26, 3, 252, 110]]
[906, [0, 32, 32, 3, 216, 136]]
[907, [0, 48, 48, 3, 180, 172]]
[908, [4, 24, 24, 3, 144, 168]]
[909, [8, 40, 40, 3, 108, 204]]
[910, [8, 56, 56, 3, 72, 240]]
[911, [2, 22, 22, 3, 36, 226]]
[912, [6, 38, 38, 3, 0, 262]]
[913, [6, 54, 54, 18, 0, 262]]
[914, [0, 20, 20, 18, 0, 212]]
[915, [4, 36, 36, 18, 0, 212]]
[916, [4, 52, 52, 18, 0, 212]]
[917, [8, 28, 28, 18, 0, 172]]
[918, [2, 34, 34, 18, 0, 162]]
[919, [2, 50, 50, 333, 0, 162]]
[920, [6, 26, 26, 189, 144, 122]]
[921, [0, 32, 32, 45, 252, 148]]
[922, [0, 48, 48, 45, 216, 184]]
[923, [4, 24, 24, 45, 180, 180]]
[924, [8, 40, 40, 45, 144, 216]]
[925, [8, 56, 56, 45, 108, 252]]
[926, [2, 22, 22, 45, 72, 238]]
[927, [6, 38, 38, 45, 36, 274]]
[928, [6, 54, 54, 45, 0, 310]]
[929, [0, 20, 20, 45, 0, 260]]
[930, [4, 36, 36, 45, 0, 260]]
[931, [4, 52, 52, 45, 0, 260]]
[932, [8, 28, 28, 45, 0, 220]]
[933, [2, 34, 34, 60, 0, 210]]
[934, [2, 50, 50, 60, 0, 210]]
[935, [6, 26, 26, 60, 0, 170]]
[936, [0, 32, 32, 60, 0, 160]]
[937, [0, 48, 48, 60, 0, 160]]
[938, [4, 24, 24, 60, 0, 120]]
[939, [8, 40, 40, 375, 0, 120]]
[940, [8, 56, 56, 231, 144, 120]]
[941, [2, 22, 22, 87, 252, 106]]
[942, [6, 38, 38, 87, 216, 142]]
[943, [6, 54, 54, 87, 180, 178]]
[944, [0, 20, 20, 87, 144, 164]]
[945, [4, 36, 36, 87, 108, 200]]
[946, [4, 52, 52, 87, 72, 236]]
[947, [8, 28, 28, 87, 36, 232]]
[948, [2, 34, 34, 87, 0, 258]]
[949, [2, 50, 50, 87, 0, 258]]
[950, [6, 26, 26, 87, 0, 218]]
[951, [0, 32, 32, 87, 0, 208]]
[952, [0, 48, 48, 87, 0, 208]]
[953, [4, 24, 24, 102, 0, 168]]
[954, [8, 40, 40, 102, 0, 168]]
[955, [8, 56, 56, 102, 0, 168]]
[956, [2, 22, 22, 102, 0, 118]]
[957, [6, 38, 38, 102, 0, 118]]
[958, [6, 54, 54, 102, 0, 118]]
[959, [0, 20, 20, 417, 0, 68]]
[960, [4, 36, 36, 273, 144, 68]]
[961, [4, 52, 52, 129, 252, 104]]
[962, [8, 28, 28, 129, 216, 100]]
[963, [2, 34, 34, 129, 180, 126]]
[964, [2, 50, 50, 129, 144, 162]]
[965, [6, 26, 26, 129, 108, 158]]
[966, [0, 32, 32, 129, 72, 184]]
[967, [0, 48, 48, 129, 36, 220]]
[968, [4, 24, 24, 129, 0, 216]]
[969, [8, 40, 40, 129, 0, 216]]
[970, [8, 56, 56, 129, 0, 216]]
[971, [2, 22, 22, 129, 0, 166]]
[972, [6, 38, 38, 129, 0, 166]]
[973, [6, 54, 54, 144, 0, 166]]
[974, [0, 20, 20, 0, 144, 116]]
[975, [4, 36, 36, 0, 108, 152]]
[976, [4, 52, 52, 0, 72, 188]]
[977, [8, 28, 28, 0, 36, 184]]
[978, [2, 34, 34, 0, 0, 210]]
[979, [2, 50, 50, 315, 0, 210]]
[980, [6, 26, 26, 171, 144, 170]]
[981, [0, 32, 32, 27, 252, 196]]
[982, [0, 48, 48, 27, 216, 232]]
[983, [4, 24, 24, 27, 180, 228]]
[984, [8, 40, 40, 27, 144, 264]]
[985, [8, 56, 56, 27, 108, 300]]
[986, [2, 22, 22, 27, 72, 286]]
[987, [6, 38, 38, 27, 36, 322]]
[988, [6, 54, 54, 27, 0, 358]]
[989, [0, 20, 20, 27, 0, 308]]
[990, [4, 36, 36, 27, 0, 308]]
[991, [4, 52, 52, 27, 0, 308]]
[992, [8, 28, 28, 27, 0, 268]]
[993, [2, 34, 34, 42, 0, 258]]
[994, [2, 50, 50, 42, 0, 258]]
[995, [6, 26, 26, 42, 0, 218]]
[996, [0, 32, 32, 42, 0, 208]]
[997, [0, 48, 48, 42, 0, 208]]
[998, [4, 24, 24, 42, 0, 168]]
[999, [8, 40, 40, 357, 0, 168]]
[1000, [8, 56, 56, 213, 144, 168]]
[1001, [2, 22, 22, 69, 252, 154]]
[1002, [6, 38, 38, 69, 216, 190]]
[1003, [6, 54, 54, 69, 180, 226]]
[1004, [0, 20, 20, 69, 144, 212]]
[1005, [4, 36, 36, 69, 108, 248]]
[1006, [4, 52, 52, 69, 72, 284]]
[1007, [8, 28, 28, 69, 36, 280]]
[1008, [2, 34, 34, 69, 0, 306]]
[1009, [2, 50, 50, 69, 0, 306]]
[1010, [6, 26, 26, 69, 0, 266]]
[1011, [0, 32, 32, 69, 0, 256]]
[1012, [0, 48, 48, 69, 0, 256]]
[1013, [4, 24, 24, 84, 0, 216]]
[1014, [8, 40, 40, 84, 0, 216]]
[1015, [8, 56, 56, 84, 0, 216]]
[1016, [2, 22, 22, 84, 0, 166]]
[1017, [6, 38, 38, 84, 0, 166]]
[1018, [6, 54, 54, 84, 0, 166]]
[1019, [0, 20, 20, 399, 0, 116]]
[1020, [4, 36, 36, 255, 144, 116]]
[1021, [4, 52, 52, 111, 252, 152]]
[1022, [8, 28, 28, 111, 216, 148]]
[1023, [2, 34, 34, 111, 180, 174]]
[1024, [2, 50, 50, 111, 144, 210]]
[1025, [6, 26, 26, 111, 108, 206]]
[1026, [0, 32, 32, 111, 72, 232]]
[1027, [0, 48, 48, 111, 36, 268]]
[1028, [4, 24, 24, 111, 0, 264]]
[1029, [8, 40, 40, 111, 0, 264]]
[1030, [8, 56, 56, 111, 0, 264]]
[1031, [2, 22, 22, 111, 0, 214]]
[1032, [6, 38, 38, 111, 0, 214]]
[1033, [6, 54, 54, 126, 0, 214]]
[1034, [0, 20, 20, 126, 0, 164]]
[1035, [4, 36, 36, 126, 0, 164]]
[1036, [4, 52, 52, 126, 0, 164]]
[1037, [8, 28, 28, 126, 0, 124]]
[1038, [2, 34, 34, 126, 0, 114]]
[1039, [2, 50, 50, 441, 0, 114]]
[1040, [6, 26, 26, 297, 144, 74]]
[1041, [0, 32, 32, 153, 252, 100]]
[1042, [0, 48, 48, 9, 360, 136]]
[1043, [4, 24, 24, 9, 324, 132]]
[1044, [8, 40, 40, 9, 288, 168]]
[1045, [8, 56, 56, 9, 252, 204]]
[1046, [2, 22, 22, 9, 216, 190]]
[1047, [6, 38, 38, 9, 180, 226]]
[1048, [6, 54, 54, 9, 144, 262]]
[1049, [0, 20, 20, 9, 108, 248]]
[1050, [4, 36, 36, 9, 72, 284]]
[1051, [4, 52, 52, 9, 36, 320]]
[1052, [8, 28, 28, 9, 0, 316]]
[1053, [2, 34, 34, 24, 0, 306]]
[1054, [2, 50, 50, 24, 0, 306]]
[1055, [6, 26, 26, 24, 0, 266]]
[1056, [0, 32, 32, 24, 0, 256]]
[1057, [0, 48, 48, 24, 0, 256]]
[1058, [4, 24, 24, 24, 0, 216]]
[1059, [8, 40, 40, 339, 0, 216]]
[1060, [8, 56, 56, 195, 144, 216]]
[1061, [2, 22, 22, 51, 252, 202]]
[1062, [6, 38, 38, 51, 216, 238]]
[1063, [6, 54, 54, 51, 180, 274]]
[1064, [0, 20, 20, 51, 144, 260]]
[1065, [4, 36, 36, 51, 108, 296]]
[1066, [4, 52, 52, 51, 72, 332]]
[1067, [8, 28, 28, 51, 36, 328]]
[1068, [2, 34, 34, 51, 0, 354]]
[1069, [2, 50, 50, 51, 0, 354]]
[1070, [6, 26, 26, 51, 0, 314]]
[1071, [0, 32, 32, 51, 0, 304]]
[1072, [0, 48, 48, 51, 0, 304]]
[1073, [4, 24, 24, 66, 0, 264]]
[1074, [8, 40, 40, 66, 0, 264]]
[1075, [8, 56, 56, 66, 0, 264]]
[1076, [2, 22, 22, 66, 0, 214]]
[1077, [6, 38, 38, 66, 0, 214]]
[1078, [6, 54, 54, 66, 0, 214]]
[1079, [0, 20, 20, 381, 0, 164]]
[1080, [4, 36, 36, 237, 144, 164]]
[1081, [4, 52, 52, 93, 252, 200]]
[1082, [8, 28, 28, 93, 216, 196]]
[1083, [2, 34, 34, 93, 180, 222]]
[1084, [2, 50, 50, 93, 144, 258]]
[1085, [6, 26, 26, 93, 108, 254]]
[1086, [0, 32, 32, 93, 72, 280]]
[1087, [0, 48, 48, 93, 36, 316]]
[1088, [4, 24, 24, 93, 0, 312]]
[1089, [8, 40, 40, 93, 0, 312]]
[1090, [8, 56, 56, 93, 0, 312]]
[1091, [2, 22, 22, 93, 0, 262]]
[1092, [6, 38, 38, 93, 0, 262]]
[1093, [6, 54, 54, 108, 0, 262]]
[1094, [0, 20, 20, 108, 0, 212]]
[1095, [4, 36, 36, 108, 0, 212]]
[1096, [4, 52, 52, 108, 0, 212]]
[1097, [8, 28, 28, 108, 0, 172]]
[1098, [2, 34, 34, 108, 0, 162]]
[1099, [2, 50, 50, 423, 0, 162]]
[1100, [6, 26, 26, 279, 144, 122]]
[1101, [0, 32, 32, 135, 252, 148]]
[1102, [0, 48, 48, 135, 216, 184]]
[1103, [4, 24, 24, 135, 180, 180]]
[1104, [8, 40, 40, 135, 144, 216]]
[1105, [8, 56, 56, 135, 108, 252]]
[1106, [2, 22, 22, 135, 72, 238]]
[1107, [6, 38, 38, 135, 36, 274]]
[1108, [6, 54, 54, 135, 0, 310]]
[1109, [0, 20, 20, 135, 0, 260]]
[1110, [4, 36, 36, 135, 0, 260]]
[1111, [4, 52, 52, 135, 0, 260]]
[1112, [8, 28, 28, 135, 0, 220]]
[1113, [2, 34, 34, 150, 0, 210]]
[1114, [2, 50, 50, 6, 144, 210]]
[1115, [6, 26, 26, 6, 108, 206]]
[1116, [0, 32, 32, 6, 72, 232]]
[1117, [0, 48, 48, 6, 36, 268]]
[1118, [4, 24, 24, 6, 0, 264]]
[1119, [8, 40, 40, 321, 0, 264]]
[1120, [8, 56, 56, 177, 144, 264]]
[1121, [2, 22, 22, 33, 252, 250]]
[1122, [6, 38, 38, 33, 216, 286]]
[1123, [6, 54, 54, 33, 180, 322]]
[1124, [0, 20, 20, 33, 144, 308]]
[1125, [4, 36, 36, 33, 108, 344]]
[1126, [4, 52, 52, 33, 72, 380]]
[1127, [8, 28, 28, 33, 36, 376]]
[1128, [2, 34, 34, 33, 0, 402]]
[1129, [2, 50, 50, 33, 0, 402]]
[1130, [6, 26, 26, 33, 0, 362]]
[1131, [0, 32, 32, 33, 0, 352]]
[1132, [0, 48, 48, 33, 0, 352]]
[1133, [4, 24, 24, 48, 0, 312]]
[1134, [8, 40, 40, 48, 0, 312]]
[1135, [8, 56, 56, 48, 0, 312]]
[1136, [2, 22, 22, 48, 0, 262]]
[1137, [6, 38, 38, 48, 0, 262]]
[1138, [6, 54, 54, 48, 0, 262]]
[1139, [0, 20, 20, 348, 0, 212]]
[1140, [4, 36, 36, 204, 144, 212]]
[1141, [4, 52, 52, 60, 252, 248]]
[1142, [8, 28, 28, 60, 216, 244]]
[1143, [2, 34, 34, 60, 180, 270]]
[1144, [2, 50, 50, 75, 144, 306]]
[1145, [6, 26, 26, 75, 108, 302]]
[1146, [0, 32, 32, 75, 72, 328]]
[1147, [0, 48, 48, 75, 36, 364]]
[1148, [4, 24, 24, 75, 0, 360]]
[1149, [8, 40, 40, 75, 0, 360]]
[1150, [8, 56, 56, 75, 0, 360]]
[1151, [2, 22, 22, 75, 0, 310]]
[1152, [6, 38, 38, 75, 0, 310]]
[1153, [6, 54, 54, 90, 0, 310]]
[1154, [0, 20, 20, 90, 0, 260]]
[1155, [4, 36, 36, 90, 0, 260]]
[1156, [4, 52, 52, 90, 0, 260]]
[1157, [8, 28, 28, 90, 0, 220]]
[1158, [2, 34, 34, 90, 0, 210]]
[1159, [2, 50, 50, 390, 0, 210]]
[1160, [6, 26, 26, 246, 144, 170]]
[1161, [0, 32, 32, 102, 252, 196]]
[1162, [0, 48, 48, 102, 216, 232]]
[1163, [4, 24, 24, 102, 180, 228]]
[1164, [8, 40, 40, 117, 144, 264]]
[1165, [8, 56, 56, 117, 108, 300]]
[1166, [2, 22, 22, 117, 72, 286]]
[1167, [6, 38, 38, 117, 36, 322]]
[1168, [6, 54, 54, 117, 0, 358]]
[1169, [0, 20, 20, 117, 0, 308]]
[1170, [4, 36, 36, 117, 0, 308]]
[1171, [4, 52, 52, 117, 0, 308]]
[1172, [8, 28, 28, 117, 0, 268]]
[1173, [2, 34, 34, 132, 0, 258]]
[1174, [2, 50, 50, 132, 0, 258]]
[1175, [6, 26, 26, 132, 0, 218]]
[1176, [0, 32, 32, 132, 0, 208]]
[1177, [0, 48, 48, 132, 0, 208]]
[1178, [4, 24, 24, 132, 0, 168]]
[1179, [8, 40, 40, 432, 0, 168]]
[1180, [8, 56, 56, 288, 144, 168]]
[1181, [2, 22, 22, 144, 252, 154]]
[1182, [6, 38, 38, 0, 360, 190]]
[1183, [6, 54, 54, 0, 324, 226]]
[1184, [0, 20, 20, 15, 288, 212]]
[1185, [4, 36, 36, 15, 252, 248]]
[1186, [4, 52, 52, 15, 216, 284]]
[1187, [8, 28, 28, 15, 180, 280]]
[1188, [2, 34, 34, 15, 144, 306]]
[1189, [2, 50, 50, 15, 108, 342]]
[1190, [6, 26, 26, 15, 72, 338]]
[1191, [0, 32, 32, 15, 36, 364]]
[1192, [0, 48, 48, 15, 0, 400]]
[1193, [4, 24, 24, 30, 0, 360]]
[1194, [8, 40, 40, 30, 0, 360]]
[1195, [8, 56, 56, 30, 0, 360]]
[1196, [2, 22, 22, 30, 0, 310]]
[1197, [6, 38, 38, 30, 0, 310]]
[1198, [6, 54, 54, 30, 0, 310]]
[1199, [0, 20, 20, 330, 0, 260]]
[1200, [4, 36, 36, 186, 144, 260]]
[1201, [4, 52, 52, 42, 252, 296]]
[1202, [8, 28, 28, 42, 216, 292]]
[1203, [2, 34, 34, 42, 180, 318]]
[1204, [2, 50, 50, 57, 144, 354]]
[1205, [6, 26, 26, 57, 108, 350]]
[1206, [0, 32, 32, 57, 72, 376]]
[1207, [0, 48, 48, 57, 36, 412]]
[1208, [4, 24, 24, 57, 0, 408]]
[1209, [8, 40, 40, 57, 0, 408]]
[1210, [8, 56, 56, 57, 0, 408]]
[1211, [2, 22, 22, 57, 0, 358]]
[1212, [6, 38, 38, 57, 0, 358]]
[1213, [6, 54, 54, 72, 0, 358]]
[1214, [0, 20, 20, 72, 0, 308]]
[1215, [4, 36, 36, 72, 0, 308]]
[1216, [4, 52, 52, 72, 0, 308]]
[1217, [8, 28, 28, 72, 0, 268]]
[1218, [2, 34, 34, 72, 0, 258]]
[1219, [2, 50, 50, 372, 0, 258]]
[1220, [6, 26, 26, 228, 144, 218]]
[1221, [0, 32, 32, 84, 252, 244]]
[1222, [0, 48, 48, 84, 216, 280]]
[1223, [4, 24, 24, 84, 180, 276]]
[1224, [8, 40, 40, 99, 144, 312]]
[1225, [8, 56, 56, 99, 108, 348]]
[1226, [2, 22, 22, 99, 72, 334]]
[1227, [6, 38, 38, 99, 36, 370]]
[1228, [6, 54, 54, 99, 0, 406]]
[1229, [0, 20, 20, 99, 0, 356]]
[1230, [4, 36, 36, 99, 0, 356]]
[1231, [4, 52, 52, 99, 0, 356]]
[1232, [8, 28, 28, 99, 0, 316]]
[1233, [2, 34, 34, 114, 0, 306]]
[1234, [2, 50, 50, 114, 0, 306]]
[1235, [6, 26, 26, 114, 0, 266]]
[1236, [0, 32, 32, 114, 0, 256]]
[1237, [0, 48, 48, 114, 0, 256]]
[1238, [4, 24, 24, 114, 0, 216]]
[1239, [8, 40, 40, 414, 0, 216]]
[1240, [8, 56, 56, 270, 144, 216]]
[1241, [2, 22, 22, 126, 252, 202]]
[1242, [6, 38, 38, 126, 216, 238]]
[1243, [6, 54, 54, 126, 180, 274]]
[1244, [0, 20, 20, 141, 144, 260]]
[1245, [4, 36, 36, 141, 108, 296]]
[1246, [4, 52, 52, 141, 72, 332]]
[1247, [8, 28, 28, 141, 36, 328]]
[1248, [2, 34, 34, 141, 0, 354]]
[1249, [2, 50, 50, 141, 0, 354]]
[1250, [6, 26, 26, 141, 0, 314]]
[1251, [0, 32, 32, 141, 0, 304]]
[1252, [0, 48, 48, 141, 0, 304]]
[1253, [4, 24, 24, 156, 0, 264]]
[1254, [8, 40, 40, 12, 144, 264]]
[1255, [8, 56, 56, 12, 108, 300]]
[1256, [2, 22, 22, 12, 72, 286]]
[1257, [6, 38, 38, 12, 36, 322]]
[1258, [6, 54, 54, 12, 0, 358]]
[1259, [0, 20, 20, 312, 0, 308]]
[1260, [4, 36, 36, 168, 144, 308]]
[1261, [4, 52, 52, 24, 252, 344]]
[1262, [8, 28, 28, 24, 216, 340]]
[1263, [2, 34, 34, 24, 180, 366]]
[1264, [2, 50, 50, 39, 144, 402]]
[1265, [6, 26, 26, 39, 108, 398]]
[1266, [0, 32, 32, 39, 72, 424]]
[1267, [0, 48, 48, 39, 36, 460]]
[1268, [4, 24, 24, 39, 0, 456]]
[1269, [8, 40, 40, 39, 0, 456]]
[1270, [8, 56, 56, 39, 0, 456]]
[1271, [2, 22, 22, 39, 0, 406]]
[1272, [6, 38, 38, 39, 0, 406]]
[1273, [6, 54, 54, 54, 0, 406]]
[1274, [0, 20, 20, 54, 0, 356]]
[1275, [4, 36, 36, 54, 0, 356]]
[1276, [4, 52, 52, 54, 0, 356]]
[1277, [8, 28, 28, 54, 0, 316]]
[1278, [2, 34, 34, 54, 0, 306]]
[1279, [2, 50, 50, 354, 0, 306]]
[1280, [6, 26, 26, 210, 144, 266]]
[1281, [0, 32, 32, 66, 252, 292]]
[1282, [0, 48, 48, 66, 216, 328]]
[1283, [4, 24, 24, 66, 180, 324]]
[1284, [8, 40, 40, 81, 144, 360]]
[1285, [8, 56, 56, 81, 108, 396]]
[1286, [2, 22, 22, 81, 72, 382]]
[1287, [6, 38, 38, 81, 36, 418]]
[1288, [6, 54, 54, 81, 0, 454]]
[1289, [0, 20, 20, 81, 0, 404]]
[1290, [4, 36, 36, 81, 0, 404]]
[1291, [4, 52, 52, 81, 0, 404]]
[1292, [8, 28, 28, 81, 0, 364]]
[1293, [2, 34, 34, 96, 0, 354]]
[1294, [2, 50, 50, 96, 0, 354]]
[1295, [6, 26, 26, 96, 0, 314]]
[1296, [0, 32, 32, 96, 0, 304]]
[1297, [0, 48, 48, 96, 0, 304]]
[1298, [4, 24, 24, 96, 0, 264]]
[1299, [8, 40, 40, 381, 0, 264]]
[1300, [8, 56, 56, 237, 144, 264]]
[1301, [2, 22, 22, 93, 252, 250]]
[1302, [6, 38, 38, 93, 216, 286]]
[1303, [6, 54, 54, 93, 180, 322]]
[1304, [0, 20, 20, 108, 144, 308]]
[1305, [4, 36, 36, 108, 108, 344]]
[1306, [4, 52, 52, 108, 72, 380]]
[1307, [8, 28, 28, 108, 36, 376]]
[1308, [2, 34, 34, 108, 0, 402]]
[1309, [2, 50, 50, 108, 0, 402]]
[1310, [6, 26, 26, 108, 0, 362]]
[1311, [0, 32, 32, 108, 0, 352]]
[1312, [0, 48, 48, 108, 0, 352]]
[1313, [4, 24, 24, 138, 0, 312]]
[1314, [8, 40, 40, 138, 0, 312]]
[1315, [8, 56, 56, 138, 0, 312]]
[1316, [2, 22, 22, 138, 0, 262]]
[1317, [6, 38, 38, 138, 0, 262]]
[1318, [6, 54, 54, 138, 0, 262]]
[1319, [0, 20, 20, 423, 0, 212]]
[1320, [4, 36, 36, 279, 144, 212]]
[1321, [4, 52, 52, 135, 252, 248]]
[1322, [8, 28, 28, 135, 216, 244]]
[1323, [2, 34, 34, 135, 180, 270]]
[1324, [2, 50, 50, 150, 144, 306]]
[1325, [6, 26, 26, 6, 252, 302]]
[1326, [0, 32, 32, 6, 216, 328]]
[1327, [0, 48, 48, 6, 180, 364]]
[1328, [4, 24, 24, 6, 144, 360]]
[1329, [8, 40, 40, 6, 108, 396]]
[1330, [8, 56, 56, 6, 72, 432]]
[1331, [2, 22, 22, 6, 36, 418]]
[1332, [6, 38, 38, 6, 0, 454]]
[1333, [6, 54, 54, 36, 0, 454]]
[1334, [0, 20, 20, 36, 0, 404]]
[1335, [4, 36, 36, 36, 0, 404]]
[1336, [4, 52, 52, 36, 0, 404]]
[1337, [8, 28, 28, 36, 0, 364]]
[1338, [2, 34, 34, 36, 0, 354]]
[1339, [2, 50, 50, 321, 0, 354]]
[1340, [6, 26, 26, 177, 144, 314]]
[1341, [0, 32, 32, 33, 252, 340]]
[1342, [0, 48, 48, 33, 216, 376]]
[1343, [4, 24, 24, 33, 180, 372]]
[1344, [8, 40, 40, 48, 144, 408]]
[1345, [8, 56, 56, 48, 108, 444]]
[1346, [2, 22, 22, 48, 72, 430]]
[1347, [6, 38, 38, 48, 36, 466]]
[1348, [6, 54, 54, 48, 0, 502]]
[1349, [0, 20, 20, 48, 0, 452]]
[1350, [4, 36, 36, 48, 0, 452]]
[1351, [4, 52, 52, 48, 0, 452]]
[1352, [8, 28, 28, 48, 0, 412]]
[1353, [2, 34, 34, 78, 0, 402]]
[1354, [2, 50, 50, 78, 0, 402]]
[1355, [6, 26, 26, 78, 0, 362]]
[1356, [0, 32, 32, 78, 0, 352]]
[1357, [0, 48, 48, 78, 0, 352]]
[1358, [4, 24, 24, 78, 0, 312]]
[1359, [8, 40, 40, 363, 0, 312]]
[1360, [8, 56, 56, 219, 144, 312]]
[1361, [2, 22, 22, 75, 252, 298]]
[1362, [6, 38, 38, 75, 216, 334]]
[1363, [6, 54, 54, 75, 180, 370]]
[1364, [0, 20, 20, 90, 144, 356]]
[1365, [4, 36, 36, 90, 108, 392]]
[1366, [4, 52, 52, 90, 72, 428]]
[1367, [8, 28, 28, 90, 36, 424]]
[1368, [2, 34, 34, 90, 0, 450]]
[1369, [2, 50, 50, 90, 0, 450]]
[1370, [6, 26, 26, 90, 0, 410]]
[1371, [0, 32, 32, 90, 0, 400]]
[1372, [0, 48, 48, 90, 0, 400]]
[1373, [4, 24, 24, 120, 0, 360]]
[1374, [8, 40, 40, 120, 0, 360]]
[1375, [8, 56, 56, 120, 0, 360]]
[1376, [2, 22, 22, 120, 0, 310]]
[1377, [6, 38, 38, 120, 0, 310]]
[1378, [6, 54, 54, 120, 0, 310]]
[1379, [0, 20, 20, 405, 0, 260]]
[1380, [4, 36, 36, 261, 144, 260]]
[1381, [4, 52, 52, 117, 252, 296]]
[1382, [8, 28, 28, 117, 216, 292]]
[1383, [2, 34, 34, 117, 180, 318]]
[1384, [2, 50, 50, 132, 144, 354]]
[1385, [6, 26, 26, 132, 108, 350]]
[1386, [0, 32, 32, 132, 72, 376]]
[1387, [0, 48, 48, 132, 36, 412]]
[1388, [4, 24, 24, 132, 0, 408]]
[1389, [8, 40, 40, 132, 0, 408]]
[1390, [8, 56, 56, 132, 0, 408]]
[1391, [2, 22, 22, 132, 0, 358]]
[1392, [6, 38, 38, 132, 0, 358]]
[1393, [6, 54, 54, 162, 0, 358]]
[1394, [0, 20, 20, 18, 144, 308]]
[1395, [4, 36, 36, 18, 108, 344]]
[1396, [4, 52, 52, 18, 72, 380]]
[1397, [8, 28, 28, 18, 36, 376]]
[1398, [2, 34, 34, 18, 0, 402]]
[1399, [2, 50, 50, 303, 0, 402]]
[1400, [6, 26, 26, 159, 144, 362]]
[1401, [0, 32, 32, 15, 252, 388]]
[1402, [0, 48, 48, 15, 216, 424]]
[1403, [4, 24, 24, 15, 180, 420]]
[1404, [8, 40, 40, 30, 144, 456]]
[1405, [8, 56, 56, 30, 108, 492]]
[1406, [2, 22, 22, 30, 72, 478]]
[1407, [6, 38, 38, 30, 36, 514]]
[1408, [6, 54, 54, 30, 0, 550]]
[1409, [0, 20, 20, 30, 0, 500]]
[1410, [4, 36, 36, 30, 0, 500]]
[1411, [4, 52, 52, 30, 0, 500]]
[1412, [8, 28, 28, 30, 0, 460]]
[1413, [2, 34, 34, 60, 0, 450]]
[1414, [2, 50, 50, 60, 0, 450]]
[1415, [6, 26, 26, 60, 0, 410]]
[1416, [0, 32, 32, 60, 0, 400]]
[1417, [0, 48, 48, 60, 0, 400]]
[1418, [4, 24, 24, 60, 0, 360]]
[1419, [8, 40, 40, 345, 0, 360]]
[1420, [8, 56, 56, 201, 144, 360]]
[1421, [2, 22, 22, 57, 252, 346]]
[1422, [6, 38, 38, 57, 216, 382]]
[1423, [6, 54, 54, 57, 180, 418]]
[1424, [0, 20, 20, 72, 144, 404]]
[1425, [4, 36, 36, 72, 108, 440]]
[1426, [4, 52, 52, 72, 72, 476]]
[1427, [8, 28, 28, 72, 36, 472]]
[1428, [2, 34, 34, 72, 0, 498]]
[1429, [2, 50, 50, 72, 0, 498]]
[1430, [6, 26, 26, 72, 0, 458]]
[1431, [0, 32, 32, 72, 0, 448]]
[1432, [0, 48, 48, 72, 0, 448]]
[1433, [4, 24, 24, 102, 0, 408]]
[1434, [8, 40, 40, 102, 0, 408]]
[1435, [8, 56, 56, 102, 0, 408]]
[1436, [2, 22, 22, 102, 0, 358]]
[1437, [6, 38, 38, 102, 0, 358]]
[1438, [6, 54, 54, 102, 0, 358]]
[1439, [0, 20, 20, 387, 0, 308]]
