SimulationV01.py[0, 276]
[1, 135]
[2, 135]
[3, 252]
[4, 135]
[5, 135]
[6, 252]
[7, 135]
[8, 135]
[9, 252]
[10, 135]
[11, 135]
[12, 252]
[13, 135]
[14, 135]
[15, 252]
[16, 135]
[17, 135]
[18, 252]
[19, 135]
[20, 159]
[21, 252]
[22, 135]
[23, 135]
[24, 252]
[25, 135]
[26, 135]
[27, 252]
[28, 135]
[29, 135]
[30, 252]
[31, 135]
[32, 135]
[33, 252]
[34, 135]
[35, 135]
[36, 252]
[37, 135]
[38, 135]
[39, 252]
[40, 159]
[41, 135]
[42, 252]
[43, 135]
[44, 135]
[45, 252]
[46, 135]
[47, 135]
[48, 252]
[49, 135]
[50, 135]
[51, 252]
[52, 135]
[53, 135]
[54, 252]
[55, 135]
[56, 135]
[57, 252]
[58, 135]
[59, 135]
[60, 276]
[61, 135]
[62, 135]
[63, 252]
[64, 135]
[65, 135]
[66, 252]
[67, 135]
[68, 135]
[69, 252]
[70, 135]
[71, 135]
[72, 252]
[73, 135]
[74, 135]
[75, 252]
[76, 125]
[77, 125]
[78, 242]
[79, 125]
[80, 149]
[81, 242]
[82, 125]
[83, 125]
[84, 242]
[85, 135]
[86, 135]
[87, 252]
[88, 135]
[89, 135]
[90, 252]
[91, 135]
[92, 135]
[93, 252]
[94, 135]
[95, 135]
[96, 252]
[97, 135]
[98, 135]
[99, 252]
[100, 159]
[101, 135]
[102, 252]
[103, 135]
[104, 135]
[105, 252]
[106, 135]
[107, 135]
[108, 252]
[109, 135]
[110, 135]
[111, 252]
[112, 135]
[113, 135]
[114, 252]
[115, 135]
[116, 135]
[117, 252]
[118, 135]
[119, 135]
[120, 276]
[121, 135]
[122, 135]
[123, 252]
[124, 135]
[125, 135]
[126, 252]
[127, 135]
[128, 135]
[129, 252]
[130, 135]
[131, 135]
[132, 252]
[133, 135]
[134, 135]
[135, 252]
[136, 135]
[137, 135]
[138, 252]
[139, 135]
[140, 159]
[141, 252]
[142, 135]
[143, 135]
[144, 252]
[145, 135]
[146, 135]
[147, 252]
[148, 135]
[149, 135]
[150, 252]
[151, 135]
[152, 135]
[153, 252]
[154, 135]
[155, 135]
[156, 252]
[157, 135]
[158, 135]
[159, 252]
[160, 159]
[161, 135]
[162, 252]
[163, 135]
[164, 135]
[165, 252]
[166, 135]
[167, 135]
[168, 252]
[169, 135]
[170, 135]
[171, 252]
[172, 135]
[173, 135]
[174, 252]
[175, 135]
[176, 135]
[177, 252]
[178, 135]
[179, 135]
[180, 276]
[181, 135]
[182, 135]
[183, 252]
[184, 135]
[185, 135]
[186, 252]
[187, 135]
[188, 135]
[189, 252]
[190, 135]
[191, 135]
[192, 252]
[193, 135]
[194, 135]
[195, 252]
[196, 135]
[197, 135]
[198, 252]
[199, 135]
[200, 159]
[201, 252]
[202, 135]
[203, 135]
[204, 252]
[205, 135]
[206, 135]
[207, 252]
[208, 135]
[209, 135]
[210, 252]
[211, 135]
[212, 135]
[213, 252]
[214, 135]
[215, 135]
[216, 252]
[217, 135]
[218, 135]
[219, 252]
[220, 159]
[221, 135]
[222, 252]
[223, 135]
[224, 135]
[225, 252]
[226, 135]
[227, 135]
[228, 252]
[229, 135]
[230, 135]
[231, 252]
[232, 135]
[233, 135]
[234, 252]
[235, 135]
[236, 135]
[237, 252]
[238, 135]
[239, 135]
[240, 276]
[241, 135]
[242, 135]
[243, 252]
[244, 135]
[245, 135]
[246, 252]
[247, 135]
[248, 135]
[249, 252]
[250, 135]
[251, 135]
[252, 252]
[253, 135]
[254, 135]
[255, 252]
[256, 135]
[257, 135]
[258, 252]
[259, 135]
[260, 159]
[261, 252]
[262, 135]
[263, 135]
[264, 252]
[265, 135]
[266, 135]
[267, 252]
[268, 135]
[269, 135]
[270, 252]
[271, 135]
[272, 135]
[273, 252]
[274, 135]
[275, 135]
[276, 252]
[277, 135]
[278, 135]
[279, 252]
[280, 159]
[281, 135]
[282, 252]
[283, 135]
[284, 135]
[285, 252]
[286, 135]
[287, 135]
[288, 252]
[289, 135]
[290, 135]
[291, 252]
[292, 135]
[293, 135]
[294, 252]
[295, 135]
[296, 135]
[297, 252]
[298, 135]
[299, 135]
[300, 276]
[301, 135]
[302, 135]
[303, 252]
[304, 135]
[305, 135]
[306, 252]
[307, 135]
[308, 135]
[309, 252]
[310, 135]
[311, 135]
[312, 252]
[313, 135]
[314, 135]
[315, 252]
[316, 135]
[317, 135]
[318, 252]
[319, 135]
[320, 159]
[321, 252]
[322, 135]
[323, 135]
[324, 252]
[325, 135]
[326, 135]
[327, 252]
[328, 135]
[329, 135]
[330, 252]
[331, 135]
[332, 135]
[333, 252]
[334, 135]
[335, 135]
[336, 252]
[337, 135]
[338, 135]
[339, 252]
[340, 159]
[341, 135]
[342, 252]
[343, 135]
[344, 135]
[345, 252]
[346, 135]
[347, 135]
[348, 252]
[349, 135]
[350, 135]
[351, 252]
[352, 135]
[353, 135]
[354, 252]
[355, 135]
[356, 135]
[357, 252]
[358, 135]
[359, 135]
[360, 276]
[361, 135]
[362, 135]
[363, 252]
[364, 135]
[365, 135]
[366, 252]
[367, 135]
[368, 135]
[369, 252]
[370, 135]
[371, 135]
[372, 252]
[373, 135]
[374, 135]
[375, 252]
[376, 135]
[377, 135]
[378, 252]
[379, 135]
[380, 159]
[381, 252]
[382, 135]
[383, 135]
[384, 252]
[385, 135]
[386, 135]
[387, 252]
[388, 135]
[389, 135]
[390, 252]
[391, 135]
[392, 135]
[393, 252]
[394, 135]
[395, 135]
[396, 252]
[397, 135]
[398, 135]
[399, 252]
[400, 159]
[401, 135]
[402, 252]
[403, 135]
[404, 135]
[405, 252]
[406, 135]
[407, 135]
[408, 252]
[409, 135]
[410, 135]
[411, 252]
[412, 135]
[413, 135]
[414, 252]
[415, 135]
[416, 135]
[417, 252]
[418, 135]
[419, 135]
[420, 276]
[421, 135]
[422, 135]
[423, 252]
[424, 135]
[425, 135]
[426, 252]
[427, 135]
[428, 135]
[429, 252]
[430, 135]
[431, 135]
[432, 252]
[433, 135]
[434, 135]
[435, 252]
[436, 135]
[437, 135]
[438, 252]
[439, 135]
[440, 159]
[441, 252]
[442, 135]
[443, 135]
[444, 252]
[445, 135]
[446, 135]
[447, 252]
[448, 135]
[449, 135]
[450, 252]
[451, 135]
[452, 135]
[453, 252]
[454, 135]
[455, 135]
[456, 252]
[457, 135]
[458, 135]
[459, 252]
[460, 159]
[461, 135]
[462, 252]
[463, 135]
[464, 135]
[465, 252]
[466, 135]
[467, 135]
[468, 252]
[469, 135]
[470, 135]
[471, 252]
[472, 135]
[473, 135]
[474, 252]
[475, 135]
[476, 135]
[477, 252]
[478, 135]
[479, 135]
