SimulationV01.py[2821415.66, [4090, 4096, 4100, 4104, 4104, 4104, 4104, 4104, 4104, 4104, 4104, 4104, 4104, 4104, 4104, 4104, 4104, 4104, 4104, 4104, 4104, 4104, 4104, 4104, 4104, 4104, 4104, 4104, 4104, 4104, 4104, 4104, 4104, 4104, 4104, 4104, 4104, 4104], [13, 9, 9, 24, 1, 9, 118, 9999, 9999, 9999, 9999, 9999, 9999]]
[2821452.3, [4063, 4096, 4098, 4098, 4102, 4102, 4104, 4104, 4104, 4104, 4104, 4104, 4104, 4104, 4104, 4104, 4104, 4104, 4104, 4104, 4104, 4104, 4104, 4104, 4104, 4104, 4104, 4104, 4104, 4104, 4104, 4104, 4104, 4104, 4104, 4104, 4104, 4104], [13, 9, 9, 24, 1, 9, 118, 9999, 9999, 9999, 9999, 9999, 9999]]
[2821527.94, [4098, 4102, 4104, 4104, 4104, 4104, 4104, 4104, 4104, 4104, 4104, 4104, 4104, 4104, 4104, 4104, 4104, 4104, 4104, 4104, 4104, 4104, 4104, 4104, 4104, 4104, 4104, 4104, 4104, 4104, 4104, 4104, 4104, 4104, 4104, 4104, 4104, 4104], [13, 9, 9, 24, 1, 9, 118, 9999, 9999, 9999, 9999, 9999, 9999]]
[2821563.83, [4082, 4104, 4104, 4104, 4104, 4104, 4104, 4104, 4104, 4104, 4104, 4104, 4104, 4104, 4104, 4104, 4104, 4104, 4104, 4104, 4104, 4104, 4104, 4104, 4104, 4104, 4104, 4104, 4104, 4104, 4104, 4104, 4104, 4104, 4104, 4104, 4104, 4104], [13, 9, 9, 24, 1, 9, 118, 9999, 9999, 9999, 9999, 9999, 9999]]
[2821790.73, [4063, 4102, 4104, 4104, 4104, 4104, 4104, 4104, 4104, 4104, 4104, 4104, 4104, 4104, 4104, 4104, 4104, 4104, 4104, 4104, 4104, 4104, 4104, 4104, 4104, 4104, 4104, 4104, 4104, 4104, 4104, 4104, 4104, 4104, 4104, 4104, 4104, 4104], [13, 9, 9, 24, 1, 9, 118, 9999, 9999, 9999, 9999, 9999, 9999]]
[2821854.01, [4063, 4100, 4104, 4104, 4104, 4104, 4104, 4104, 4104, 4104, 4104, 4104, 4104, 4104, 4104, 4104, 4104, 4104, 4104, 4104, 4104, 4104, 4104, 4104, 4104, 4104, 4104, 4104, 4104, 4104, 4104, 4104, 4104, 4104, 4104, 4104, 4104, 4104], [13, 9, 9, 24, 1, 9, 118, 9999, 9999, 9999, 9999, 9999, 9999]]
[2821892.25, [4102, 4104, 4104, 4104, 4104, 4104, 4104, 4104, 4104, 4104, 4104, 4104, 4104, 4104, 4104, 4104, 4104, 4104, 4104, 4104, 4104, 4104, 4104, 4104, 4104, 4104, 4104, 4104, 4104, 4104, 4104, 4104, 4104, 4104, 4104, 4104, 4104, 4104], [13, 9, 9, 24, 1, 9, 118, 9999, 9999, 9999, 9999, 9999, 9999]]
[2821933.22, [4063, 4094, 4098, 4100, 4104, 4104, 4104, 4104, 4104, 4104, 4104, 4104, 4104, 4104, 4104, 4104, 4104, 4104, 4104, 4104, 4104, 4104, 4104, 4104, 4104, 4104, 4104, 4104, 4104, 4104, 4104, 4104, 4104, 4104, 4104, 4104, 4104, 4104], [13, 9, 9, 24, 1, 9, 118, 9999, 9999, 9999, 9999, 9999, 9999]]
[2822030.67, [4088, 4104, 4104, 4104, 4104, 4104, 4104, 4104, 4104, 4104, 4104, 4104, 4104, 4104, 4104, 4104, 4104, 4104, 4104, 4104, 4104, 4104, 4104, 4104, 4104, 4104, 4104, 4104, 4104, 4104, 4104, 4104, 4104, 4104, 4104, 4104, 4104, 4104], [13, 9, 9, 24, 1, 9, 118, 9999, 9999, 9999, 9999, 9999, 9999]]
[2822038.96, [4063, 4090, 4104, 4104, 4104, 4104, 4104, 4104, 4104, 4104, 4104, 4104, 4104, 4104, 4104, 4104, 4104, 4104, 4104, 4104, 4104, 4104, 4104, 4104, 4104, 4104, 4104, 4104, 4104, 4104, 4104, 4104, 4104, 4104, 4104, 4104, 4104, 4104], [13, 9, 9, 24, 1, 9, 118, 9999, 9999, 9999, 9999, 9999, 9999]]
[2822040.95, [4063, 4092, 4094, 4098, 4100, 4104, 4104, 4104, 4104, 4104, 4104, 4104, 4104, 4104, 4104, 4104, 4104, 4104, 4104, 4104, 4104, 4104, 4104, 4104, 4104, 4104, 4104, 4104, 4104, 4104, 4104, 4104, 4104, 4104, 4104, 4104, 4104, 4104], [13, 9, 9, 24, 1, 9, 118, 9999, 9999, 9999, 9999, 9999, 9999]]
[2822051.69, [4086, 4088, 4102, 4104, 4104, 4104, 4104, 4104, 4104, 4104, 4104, 4104, 4104, 4104, 4104, 4104, 4104, 4104, 4104, 4104, 4104, 4104, 4104, 4104, 4104, 4104, 4104, 4104, 4104, 4104, 4104, 4104, 4104, 4104, 4104, 4104, 4104, 4104], [13, 9, 9, 24, 1, 9, 118, 9999, 9999, 9999, 9999, 9999, 9999]]
[2822066.42, [4045, 4063, 4064, 4090, 4098, 4100, 4104, 4104, 4104, 4104, 4104, 4104, 4104, 4104, 4104, 4104, 4104, 4104, 4104, 4104, 4104, 4104, 4104, 4104, 4104, 4104, 4104, 4104, 4104, 4104, 4104, 4104, 4104, 4104, 4104, 4104, 4104, 4104], [13, 9, 9, 24, 1, 9, 118, 9999, 9999, 9999, 9999, 9999, 9999]]
[2822117.36, [4074, 4077, 4096, 4104, 4104, 4104, 4104, 4104, 4104, 4104, 4104, 4104, 4104, 4104, 4104, 4104, 4104, 4104, 4104, 4104, 4104, 4104, 4104, 4104, 4104, 4104, 4104, 4104, 4104, 4104, 4104, 4104, 4104, 4104, 4104, 4104, 4104, 4104], [13, 9, 9, 24, 1, 9, 118, 9999, 9999, 9999, 9999, 9999, 9999]]
[2822238.2, [4094, 4098, 4102, 4104, 4104, 4104, 4104, 4104, 4104, 4104, 4104, 4104, 4104, 4104, 4104, 4104, 4104, 4104, 4104, 4104, 4104, 4104, 4104, 4104, 4104, 4104, 4104, 4104, 4104, 4104, 4104, 4104, 4104, 4104, 4104, 4104, 4104, 4104], [13, 9, 9, 24, 1, 9, 118, 9999, 9999, 9999, 9999, 9999, 9999]]
[2822256.06, [4100, 4102, 4104, 4104, 4104, 4104, 4104, 4104, 4104, 4104, 4104, 4104, 4104, 4104, 4104, 4104, 4104, 4104, 4104, 4104, 4104, 4104, 4104, 4104, 4104, 4104, 4104, 4104, 4104, 4104, 4104, 4104, 4104, 4104, 4104, 4104, 4104, 4104], [13, 9, 9, 24, 1, 9, 118, 9999, 9999, 9999, 9999, 9999, 9999]]
[2822262.19, [4063, 4066, 4092, 4102, 4104, 4104, 4104, 4104, 4104, 4104, 4104, 4104, 4104, 4104, 4104, 4104, 4104, 4104, 4104, 4104, 4104, 4104, 4104, 4104, 4104, 4104, 4104, 4104, 4104, 4104, 4104, 4104, 4104, 4104, 4104, 4104, 4104, 4104], [13, 9, 9, 24, 1, 9, 118, 9999, 9999, 9999, 9999, 9999, 9999]]
[2822330.81, [4063, 4063, 4063, 4082, 4090, 4102, 4104, 4104, 4104, 4104, 4104, 4104, 4104, 4104, 4104, 4104, 4104, 4104, 4104, 4104, 4104, 4104, 4104, 4104, 4104, 4104, 4104, 4104, 4104, 4104, 4104, 4104, 4104, 4104, 4104, 4104, 4104, 4104], [13, 9, 9, 24, 1, 9, 118, 9999, 9999, 9999, 9999, 9999, 9999]]
[2822345.95, [4063, 4076, 4077, 4092, 4098, 4104, 4104, 4104, 4104, 4104, 4104, 4104, 4104, 4104, 4104, 4104, 4104, 4104, 4104, 4104, 4104, 4104, 4104, 4104, 4104, 4104, 4104, 4104, 4104, 4104, 4104, 4104, 4104, 4104, 4104, 4104, 4104, 4104], [13, 9, 9, 24, 1, 9, 118, 9999, 9999, 9999, 9999, 9999, 9999]]
[2822348.56, [4088, 4092, 4104, 4104, 4104, 4104, 4104, 4104, 4104, 4104, 4104, 4104, 4104, 4104, 4104, 4104, 4104, 4104, 4104, 4104, 4104, 4104, 4104, 4104, 4104, 4104, 4104, 4104, 4104, 4104, 4104, 4104, 4104, 4104, 4104, 4104, 4104, 4104], [13, 9, 9, 24, 1, 9, 118, 9999, 9999, 9999, 9999, 9999, 9999]]
[2822351.9, [4063, 4063, 4063, 4068, 4088, 4094, 4096, 4098, 4100, 4100, 4100, 4104, 4104, 4104, 4104, 4104, 4104, 4104, 4104, 4104, 4104, 4104, 4104, 4104, 4104, 4104, 4104, 4104, 4104, 4104, 4104, 4104, 4104, 4104, 4104, 4104, 4104, 4104], [13, 9, 9, 24, 1, 9, 118, 9999, 9999, 9999, 9999, 9999, 9999]]
[2822377.35, [4063, 4063, 4072, 4082, 4090, 4098, 4100, 4104, 4104, 4104, 4104, 4104, 4104, 4104, 4104, 4104, 4104, 4104, 4104, 4104, 4104, 4104, 4104, 4104, 4104, 4104, 4104, 4104, 4104, 4104, 4104, 4104, 4104, 4104, 4104, 4104, 4104, 4104], [13, 9, 9, 24, 1, 9, 118, 9999, 9999, 9999, 9999, 9999, 9999]]
[2822389.63, [4063, 4096, 4098, 4102, 4104, 4104, 4104, 4104, 4104, 4104, 4104, 4104, 4104, 4104, 4104, 4104, 4104, 4104, 4104, 4104, 4104, 4104, 4104, 4104, 4104, 4104, 4104, 4104, 4104, 4104, 4104, 4104, 4104, 4104, 4104, 4104, 4104, 4104], [13, 9, 9, 24, 1, 9, 118, 9999, 9999, 9999, 9999, 9999, 9999]]
[2822393.39, [4063, 4098, 4102, 4104, 4104, 4104, 4104, 4104, 4104, 4104, 4104, 4104, 4104, 4104, 4104, 4104, 4104, 4104, 4104, 4104, 4104, 4104, 4104, 4104, 4104, 4104, 4104, 4104, 4104, 4104, 4104, 4104, 4104, 4104, 4104, 4104, 4104, 4104], [13, 9, 9, 24, 1, 9, 118, 9999, 9999, 9999, 9999, 9999, 9999]]
[2822402.67, [4063, 4063, 4090, 4090, 4096, 4098, 4102, 4104, 4104, 4104, 4104, 4104, 4104, 4104, 4104, 4104, 4104, 4104, 4104, 4104, 4104, 4104, 4104, 4104, 4104, 4104, 4104, 4104, 4104, 4104, 4104, 4104, 4104, 4104, 4104, 4104, 4104, 4104], [13, 9, 9, 24, 1, 9, 118, 9999, 9999, 9999, 9999, 9999, 9999]]
[2822413.43, [4063, 4096, 4098, 4100, 4100, 4100, 4104, 4104, 4104, 4104, 4104, 4104, 4104, 4104, 4104, 4104, 4104, 4104, 4104, 4104, 4104, 4104, 4104, 4104, 4104, 4104, 4104, 4104, 4104, 4104, 4104, 4104, 4104, 4104, 4104, 4104, 4104, 4104], [13, 9, 9, 24, 1, 9, 118, 9999, 9999, 9999, 9999, 9999, 9999]]
[2822432.92, [4076, 4077, 4096, 4104, 4104, 4104, 4104, 4104, 4104, 4104, 4104, 4104, 4104, 4104, 4104, 4104, 4104, 4104, 4104, 4104, 4104, 4104, 4104, 4104, 4104, 4104, 4104, 4104, 4104, 4104, 4104, 4104, 4104, 4104, 4104, 4104, 4104, 4104], [13, 9, 9, 24, 1, 9, 118, 9999, 9999, 9999, 9999, 9999, 9999]]
[2822443.35, [4046, 4077, 4088, 4090, 4102, 4104, 4104, 4104, 4104, 4104, 4104, 4104, 4104, 4104, 4104, 4104, 4104, 4104, 4104, 4104, 4104, 4104, 4104, 4104, 4104, 4104, 4104, 4104, 4104, 4104, 4104, 4104, 4104, 4104, 4104, 4104, 4104, 4104], [13, 9, 9, 24, 1, 9, 118, 9999, 9999, 9999, 9999, 9999, 9999]]
[2822456.4, [4063, 4098, 4100, 4102, 4104, 4104, 4104, 4104, 4104, 4104, 4104, 4104, 4104, 4104, 4104, 4104, 4104, 4104, 4104, 4104, 4104, 4104, 4104, 4104, 4104, 4104, 4104, 4104, 4104, 4104, 4104, 4104, 4104, 4104, 4104, 4104, 4104, 4104], [13, 9, 9, 24, 1, 9, 118, 9999, 9999, 9999, 9999, 9999, 9999]]
[2822515.67, [4077, 4084, 4088, 4100, 4104, 4104, 4104, 4104, 4104, 4104, 4104, 4104, 4104, 4104, 4104, 4104, 4104, 4104, 4104, 4104, 4104, 4104, 4104, 4104, 4104, 4104, 4104, 4104, 4104, 4104, 4104, 4104, 4104, 4104, 4104, 4104, 4104, 4104], [13, 9, 9, 24, 1, 9, 118, 9999, 9999, 9999, 9999, 9999, 9999]]
[2822528.86, [4063, 4094, 4098, 4102, 4104, 4104, 4104, 4104, 4104, 4104, 4104, 4104, 4104, 4104, 4104, 4104, 4104, 4104, 4104, 4104, 4104, 4104, 4104, 4104, 4104, 4104, 4104, 4104, 4104, 4104, 4104, 4104, 4104, 4104, 4104, 4104, 4104, 4104], [13, 9, 9, 24, 1, 9, 118, 9999, 9999, 9999, 9999, 9999, 9999]]
[2822560.88, [4063, 4084, 4090, 4092, 4094, 4096, 4098, 4100, 4102, 4104, 4104, 4104, 4104, 4104, 4104, 4104, 4104, 4104, 4104, 4104, 4104, 4104, 4104, 4104, 4104, 4104, 4104, 4104, 4104, 4104, 4104, 4104, 4104, 4104, 4104, 4104, 4104, 4104], [13, 9, 9, 24, 1, 9, 118, 9999, 9999, 9999, 9999, 9999, 9999]]
[2822600.2, [4063, 4063, 4080, 4090, 4100, 4100, 4104, 4104, 4104, 4104, 4104, 4104, 4104, 4104, 4104, 4104, 4104, 4104, 4104, 4104, 4104, 4104, 4104, 4104, 4104, 4104, 4104, 4104, 4104, 4104, 4104, 4104, 4104, 4104, 4104, 4104, 4104, 4104], [13, 9, 9, 24, 1, 9, 118, 9999, 9999, 9999, 9999, 9999, 9999]]
[2822684.5, [4063, 4063, 4098, 4104, 4104, 4104, 4104, 4104, 4104, 4104, 4104, 4104, 4104, 4104, 4104, 4104, 4104, 4104, 4104, 4104, 4104, 4104, 4104, 4104, 4104, 4104, 4104, 4104, 4104, 4104, 4104, 4104, 4104, 4104, 4104, 4104, 4104, 4104], [13, 9, 9, 24, 1, 9, 118, 9999, 9999, 9999, 9999, 9999, 9999]]
[2822694.57, [4051, 4063, 4086, 4086, 4098, 4104, 4104, 4104, 4104, 4104, 4104, 4104, 4104, 4104, 4104, 4104, 4104, 4104, 4104, 4104, 4104, 4104, 4104, 4104, 4104, 4104, 4104, 4104, 4104, 4104, 4104, 4104, 4104, 4104, 4104, 4104, 4104, 4104], [13, 9, 9, 24, 1, 9, 118, 9999, 9999, 9999, 9999, 9999, 9999]]
[2822731.47, [4063, 4096, 4100, 4100, 4104, 4104, 4104, 4104, 4104, 4104, 4104, 4104, 4104, 4104, 4104, 4104, 4104, 4104, 4104, 4104, 4104, 4104, 4104, 4104, 4104, 4104, 4104, 4104, 4104, 4104, 4104, 4104, 4104, 4104, 4104, 4104, 4104, 4104], [13, 9, 9, 24, 1, 9, 118, 9999, 9999, 9999, 9999, 9999, 9999]]
[2822747.0, [4063, 4100, 4104, 4104, 4104, 4104, 4104, 4104, 4104, 4104, 4104, 4104, 4104, 4104, 4104, 4104, 4104, 4104, 4104, 4104, 4104, 4104, 4104, 4104, 4104, 4104, 4104, 4104, 4104, 4104, 4104, 4104, 4104, 4104, 4104, 4104, 4104, 4104], [13, 9, 9, 24, 1, 9, 118, 9999, 9999, 9999, 9999, 9999, 9999]]
[2822770.1, [4063, 4077, 4084, 4088, 4100, 4100, 4102, 4104, 4104, 4104, 4104, 4104, 4104, 4104, 4104, 4104, 4104, 4104, 4104, 4104, 4104, 4104, 4104, 4104, 4104, 4104, 4104, 4104, 4104, 4104, 4104, 4104, 4104, 4104, 4104, 4104, 4104, 4104], [13, 9, 9, 24, 1, 9, 118, 9999, 9999, 9999, 9999, 9999, 9999]]
[2822771.3, [4090, 4090, 4100, 4102, 4104, 4104, 4104, 4104, 4104, 4104, 4104, 4104, 4104, 4104, 4104, 4104, 4104, 4104, 4104, 4104, 4104, 4104, 4104, 4104, 4104, 4104, 4104, 4104, 4104, 4104, 4104, 4104, 4104, 4104, 4104, 4104, 4104, 4104], [13, 9, 9, 24, 1, 9, 118, 9999, 9999, 9999, 9999, 9999, 9999]]
[2822800.83, [4077, 4096, 4104, 4104, 4104, 4104, 4104, 4104, 4104, 4104, 4104, 4104, 4104, 4104, 4104, 4104, 4104, 4104, 4104, 4104, 4104, 4104, 4104, 4104, 4104, 4104, 4104, 4104, 4104, 4104, 4104, 4104, 4104, 4104, 4104, 4104, 4104, 4104], [13, 9, 9, 24, 1, 9, 118, 9999, 9999, 9999, 9999, 9999, 9999]]
[2822825.4, [4063, 4084, 4092, 4104, 4104, 4104, 4104, 4104, 4104, 4104, 4104, 4104, 4104, 4104, 4104, 4104, 4104, 4104, 4104, 4104, 4104, 4104, 4104, 4104, 4104, 4104, 4104, 4104, 4104, 4104, 4104, 4104, 4104, 4104, 4104, 4104, 4104, 4104], [13, 9, 9, 24, 1, 9, 117, 9999, 9999, 9999, 9999, 9999, 9999]]
[2822841.34, [4063, 4063, 4098, 4104, 4104, 4104, 4104, 4104, 4104, 4104, 4104, 4104, 4104, 4104, 4104, 4104, 4104, 4104, 4104, 4104, 4104, 4104, 4104, 4104, 4104, 4104, 4104, 4104, 4104, 4104, 4104, 4104, 4104, 4104, 4104, 4104, 4104, 4104], [13, 9, 9, 24, 1, 9, 118, 9999, 9999, 9999, 9999, 9999, 9999]]
[2822851.72, [4066, 4090, 4094, 4094, 4102, 4104, 4104, 4104, 4104, 4104, 4104, 4104, 4104, 4104, 4104, 4104, 4104, 4104, 4104, 4104, 4104, 4104, 4104, 4104, 4104, 4104, 4104, 4104, 4104, 4104, 4104, 4104, 4104, 4104, 4104, 4104, 4104, 4104], [13, 9, 9, 24, 1, 9, 118, 9999, 9999, 9999, 9999, 9999, 9999]]
[2822855.48, [4063, 4063, 4082, 4104, 4104, 4104, 4104, 4104, 4104, 4104, 4104, 4104, 4104, 4104, 4104, 4104, 4104, 4104, 4104, 4104, 4104, 4104, 4104, 4104, 4104, 4104, 4104, 4104, 4104, 4104, 4104, 4104, 4104, 4104, 4104, 4104, 4104, 4104], [13, 9, 9, 24, 1, 9, 118, 9999, 9999, 9999, 9999, 9999, 9999]]
[2822868.79, [4063, 4063, 4063, 4080, 4092, 4096, 4098, 4104, 4104, 4104, 4104, 4104, 4104, 4104, 4104, 4104, 4104, 4104, 4104, 4104, 4104, 4104, 4104, 4104, 4104, 4104, 4104, 4104, 4104, 4104, 4104, 4104, 4104, 4104, 4104, 4104, 4104, 4104], [13, 9, 9, 24, 1, 9, 118, 9999, 9999, 9999, 9999, 9999, 9999]]
[2822888.2, [4063, 4063, 4063, 4063, 4076, 4080, 4094, 4102, 4104, 4104, 4104, 4104, 4104, 4104, 4104, 4104, 4104, 4104, 4104, 4104, 4104, 4104, 4104, 4104, 4104, 4104, 4104, 4104, 4104, 4104, 4104, 4104, 4104, 4104, 4104, 4104, 4104, 4104], [13, 9, 9, 24, 1, 9, 118, 9999, 9999, 9999, 9999, 9999, 9999]]
[2822896.93, [4070, 4080, 4098, 4102, 4104, 4104, 4104, 4104, 4104, 4104, 4104, 4104, 4104, 4104, 4104, 4104, 4104, 4104, 4104, 4104, 4104, 4104, 4104, 4104, 4104, 4104, 4104, 4104, 4104, 4104, 4104, 4104, 4104, 4104, 4104, 4104, 4104, 4104], [13, 9, 9, 24, 1, 9, 116, 9999, 9999, 9999, 9999, 9999, 9999]]
[2822946.31, [4063, 4063, 4088, 4090, 4100, 4104, 4104, 4104, 4104, 4104, 4104, 4104, 4104, 4104, 4104, 4104, 4104, 4104, 4104, 4104, 4104, 4104, 4104, 4104, 4104, 4104, 4104, 4104, 4104, 4104, 4104, 4104, 4104, 4104, 4104, 4104, 4104, 4104], [13, 9, 9, 24, 1, 9, 118, 9999, 9999, 9999, 9999, 9999, 9999]]
[2822954.06, [4063, 4086, 4090, 4100, 4100, 4104, 4104, 4104, 4104, 4104, 4104, 4104, 4104, 4104, 4104, 4104, 4104, 4104, 4104, 4104, 4104, 4104, 4104, 4104, 4104, 4104, 4104, 4104, 4104, 4104, 4104, 4104, 4104, 4104, 4104, 4104, 4104, 4104], [13, 9, 9, 24, 1, 9, 118, 9999, 9999, 9999, 9999, 9999, 9999]]
[2823018.91, [4063, 4063, 4063, 4104, 4104, 4104, 4104, 4104, 4104, 4104, 4104, 4104, 4104, 4104, 4104, 4104, 4104, 4104, 4104, 4104, 4104, 4104, 4104, 4104, 4104, 4104, 4104, 4104, 4104, 4104, 4104, 4104, 4104, 4104, 4104, 4104, 4104, 4104], [13, 9, 9, 24, 1, 9, 118, 9999, 9999, 9999, 9999, 9999, 9999]]
[2823019.19, [4063, 4063, 4098, 4100, 4104, 4104, 4104, 4104, 4104, 4104, 4104, 4104, 4104, 4104, 4104, 4104, 4104, 4104, 4104, 4104, 4104, 4104, 4104, 4104, 4104, 4104, 4104, 4104, 4104, 4104, 4104, 4104, 4104, 4104, 4104, 4104, 4104, 4104], [13, 9, 9, 24, 1, 9, 118, 9999, 9999, 9999, 9999, 9999, 9999]]
[2823079.96, [4063, 4076, 4104, 4104, 4104, 4104, 4104, 4104, 4104, 4104, 4104, 4104, 4104, 4104, 4104, 4104, 4104, 4104, 4104, 4104, 4104, 4104, 4104, 4104, 4104, 4104, 4104, 4104, 4104, 4104, 4104, 4104, 4104, 4104, 4104, 4104, 4104, 4104], [13, 9, 9, 24, 1, 9, 118, 9999, 9999, 9999, 9999, 9999, 9999]]
[2823091.25, [4063, 4086, 4104, 4104, 4104, 4104, 4104, 4104, 4104, 4104, 4104, 4104, 4104, 4104, 4104, 4104, 4104, 4104, 4104, 4104, 4104, 4104, 4104, 4104, 4104, 4104, 4104, 4104, 4104, 4104, 4104, 4104, 4104, 4104, 4104, 4104, 4104, 4104], [13, 9, 9, 24, 1, 9, 118, 9999, 9999, 9999, 9999, 9999, 9999]]
[2823103.89, [4056, 4063, 4076, 4094, 4096, 4100, 4104, 4104, 4104, 4104, 4104, 4104, 4104, 4104, 4104, 4104, 4104, 4104, 4104, 4104, 4104, 4104, 4104, 4104, 4104, 4104, 4104, 4104, 4104, 4104, 4104, 4104, 4104, 4104, 4104, 4104, 4104, 4104], [13, 9, 9, 24, 1, 9, 118, 9999, 9999, 9999, 9999, 9999, 9999]]
[2823115.82, [4063, 4063, 4088, 4100, 4104, 4104, 4104, 4104, 4104, 4104, 4104, 4104, 4104, 4104, 4104, 4104, 4104, 4104, 4104, 4104, 4104, 4104, 4104, 4104, 4104, 4104, 4104, 4104, 4104, 4104, 4104, 4104, 4104, 4104, 4104, 4104, 4104, 4104], [13, 9, 9, 24, 1, 9, 118, 9999, 9999, 9999, 9999, 9999, 9999]]
[2823141.22, [4044, 4063, 4098, 4102, 4104, 4104, 4104, 4104, 4104, 4104, 4104, 4104, 4104, 4104, 4104, 4104, 4104, 4104, 4104, 4104, 4104, 4104, 4104, 4104, 4104, 4104, 4104, 4104, 4104, 4104, 4104, 4104, 4104, 4104, 4104, 4104, 4104, 4104], [13, 9, 9, 24, 1, 9, 118, 9999, 9999, 9999, 9999, 9999, 9999]]
[2823151.64, [4063, 4063, 4063, 4077, 4102, 4102, 4104, 4104, 4104, 4104, 4104, 4104, 4104, 4104, 4104, 4104, 4104, 4104, 4104, 4104, 4104, 4104, 4104, 4104, 4104, 4104, 4104, 4104, 4104, 4104, 4104, 4104, 4104, 4104, 4104, 4104, 4104, 4104], [13, 9, 9, 24, 1, 9, 118, 9999, 9999, 9999, 9999, 9999, 9999]]
[2823176.53, [4046, 4102, 4104, 4104, 4104, 4104, 4104, 4104, 4104, 4104, 4104, 4104, 4104, 4104, 4104, 4104, 4104, 4104, 4104, 4104, 4104, 4104, 4104, 4104, 4104, 4104, 4104, 4104, 4104, 4104, 4104, 4104, 4104, 4104, 4104, 4104, 4104, 4104], [13, 9, 9, 24, 1, 9, 118, 9999, 9999, 9999, 9999, 9999, 9999]]
[2823180.31, [4063, 4063, 4080, 4092, 4096, 4102, 4102, 4104, 4104, 4104, 4104, 4104, 4104, 4104, 4104, 4104, 4104, 4104, 4104, 4104, 4104, 4104, 4104, 4104, 4104, 4104, 4104, 4104, 4104, 4104, 4104, 4104, 4104, 4104, 4104, 4104, 4104, 4104], [13, 9, 9, 24, 1, 9, 118, 9999, 9999, 9999, 9999, 9999, 9999]]
[2823183.82, [4063, 4063, 4090, 4104, 4104, 4104, 4104, 4104, 4104, 4104, 4104, 4104, 4104, 4104, 4104, 4104, 4104, 4104, 4104, 4104, 4104, 4104, 4104, 4104, 4104, 4104, 4104, 4104, 4104, 4104, 4104, 4104, 4104, 4104, 4104, 4104, 4104, 4104], [13, 9, 9, 24, 1, 9, 118, 9999, 9999, 9999, 9999, 9999, 9999]]
[2823196.96, [4063, 4063, 4078, 4096, 4098, 4104, 4104, 4104, 4104, 4104, 4104, 4104, 4104, 4104, 4104, 4104, 4104, 4104, 4104, 4104, 4104, 4104, 4104, 4104, 4104, 4104, 4104, 4104, 4104, 4104, 4104, 4104, 4104, 4104, 4104, 4104, 4104, 4104], [13, 9, 9, 24, 1, 9, 118, 9999, 9999, 9999, 9999, 9999, 9999]]
[2823247.67, [4063, 4063, 4098, 4098, 4100, 4100, 4104, 4104, 4104, 4104, 4104, 4104, 4104, 4104, 4104, 4104, 4104, 4104, 4104, 4104, 4104, 4104, 4104, 4104, 4104, 4104, 4104, 4104, 4104, 4104, 4104, 4104, 4104, 4104, 4104, 4104, 4104, 4104], [13, 9, 9, 24, 1, 9, 119, 9999, 9999, 9999, 9999, 9999, 9999]]
[2823267.15, [4063, 4063, 4100, 4102, 4104, 4104, 4104, 4104, 4104, 4104, 4104, 4104, 4104, 4104, 4104, 4104, 4104, 4104, 4104, 4104, 4104, 4104, 4104, 4104, 4104, 4104, 4104, 4104, 4104, 4104, 4104, 4104, 4104, 4104, 4104, 4104, 4104, 4104], [13, 9, 9, 24, 1, 9, 118, 9999, 9999, 9999, 9999, 9999, 9999]]
[2823273.27, [4063, 4100, 4100, 4102, 4102, 4104, 4104, 4104, 4104, 4104, 4104, 4104, 4104, 4104, 4104, 4104, 4104, 4104, 4104, 4104, 4104, 4104, 4104, 4104, 4104, 4104, 4104, 4104, 4104, 4104, 4104, 4104, 4104, 4104, 4104, 4104, 4104, 4104], [13, 9, 9, 24, 1, 9, 117, 9999, 9999, 9999, 9999, 9999, 9999]]
[2823487.57, [4063, 4063, 4084, 4086, 4100, 4104, 4104, 4104, 4104, 4104, 4104, 4104, 4104, 4104, 4104, 4104, 4104, 4104, 4104, 4104, 4104, 4104, 4104, 4104, 4104, 4104, 4104, 4104, 4104, 4104, 4104, 4104, 4104, 4104, 4104, 4104, 4104, 4104], [13, 9, 9, 24, 1, 9, 118, 9999, 9999, 9999, 9999, 9999, 9999]]
[2823494.3, [4063, 4063, 4088, 4096, 4096, 4100, 4104, 4104, 4104, 4104, 4104, 4104, 4104, 4104, 4104, 4104, 4104, 4104, 4104, 4104, 4104, 4104, 4104, 4104, 4104, 4104, 4104, 4104, 4104, 4104, 4104, 4104, 4104, 4104, 4104, 4104, 4104, 4104], [13, 9, 9, 24, 1, 9, 118, 9999, 9999, 9999, 9999, 9999, 9999]]
[2823501.32, [4063, 4063, 4063, 4084, 4104, 4104, 4104, 4104, 4104, 4104, 4104, 4104, 4104, 4104, 4104, 4104, 4104, 4104, 4104, 4104, 4104, 4104, 4104, 4104, 4104, 4104, 4104, 4104, 4104, 4104, 4104, 4104, 4104, 4104, 4104, 4104, 4104, 4104], [13, 9, 9, 24, 1, 9, 118, 9999, 9999, 9999, 9999, 9999, 9999]]
[2823552.34, [4063, 4063, 4088, 4100, 4100, 4102, 4102, 4104, 4104, 4104, 4104, 4104, 4104, 4104, 4104, 4104, 4104, 4104, 4104, 4104, 4104, 4104, 4104, 4104, 4104, 4104, 4104, 4104, 4104, 4104, 4104, 4104, 4104, 4104, 4104, 4104, 4104, 4104], [13, 9, 9, 24, 1, 9, 118, 9999, 9999, 9999, 9999, 9999, 9999]]
[2823595.43, [4063, 4063, 4063, 4063, 4104, 4104, 4104, 4104, 4104, 4104, 4104, 4104, 4104, 4104, 4104, 4104, 4104, 4104, 4104, 4104, 4104, 4104, 4104, 4104, 4104, 4104, 4104, 4104, 4104, 4104, 4104, 4104, 4104, 4104, 4104, 4104, 4104, 4104], [13, 9, 9, 24, 1, 9, 118, 9999, 9999, 9999, 9999, 9999, 9999]]
[2823634.26, [4063, 4063, 4096, 4104, 4104, 4104, 4104, 4104, 4104, 4104, 4104, 4104, 4104, 4104, 4104, 4104, 4104, 4104, 4104, 4104, 4104, 4104, 4104, 4104, 4104, 4104, 4104, 4104, 4104, 4104, 4104, 4104, 4104, 4104, 4104, 4104, 4104, 4104], [13, 9, 9, 24, 1, 9, 118, 9999, 9999, 9999, 9999, 9999, 9999]]
[2823730.95, [4063, 4063, 4063, 4090, 4104, 4104, 4104, 4104, 4104, 4104, 4104, 4104, 4104, 4104, 4104, 4104, 4104, 4104, 4104, 4104, 4104, 4104, 4104, 4104, 4104, 4104, 4104, 4104, 4104, 4104, 4104, 4104, 4104, 4104, 4104, 4104, 4104, 4104], [13, 9, 9, 24, 1, 9, 118, 9999, 9999, 9999, 9999, 9999, 9999]]
[2823732.66, [4063, 4063, 4090, 4102, 4104, 4104, 4104, 4104, 4104, 4104, 4104, 4104, 4104, 4104, 4104, 4104, 4104, 4104, 4104, 4104, 4104, 4104, 4104, 4104, 4104, 4104, 4104, 4104, 4104, 4104, 4104, 4104, 4104, 4104, 4104, 4104, 4104, 4104], [13, 9, 9, 24, 1, 9, 118, 9999, 9999, 9999, 9999, 9999, 9999]]
[2823795.57, [4063, 4063, 4077, 4086, 4100, 4104, 4104, 4104, 4104, 4104, 4104, 4104, 4104, 4104, 4104, 4104, 4104, 4104, 4104, 4104, 4104, 4104, 4104, 4104, 4104, 4104, 4104, 4104, 4104, 4104, 4104, 4104, 4104, 4104, 4104, 4104, 4104, 4104], [13, 9, 9, 24, 1, 9, 118, 9999, 9999, 9999, 9999, 9999, 9999]]
[2823804.79, [4063, 4063, 4063, 4068, 4090, 4096, 4104, 4104, 4104, 4104, 4104, 4104, 4104, 4104, 4104, 4104, 4104, 4104, 4104, 4104, 4104, 4104, 4104, 4104, 4104, 4104, 4104, 4104, 4104, 4104, 4104, 4104, 4104, 4104, 4104, 4104, 4104, 4104], [13, 9, 9, 24, 1, 9, 118, 9999, 9999, 9999, 9999, 9999, 9999]]
[2823858.39, [4063, 4063, 4063, 4090, 4104, 4104, 4104, 4104, 4104, 4104, 4104, 4104, 4104, 4104, 4104, 4104, 4104, 4104, 4104, 4104, 4104, 4104, 4104, 4104, 4104, 4104, 4104, 4104, 4104, 4104, 4104, 4104, 4104, 4104, 4104, 4104, 4104, 4104], [13, 9, 9, 24, 1, 9, 118, 9999, 9999, 9999, 9999, 9999, 9999]]
[2823882.39, [4063, 4063, 4063, 4088, 4090, 4100, 4104, 4104, 4104, 4104, 4104, 4104, 4104, 4104, 4104, 4104, 4104, 4104, 4104, 4104, 4104, 4104, 4104, 4104, 4104, 4104, 4104, 4104, 4104, 4104, 4104, 4104, 4104, 4104, 4104, 4104, 4104, 4104], [13, 9, 9, 24, 1, 9, 118, 9999, 9999, 9999, 9999, 9999, 9999]]
[2823938.12, [4063, 4094, 4094, 4102, 4102, 4104, 4104, 4104, 4104, 4104, 4104, 4104, 4104, 4104, 4104, 4104, 4104, 4104, 4104, 4104, 4104, 4104, 4104, 4104, 4104, 4104, 4104, 4104, 4104, 4104, 4104, 4104, 4104, 4104, 4104, 4104, 4104, 4104], [13, 9, 9, 24, 1, 9, 116, 9999, 9999, 9999, 9999, 9999, 9999]]
[2823947.25, [4068, 4074, 4090, 4092, 4100, 4104, 4104, 4104, 4104, 4104, 4104, 4104, 4104, 4104, 4104, 4104, 4104, 4104, 4104, 4104, 4104, 4104, 4104, 4104, 4104, 4104, 4104, 4104, 4104, 4104, 4104, 4104, 4104, 4104, 4104, 4104, 4104, 4104], [13, 9, 9, 24, 1, 9, 115, 9999, 9999, 9999, 9999, 9999, 9999]]
[2823951.51, [4063, 4078, 4104, 4104, 4104, 4104, 4104, 4104, 4104, 4104, 4104, 4104, 4104, 4104, 4104, 4104, 4104, 4104, 4104, 4104, 4104, 4104, 4104, 4104, 4104, 4104, 4104, 4104, 4104, 4104, 4104, 4104, 4104, 4104, 4104, 4104, 4104, 4104], [13, 9, 9, 24, 1, 9, 115, 9999, 9999, 9999, 9999, 9999, 9999]]
[2823985.27, [4063, 4077, 4077, 4090, 4090, 4096, 4100, 4104, 4104, 4104, 4104, 4104, 4104, 4104, 4104, 4104, 4104, 4104, 4104, 4104, 4104, 4104, 4104, 4104, 4104, 4104, 4104, 4104, 4104, 4104, 4104, 4104, 4104, 4104, 4104, 4104, 4104, 4104], [13, 9, 9, 24, 1, 9, 118, 9999, 9999, 9999, 9999, 9999, 9999]]
[2824018.54, [4063, 4063, 4063, 4082, 4088, 4092, 4094, 4104, 4104, 4104, 4104, 4104, 4104, 4104, 4104, 4104, 4104, 4104, 4104, 4104, 4104, 4104, 4104, 4104, 4104, 4104, 4104, 4104, 4104, 4104, 4104, 4104, 4104, 4104, 4104, 4104, 4104, 4104], [13, 9, 9, 24, 1, 9, 118, 9999, 9999, 9999, 9999, 9999, 9999]]
[2824181.36, [4063, 4063, 4063, 4063, 4082, 4092, 4092, 4096, 4100, 4104, 4104, 4104, 4104, 4104, 4104, 4104, 4104, 4104, 4104, 4104, 4104, 4104, 4104, 4104, 4104, 4104, 4104, 4104, 4104, 4104, 4104, 4104, 4104, 4104, 4104, 4104, 4104, 4104], [13, 9, 9, 24, 1, 9, 118, 9999, 9999, 9999, 9999, 9999, 9999]]
[2824211.45, [4063, 4063, 4090, 4102, 4104, 4104, 4104, 4104, 4104, 4104, 4104, 4104, 4104, 4104, 4104, 4104, 4104, 4104, 4104, 4104, 4104, 4104, 4104, 4104, 4104, 4104, 4104, 4104, 4104, 4104, 4104, 4104, 4104, 4104, 4104, 4104, 4104, 4104], [13, 9, 9, 24, 1, 9, 118, 9999, 9999, 9999, 9999, 9999, 9999]]
[2824212.82, [4063, 4063, 4078, 4090, 4092, 4096, 4104, 4104, 4104, 4104, 4104, 4104, 4104, 4104, 4104, 4104, 4104, 4104, 4104, 4104, 4104, 4104, 4104, 4104, 4104, 4104, 4104, 4104, 4104, 4104, 4104, 4104, 4104, 4104, 4104, 4104, 4104, 4104], [13, 9, 9, 24, 1, 9, 118, 9999, 9999, 9999, 9999, 9999, 9999]]
[2824277.93, [4063, 4063, 4077, 4104, 4104, 4104, 4104, 4104, 4104, 4104, 4104, 4104, 4104, 4104, 4104, 4104, 4104, 4104, 4104, 4104, 4104, 4104, 4104, 4104, 4104, 4104, 4104, 4104, 4104, 4104, 4104, 4104, 4104, 4104, 4104, 4104, 4104, 4104], [13, 9, 9, 24, 1, 9, 118, 9999, 9999, 9999, 9999, 9999, 9999]]
[2824290.16, [4072, 4092, 4096, 4102, 4102, 4104, 4104, 4104, 4104, 4104, 4104, 4104, 4104, 4104, 4104, 4104, 4104, 4104, 4104, 4104, 4104, 4104, 4104, 4104, 4104, 4104, 4104, 4104, 4104, 4104, 4104, 4104, 4104, 4104, 4104, 4104, 4104, 4104], [13, 9, 9, 24, 1, 8, 117, 9999, 9999, 9999, 9999, 9999, 9999]]
[2824309.82, [4063, 4063, 4063, 4063, 4063, 4086, 4086, 4090, 4090, 4096, 4102, 4104, 4104, 4104, 4104, 4104, 4104, 4104, 4104, 4104, 4104, 4104, 4104, 4104, 4104, 4104, 4104, 4104, 4104, 4104, 4104, 4104, 4104, 4104, 4104, 4104, 4104, 4104], [13, 9, 9, 24, 1, 9, 118, 9999, 9999, 9999, 9999, 9999, 9999]]
[2824633.39, [4102, 4104, 4104, 4104, 4104, 4104, 4104, 4104, 4104, 4104, 4104, 4104, 4104, 4104, 4104, 4104, 4104, 4104, 4104, 4104, 4104, 4104, 4104, 4104, 4104, 4104, 4104, 4104, 4104, 4104, 4104, 4104, 4104, 4104, 4104, 4104, 4104, 4104], [13, 9, 9, 24, 1, 8, 119, 9999, 9999, 9999, 9999, 9999, 9999]]
[2824645.16, [4063, 4063, 4102, 4102, 4104, 4104, 4104, 4104, 4104, 4104, 4104, 4104, 4104, 4104, 4104, 4104, 4104, 4104, 4104, 4104, 4104, 4104, 4104, 4104, 4104, 4104, 4104, 4104, 4104, 4104, 4104, 4104, 4104, 4104, 4104, 4104, 4104, 4104], [13, 9, 9, 24, 1, 9, 114, 9999, 9999, 9999, 9999, 9999, 9999]]
[2824646.43, [4063, 4063, 4063, 4063, 4094, 4096, 4098, 4104, 4104, 4104, 4104, 4104, 4104, 4104, 4104, 4104, 4104, 4104, 4104, 4104, 4104, 4104, 4104, 4104, 4104, 4104, 4104, 4104, 4104, 4104, 4104, 4104, 4104, 4104, 4104, 4104, 4104, 4104], [13, 9, 9, 24, 1, 9, 118, 9999, 9999, 9999, 9999, 9999, 9999]]
[2825112.42, [4063, 4063, 4077, 4090, 4098, 4104, 4104, 4104, 4104, 4104, 4104, 4104, 4104, 4104, 4104, 4104, 4104, 4104, 4104, 4104, 4104, 4104, 4104, 4104, 4104, 4104, 4104, 4104, 4104, 4104, 4104, 4104, 4104, 4104, 4104, 4104, 4104, 4104], [13, 9, 9, 24, 1, 9, 114, 9999, 9999, 9999, 9999, 9999, 9999]]
[2825287.19, [4063, 4063, 4063, 4063, 4063, 4104, 4104, 4104, 4104, 4104, 4104, 4104, 4104, 4104, 4104, 4104, 4104, 4104, 4104, 4104, 4104, 4104, 4104, 4104, 4104, 4104, 4104, 4104, 4104, 4104, 4104, 4104, 4104, 4104, 4104, 4104, 4104, 4104], [13, 9, 9, 24, 1, 9, 118, 9999, 9999, 9999, 9999, 9999, 9999]]
[2826476.35, [4044, 4044, 4044, 4092, 4096, 4100, 4102, 4104, 4104, 4104, 4104, 4104, 4104, 4104, 4104, 4104, 4104, 4104, 4104, 4104, 4104, 4104, 4104, 4104, 4104, 4104, 4104, 4104, 4104, 4104, 4104, 4104, 4104, 4104, 4104, 4104, 4104, 4104], [13, 9, 9, 24, 1, 8, 118, 9999, 9999, 9999, 9999, 9999, 9999]]
[2826588.76, [4044, 4044, 4100, 4102, 4104, 4104, 4104, 4104, 4104, 4104, 4104, 4104, 4104, 4104, 4104, 4104, 4104, 4104, 4104, 4104, 4104, 4104, 4104, 4104, 4104, 4104, 4104, 4104, 4104, 4104, 4104, 4104, 4104, 4104, 4104, 4104, 4104, 4104], [13, 9, 9, 24, 1, 8, 117, 9999, 9999, 9999, 9999, 9999, 9999]]
[2827235.39, [4044, 4044, 4044, 4102, 4102, 4104, 4104, 4104, 4104, 4104, 4104, 4104, 4104, 4104, 4104, 4104, 4104, 4104, 4104, 4104, 4104, 4104, 4104, 4104, 4104, 4104, 4104, 4104, 4104, 4104, 4104, 4104, 4104, 4104, 4104, 4104, 4104, 4104], [13, 9, 9, 24, 1, 8, 118, 9999, 9999, 9999, 9999, 9999, 9999]]
[2827705.22, [4044, 4044, 4044, 4082, 4092, 4102, 4104, 4104, 4104, 4104, 4104, 4104, 4104, 4104, 4104, 4104, 4104, 4104, 4104, 4104, 4104, 4104, 4104, 4104, 4104, 4104, 4104, 4104, 4104, 4104, 4104, 4104, 4104, 4104, 4104, 4104, 4104, 4104], [13, 9, 9, 24, 1, 8, 118, 9999, 9999, 9999, 9999, 9999, 9999]]
[2834350.81, [4035, 4056, 4090, 4090, 4090, 4090, 4090, 4090, 4090, 4090, 4090, 4090, 4090, 4090, 4090, 4090, 4090, 4090, 4090, 4090, 4090, 4090, 4090, 4090, 4090, 4090, 4090, 4090, 4090, 4090, 4090, 4090, 4090, 4090, 4090, 4090, 4090, 4090], [13, 9, 9, 24, 1, 7, 118, 9999, 9999, 9999, 9999, 9999, 9999]]
[2834917.45, [4024, 4024, 4024, 4066, 4084, 4090, 4090, 4090, 4090, 4090, 4090, 4090, 4090, 4090, 4090, 4090, 4090, 4090, 4090, 4090, 4090, 4090, 4090, 4090, 4090, 4090, 4090, 4090, 4090, 4090, 4090, 4090, 4090, 4090, 4090, 4090, 4090, 4090], [13, 9, 9, 24, 1, 7, 116, 9999, 9999, 9999, 9999, 9999, 9999]]
[2835323.95, [4024, 4024, 4024, 4066, 4087, 4087, 4090, 4090, 4090, 4090, 4090, 4090, 4090, 4090, 4090, 4090, 4090, 4090, 4090, 4090, 4090, 4090, 4090, 4090, 4090, 4090, 4090, 4090, 4090, 4090, 4090, 4090, 4090, 4090, 4090, 4090, 4090, 4090], [13, 9, 9, 24, 1, 7, 116, 9999, 9999, 9999, 9999, 9999, 9999]]
[2835594.0, [4024, 4024, 4024, 4024, 4045, 4090, 4090, 4090, 4090, 4090, 4090, 4090, 4090, 4090, 4090, 4090, 4090, 4090, 4090, 4090, 4090, 4090, 4090, 4090, 4090, 4090, 4090, 4090, 4090, 4090, 4090, 4090, 4090, 4090, 4090, 4090, 4090, 4090], [13, 9, 9, 24, 1, 7, 118, 9999, 9999, 9999, 9999, 9999, 9999]]
[2861387.81, [4005, 4014, 4020, 4032, 4033, 4038, 4041, 4041, 4041, 4041, 4041, 4041, 4041, 4041, 4041, 4041, 4041, 4041, 4041, 4041, 4041, 4041, 4041, 4041, 4041, 4041, 4041, 4041, 4041, 4041, 4041, 4041, 4041, 4041, 4041, 4041, 4041, 4041], [13, 9, 9, 24, 1, 6, 118, 9999, 9999, 9999, 9999, 9999, 9999]]
[2861973.85, [4005, 4041, 4041, 4041, 4041, 4041, 4041, 4041, 4041, 4041, 4041, 4041, 4041, 4041, 4041, 4041, 4041, 4041, 4041, 4041, 4041, 4041, 4041, 4041, 4041, 4041, 4041, 4041, 4041, 4041, 4041, 4041, 4041, 4041, 4041, 4041, 4041, 4041], [13, 9, 9, 24, 1, 6, 115, 9999, 9999, 9999, 9999, 9999, 9999]]
