SimulationV011.py[0, [0, 18, 18, 0, 0, 0]]
[1, [0, 36, 36, 0, 0, 0]]
[2, [52, 54, 54, 0, 0, 0]]
[3, [52, 72, 72, 0, 0, 0]]
[4, [52, 90, 90, 0, 0, 0]]
[5, [104, 108, 108, 0, 0, 0]]
[6, [104, 126, 126, 0, 0, 0]]
[7, [104, 144, 144, 0, 0, 0]]
[8, [156, 162, 162, 0, 0, 0]]
[9, [156, 180, 180, 0, 0, 0]]
[10, [156, 198, 198, 0, 0, 0]]
[11, [208, 216, 216, 0, 0, 0]]
[12, [208, 234, 234, 0, 0, 0]]
[13, [208, 252, 252, 0, 0, 0]]
[14, [260, 270, 270, 0, 0, 0]]
[15, [260, 288, 288, 0, 0, 0]]
[16, [260, 306, 306, 0, 0, 0]]
[17, [312, 324, 324, 0, 0, 0]]
[18, [312, 342, 342, 0, 0, 0]]
[19, [312, 360, 360, 360, 0, 0]]
[20, [364, 378, 378, 216, 144, 0]]
[21, [338, 370, 370, 72, 261, 1]]
[22, [310, 360, 360, 72, 234, 0]]
[23, [336, 352, 352, 72, 207, 1]]
[24, [316, 350, 350, 72, 180, 8]]
[25, [316, 368, 368, 72, 153, 35]]
[26, [368, 386, 386, 72, 126, 62]]
[27, [368, 404, 404, 72, 99, 89]]
[28, [342, 396, 396, 72, 72, 90]]
[29, [366, 386, 386, 72, 45, 89]]
[30, [340, 378, 378, 72, 18, 90]]
[31, [320, 376, 376, 72, 0, 88]]
[32, [372, 394, 394, 72, 0, 88]]
[33, [372, 412, 412, 72, 0, 88]]
[34, [372, 430, 430, 72, 0, 88]]
[35, [398, 422, 422, 72, 0, 62]]
[36, [370, 412, 412, 72, 0, 34]]
[37, [344, 404, 404, 72, 0, 8]]
[38, [388, 414, 414, 72, 0, 0]]
[39, [388, 432, 432, 432, 0, 0]]
[40, [388, 450, 450, 288, 144, 0]]
[41, [428, 456, 456, 144, 261, 15]]
[42, [402, 448, 448, 0, 378, 16]]
[43, [374, 438, 438, 0, 351, 15]]
[44, [400, 430, 430, 0, 324, 16]]
[45, [392, 440, 440, 0, 297, 35]]
[46, [392, 458, 458, 0, 270, 62]]
[47, [444, 476, 476, 0, 243, 89]]
[48, [432, 482, 482, 0, 216, 104]]
[49, [406, 474, 474, 0, 189, 105]]
[50, [430, 464, 464, 0, 162, 104]]
[51, [404, 456, 456, 0, 135, 105]]
[52, [396, 466, 466, 0, 108, 124]]
[53, [448, 484, 484, 0, 81, 151]]
[54, [448, 502, 502, 0, 54, 178]]
[55, [436, 508, 508, 0, 27, 193]]
[56, [462, 500, 500, 0, 0, 194]]
[57, [434, 490, 490, 0, 0, 166]]
[58, [408, 482, 482, 0, 0, 140]]
[59, [452, 492, 492, 360, 0, 132]]
[60, [452, 510, 510, 216, 144, 132]]
[61, [452, 528, 528, 72, 261, 159]]
[62, [492, 534, 534, 72, 234, 174]]
[63, [466, 526, 526, 72, 207, 175]]
[64, [438, 516, 516, 72, 180, 174]]
[65, [464, 508, 508, 72, 153, 175]]
[66, [456, 518, 518, 72, 126, 194]]
[67, [456, 536, 536, 72, 99, 221]]
[68, [508, 554, 554, 72, 72, 248]]
[69, [496, 560, 560, 72, 45, 263]]
[70, [470, 552, 552, 72, 18, 264]]
[71, [494, 542, 542, 72, 0, 254]]
[72, [468, 534, 534, 72, 0, 228]]
[73, [460, 544, 544, 72, 0, 220]]
[74, [512, 562, 562, 72, 0, 220]]
[75, [512, 580, 580, 72, 0, 220]]
[76, [500, 586, 586, 72, 0, 208]]
[77, [526, 578, 578, 72, 0, 182]]
[78, [498, 568, 568, 72, 0, 154]]
[79, [472, 560, 560, 432, 0, 128]]
[80, [516, 570, 570, 288, 144, 120]]
[81, [516, 588, 588, 144, 261, 147]]
[82, [516, 606, 606, 0, 378, 174]]
[83, [556, 612, 612, 0, 351, 189]]
[84, [530, 604, 604, 0, 324, 190]]
[85, [502, 594, 594, 0, 297, 189]]
[86, [528, 586, 586, 0, 270, 190]]
[87, [520, 596, 596, 0, 243, 209]]
[88, [520, 614, 614, 0, 216, 236]]
[89, [572, 632, 632, 0, 189, 263]]
[90, [560, 638, 638, 0, 162, 278]]
[91, [534, 630, 630, 0, 135, 279]]
[92, [558, 620, 620, 0, 108, 278]]
[93, [532, 612, 612, 0, 81, 279]]
[94, [524, 622, 622, 0, 54, 298]]
[95, [576, 640, 640, 0, 27, 325]]
[96, [576, 658, 658, 0, 0, 352]]
[97, [564, 664, 664, 0, 0, 340]]
[98, [590, 656, 656, 0, 0, 314]]
[99, [562, 646, 646, 360, 0, 286]]
[100, [538, 640, 640, 216, 144, 262]]
[101, [582, 650, 650, 72, 261, 281]]
[102, [582, 668, 668, 72, 234, 308]]
[103, [582, 686, 686, 72, 207, 335]]
[104, [624, 694, 694, 72, 180, 352]]
[105, [600, 688, 688, 72, 153, 355]]
[106, [574, 680, 680, 72, 126, 356]]
[107, [602, 674, 674, 72, 99, 359]]
[108, [596, 686, 686, 72, 72, 380]]
[109, [596, 704, 704, 72, 45, 407]]
[110, [648, 722, 722, 72, 18, 434]]
[111, [638, 730, 730, 72, 0, 442]]
[112, [616, 726, 726, 72, 0, 420]]
[113, [644, 720, 720, 72, 0, 396]]
[114, [624, 718, 718, 72, 0, 376]]
[115, [618, 730, 730, 72, 0, 370]]
[116, [670, 748, 748, 72, 0, 370]]
[117, [670, 766, 766, 72, 0, 370]]
[118, [662, 776, 776, 72, 0, 362]]
[119, [700, 780, 780, 432, 0, 348]]
[120, [686, 784, 784, 288, 144, 334]]
[121, [676, 792, 792, 144, 261, 351]]
[122, [726, 808, 808, 0, 378, 376]]
[123, [726, 826, 826, 0, 351, 403]]
[124, [726, 844, 844, 0, 324, 430]]
[125, [774, 858, 858, 0, 297, 453]]
[126, [770, 872, 872, 0, 270, 476]]
[127, [760, 880, 880, 0, 243, 493]]
[128, [806, 892, 892, 0, 216, 514]]
[129, [802, 906, 906, 0, 189, 537]]
[130, [802, 924, 924, 0, 162, 564]]
[131, [854, 942, 942, 0, 135, 591]]
[132, [854, 960, 960, 0, 108, 618]]
[133, [852, 976, 976, 0, 81, 643]]
[134, [896, 986, 986, 0, 54, 662]]
[135, [894, 1002, 1002, 0, 27, 687]]
[136, [890, 1016, 1016, 0, 0, 710]]
[137, [940, 1032, 1032, 0, 0, 708]]
[138, [940, 1050, 1050, 0, 0, 708]]
[139, [940, 1068, 1068, 360, 0, 708]]
[140, [990, 1084, 1084, 216, 144, 706]]
[141, [984, 1096, 1096, 72, 261, 727]]
[142, [980, 1110, 1110, 72, 234, 750]]
[143, [1026, 1122, 1122, 72, 207, 771]]
[144, [1024, 1138, 1138, 72, 180, 796]]
[145, [1024, 1156, 1156, 72, 153, 823]]
[146, [1076, 1174, 1174, 72, 126, 850]]
[147, [1072, 1188, 1188, 72, 99, 873]]
[148, [1058, 1192, 1192, 72, 72, 886]]
[149, [1096, 1196, 1196, 72, 45, 899]]
[150, [1080, 1198, 1198, 72, 18, 910]]
[151, [1074, 1210, 1210, 72, 0, 922]]
[152, [1126, 1228, 1228, 72, 0, 922]]
[153, [1126, 1246, 1246, 72, 0, 922]]
[154, [1118, 1256, 1256, 72, 0, 914]]
[155, [1148, 1252, 1252, 72, 0, 892]]
[156, [1130, 1252, 1252, 72, 0, 874]]
[157, [1110, 1250, 1250, 72, 0, 854]]
[158, [1156, 1262, 1262, 72, 0, 848]]
[159, [1156, 1280, 1280, 432, 0, 848]]
[160, [1156, 1298, 1298, 288, 144, 848]]
[161, [1196, 1304, 1304, 144, 261, 863]]
[162, [1170, 1296, 1296, 0, 378, 864]]
[163, [1148, 1292, 1292, 0, 351, 869]]
[164, [1174, 1284, 1284, 0, 324, 870]]
[165, [1168, 1296, 1296, 0, 297, 891]]
[166, [1168, 1314, 1314, 0, 270, 918]]
[167, [1220, 1332, 1332, 0, 243, 945]]
[168, [1208, 1338, 1338, 0, 216, 960]]
[169, [1182, 1330, 1330, 0, 189, 961]]
[170, [1208, 1322, 1322, 0, 162, 962]]
[171, [1182, 1314, 1314, 0, 135, 963]]
[172, [1174, 1324, 1324, 0, 108, 982]]
[173, [1226, 1342, 1342, 0, 81, 1009]]
[174, [1226, 1360, 1360, 0, 54, 1036]]
[175, [1214, 1366, 1366, 0, 27, 1051]]
[176, [1240, 1358, 1358, 0, 0, 1052]]
[177, [1214, 1350, 1350, 0, 0, 1026]]
[178, [1188, 1342, 1342, 0, 0, 1000]]
[179, [1232, 1352, 1352, 360, 0, 992]]
[180, [1232, 1370, 1370, 216, 144, 992]]
[181, [1232, 1388, 1388, 72, 261, 1019]]
[182, [1272, 1394, 1394, 72, 234, 1034]]
[183, [1246, 1386, 1386, 72, 207, 1035]]
[184, [1218, 1376, 1376, 72, 180, 1034]]
[185, [1244, 1368, 1368, 72, 153, 1035]]
[186, [1236, 1378, 1378, 72, 126, 1054]]
[187, [1236, 1396, 1396, 72, 99, 1081]]
[188, [1288, 1414, 1414, 72, 72, 1108]]
[189, [1276, 1420, 1420, 72, 45, 1123]]
[190, [1250, 1412, 1412, 72, 18, 1124]]
[191, [1274, 1402, 1402, 72, 0, 1114]]
[192, [1248, 1394, 1394, 72, 0, 1088]]
[193, [1240, 1404, 1404, 72, 0, 1080]]
[194, [1292, 1422, 1422, 72, 0, 1080]]
[195, [1292, 1440, 1440, 72, 0, 1080]]
[196, [1280, 1446, 1446, 72, 0, 1068]]
[197, [1306, 1438, 1438, 72, 0, 1042]]
[198, [1278, 1428, 1428, 72, 0, 1014]]
[199, [1252, 1420, 1420, 432, 0, 988]]
[200, [1296, 1430, 1430, 288, 144, 980]]
[201, [1296, 1448, 1448, 144, 261, 1007]]
[202, [1296, 1466, 1466, 0, 378, 1034]]
[203, [1336, 1472, 1472, 0, 351, 1049]]
[204, [1310, 1464, 1464, 0, 324, 1050]]
[205, [1282, 1454, 1454, 0, 297, 1049]]
[206, [1308, 1446, 1446, 0, 270, 1050]]
[207, [1300, 1456, 1456, 0, 243, 1069]]
[208, [1300, 1474, 1474, 0, 216, 1096]]
[209, [1352, 1492, 1492, 0, 189, 1123]]
[210, [1340, 1498, 1498, 0, 162, 1138]]
[211, [1314, 1490, 1490, 0, 135, 1139]]
[212, [1338, 1480, 1480, 0, 108, 1138]]
[213, [1312, 1472, 1472, 0, 81, 1139]]
[214, [1304, 1482, 1482, 0, 54, 1158]]
[215, [1356, 1500, 1500, 0, 27, 1185]]
[216, [1356, 1518, 1518, 0, 0, 1212]]
[217, [1344, 1524, 1524, 0, 0, 1200]]
[218, [1370, 1516, 1516, 0, 0, 1174]]
[219, [1342, 1506, 1506, 360, 0, 1146]]
[220, [1316, 1498, 1498, 216, 144, 1120]]
[221, [1360, 1508, 1508, 72, 261, 1139]]
[222, [1360, 1526, 1526, 72, 234, 1166]]
[223, [1360, 1544, 1544, 72, 207, 1193]]
[224, [1400, 1550, 1550, 72, 180, 1208]]
[225, [1374, 1542, 1542, 72, 153, 1209]]
[226, [1346, 1532, 1532, 72, 126, 1208]]
[227, [1372, 1524, 1524, 72, 99, 1209]]
[228, [1364, 1534, 1534, 72, 72, 1228]]
[229, [1364, 1552, 1552, 72, 45, 1255]]
[230, [1416, 1570, 1570, 72, 18, 1282]]
[231, [1404, 1576, 1576, 72, 0, 1288]]
[232, [1378, 1568, 1568, 72, 0, 1262]]
[233, [1402, 1558, 1558, 72, 0, 1234]]
[234, [1378, 1552, 1552, 72, 0, 1210]]
[235, [1370, 1562, 1562, 72, 0, 1202]]
[236, [1422, 1580, 1580, 72, 0, 1202]]
[237, [1422, 1598, 1598, 72, 0, 1202]]
[238, [1410, 1604, 1604, 72, 0, 1190]]
[239, [1436, 1596, 1596, 432, 0, 1164]]
[240, [1408, 1586, 1586, 288, 144, 1136]]
[241, [1384, 1580, 1580, 144, 261, 1139]]
[242, [1428, 1590, 1590, 0, 378, 1158]]
[243, [1428, 1608, 1608, 0, 351, 1185]]
[244, [1428, 1626, 1626, 0, 324, 1212]]
[245, [1470, 1634, 1634, 0, 297, 1229]]
[246, [1444, 1626, 1626, 0, 270, 1230]]
[247, [1416, 1616, 1616, 0, 243, 1229]]
[248, [1444, 1610, 1610, 0, 216, 1232]]
[249, [1438, 1622, 1622, 0, 189, 1253]]
[250, [1438, 1640, 1640, 0, 162, 1280]]
[251, [1490, 1658, 1658, 0, 135, 1307]]
[252, [1480, 1666, 1666, 0, 108, 1324]]
[253, [1456, 1660, 1660, 0, 81, 1327]]
[254, [1484, 1654, 1654, 0, 54, 1330]]
[255, [1460, 1648, 1648, 0, 27, 1333]]
[256, [1456, 1662, 1662, 0, 0, 1356]]
[257, [1508, 1680, 1680, 0, 0, 1356]]
[258, [1508, 1698, 1698, 0, 0, 1356]]
[259, [1498, 1706, 1706, 360, 0, 1346]]
[260, [1530, 1704, 1704, 216, 144, 1326]]
[261, [1510, 1702, 1702, 72, 261, 1333]]
[262, [1492, 1702, 1702, 72, 234, 1342]]
[263, [1538, 1714, 1714, 72, 207, 1363]]
[264, [1538, 1732, 1732, 72, 180, 1390]]
[265, [1538, 1750, 1750, 72, 153, 1417]]
[266, [1584, 1762, 1762, 72, 126, 1438]]
[267, [1566, 1762, 1762, 72, 99, 1447]]
[268, [1546, 1760, 1760, 72, 72, 1454]]
[269, [1584, 1764, 1764, 72, 48, 1464]]
[270, [1578, 1776, 1776, 72, 24, 1482]]
[271, [1578, 1794, 1794, 72, 0, 1506]]
[272, [1630, 1812, 1812, 72, 0, 1506]]
[273, [1628, 1828, 1828, 72, 0, 1504]]
[274, [1614, 1832, 1832, 72, 0, 1490]]
[275, [1652, 1836, 1836, 72, 0, 1476]]
[276, [1640, 1842, 1842, 72, 0, 1464]]
[277, [1636, 1856, 1856, 72, 0, 1460]]
[278, [1686, 1872, 1872, 72, 0, 1458]]
[279, [1686, 1890, 1890, 432, 0, 1458]]
[280, [1686, 1908, 1908, 288, 144, 1458]]
[281, [1734, 1922, 1922, 144, 261, 1481]]
[282, [1722, 1928, 1928, 0, 378, 1496]]
[283, [1712, 1936, 1936, 0, 351, 1513]]
[284, [1762, 1952, 1952, 0, 324, 1538]]
[285, [1758, 1966, 1966, 0, 297, 1561]]
[286, [1758, 1984, 1984, 0, 270, 1588]]
[287, [1810, 2002, 2002, 0, 243, 1615]]
[288, [1808, 2018, 2018, 0, 216, 1640]]
[289, [1796, 2024, 2024, 0, 189, 1655]]
[290, [1834, 2028, 2028, 0, 162, 1668]]
[291, [1826, 2038, 2038, 0, 135, 1687]]
[292, [1822, 2052, 2052, 0, 108, 1710]]
[293, [1874, 2070, 2070, 0, 81, 1737]]
[294, [1874, 2088, 2088, 0, 54, 1764]]
[295, [1868, 2100, 2100, 0, 27, 1785]]
[296, [1906, 2104, 2104, 0, 0, 1798]]
[297, [1896, 2112, 2112, 0, 0, 1788]]
[298, [1884, 2118, 2118, 0, 0, 1776]]
[299, [1932, 2132, 2132, 360, 0, 1772]]
[300, [1932, 2150, 2150, 216, 144, 1772]]
[301, [1932, 2168, 2168, 72, 261, 1799]]
[302, [1974, 2176, 2176, 72, 234, 1816]]
[303, [1960, 2180, 2180, 72, 207, 1829]]
[304, [1946, 2184, 2184, 72, 180, 1842]]
[305, [1984, 2188, 2188, 72, 153, 1855]]
[306, [1978, 2200, 2200, 72, 126, 1876]]
[307, [1978, 2218, 2218, 72, 99, 1903]]
[308, [2030, 2236, 2236, 72, 72, 1930]]
[309, [2018, 2242, 2242, 72, 45, 1945]]
[310, [1994, 2236, 2236, 72, 18, 1948]]
[311, [2028, 2236, 2236, 72, 0, 1948]]
[312, [2008, 2234, 2234, 72, 0, 1928]]
[313, [2000, 2244, 2244, 72, 0, 1920]]
[314, [2052, 2262, 2262, 72, 0, 1920]]
[315, [2052, 2280, 2280, 72, 0, 1920]]
[316, [2040, 2286, 2286, 72, 0, 1908]]
[317, [2066, 2278, 2278, 72, 0, 1882]]
[318, [2044, 2274, 2274, 72, 0, 1860]]
[319, [2024, 2272, 2272, 432, 0, 1840]]
[320, [2068, 2282, 2282, 288, 144, 1832]]
[321, [2068, 2300, 2300, 144, 261, 1859]]
[322, [2068, 2318, 2318, 0, 378, 1886]]
[323, [2108, 2324, 2324, 0, 351, 1901]]
[324, [2082, 2316, 2316, 0, 324, 1902]]
[325, [2060, 2312, 2312, 0, 297, 1907]]
[326, [2088, 2306, 2306, 0, 270, 1910]]
[327, [2080, 2316, 2316, 0, 243, 1929]]
[328, [2080, 2334, 2334, 0, 216, 1956]]
[329, [2132, 2352, 2352, 0, 189, 1983]]
[330, [2120, 2358, 2358, 0, 162, 1998]]
[331, [2094, 2350, 2350, 0, 135, 1999]]
[332, [2118, 2340, 2340, 0, 108, 1998]]
[333, [2092, 2332, 2332, 0, 81, 1999]]
[334, [2084, 2342, 2342, 0, 54, 2018]]
[335, [2136, 2360, 2360, 0, 27, 2045]]
[336, [2136, 2378, 2378, 0, 0, 2072]]
[337, [2124, 2384, 2384, 0, 0, 2060]]
[338, [2150, 2376, 2376, 0, 0, 2034]]
[339, [2122, 2366, 2366, 360, 0, 2006]]
[340, [2096, 2358, 2358, 216, 144, 1980]]
[341, [2140, 2368, 2368, 72, 261, 1999]]
[342, [2140, 2386, 2386, 72, 234, 2026]]
[343, [2140, 2404, 2404, 72, 207, 2053]]
[344, [2180, 2410, 2410, 72, 180, 2068]]
[345, [2154, 2402, 2402, 72, 153, 2069]]
[346, [2126, 2392, 2392, 72, 126, 2068]]
[347, [2152, 2384, 2384, 72, 99, 2069]]
[348, [2144, 2394, 2394, 72, 72, 2088]]
[349, [2144, 2412, 2412, 72, 45, 2115]]
[350, [2196, 2430, 2430, 72, 18, 2142]]
[351, [2184, 2436, 2436, 72, 0, 2148]]
[352, [2158, 2428, 2428, 72, 0, 2122]]
[353, [2182, 2418, 2418, 72, 0, 2094]]
[354, [2156, 2410, 2410, 72, 0, 2068]]
[355, [2148, 2420, 2420, 72, 0, 2060]]
[356, [2200, 2438, 2438, 72, 0, 2060]]
[357, [2200, 2456, 2456, 72, 0, 2060]]
[358, [2188, 2462, 2462, 72, 0, 2048]]
[359, [2214, 2454, 2454, 432, 0, 2022]]
[360, [2186, 2444, 2444, 288, 144, 1994]]
[361, [2160, 2436, 2436, 144, 261, 1995]]
[362, [2204, 2446, 2446, 0, 378, 2014]]
[363, [2204, 2464, 2464, 0, 351, 2041]]
[364, [2204, 2482, 2482, 0, 324, 2068]]
[365, [2244, 2488, 2488, 0, 297, 2083]]
[366, [2218, 2480, 2480, 0, 270, 2084]]
[367, [2190, 2470, 2470, 0, 243, 2083]]
[368, [2216, 2462, 2462, 0, 216, 2084]]
[369, [2208, 2472, 2472, 0, 189, 2103]]
[370, [2208, 2490, 2490, 0, 162, 2130]]
[371, [2260, 2508, 2508, 0, 135, 2157]]
[372, [2248, 2514, 2514, 0, 108, 2172]]
[373, [2222, 2506, 2506, 0, 81, 2173]]
[374, [2246, 2496, 2496, 0, 54, 2172]]
[375, [2220, 2488, 2488, 0, 27, 2173]]
[376, [2212, 2498, 2498, 0, 0, 2192]]
[377, [2264, 2516, 2516, 0, 0, 2192]]
[378, [2264, 2534, 2534, 0, 0, 2192]]
[379, [2252, 2540, 2540, 360, 0, 2180]]
[380, [2278, 2532, 2532, 216, 144, 2154]]
[381, [2250, 2522, 2522, 72, 261, 2153]]
[382, [2224, 2514, 2514, 72, 234, 2154]]
[383, [2268, 2524, 2524, 72, 207, 2173]]
[384, [2268, 2542, 2542, 72, 180, 2200]]
[385, [2268, 2560, 2560, 72, 153, 2227]]
[386, [2308, 2566, 2566, 72, 126, 2242]]
[387, [2282, 2558, 2558, 72, 99, 2243]]
[388, [2254, 2548, 2548, 72, 72, 2242]]
[389, [2280, 2540, 2540, 72, 45, 2243]]
[390, [2272, 2550, 2550, 72, 18, 2262]]
[391, [2272, 2568, 2568, 72, 0, 2280]]
[392, [2324, 2586, 2586, 72, 0, 2280]]
[393, [2312, 2592, 2592, 72, 0, 2268]]
[394, [2286, 2584, 2584, 72, 0, 2242]]
[395, [2310, 2574, 2574, 72, 0, 2214]]
[396, [2284, 2566, 2566, 72, 0, 2188]]
[397, [2276, 2576, 2576, 72, 0, 2180]]
[398, [2328, 2594, 2594, 72, 0, 2180]]
[399, [2328, 2612, 2612, 432, 0, 2180]]
[400, [2316, 2618, 2618, 288, 144, 2168]]
[401, [2342, 2610, 2610, 144, 261, 2169]]
[402, [2314, 2600, 2600, 0, 378, 2168]]
[403, [2288, 2592, 2592, 0, 351, 2169]]
[404, [2332, 2602, 2602, 0, 324, 2188]]
[405, [2332, 2620, 2620, 0, 297, 2215]]
[406, [2332, 2638, 2638, 0, 270, 2242]]
[407, [2372, 2644, 2644, 0, 243, 2257]]
[408, [2346, 2636, 2636, 0, 216, 2258]]
[409, [2318, 2626, 2626, 0, 189, 2257]]
[410, [2344, 2618, 2618, 0, 162, 2258]]
[411, [2336, 2628, 2628, 0, 135, 2277]]
[412, [2336, 2646, 2646, 0, 108, 2304]]
[413, [2388, 2664, 2664, 0, 81, 2331]]
[414, [2376, 2670, 2670, 0, 54, 2346]]
[415, [2350, 2662, 2662, 0, 27, 2347]]
[416, [2374, 2652, 2652, 0, 0, 2346]]
[417, [2348, 2644, 2644, 0, 0, 2320]]
[418, [2340, 2654, 2654, 0, 0, 2312]]
[419, [2392, 2672, 2672, 360, 0, 2312]]
[420, [2392, 2690, 2690, 216, 144, 2312]]
[421, [2380, 2696, 2696, 72, 261, 2327]]
[422, [2406, 2688, 2688, 72, 234, 2328]]
[423, [2378, 2678, 2678, 72, 207, 2327]]
[424, [2352, 2670, 2670, 72, 180, 2328]]
[425, [2396, 2680, 2680, 72, 153, 2347]]
[426, [2396, 2698, 2698, 72, 126, 2374]]
[427, [2396, 2716, 2716, 72, 99, 2401]]
[428, [2436, 2722, 2722, 72, 72, 2416]]
[429, [2410, 2714, 2714, 72, 45, 2417]]
[430, [2382, 2704, 2704, 72, 18, 2416]]
[431, [2408, 2696, 2696, 72, 0, 2408]]
[432, [2400, 2706, 2706, 72, 0, 2400]]
[433, [2400, 2724, 2724, 72, 0, 2400]]
[434, [2452, 2742, 2742, 72, 0, 2400]]
[435, [2440, 2748, 2748, 72, 0, 2388]]
[436, [2414, 2740, 2740, 72, 0, 2362]]
[437, [2438, 2730, 2730, 72, 0, 2334]]
[438, [2412, 2722, 2722, 72, 0, 2308]]
[439, [2404, 2732, 2732, 432, 0, 2300]]
[440, [2456, 2750, 2750, 288, 144, 2300]]
[441, [2456, 2768, 2768, 144, 261, 2327]]
[442, [2444, 2774, 2774, 0, 378, 2342]]
[443, [2470, 2766, 2766, 0, 351, 2343]]
[444, [2442, 2756, 2756, 0, 324, 2342]]
[445, [2416, 2748, 2748, 0, 297, 2343]]
[446, [2460, 2758, 2758, 0, 270, 2362]]
[447, [2460, 2776, 2776, 0, 243, 2389]]
[448, [2460, 2794, 2794, 0, 216, 2416]]
[449, [2500, 2800, 2800, 0, 189, 2431]]
[450, [2474, 2792, 2792, 0, 162, 2432]]
[451, [2446, 2782, 2782, 0, 135, 2431]]
[452, [2472, 2774, 2774, 0, 108, 2432]]
[453, [2464, 2784, 2784, 0, 81, 2451]]
[454, [2464, 2802, 2802, 0, 54, 2478]]
[455, [2516, 2820, 2820, 0, 27, 2505]]
[456, [2504, 2826, 2826, 0, 0, 2520]]
[457, [2478, 2818, 2818, 0, 0, 2494]]
[458, [2502, 2808, 2808, 0, 0, 2466]]
[459, [2476, 2800, 2800, 360, 0, 2440]]
[460, [2468, 2810, 2810, 216, 144, 2432]]
[461, [2520, 2828, 2828, 72, 261, 2459]]
[462, [2520, 2846, 2846, 72, 234, 2486]]
[463, [2508, 2852, 2852, 72, 207, 2501]]
[464, [2534, 2844, 2844, 72, 180, 2502]]
[465, [2506, 2834, 2834, 72, 153, 2501]]
[466, [2480, 2826, 2826, 72, 126, 2502]]
[467, [2524, 2836, 2836, 72, 99, 2521]]
[468, [2524, 2854, 2854, 72, 72, 2548]]
[469, [2524, 2872, 2872, 72, 45, 2575]]
[470, [2564, 2878, 2878, 72, 18, 2590]]
[471, [2538, 2870, 2870, 72, 0, 2582]]
[472, [2510, 2860, 2860, 72, 0, 2554]]
[473, [2536, 2852, 2852, 72, 0, 2528]]
[474, [2528, 2862, 2862, 72, 0, 2520]]
[475, [2528, 2880, 2880, 72, 0, 2520]]
[476, [2580, 2898, 2898, 72, 0, 2520]]
[477, [2568, 2904, 2904, 72, 0, 2508]]
[478, [2542, 2896, 2896, 72, 0, 2482]]
[479, [2566, 2886, 2886, 432, 0, 2454]]
