SimulationV06.py[0, [0, 16, 16, 0, 0, 0]]
[1, [0, 32, 32, 0, 0, 0]]
[2, [48, 48, 48, 0, 0, 0]]
[3, [48, 64, 64, 0, 0, 0]]
[4, [48, 80, 80, 0, 0, 0]]
[5, [96, 96, 96, 0, 0, 0]]
[6, [96, 112, 112, 0, 0, 0]]
[7, [96, 128, 128, 0, 0, 0]]
[8, [144, 144, 144, 0, 0, 0]]
[9, [144, 160, 160, 0, 0, 0]]
[10, [144, 176, 176, 0, 0, 0]]
[11, [192, 192, 192, 0, 0, 0]]
[12, [192, 208, 208, 0, 0, 0]]
[13, [192, 224, 224, 0, 0, 0]]
[14, [240, 240, 240, 0, 0, 0]]
[15, [240, 256, 256, 0, 0, 0]]
[16, [240, 272, 272, 0, 0, 0]]
[17, [288, 288, 288, 0, 0, 0]]
[18, [288, 304, 304, 0, 0, 0]]
[19, [288, 320, 320, 330, 0, 0]]
[20, [336, 336, 336, 186, 144, 0]]
[21, [306, 322, 322, 42, 258, 0]]
[22, [276, 308, 308, 42, 228, 0]]
[23, [294, 294, 294, 42, 198, 0]]
[24, [264, 280, 280, 42, 168, 0]]
[25, [234, 266, 266, 42, 138, 0]]
[26, [252, 252, 252, 42, 108, 0]]
[27, [222, 238, 238, 42, 78, 0]]
[28, [192, 224, 224, 42, 48, 0]]
[29, [210, 210, 210, 42, 18, 0]]
[30, [200, 216, 216, 42, 0, 8]]
[31, [200, 232, 232, 42, 0, 8]]
[32, [248, 248, 248, 42, 0, 8]]
[33, [248, 264, 264, 42, 0, 8]]
[34, [248, 280, 280, 42, 0, 8]]
[35, [296, 296, 296, 42, 0, 8]]
[36, [296, 312, 312, 42, 0, 8]]
[37, [296, 328, 328, 42, 0, 8]]
[38, [344, 344, 344, 42, 0, 8]]
[39, [344, 360, 360, 372, 0, 8]]
[40, [344, 376, 376, 228, 144, 8]]
[41, [362, 362, 362, 84, 258, 8]]
[42, [332, 348, 348, 84, 228, 8]]
[43, [302, 334, 334, 84, 198, 8]]
[44, [320, 320, 320, 84, 168, 8]]
[45, [290, 306, 306, 84, 138, 8]]
[46, [260, 292, 292, 84, 108, 8]]
[47, [278, 278, 278, 84, 78, 8]]
[48, [248, 264, 264, 84, 48, 8]]
[49, [218, 250, 250, 84, 18, 8]]
[50, [246, 246, 246, 84, 0, 6]]
[51, [246, 262, 262, 84, 0, 6]]
[52, [246, 278, 278, 84, 0, 6]]
[53, [294, 294, 294, 84, 0, 6]]
[54, [294, 310, 310, 84, 0, 6]]
[55, [294, 326, 326, 84, 0, 6]]
[56, [342, 342, 342, 84, 0, 6]]
[57, [342, 358, 358, 84, 0, 6]]
[58, [342, 374, 374, 84, 0, 6]]
[59, [390, 390, 390, 414, 0, 6]]
[60, [390, 406, 406, 270, 144, 6]]
[61, [360, 392, 392, 126, 258, 6]]
[62, [378, 378, 378, 126, 228, 6]]
[63, [348, 364, 364, 126, 198, 6]]
[64, [318, 350, 350, 126, 168, 6]]
[65, [336, 336, 336, 126, 138, 6]]
[66, [306, 322, 322, 126, 108, 6]]
[67, [276, 308, 308, 126, 78, 6]]
[68, [294, 294, 294, 126, 48, 6]]
[69, [264, 280, 280, 126, 18, 6]]
[70, [244, 276, 276, 126, 0, 4]]
[71, [292, 292, 292, 126, 0, 4]]
[72, [292, 308, 308, 126, 0, 4]]
[73, [292, 324, 324, 126, 0, 4]]
[74, [340, 340, 340, 126, 0, 4]]
[75, [340, 356, 356, 126, 0, 4]]
[76, [340, 372, 372, 126, 0, 4]]
[77, [388, 388, 388, 126, 0, 4]]
[78, [388, 404, 404, 126, 0, 4]]
[79, [388, 420, 420, 456, 0, 4]]
[80, [436, 436, 436, 312, 144, 4]]
[81, [406, 422, 422, 168, 258, 4]]
[82, [376, 408, 408, 24, 372, 4]]
[83, [394, 394, 394, 24, 342, 4]]
[84, [364, 380, 380, 24, 312, 4]]
[85, [334, 366, 366, 24, 282, 4]]
[86, [352, 352, 352, 24, 252, 4]]
[87, [322, 338, 338, 24, 222, 4]]
[88, [292, 324, 324, 24, 192, 4]]
[89, [310, 310, 310, 24, 162, 4]]
[90, [280, 296, 296, 24, 132, 4]]
[91, [250, 282, 282, 24, 102, 4]]
[92, [268, 268, 268, 24, 72, 4]]
[93, [238, 254, 254, 24, 42, 4]]
[94, [208, 240, 240, 24, 12, 4]]
[95, [246, 246, 246, 24, 0, 6]]
[96, [246, 262, 262, 24, 0, 6]]
[97, [246, 278, 278, 24, 0, 6]]
[98, [294, 294, 294, 24, 0, 6]]
[99, [294, 310, 310, 354, 0, 6]]
[100, [294, 326, 326, 210, 144, 6]]
[101, [312, 312, 312, 66, 258, 6]]
[102, [282, 298, 298, 66, 228, 6]]
[103, [252, 284, 284, 66, 198, 6]]
[104, [270, 270, 270, 66, 168, 6]]
[105, [240, 256, 256, 66, 138, 6]]
[106, [210, 242, 242, 66, 108, 6]]
[107, [228, 228, 228, 66, 78, 6]]
[108, [198, 214, 214, 66, 48, 6]]
[109, [168, 200, 200, 66, 18, 6]]
[110, [196, 196, 196, 66, 0, 4]]
[111, [196, 212, 212, 66, 0, 4]]
[112, [196, 228, 228, 66, 0, 4]]
[113, [244, 244, 244, 66, 0, 4]]
[114, [244, 260, 260, 66, 0, 4]]
[115, [244, 276, 276, 66, 0, 4]]
[116, [292, 292, 292, 66, 0, 4]]
[117, [292, 308, 308, 66, 0, 4]]
[118, [292, 324, 324, 66, 0, 4]]
[119, [340, 340, 340, 396, 0, 4]]
[120, [340, 356, 356, 252, 144, 4]]
[121, [310, 342, 342, 108, 258, 4]]
[122, [328, 328, 328, 108, 228, 4]]
[123, [298, 314, 314, 108, 198, 4]]
[124, [268, 300, 300, 108, 168, 4]]
[125, [286, 286, 286, 108, 138, 4]]
[126, [256, 272, 272, 108, 108, 4]]
[127, [226, 258, 258, 108, 78, 4]]
[128, [254, 254, 254, 108, 48, 14]]
[129, [244, 260, 260, 108, 18, 34]]
[130, [244, 276, 276, 108, 0, 52]]
[131, [292, 292, 292, 108, 0, 52]]
[132, [282, 298, 298, 108, 0, 42]]
[133, [282, 314, 314, 108, 0, 42]]
[134, [330, 330, 330, 108, 0, 42]]
[135, [320, 336, 336, 108, 0, 32]]
[136, [320, 352, 352, 108, 0, 32]]
[137, [368, 368, 368, 108, 0, 32]]
[138, [358, 374, 374, 108, 0, 22]]
[139, [358, 390, 390, 438, 0, 22]]
[140, [386, 386, 386, 294, 144, 2]]
[141, [356, 372, 372, 150, 258, 2]]
[142, [346, 378, 378, 6, 372, 22]]
[143, [384, 384, 384, 6, 342, 42]]
[144, [354, 370, 370, 6, 312, 42]]
[145, [354, 386, 386, 6, 282, 72]]
[146, [382, 382, 382, 6, 252, 82]]
[147, [352, 368, 368, 6, 222, 82]]
[148, [322, 354, 354, 6, 192, 82]]
[149, [320, 320, 320, 6, 162, 62]]
[150, [280, 296, 296, 6, 132, 52]]
[151, [250, 282, 282, 6, 102, 52]]
[152, [288, 288, 288, 6, 72, 72]]
[153, [238, 254, 254, 6, 42, 52]]
[154, [188, 220, 220, 6, 12, 32]]
[155, [216, 216, 216, 6, 0, 24]]
[156, [196, 212, 212, 6, 0, 4]]
[157, [196, 228, 228, 6, 0, 4]]
[158, [244, 244, 244, 6, 0, 4]]
[159, [244, 260, 260, 336, 0, 4]]
[160, [244, 276, 276, 192, 144, 4]]
[161, [262, 262, 262, 48, 258, 4]]
[162, [232, 248, 248, 48, 228, 4]]
[163, [202, 234, 234, 48, 198, 4]]
[164, [220, 220, 220, 48, 168, 4]]
[165, [190, 206, 206, 48, 138, 4]]
[166, [160, 192, 192, 48, 108, 4]]
[167, [178, 178, 178, 48, 78, 4]]
[168, [148, 164, 164, 48, 48, 4]]
[169, [118, 150, 150, 48, 18, 4]]
[170, [146, 146, 146, 48, 0, 2]]
[171, [146, 162, 162, 48, 0, 2]]
[172, [146, 178, 178, 48, 0, 2]]
[173, [194, 194, 194, 48, 0, 2]]
[174, [194, 210, 210, 48, 0, 2]]
[175, [194, 226, 226, 48, 0, 2]]
[176, [242, 242, 242, 48, 0, 2]]
[177, [242, 258, 258, 48, 0, 2]]
[178, [242, 274, 274, 48, 0, 2]]
[179, [290, 290, 290, 378, 0, 2]]
[180, [290, 306, 306, 234, 144, 2]]
[181, [260, 292, 292, 90, 258, 2]]
[182, [278, 278, 278, 90, 228, 2]]
[183, [248, 264, 264, 90, 198, 2]]
[184, [218, 250, 250, 90, 168, 2]]
[185, [236, 236, 236, 90, 138, 2]]
[186, [206, 222, 222, 90, 108, 2]]
[187, [176, 208, 208, 90, 78, 2]]
[188, [194, 194, 194, 90, 48, 2]]
[189, [164, 180, 180, 90, 18, 2]]
[190, [144, 176, 176, 90, 0, 0]]
[191, [192, 192, 192, 90, 0, 0]]
[192, [192, 208, 208, 90, 0, 0]]
[193, [192, 224, 224, 90, 0, 0]]
[194, [240, 240, 240, 90, 0, 0]]
[195, [240, 256, 256, 90, 0, 0]]
[196, [240, 272, 272, 90, 0, 0]]
[197, [288, 288, 288, 90, 0, 0]]
[198, [288, 304, 304, 90, 0, 0]]
[199, [288, 320, 320, 420, 0, 0]]
[200, [336, 336, 336, 276, 144, 0]]
[201, [306, 322, 322, 132, 258, 0]]
[202, [276, 308, 308, 132, 228, 0]]
[203, [294, 294, 294, 132, 198, 0]]
[204, [264, 280, 280, 132, 168, 0]]
[205, [234, 266, 266, 132, 138, 0]]
[206, [252, 252, 252, 132, 108, 0]]
[207, [222, 238, 238, 132, 78, 0]]
[208, [192, 224, 224, 132, 48, 0]]
[209, [210, 210, 210, 132, 18, 0]]
[210, [200, 216, 216, 132, 0, 8]]
[211, [200, 232, 232, 132, 0, 8]]
[212, [248, 248, 248, 132, 0, 8]]
[213, [248, 264, 264, 132, 0, 8]]
[214, [248, 280, 280, 132, 0, 8]]
[215, [296, 296, 296, 132, 0, 8]]
[216, [296, 312, 312, 132, 0, 8]]
[217, [296, 328, 328, 132, 0, 8]]
[218, [344, 344, 344, 132, 0, 8]]
[219, [344, 360, 360, 462, 0, 8]]
[220, [344, 376, 376, 318, 144, 8]]
[221, [362, 362, 362, 174, 258, 8]]
[222, [332, 348, 348, 30, 372, 8]]
[223, [302, 334, 334, 30, 342, 8]]
[224, [320, 320, 320, 30, 312, 8]]
[225, [290, 306, 306, 30, 282, 8]]
[226, [260, 292, 292, 30, 252, 8]]
[227, [278, 278, 278, 30, 222, 8]]
[228, [248, 264, 264, 30, 192, 8]]
[229, [218, 250, 250, 30, 162, 8]]
[230, [236, 236, 236, 30, 132, 8]]
[231, [206, 222, 222, 30, 102, 8]]
[232, [176, 208, 208, 30, 72, 8]]
[233, [194, 194, 194, 30, 42, 8]]
[234, [164, 180, 180, 30, 12, 8]]
[235, [144, 176, 176, 30, 0, 0]]
[236, [192, 192, 192, 30, 0, 0]]
[237, [192, 208, 208, 30, 0, 0]]
[238, [192, 224, 224, 30, 0, 0]]
[239, [240, 240, 240, 360, 0, 0]]
[240, [240, 256, 256, 216, 144, 0]]
[241, [210, 242, 242, 72, 258, 0]]
[242, [228, 228, 228, 72, 228, 0]]
[243, [198, 214, 214, 72, 198, 0]]
[244, [168, 200, 200, 72, 168, 0]]
[245, [186, 186, 186, 72, 138, 0]]
[246, [156, 172, 172, 72, 108, 0]]
[247, [126, 158, 158, 72, 78, 0]]
[248, [144, 144, 144, 72, 48, 0]]
[249, [114, 130, 130, 72, 18, 0]]
[250, [104, 136, 136, 72, 0, 8]]
[251, [152, 152, 152, 72, 0, 8]]
[252, [152, 168, 168, 72, 0, 8]]
[253, [152, 184, 184, 72, 0, 8]]
[254, [200, 200, 200, 72, 0, 8]]
[255, [200, 216, 216, 72, 0, 8]]
[256, [200, 232, 232, 72, 0, 8]]
[257, [248, 248, 248, 72, 0, 8]]
[258, [248, 264, 264, 72, 0, 8]]
[259, [248, 280, 280, 402, 0, 8]]
[260, [296, 296, 296, 258, 144, 8]]
[261, [266, 282, 282, 114, 258, 8]]
[262, [236, 268, 268, 114, 228, 8]]
[263, [254, 254, 254, 114, 198, 8]]
[264, [224, 240, 240, 114, 168, 8]]
[265, [194, 226, 226, 114, 138, 8]]
[266, [212, 212, 212, 114, 108, 8]]
[267, [182, 198, 198, 114, 78, 8]]
[268, [152, 184, 184, 114, 48, 8]]
[269, [170, 170, 170, 114, 18, 8]]
[270, [150, 166, 166, 114, 0, 6]]
[271, [150, 182, 182, 114, 0, 6]]
[272, [198, 198, 198, 114, 0, 6]]
[273, [198, 214, 214, 114, 0, 6]]
[274, [198, 230, 230, 114, 0, 6]]
[275, [246, 246, 246, 114, 0, 6]]
[276, [246, 262, 262, 114, 0, 6]]
[277, [246, 278, 278, 114, 0, 6]]
[278, [294, 294, 294, 114, 0, 6]]
[279, [294, 310, 310, 444, 0, 6]]
[280, [294, 326, 326, 300, 144, 6]]
[281, [312, 312, 312, 156, 258, 6]]
[282, [282, 298, 298, 12, 372, 6]]
[283, [252, 284, 284, 12, 342, 6]]
[284, [290, 290, 290, 12, 312, 26]]
[285, [270, 286, 286, 12, 282, 36]]
[286, [250, 282, 282, 12, 252, 46]]
[287, [288, 288, 288, 12, 222, 66]]
[288, [268, 284, 284, 12, 192, 76]]
[289, [238, 270, 270, 12, 162, 76]]
[290, [246, 246, 246, 12, 132, 66]]
[291, [226, 242, 242, 12, 102, 76]]
[292, [216, 248, 248, 12, 72, 96]]
[293, [234, 234, 234, 12, 42, 96]]
[294, [184, 200, 200, 12, 12, 76]]
[295, [164, 196, 196, 12, 0, 68]]
[296, [192, 192, 192, 12, 0, 48]]
[297, [192, 208, 208, 12, 0, 48]]
[298, [192, 224, 224, 12, 0, 48]]
[299, [220, 220, 220, 342, 0, 28]]
[300, [200, 216, 216, 198, 144, 8]]
[301, [170, 202, 202, 54, 258, 8]]
[302, [208, 208, 208, 54, 228, 28]]
[303, [188, 204, 204, 54, 198, 38]]
[304, [138, 170, 170, 54, 168, 18]]
[305, [176, 176, 176, 54, 138, 38]]
[306, [156, 172, 172, 54, 108, 48]]
[307, [116, 148, 148, 54, 78, 38]]
[308, [104, 104, 104, 54, 48, 8]]
[309, [74, 90, 90, 54, 18, 8]]
[310, [54, 86, 86, 54, 0, 6]]
[311, [102, 102, 102, 54, 0, 6]]
[312, [102, 118, 118, 54, 0, 6]]
[313, [102, 134, 134, 54, 0, 6]]
[314, [150, 150, 150, 54, 0, 6]]
[315, [150, 166, 166, 54, 0, 6]]
[316, [150, 182, 182, 54, 0, 6]]
[317, [198, 198, 198, 54, 0, 6]]
[318, [198, 214, 214, 54, 0, 6]]
[319, [198, 230, 230, 384, 0, 6]]
[320, [246, 246, 246, 240, 144, 6]]
[321, [216, 232, 232, 96, 258, 6]]
[322, [186, 218, 218, 96, 228, 6]]
[323, [204, 204, 204, 96, 198, 6]]
[324, [174, 190, 190, 96, 168, 6]]
[325, [144, 176, 176, 96, 138, 6]]
[326, [162, 162, 162, 96, 108, 6]]
[327, [132, 148, 148, 96, 78, 6]]
[328, [102, 134, 134, 96, 48, 6]]
[329, [120, 120, 120, 96, 18, 6]]
[330, [100, 116, 116, 96, 0, 4]]
[331, [100, 132, 132, 96, 0, 4]]
[332, [148, 148, 148, 96, 0, 4]]
[333, [148, 164, 164, 96, 0, 4]]
[334, [148, 180, 180, 96, 0, 4]]
[335, [196, 196, 196, 96, 0, 4]]
[336, [196, 212, 212, 96, 0, 4]]
[337, [196, 228, 228, 96, 0, 4]]
[338, [244, 244, 244, 96, 0, 4]]
[339, [244, 260, 260, 426, 0, 4]]
[340, [244, 276, 276, 282, 144, 4]]
[341, [262, 262, 262, 138, 258, 4]]
[342, [232, 248, 248, 138, 228, 4]]
[343, [202, 234, 234, 138, 198, 4]]
[344, [220, 220, 220, 138, 168, 4]]
[345, [190, 206, 206, 138, 138, 4]]
[346, [160, 192, 192, 138, 108, 4]]
[347, [178, 178, 178, 138, 78, 4]]
[348, [148, 164, 164, 138, 48, 4]]
[349, [118, 150, 150, 138, 18, 4]]
[350, [146, 146, 146, 138, 0, 2]]
[351, [146, 162, 162, 138, 0, 2]]
[352, [146, 178, 178, 138, 0, 2]]
[353, [194, 194, 194, 138, 0, 2]]
[354, [194, 210, 210, 138, 0, 2]]
[355, [194, 226, 226, 138, 0, 2]]
[356, [242, 242, 242, 138, 0, 2]]
[357, [242, 258, 258, 138, 0, 2]]
[358, [242, 274, 274, 138, 0, 2]]
[359, [290, 290, 290, 468, 0, 2]]
[360, [290, 306, 306, 324, 144, 2]]
[361, [260, 292, 292, 180, 258, 2]]
[362, [278, 278, 278, 36, 372, 2]]
[363, [248, 264, 264, 36, 342, 2]]
[364, [218, 250, 250, 36, 312, 2]]
[365, [236, 236, 236, 36, 282, 2]]
[366, [206, 222, 222, 36, 252, 2]]
[367, [176, 208, 208, 36, 222, 2]]
[368, [194, 194, 194, 36, 192, 2]]
[369, [164, 180, 180, 36, 162, 2]]
[370, [134, 166, 166, 36, 132, 2]]
[371, [152, 152, 152, 36, 102, 2]]
[372, [122, 138, 138, 36, 72, 2]]
[373, [92, 124, 124, 36, 42, 2]]
[374, [110, 110, 110, 36, 12, 2]]
[375, [100, 116, 116, 36, 0, 4]]
[376, [100, 132, 132, 36, 0, 4]]
[377, [148, 148, 148, 36, 0, 4]]
[378, [148, 164, 164, 36, 0, 4]]
[379, [148, 180, 180, 366, 0, 4]]
[380, [196, 196, 196, 222, 144, 4]]
[381, [166, 182, 182, 78, 258, 4]]
[382, [136, 168, 168, 78, 228, 4]]
[383, [154, 154, 154, 78, 198, 4]]
[384, [124, 140, 140, 78, 168, 4]]
[385, [94, 126, 126, 78, 138, 4]]
[386, [112, 112, 112, 78, 108, 4]]
[387, [82, 98, 98, 78, 78, 4]]
[388, [52, 84, 84, 78, 48, 4]]
[389, [70, 70, 70, 78, 18, 4]]
[390, [50, 66, 66, 78, 0, 2]]
[391, [50, 82, 82, 78, 0, 2]]
[392, [98, 98, 98, 78, 0, 2]]
[393, [98, 114, 114, 78, 0, 2]]
[394, [98, 130, 130, 78, 0, 2]]
[395, [146, 146, 146, 78, 0, 2]]
[396, [146, 162, 162, 78, 0, 2]]
[397, [146, 178, 178, 78, 0, 2]]
[398, [194, 194, 194, 78, 0, 2]]
[399, [194, 210, 210, 408, 0, 2]]
[400, [194, 226, 226, 264, 144, 2]]
[401, [212, 212, 212, 120, 258, 2]]
[402, [182, 198, 198, 120, 228, 2]]
[403, [152, 184, 184, 120, 198, 2]]
[404, [170, 170, 170, 120, 168, 2]]
[405, [140, 156, 156, 120, 138, 2]]
[406, [110, 142, 142, 120, 108, 2]]
[407, [128, 128, 128, 120, 78, 2]]
[408, [98, 114, 114, 120, 48, 2]]
[409, [68, 100, 100, 120, 18, 2]]
[410, [96, 96, 96, 120, 0, 0]]
[411, [96, 112, 112, 120, 0, 0]]
[412, [96, 128, 128, 120, 0, 0]]
[413, [144, 144, 144, 120, 0, 0]]
[414, [144, 160, 160, 120, 0, 0]]
[415, [144, 176, 176, 120, 0, 0]]
[416, [192, 192, 192, 120, 0, 0]]
[417, [192, 208, 208, 120, 0, 0]]
[418, [192, 224, 224, 120, 0, 0]]
[419, [240, 240, 240, 450, 0, 0]]
[420, [240, 256, 256, 306, 144, 0]]
[421, [210, 242, 242, 162, 258, 0]]
[422, [228, 228, 228, 18, 372, 0]]
[423, [198, 214, 214, 18, 342, 0]]
[424, [168, 200, 200, 18, 312, 0]]
[425, [186, 186, 186, 18, 282, 0]]
[426, [156, 172, 172, 18, 252, 0]]
[427, [126, 158, 158, 18, 222, 0]]
[428, [144, 144, 144, 18, 192, 0]]
[429, [144, 160, 160, 18, 162, 30]]
[430, [124, 156, 156, 18, 132, 40]]
[431, [162, 162, 162, 18, 102, 60]]
[432, [122, 138, 138, 18, 72, 50]]
[433, [112, 144, 144, 18, 42, 70]]
[434, [140, 140, 140, 18, 12, 80]]
[435, [100, 116, 116, 18, 0, 52]]
[436, [100, 132, 132, 18, 0, 52]]
[437, [138, 138, 138, 18, 0, 42]]
[438, [108, 124, 124, 18, 0, 12]]
[439, [98, 130, 130, 348, 0, 2]]
[440, [146, 146, 146, 204, 144, 2]]
[441, [116, 132, 132, 60, 258, 2]]
[442, [86, 118, 118, 60, 228, 2]]
[443, [104, 104, 104, 60, 198, 2]]
[444, [84, 100, 100, 60, 168, 12]]
[445, [84, 116, 116, 60, 138, 42]]
[446, [112, 112, 112, 60, 108, 52]]
[447, [102, 118, 118, 60, 78, 72]]
[448, [52, 84, 84, 60, 48, 52]]
[449, [70, 70, 70, 60, 18, 52]]
[450, [0, 16, 16, 60, 0, 0]]
[451, [0, 32, 32, 60, 0, 0]]
[452, [48, 48, 48, 60, 0, 0]]
[453, [48, 64, 64, 60, 0, 0]]
[454, [48, 80, 80, 60, 0, 0]]
[455, [96, 96, 96, 60, 0, 0]]
[456, [96, 112, 112, 60, 0, 0]]
[457, [96, 128, 128, 60, 0, 0]]
[458, [144, 144, 144, 60, 0, 0]]
[459, [144, 160, 160, 390, 0, 0]]
[460, [144, 176, 176, 246, 144, 0]]
[461, [162, 162, 162, 102, 258, 0]]
[462, [132, 148, 148, 102, 228, 0]]
[463, [102, 134, 134, 102, 198, 0]]
[464, [120, 120, 120, 102, 168, 0]]
[465, [90, 106, 106, 102, 138, 0]]
[466, [60, 92, 92, 102, 108, 0]]
[467, [78, 78, 78, 102, 78, 0]]
[468, [48, 64, 64, 102, 48, 0]]
[469, [18, 50, 50, 102, 18, 0]]
[470, [56, 56, 56, 102, 0, 8]]
[471, [56, 72, 72, 102, 0, 8]]
[472, [56, 88, 88, 102, 0, 8]]
[473, [104, 104, 104, 102, 0, 8]]
[474, [104, 120, 120, 102, 0, 8]]
[475, [104, 136, 136, 102, 0, 8]]
[476, [152, 152, 152, 102, 0, 8]]
[477, [152, 168, 168, 102, 0, 8]]
[478, [152, 184, 184, 102, 0, 8]]
[479, [200, 200, 200, 432, 0, 8]]
[480, [200, 216, 216, 288, 144, 8]]
[481, [170, 202, 202, 144, 258, 8]]
[482, [188, 188, 188, 0, 372, 8]]
[483, [158, 174, 174, 0, 342, 8]]
[484, [128, 160, 160, 0, 312, 8]]
[485, [146, 146, 146, 0, 282, 8]]
[486, [116, 132, 132, 0, 252, 8]]
[487, [86, 118, 118, 0, 222, 8]]
[488, [104, 104, 104, 0, 192, 8]]
[489, [74, 90, 90, 0, 162, 8]]
[490, [44, 76, 76, 0, 132, 8]]
[491, [62, 62, 62, 0, 102, 8]]
[492, [32, 48, 48, 0, 72, 8]]
[493, [2, 34, 34, 0, 42, 8]]
[494, [20, 20, 20, 0, 12, 8]]
[495, [0, 16, 16, 0, 0, 0]]
[496, [0, 32, 32, 0, 0, 0]]
[497, [48, 48, 48, 0, 0, 0]]
[498, [48, 64, 64, 0, 0, 0]]
[499, [48, 80, 80, 330, 0, 0]]
[500, [96, 96, 96, 186, 144, 0]]
[501, [66, 82, 82, 42, 258, 0]]
[502, [36, 68, 68, 42, 228, 0]]
[503, [54, 54, 54, 42, 198, 0]]
[504, [24, 40, 40, 42, 168, 0]]
[505, [4, 36, 36, 42, 138, 10]]
[506, [12, 12, 12, 42, 108, 0]]
[507, [2, 18, 18, 42, 78, 20]]
[508, [2, 34, 34, 42, 48, 50]]
[509, [0, 0, 0, 42, 18, 30]]
[510, [0, 16, 16, 42, 0, 48]]
[511, [0, 32, 32, 42, 0, 48]]
[512, [8, 8, 8, 42, 0, 8]]
[513, [8, 24, 24, 42, 0, 8]]
[514, [8, 40, 40, 42, 0, 8]]
[515, [56, 56, 56, 42, 0, 8]]
[516, [56, 72, 72, 42, 0, 8]]
[517, [56, 88, 88, 42, 0, 8]]
[518, [104, 104, 104, 42, 0, 8]]
[519, [104, 120, 120, 372, 0, 8]]
[520, [104, 136, 136, 228, 144, 8]]
[521, [122, 122, 122, 84, 258, 8]]
[522, [92, 108, 108, 84, 228, 8]]
[523, [62, 94, 94, 84, 198, 8]]
[524, [80, 80, 80, 84, 168, 8]]
[525, [50, 66, 66, 84, 138, 8]]
[526, [20, 52, 52, 84, 108, 8]]
[527, [38, 38, 38, 84, 78, 8]]
[528, [8, 24, 24, 84, 48, 8]]
[529, [8, 40, 40, 84, 18, 38]]
[530, [6, 6, 6, 84, 0, 6]]
[531, [6, 22, 22, 84, 0, 6]]
[532, [6, 38, 38, 84, 0, 6]]
[533, [54, 54, 54, 84, 0, 6]]
[534, [54, 70, 70, 84, 0, 6]]
[535, [54, 86, 86, 84, 0, 6]]
[536, [102, 102, 102, 84, 0, 6]]
[537, [102, 118, 118, 84, 0, 6]]
[538, [102, 134, 134, 84, 0, 6]]
[539, [150, 150, 150, 414, 0, 6]]
[540, [150, 166, 166, 270, 144, 6]]
[541, [120, 152, 152, 126, 258, 6]]
[542, [138, 138, 138, 126, 228, 6]]
[543, [108, 124, 124, 126, 198, 6]]
[544, [78, 110, 110, 126, 168, 6]]
[545, [96, 96, 96, 126, 138, 6]]
[546, [66, 82, 82, 126, 108, 6]]
[547, [36, 68, 68, 126, 78, 6]]
[548, [54, 54, 54, 126, 48, 6]]
[549, [24, 40, 40, 126, 18, 6]]
[550, [4, 36, 36, 126, 0, 4]]
[551, [52, 52, 52, 126, 0, 4]]
[552, [52, 68, 68, 126, 0, 4]]
[553, [52, 84, 84, 126, 0, 4]]
[554, [100, 100, 100, 126, 0, 4]]
[555, [100, 116, 116, 126, 0, 4]]
[556, [100, 132, 132, 126, 0, 4]]
[557, [148, 148, 148, 126, 0, 4]]
[558, [148, 164, 164, 126, 0, 4]]
[559, [148, 180, 180, 456, 0, 4]]
[560, [196, 196, 196, 312, 144, 4]]
[561, [166, 182, 182, 168, 258, 4]]
[562, [136, 168, 168, 24, 372, 4]]
[563, [154, 154, 154, 24, 342, 4]]
[564, [124, 140, 140, 24, 312, 4]]
[565, [94, 126, 126, 24, 282, 4]]
[566, [112, 112, 112, 24, 252, 4]]
[567, [82, 98, 98, 24, 222, 4]]
[568, [52, 84, 84, 24, 192, 4]]
[569, [70, 70, 70, 24, 162, 4]]
[570, [40, 56, 56, 24, 132, 4]]
[571, [10, 42, 42, 24, 102, 4]]
[572, [28, 28, 28, 24, 72, 4]]
[573, [8, 24, 24, 24, 42, 14]]
[574, [8, 40, 40, 24, 12, 44]]
[575, [6, 6, 6, 24, 0, 6]]
[576, [6, 22, 22, 24, 0, 6]]
[577, [6, 38, 38, 24, 0, 6]]
[578, [54, 54, 54, 24, 0, 6]]
[579, [54, 70, 70, 354, 0, 6]]
[580, [54, 86, 86, 210, 144, 6]]
[581, [72, 72, 72, 66, 258, 6]]
[582, [62, 78, 78, 66, 228, 26]]
[583, [62, 94, 94, 66, 198, 56]]
[584, [90, 90, 90, 66, 168, 66]]
[585, [70, 86, 86, 66, 138, 76]]
[586, [60, 92, 92, 66, 108, 96]]
[587, [78, 78, 78, 66, 78, 96]]
[588, [28, 44, 44, 66, 48, 76]]
[589, [8, 40, 40, 66, 18, 86]]
[590, [6, 6, 6, 66, 0, 54]]
[591, [6, 22, 22, 66, 0, 54]]
[592, [6, 38, 38, 66, 0, 54]]
[593, [4, 4, 4, 66, 0, 4]]
[594, [4, 20, 20, 66, 0, 4]]
[595, [4, 36, 36, 66, 0, 4]]
[596, [52, 52, 52, 66, 0, 4]]
[597, [52, 68, 68, 66, 0, 4]]
[598, [52, 84, 84, 66, 0, 4]]
[599, [100, 100, 100, 381, 0, 4]]
[600, [100, 116, 116, 237, 144, 4]]
[601, [70, 102, 102, 93, 258, 4]]
[602, [88, 88, 88, 93, 228, 4]]
[603, [58, 74, 74, 93, 198, 4]]
[604, [28, 60, 60, 108, 168, 4]]
[605, [46, 46, 46, 108, 138, 4]]
[606, [16, 32, 32, 108, 108, 4]]
[607, [6, 38, 38, 108, 78, 24]]
[608, [4, 4, 4, 108, 48, 4]]
[609, [4, 20, 20, 108, 18, 34]]
[610, [4, 36, 36, 108, 0, 52]]
[611, [2, 2, 2, 108, 0, 2]]
[612, [2, 18, 18, 108, 0, 2]]
[613, [2, 34, 34, 108, 0, 2]]
[614, [50, 50, 50, 108, 0, 2]]
[615, [50, 66, 66, 108, 0, 2]]
[616, [50, 82, 82, 108, 0, 2]]
[617, [98, 98, 98, 108, 0, 2]]
[618, [98, 114, 114, 108, 0, 2]]
[619, [98, 130, 130, 423, 0, 2]]
[620, [146, 146, 146, 279, 144, 2]]
[621, [116, 132, 132, 135, 258, 2]]
[622, [86, 118, 118, 135, 228, 2]]
[623, [104, 104, 104, 135, 198, 2]]
[624, [74, 90, 90, 150, 168, 2]]
[625, [44, 76, 76, 6, 282, 2]]
[626, [62, 62, 62, 6, 252, 2]]
[627, [32, 48, 48, 6, 222, 2]]
[628, [2, 34, 34, 6, 192, 2]]
[629, [20, 20, 20, 6, 162, 2]]
[630, [0, 16, 16, 6, 132, 12]]
[631, [0, 32, 32, 6, 102, 42]]
[632, [8, 8, 8, 6, 72, 32]]
[633, [8, 24, 24, 6, 42, 62]]
[634, [8, 40, 40, 6, 12, 92]]
[635, [6, 6, 6, 6, 0, 54]]
[636, [6, 22, 22, 6, 0, 54]]
[637, [6, 38, 38, 6, 0, 54]]
[638, [4, 4, 4, 6, 0, 4]]
[639, [4, 20, 20, 321, 0, 4]]
[640, [4, 36, 36, 177, 144, 4]]
[641, [22, 22, 22, 33, 258, 4]]
[642, [2, 18, 18, 33, 228, 14]]
[643, [2, 34, 34, 33, 198, 44]]
[644, [0, 0, 0, 48, 168, 24]]
[645, [0, 16, 16, 48, 138, 54]]
[646, [0, 32, 32, 48, 108, 84]]
[647, [8, 8, 8, 48, 78, 74]]
[648, [8, 24, 24, 48, 48, 104]]
[649, [8, 40, 40, 48, 18, 134]]
[650, [6, 6, 6, 48, 0, 102]]
[651, [6, 22, 22, 48, 0, 102]]
[652, [6, 38, 38, 48, 0, 102]]
[653, [4, 4, 4, 48, 0, 52]]
[654, [4, 20, 20, 48, 0, 52]]
[655, [4, 36, 36, 48, 0, 52]]
[656, [2, 2, 2, 48, 0, 2]]
[657, [2, 18, 18, 48, 0, 2]]
[658, [2, 34, 34, 48, 0, 2]]
[659, [50, 50, 50, 363, 0, 2]]
[660, [50, 66, 66, 219, 144, 2]]
[661, [20, 52, 52, 75, 258, 2]]
[662, [38, 38, 38, 75, 228, 2]]
[663, [8, 24, 24, 75, 198, 2]]
[664, [8, 40, 40, 90, 168, 32]]
[665, [6, 6, 6, 90, 138, 12]]
[666, [6, 22, 22, 90, 108, 42]]
[667, [6, 38, 38, 90, 78, 72]]
[668, [4, 4, 4, 90, 48, 52]]
[669, [4, 20, 20, 90, 18, 82]]
[670, [4, 36, 36, 90, 0, 100]]
[671, [2, 2, 2, 90, 0, 50]]
[672, [2, 18, 18, 90, 0, 50]]
[673, [2, 34, 34, 90, 0, 50]]
[674, [0, 0, 0, 90, 0, 0]]
[675, [0, 16, 16, 90, 0, 0]]
[676, [0, 32, 32, 90, 0, 0]]
[677, [48, 48, 48, 90, 0, 0]]
[678, [48, 64, 64, 90, 0, 0]]
[679, [48, 80, 80, 405, 0, 0]]
[680, [96, 96, 96, 261, 144, 0]]
[681, [66, 82, 82, 117, 258, 0]]
[682, [36, 68, 68, 117, 228, 0]]
[683, [54, 54, 54, 117, 198, 0]]
[684, [24, 40, 40, 132, 168, 0]]
[685, [4, 36, 36, 132, 138, 10]]
[686, [12, 12, 12, 132, 108, 0]]
[687, [2, 18, 18, 132, 78, 20]]
[688, [2, 34, 34, 132, 48, 50]]
[689, [0, 0, 0, 132, 18, 30]]
[690, [0, 16, 16, 132, 0, 48]]
[691, [0, 32, 32, 132, 0, 48]]
[692, [8, 8, 8, 132, 0, 8]]
[693, [8, 24, 24, 132, 0, 8]]
[694, [8, 40, 40, 132, 0, 8]]
[695, [56, 56, 56, 132, 0, 8]]
[696, [56, 72, 72, 132, 0, 8]]
[697, [56, 88, 88, 132, 0, 8]]
[698, [104, 104, 104, 132, 0, 8]]
[699, [104, 120, 120, 447, 0, 8]]
[700, [104, 136, 136, 303, 144, 8]]
[701, [122, 122, 122, 159, 258, 8]]
[702, [92, 108, 108, 15, 372, 8]]
[703, [62, 94, 94, 15, 342, 8]]
[704, [80, 80, 80, 30, 312, 8]]
[705, [50, 66, 66, 30, 282, 8]]
[706, [20, 52, 52, 30, 252, 8]]
[707, [38, 38, 38, 30, 222, 8]]
[708, [8, 24, 24, 30, 192, 8]]
[709, [8, 40, 40, 30, 162, 38]]
[710, [6, 6, 6, 30, 132, 18]]
[711, [6, 22, 22, 30, 102, 48]]
[712, [6, 38, 38, 30, 72, 78]]
[713, [4, 4, 4, 30, 42, 58]]
[714, [4, 20, 20, 30, 12, 88]]
[715, [4, 36, 36, 30, 0, 100]]
[716, [2, 2, 2, 30, 0, 50]]
[717, [2, 18, 18, 30, 0, 50]]
[718, [2, 34, 34, 30, 0, 50]]
[719, [0, 0, 0, 345, 0, 0]]
[720, [0, 16, 16, 201, 144, 0]]
[721, [0, 32, 32, 57, 258, 30]]
[722, [8, 8, 8, 57, 228, 20]]
[723, [8, 24, 24, 57, 198, 50]]
[724, [8, 40, 40, 72, 168, 80]]
[725, [6, 6, 6, 72, 138, 60]]
[726, [6, 22, 22, 72, 108, 90]]
[727, [6, 38, 38, 72, 78, 120]]
[728, [4, 4, 4, 72, 48, 100]]
[729, [4, 20, 20, 72, 18, 130]]
[730, [4, 36, 36, 72, 0, 148]]
[731, [2, 2, 2, 72, 0, 98]]
[732, [2, 18, 18, 72, 0, 98]]
[733, [2, 34, 34, 72, 0, 98]]
[734, [0, 0, 0, 72, 0, 48]]
[735, [0, 16, 16, 72, 0, 48]]
[736, [0, 32, 32, 72, 0, 48]]
[737, [8, 8, 8, 72, 0, 8]]
[738, [8, 24, 24, 72, 0, 8]]
[739, [8, 40, 40, 387, 0, 8]]
[740, [56, 56, 56, 243, 144, 8]]
[741, [26, 42, 42, 99, 258, 8]]
[742, [6, 38, 38, 99, 228, 18]]
[743, [14, 14, 14, 99, 198, 8]]
[744, [4, 20, 20, 114, 168, 28]]
[745, [4, 36, 36, 114, 138, 58]]
[746, [2, 2, 2, 114, 108, 38]]
[747, [2, 18, 18, 114, 78, 68]]
[748, [2, 34, 34, 114, 48, 98]]
[749, [0, 0, 0, 114, 18, 78]]
[750, [0, 16, 16, 114, 0, 96]]
[751, [0, 32, 32, 114, 0, 96]]
[752, [8, 8, 8, 114, 0, 56]]
[753, [8, 24, 24, 114, 0, 56]]
[754, [8, 40, 40, 114, 0, 56]]
[755, [6, 6, 6, 114, 0, 6]]
[756, [6, 22, 22, 114, 0, 6]]
[757, [6, 38, 38, 114, 0, 6]]
[758, [54, 54, 54, 114, 0, 6]]
[759, [54, 70, 70, 429, 0, 6]]
[760, [54, 86, 86, 285, 144, 6]]
[761, [72, 72, 72, 141, 258, 6]]
[762, [42, 58, 58, 141, 228, 6]]
[763, [12, 44, 44, 141, 198, 6]]
[764, [30, 30, 30, 156, 168, 6]]
[765, [0, 16, 16, 12, 282, 6]]
[766, [0, 32, 32, 12, 252, 36]]
[767, [8, 8, 8, 12, 222, 26]]
[768, [8, 24, 24, 12, 192, 56]]
[769, [8, 40, 40, 12, 162, 86]]
[770, [6, 6, 6, 12, 132, 66]]
[771, [6, 22, 22, 12, 102, 96]]
[772, [6, 38, 38, 12, 72, 126]]
[773, [4, 4, 4, 12, 45, 103]]
[774, [4, 20, 20, 12, 18, 130]]
[775, [4, 36, 36, 12, 0, 148]]
[776, [2, 2, 2, 12, 0, 98]]
[777, [2, 18, 18, 12, 0, 98]]
[778, [2, 34, 34, 12, 0, 98]]
[779, [0, 0, 0, 327, 0, 48]]
[780, [0, 16, 16, 183, 144, 48]]
[781, [0, 32, 32, 39, 261, 75]]
[782, [8, 8, 8, 39, 234, 62]]
[783, [8, 24, 24, 39, 207, 89]]
[784, [8, 40, 40, 54, 180, 116]]
[785, [6, 6, 6, 54, 153, 93]]
[786, [6, 22, 22, 54, 126, 120]]
[787, [6, 38, 38, 54, 96, 150]]
[788, [4, 4, 4, 54, 66, 130]]
[789, [4, 20, 20, 54, 36, 160]]
[790, [4, 36, 36, 54, 6, 190]]
[791, [2, 2, 2, 54, 0, 146]]
[792, [2, 18, 18, 54, 0, 146]]
[793, [2, 34, 34, 54, 0, 146]]
[794, [0, 0, 0, 54, 0, 96]]
[795, [0, 16, 16, 54, 0, 96]]
[796, [0, 32, 32, 54, 0, 96]]
[797, [8, 8, 8, 54, 0, 56]]
[798, [8, 24, 24, 54, 0, 56]]
[799, [8, 40, 40, 369, 0, 56]]
[800, [6, 6, 6, 225, 144, 6]]
[801, [6, 22, 22, 81, 258, 36]]
[802, [6, 38, 38, 81, 228, 66]]
[803, [0, 4, 4, 81, 198, 46]]
[804, [0, 20, 20, 96, 168, 76]]
[805, [0, 36, 36, 96, 138, 106]]
[806, [4, 12, 12, 96, 108, 96]]
[807, [4, 28, 28, 96, 78, 126]]
[808, [4, 44, 44, 96, 48, 156]]
[809, [8, 20, 20, 96, 18, 146]]
[810, [8, 36, 36, 96, 0, 164]]
[811, [8, 52, 52, 96, 0, 164]]
[812, [2, 18, 18, 96, 0, 114]]
[813, [2, 34, 34, 96, 0, 114]]
[814, [2, 50, 50, 96, 0, 114]]
[815, [6, 26, 26, 96, 0, 74]]
[816, [6, 42, 42, 96, 0, 74]]
[817, [6, 58, 58, 96, 0, 74]]
[818, [0, 24, 24, 96, 0, 24]]
[819, [0, 40, 40, 411, 0, 24]]
[820, [0, 56, 56, 267, 144, 24]]
[821, [8, 32, 32, 123, 258, 14]]
[822, [8, 48, 48, 123, 228, 44]]
[823, [8, 64, 64, 123, 198, 74]]
[824, [6, 30, 30, 138, 168, 54]]
[825, [6, 46, 46, 138, 138, 84]]
[826, [6, 62, 62, 138, 108, 114]]
[827, [4, 28, 28, 138, 78, 94]]
[828, [4, 44, 44, 138, 48, 124]]
[829, [4, 60, 60, 138, 18, 154]]
[830, [2, 26, 26, 138, 0, 122]]
[831, [2, 42, 42, 138, 0, 122]]
[832, [2, 58, 58, 138, 0, 122]]
[833, [0, 24, 24, 138, 0, 72]]
[834, [0, 40, 40, 138, 0, 72]]
[835, [0, 56, 56, 138, 0, 72]]
[836, [8, 32, 32, 138, 0, 32]]
[837, [8, 48, 48, 138, 0, 32]]
[838, [8, 64, 64, 138, 0, 32]]
[839, [26, 50, 50, 453, 0, 2]]
[840, [26, 66, 66, 309, 144, 2]]
[841, [6, 62, 62, 165, 258, 12]]
[842, [14, 38, 38, 21, 372, 2]]
[843, [4, 44, 44, 21, 342, 22]]
[844, [4, 60, 60, 36, 312, 52]]
[845, [2, 26, 26, 36, 282, 32]]
[846, [2, 42, 42, 36, 252, 62]]
[847, [2, 58, 58, 36, 222, 92]]
[848, [0, 24, 24, 36, 192, 72]]
[849, [0, 40, 40, 36, 162, 102]]
[850, [0, 56, 56, 36, 132, 132]]
[851, [8, 32, 32, 36, 102, 122]]
[852, [8, 48, 48, 36, 72, 152]]
[853, [8, 64, 64, 36, 42, 182]]
[854, [6, 30, 30, 36, 12, 162]]
[855, [6, 46, 46, 36, 0, 174]]
[856, [6, 62, 62, 36, 0, 174]]
[857, [4, 28, 28, 36, 0, 124]]
[858, [4, 44, 44, 36, 0, 124]]
[859, [4, 60, 60, 351, 0, 124]]
[860, [2, 26, 26, 207, 144, 74]]
[861, [2, 42, 42, 63, 258, 104]]
[862, [2, 58, 58, 63, 228, 134]]
[863, [0, 24, 24, 63, 198, 114]]
[864, [0, 40, 40, 78, 168, 144]]
[865, [0, 56, 56, 78, 138, 174]]
[866, [8, 32, 32, 78, 108, 164]]
[867, [8, 48, 48, 78, 78, 194]]
[868, [8, 64, 64, 78, 48, 224]]
[869, [6, 30, 30, 78, 18, 204]]
[870, [6, 46, 46, 78, 0, 222]]
[871, [6, 62, 62, 78, 0, 222]]
[872, [4, 28, 28, 78, 0, 172]]
[873, [4, 44, 44, 78, 0, 172]]
[874, [4, 60, 60, 78, 0, 172]]
[875, [2, 26, 26, 78, 0, 122]]
[876, [2, 42, 42, 78, 0, 122]]
[877, [2, 58, 58, 78, 0, 122]]
[878, [0, 24, 24, 78, 0, 72]]
[879, [0, 40, 40, 393, 0, 72]]
[880, [0, 56, 56, 249, 144, 72]]
[881, [8, 32, 32, 105, 258, 62]]
[882, [8, 48, 48, 105, 228, 92]]
[883, [8, 64, 64, 105, 198, 122]]
[884, [6, 30, 30, 120, 168, 102]]
[885, [6, 46, 46, 120, 138, 132]]
[886, [6, 62, 62, 120, 108, 162]]
[887, [4, 28, 28, 120, 78, 142]]
[888, [4, 44, 44, 120, 48, 172]]
[889, [4, 60, 60, 120, 18, 202]]
[890, [2, 26, 26, 120, 0, 170]]
[891, [2, 42, 42, 120, 0, 170]]
[892, [2, 58, 58, 120, 0, 170]]
[893, [0, 24, 24, 120, 0, 120]]
[894, [0, 40, 40, 120, 0, 120]]
[895, [0, 56, 56, 120, 0, 120]]
[896, [8, 32, 32, 120, 0, 80]]
[897, [8, 48, 48, 120, 0, 80]]
[898, [8, 64, 64, 120, 0, 80]]
[899, [6, 30, 30, 435, 0, 30]]
[900, [6, 46, 46, 291, 144, 30]]
[901, [6, 62, 62, 147, 258, 60]]
[902, [4, 28, 28, 3, 372, 40]]
[903, [4, 44, 44, 3, 342, 70]]
[904, [4, 60, 60, 18, 312, 100]]
[905, [2, 26, 26, 18, 282, 80]]
[906, [2, 42, 42, 18, 252, 110]]
[907, [2, 58, 58, 18, 222, 140]]
[908, [0, 24, 24, 18, 192, 120]]
[909, [0, 40, 40, 18, 162, 150]]
[910, [0, 56, 56, 18, 132, 180]]
[911, [8, 32, 32, 18, 102, 170]]
[912, [8, 48, 48, 18, 72, 200]]
[913, [8, 64, 64, 18, 42, 230]]
[914, [6, 30, 30, 18, 12, 210]]
[915, [6, 46, 46, 18, 0, 222]]
[916, [6, 62, 62, 18, 0, 222]]
[917, [4, 28, 28, 18, 0, 172]]
[918, [4, 44, 44, 18, 0, 172]]
[919, [4, 60, 60, 333, 0, 172]]
[920, [2, 26, 26, 189, 144, 122]]
[921, [2, 42, 42, 45, 258, 152]]
[922, [2, 58, 58, 45, 228, 182]]
[923, [0, 24, 24, 45, 198, 162]]
[924, [0, 40, 40, 60, 168, 192]]
[925, [0, 56, 56, 60, 138, 222]]
[926, [8, 32, 32, 60, 108, 212]]
[927, [8, 48, 48, 60, 78, 242]]
[928, [8, 64, 64, 60, 48, 272]]
[929, [6, 30, 30, 60, 18, 252]]
[930, [6, 46, 46, 60, 0, 270]]
[931, [6, 62, 62, 60, 0, 270]]
[932, [4, 28, 28, 60, 0, 220]]
[933, [4, 44, 44, 60, 0, 220]]
[934, [4, 60, 60, 60, 0, 220]]
[935, [2, 26, 26, 60, 0, 170]]
[936, [2, 42, 42, 60, 0, 170]]
[937, [2, 58, 58, 60, 0, 170]]
[938, [0, 24, 24, 60, 0, 120]]
[939, [0, 40, 40, 375, 0, 120]]
[940, [0, 56, 56, 231, 144, 120]]
[941, [8, 32, 32, 87, 258, 110]]
[942, [8, 48, 48, 87, 228, 140]]
[943, [8, 64, 64, 87, 198, 170]]
[944, [6, 30, 30, 102, 168, 150]]
[945, [6, 46, 46, 102, 138, 180]]
[946, [6, 62, 62, 102, 108, 210]]
[947, [4, 28, 28, 102, 78, 190]]
[948, [4, 44, 44, 102, 48, 220]]
[949, [4, 60, 60, 102, 18, 250]]
[950, [2, 26, 26, 102, 0, 218]]
[951, [2, 42, 42, 102, 0, 218]]
[952, [2, 58, 58, 102, 0, 218]]
[953, [0, 24, 24, 102, 0, 168]]
[954, [0, 40, 40, 102, 0, 168]]
[955, [0, 56, 56, 102, 0, 168]]
[956, [8, 32, 32, 102, 0, 128]]
[957, [8, 48, 48, 102, 0, 128]]
[958, [8, 64, 64, 102, 0, 128]]
[959, [6, 30, 30, 417, 0, 78]]
[960, [6, 46, 46, 273, 144, 78]]
[961, [6, 62, 62, 129, 258, 108]]
[962, [4, 28, 28, 129, 228, 88]]
[963, [4, 44, 44, 129, 198, 118]]
[964, [4, 60, 60, 144, 168, 148]]
[965, [2, 26, 26, 0, 282, 128]]
[966, [2, 42, 42, 0, 252, 158]]
[967, [2, 58, 58, 0, 222, 188]]
[968, [0, 24, 24, 0, 192, 168]]
[969, [0, 40, 40, 0, 162, 198]]
[970, [0, 56, 56, 0, 132, 228]]
[971, [8, 32, 32, 0, 102, 218]]
[972, [8, 48, 48, 0, 72, 248]]
[973, [8, 64, 64, 0, 42, 278]]
[974, [6, 30, 30, 0, 12, 258]]
[975, [6, 46, 46, 0, 0, 270]]
[976, [6, 62, 62, 0, 0, 270]]
[977, [4, 28, 28, 0, 0, 220]]
[978, [4, 44, 44, 0, 0, 220]]
[979, [4, 60, 60, 315, 0, 220]]
[980, [2, 26, 26, 171, 144, 170]]
[981, [2, 42, 42, 27, 258, 200]]
[982, [2, 58, 58, 27, 228, 230]]
[983, [0, 24, 24, 27, 198, 210]]
[984, [0, 40, 40, 42, 168, 240]]
[985, [0, 56, 56, 42, 138, 270]]
[986, [8, 32, 32, 42, 108, 260]]
[987, [8, 48, 48, 42, 78, 290]]
[988, [8, 64, 64, 42, 48, 320]]
[989, [6, 30, 30, 42, 18, 300]]
[990, [6, 46, 46, 42, 0, 318]]
[991, [6, 62, 62, 42, 0, 318]]
[992, [4, 28, 28, 42, 0, 268]]
[993, [4, 44, 44, 42, 0, 268]]
[994, [4, 60, 60, 42, 0, 268]]
[995, [2, 26, 26, 42, 0, 218]]
[996, [2, 42, 42, 42, 0, 218]]
[997, [2, 58, 58, 42, 0, 218]]
[998, [0, 24, 24, 42, 0, 168]]
[999, [0, 40, 40, 357, 0, 168]]
[1000, [0, 56, 56, 213, 144, 168]]
[1001, [8, 32, 32, 69, 258, 158]]
[1002, [8, 48, 48, 69, 228, 188]]
[1003, [8, 64, 64, 69, 198, 218]]
[1004, [6, 30, 30, 84, 168, 198]]
[1005, [6, 46, 46, 84, 138, 228]]
[1006, [6, 62, 62, 84, 108, 258]]
[1007, [4, 28, 28, 84, 78, 238]]
[1008, [4, 44, 44, 84, 48, 268]]
[1009, [4, 60, 60, 84, 18, 298]]
[1010, [2, 26, 26, 84, 0, 266]]
[1011, [2, 42, 42, 84, 0, 266]]
[1012, [2, 58, 58, 84, 0, 266]]
[1013, [0, 24, 24, 84, 0, 216]]
[1014, [0, 40, 40, 84, 0, 216]]
[1015, [0, 56, 56, 84, 0, 216]]
[1016, [8, 32, 32, 84, 0, 176]]
[1017, [8, 48, 48, 84, 0, 176]]
[1018, [8, 64, 64, 84, 0, 176]]
[1019, [6, 30, 30, 399, 0, 126]]
[1020, [6, 46, 46, 255, 144, 126]]
[1021, [6, 62, 62, 111, 258, 156]]
[1022, [4, 28, 28, 111, 228, 136]]
[1023, [4, 44, 44, 111, 198, 166]]
[1024, [4, 60, 60, 126, 168, 196]]
[1025, [2, 26, 26, 126, 138, 176]]
[1026, [2, 42, 42, 126, 108, 206]]
[1027, [2, 58, 58, 126, 78, 236]]
[1028, [0, 24, 24, 126, 48, 216]]
[1029, [0, 40, 40, 126, 18, 246]]
[1030, [0, 56, 56, 126, 0, 264]]
[1031, [8, 32, 32, 126, 0, 224]]
[1032, [8, 48, 48, 126, 0, 224]]
[1033, [8, 64, 64, 126, 0, 224]]
[1034, [6, 30, 30, 126, 0, 174]]
[1035, [6, 46, 46, 126, 0, 174]]
[1036, [6, 62, 62, 126, 0, 174]]
[1037, [4, 28, 28, 126, 0, 124]]
[1038, [4, 44, 44, 126, 0, 124]]
[1039, [4, 60, 60, 441, 0, 124]]
[1040, [2, 26, 26, 297, 144, 74]]
[1041, [2, 42, 42, 153, 258, 104]]
[1042, [2, 58, 58, 9, 372, 134]]
[1043, [0, 24, 24, 9, 342, 114]]
[1044, [0, 40, 40, 24, 312, 144]]
[1045, [0, 56, 56, 24, 282, 174]]
[1046, [8, 32, 32, 24, 252, 164]]
[1047, [8, 48, 48, 24, 222, 194]]
[1048, [8, 64, 64, 24, 192, 224]]
[1049, [6, 30, 30, 24, 162, 204]]
[1050, [6, 46, 46, 24, 132, 234]]
[1051, [6, 62, 62, 24, 102, 264]]
[1052, [4, 28, 28, 24, 72, 244]]
[1053, [4, 44, 44, 24, 42, 274]]
[1054, [4, 60, 60, 24, 12, 304]]
[1055, [2, 26, 26, 24, 0, 266]]
[1056, [2, 42, 42, 24, 0, 266]]
[1057, [2, 58, 58, 24, 0, 266]]
[1058, [0, 24, 24, 24, 0, 216]]
[1059, [0, 40, 40, 339, 0, 216]]
[1060, [0, 56, 56, 195, 144, 216]]
[1061, [8, 32, 32, 51, 258, 206]]
[1062, [8, 48, 48, 51, 228, 236]]
[1063, [8, 64, 64, 51, 198, 266]]
[1064, [6, 30, 30, 66, 168, 246]]
[1065, [6, 46, 46, 66, 138, 276]]
[1066, [6, 62, 62, 66, 108, 306]]
[1067, [4, 28, 28, 66, 78, 286]]
[1068, [4, 44, 44, 66, 48, 316]]
[1069, [4, 60, 60, 66, 18, 346]]
[1070, [2, 26, 26, 66, 0, 314]]
[1071, [2, 42, 42, 66, 0, 314]]
[1072, [2, 58, 58, 66, 0, 314]]
[1073, [0, 24, 24, 66, 0, 264]]
[1074, [0, 40, 40, 66, 0, 264]]
[1075, [0, 56, 56, 66, 0, 264]]
[1076, [8, 32, 32, 66, 0, 224]]
[1077, [8, 48, 48, 66, 0, 224]]
[1078, [8, 64, 64, 66, 0, 224]]
[1079, [6, 30, 30, 381, 0, 174]]
[1080, [6, 46, 46, 237, 144, 174]]
[1081, [6, 62, 62, 93, 258, 204]]
[1082, [4, 28, 28, 93, 228, 184]]
[1083, [4, 44, 44, 93, 198, 214]]
[1084, [4, 60, 60, 108, 168, 244]]
[1085, [2, 26, 26, 108, 138, 224]]
[1086, [2, 42, 42, 108, 108, 254]]
[1087, [2, 58, 58, 108, 78, 284]]
[1088, [0, 24, 24, 108, 48, 264]]
[1089, [0, 40, 40, 108, 18, 294]]
[1090, [0, 56, 56, 108, 0, 312]]
[1091, [8, 32, 32, 108, 0, 272]]
[1092, [8, 48, 48, 108, 0, 272]]
[1093, [8, 64, 64, 108, 0, 272]]
[1094, [6, 30, 30, 108, 0, 222]]
[1095, [6, 46, 46, 108, 0, 222]]
[1096, [6, 62, 62, 108, 0, 222]]
[1097, [4, 28, 28, 108, 0, 172]]
[1098, [4, 44, 44, 108, 0, 172]]
[1099, [4, 60, 60, 423, 0, 172]]
[1100, [2, 26, 26, 279, 144, 122]]
[1101, [2, 42, 42, 135, 258, 152]]
[1102, [2, 58, 58, 135, 228, 182]]
[1103, [0, 24, 24, 135, 198, 162]]
[1104, [0, 40, 40, 150, 168, 192]]
[1105, [0, 56, 56, 6, 282, 222]]
[1106, [8, 32, 32, 6, 252, 212]]
[1107, [8, 48, 48, 6, 222, 242]]
[1108, [8, 64, 64, 6, 192, 272]]
[1109, [6, 30, 30, 6, 162, 252]]
[1110, [6, 46, 46, 6, 132, 282]]
[1111, [6, 62, 62, 6, 102, 312]]
[1112, [4, 28, 28, 6, 72, 292]]
[1113, [4, 44, 44, 6, 42, 322]]
[1114, [4, 60, 60, 6, 12, 352]]
[1115, [2, 26, 26, 6, 0, 314]]
[1116, [2, 42, 42, 6, 0, 314]]
[1117, [2, 58, 58, 6, 0, 314]]
[1118, [0, 24, 24, 6, 0, 264]]
[1119, [0, 40, 40, 321, 0, 264]]
[1120, [0, 56, 56, 177, 144, 264]]
[1121, [8, 32, 32, 33, 258, 254]]
[1122, [8, 48, 48, 33, 228, 284]]
[1123, [8, 64, 64, 33, 198, 314]]
[1124, [6, 30, 30, 48, 168, 294]]
[1125, [6, 46, 46, 48, 138, 324]]
[1126, [6, 62, 62, 48, 108, 354]]
[1127, [4, 28, 28, 48, 78, 334]]
[1128, [4, 44, 44, 48, 48, 364]]
[1129, [4, 60, 60, 48, 18, 394]]
[1130, [2, 26, 26, 48, 0, 362]]
[1131, [2, 42, 42, 48, 0, 362]]
[1132, [2, 58, 58, 48, 0, 362]]
[1133, [0, 24, 24, 48, 0, 312]]
[1134, [0, 40, 40, 48, 0, 312]]
[1135, [0, 56, 56, 48, 0, 312]]
[1136, [8, 32, 32, 48, 0, 272]]
[1137, [8, 48, 48, 48, 0, 272]]
[1138, [8, 64, 64, 48, 0, 272]]
[1139, [6, 30, 30, 363, 0, 222]]
[1140, [6, 46, 46, 219, 144, 222]]
[1141, [6, 62, 62, 75, 258, 252]]
[1142, [4, 28, 28, 75, 228, 232]]
[1143, [4, 44, 44, 75, 198, 262]]
[1144, [4, 60, 60, 90, 168, 292]]
[1145, [2, 26, 26, 90, 138, 272]]
[1146, [2, 42, 42, 90, 108, 302]]
[1147, [2, 58, 58, 90, 78, 332]]
[1148, [0, 24, 24, 90, 48, 312]]
[1149, [0, 40, 40, 90, 18, 342]]
[1150, [0, 56, 56, 90, 0, 360]]
[1151, [8, 32, 32, 90, 0, 320]]
[1152, [8, 48, 48, 90, 0, 320]]
[1153, [8, 64, 64, 90, 0, 320]]
[1154, [6, 30, 30, 90, 0, 270]]
[1155, [6, 46, 46, 90, 0, 270]]
[1156, [6, 62, 62, 90, 0, 270]]
[1157, [4, 28, 28, 90, 0, 220]]
[1158, [4, 44, 44, 90, 0, 220]]
[1159, [4, 60, 60, 405, 0, 220]]
[1160, [2, 26, 26, 261, 144, 170]]
[1161, [2, 42, 42, 117, 258, 200]]
[1162, [2, 58, 58, 117, 228, 230]]
[1163, [0, 24, 24, 117, 198, 210]]
[1164, [0, 40, 40, 132, 168, 240]]
[1165, [0, 56, 56, 132, 138, 270]]
[1166, [8, 32, 32, 132, 108, 260]]
[1167, [8, 48, 48, 132, 78, 290]]
[1168, [8, 64, 64, 132, 48, 320]]
[1169, [6, 30, 30, 132, 18, 300]]
[1170, [6, 46, 46, 132, 0, 318]]
[1171, [6, 62, 62, 132, 0, 318]]
[1172, [4, 28, 28, 132, 0, 268]]
[1173, [4, 44, 44, 132, 0, 268]]
[1174, [4, 60, 60, 132, 0, 268]]
[1175, [2, 26, 26, 132, 0, 218]]
[1176, [2, 42, 42, 132, 0, 218]]
[1177, [2, 58, 58, 132, 0, 218]]
[1178, [0, 24, 24, 132, 0, 168]]
[1179, [0, 40, 40, 447, 0, 168]]
[1180, [0, 56, 56, 303, 144, 168]]
[1181, [8, 32, 32, 159, 258, 158]]
[1182, [8, 48, 48, 15, 372, 188]]
[1183, [8, 64, 64, 15, 342, 218]]
[1184, [6, 30, 30, 30, 312, 198]]
[1185, [6, 46, 46, 30, 282, 228]]
[1186, [6, 62, 62, 30, 252, 258]]
[1187, [4, 28, 28, 30, 222, 238]]
[1188, [4, 44, 44, 30, 192, 268]]
[1189, [4, 60, 60, 30, 162, 298]]
[1190, [2, 26, 26, 30, 132, 278]]
[1191, [2, 42, 42, 30, 102, 308]]
[1192, [2, 58, 58, 30, 72, 338]]
[1193, [0, 24, 24, 30, 42, 318]]
[1194, [0, 40, 40, 30, 12, 348]]
[1195, [0, 56, 56, 30, 0, 360]]
[1196, [8, 32, 32, 30, 0, 320]]
[1197, [8, 48, 48, 30, 0, 320]]
[1198, [8, 64, 64, 30, 0, 320]]
[1199, [6, 30, 30, 345, 0, 270]]
[1200, [6, 46, 46, 201, 144, 270]]
[1201, [6, 62, 62, 57, 258, 300]]
[1202, [4, 28, 28, 57, 228, 280]]
[1203, [4, 44, 44, 57, 198, 310]]
[1204, [4, 60, 60, 72, 168, 340]]
[1205, [2, 26, 26, 72, 138, 320]]
[1206, [2, 42, 42, 72, 108, 350]]
[1207, [2, 58, 58, 72, 78, 380]]
[1208, [0, 24, 24, 72, 48, 360]]
[1209, [0, 40, 40, 72, 18, 390]]
[1210, [0, 56, 56, 72, 0, 408]]
[1211, [8, 32, 32, 72, 0, 368]]
[1212, [8, 48, 48, 72, 0, 368]]
[1213, [8, 64, 64, 72, 0, 368]]
[1214, [6, 30, 30, 72, 0, 318]]
[1215, [6, 46, 46, 72, 0, 318]]
[1216, [6, 62, 62, 72, 0, 318]]
[1217, [4, 28, 28, 72, 0, 268]]
[1218, [4, 44, 44, 72, 0, 268]]
[1219, [4, 60, 60, 387, 0, 268]]
[1220, [2, 26, 26, 243, 144, 218]]
[1221, [2, 42, 42, 99, 258, 248]]
[1222, [2, 58, 58, 99, 228, 278]]
[1223, [0, 24, 24, 99, 198, 258]]
[1224, [0, 40, 40, 114, 168, 288]]
[1225, [0, 56, 56, 114, 138, 318]]
[1226, [8, 32, 32, 114, 108, 308]]
[1227, [8, 48, 48, 114, 78, 338]]
[1228, [8, 64, 64, 114, 48, 368]]
[1229, [6, 30, 30, 114, 18, 348]]
[1230, [6, 46, 46, 114, 0, 366]]
[1231, [6, 62, 62, 114, 0, 366]]
[1232, [4, 28, 28, 114, 0, 316]]
[1233, [4, 44, 44, 114, 0, 316]]
[1234, [4, 60, 60, 114, 0, 316]]
[1235, [2, 26, 26, 114, 0, 266]]
[1236, [2, 42, 42, 114, 0, 266]]
[1237, [2, 58, 58, 114, 0, 266]]
[1238, [0, 24, 24, 114, 0, 216]]
[1239, [0, 40, 40, 429, 0, 216]]
[1240, [0, 56, 56, 285, 144, 216]]
[1241, [8, 32, 32, 141, 258, 206]]
[1242, [8, 48, 48, 141, 228, 236]]
[1243, [8, 64, 64, 141, 198, 266]]
[1244, [6, 30, 30, 156, 168, 246]]
[1245, [6, 46, 46, 12, 282, 276]]
[1246, [6, 62, 62, 12, 252, 306]]
[1247, [4, 28, 28, 12, 222, 286]]
[1248, [4, 44, 44, 12, 192, 316]]
[1249, [4, 60, 60, 12, 162, 346]]
[1250, [2, 26, 26, 12, 132, 326]]
[1251, [2, 42, 42, 12, 102, 356]]
[1252, [2, 58, 58, 12, 72, 386]]
[1253, [0, 24, 24, 12, 42, 366]]
[1254, [0, 40, 40, 12, 12, 396]]
[1255, [0, 56, 56, 12, 0, 408]]
[1256, [8, 32, 32, 12, 0, 368]]
[1257, [8, 48, 48, 12, 0, 368]]
[1258, [8, 64, 64, 12, 0, 368]]
[1259, [6, 30, 30, 327, 0, 318]]
[1260, [6, 46, 46, 183, 144, 318]]
[1261, [6, 62, 62, 39, 258, 348]]
[1262, [4, 28, 28, 39, 228, 328]]
[1263, [4, 44, 44, 39, 198, 358]]
[1264, [4, 60, 60, 54, 168, 388]]
[1265, [2, 26, 26, 54, 138, 368]]
[1266, [2, 42, 42, 54, 108, 398]]
[1267, [2, 58, 58, 54, 78, 428]]
[1268, [0, 24, 24, 54, 48, 408]]
[1269, [0, 40, 40, 54, 18, 438]]
[1270, [0, 56, 56, 54, 0, 456]]
[1271, [8, 32, 32, 54, 0, 416]]
[1272, [8, 48, 48, 54, 0, 416]]
[1273, [8, 64, 64, 54, 0, 416]]
[1274, [6, 30, 30, 54, 0, 366]]
[1275, [6, 46, 46, 54, 0, 366]]
[1276, [6, 62, 62, 54, 0, 366]]
[1277, [4, 28, 28, 54, 0, 316]]
[1278, [4, 44, 44, 54, 0, 316]]
[1279, [4, 60, 60, 369, 0, 316]]
[1280, [2, 26, 26, 225, 144, 266]]
[1281, [2, 42, 42, 81, 258, 296]]
[1282, [2, 58, 58, 81, 228, 326]]
[1283, [0, 24, 24, 81, 198, 306]]
[1284, [0, 40, 40, 96, 168, 336]]
[1285, [0, 56, 56, 96, 138, 366]]
[1286, [8, 32, 32, 96, 108, 356]]
[1287, [8, 48, 48, 96, 78, 386]]
[1288, [8, 64, 64, 96, 48, 416]]
[1289, [6, 30, 30, 96, 18, 396]]
[1290, [6, 46, 46, 96, 0, 414]]
[1291, [6, 62, 62, 96, 0, 414]]
[1292, [4, 28, 28, 96, 0, 364]]
[1293, [4, 44, 44, 96, 0, 364]]
[1294, [4, 60, 60, 96, 0, 364]]
[1295, [2, 26, 26, 96, 0, 314]]
[1296, [2, 42, 42, 96, 0, 314]]
[1297, [2, 58, 58, 96, 0, 314]]
[1298, [0, 24, 24, 96, 0, 264]]
[1299, [0, 40, 40, 411, 0, 264]]
[1300, [0, 56, 56, 267, 144, 264]]
[1301, [8, 32, 32, 123, 258, 254]]
[1302, [8, 48, 48, 123, 228, 284]]
[1303, [8, 64, 64, 123, 198, 314]]
[1304, [6, 30, 30, 138, 168, 294]]
[1305, [6, 46, 46, 138, 138, 324]]
[1306, [6, 62, 62, 138, 108, 354]]
[1307, [4, 28, 28, 138, 78, 334]]
[1308, [4, 44, 44, 138, 48, 364]]
[1309, [4, 60, 60, 138, 18, 394]]
[1310, [2, 26, 26, 138, 0, 362]]
[1311, [2, 42, 42, 138, 0, 362]]
[1312, [2, 58, 58, 138, 0, 362]]
[1313, [0, 24, 24, 138, 0, 312]]
[1314, [0, 40, 40, 138, 0, 312]]
[1315, [0, 56, 56, 138, 0, 312]]
[1316, [8, 32, 32, 138, 0, 272]]
[1317, [8, 48, 48, 138, 0, 272]]
[1318, [8, 64, 64, 138, 0, 272]]
[1319, [6, 30, 30, 453, 0, 222]]
[1320, [6, 46, 46, 309, 144, 222]]
[1321, [6, 62, 62, 165, 258, 252]]
[1322, [4, 28, 28, 21, 372, 232]]
[1323, [4, 44, 44, 21, 342, 262]]
[1324, [4, 60, 60, 36, 312, 292]]
[1325, [2, 26, 26, 36, 282, 272]]
[1326, [2, 42, 42, 36, 252, 302]]
[1327, [2, 58, 58, 36, 222, 332]]
[1328, [0, 24, 24, 36, 192, 312]]
[1329, [0, 40, 40, 36, 162, 342]]
[1330, [0, 56, 56, 36, 132, 372]]
[1331, [8, 32, 32, 36, 102, 362]]
[1332, [8, 48, 48, 36, 72, 392]]
[1333, [8, 64, 64, 36, 42, 422]]
[1334, [6, 30, 30, 36, 12, 402]]
[1335, [6, 46, 46, 36, 0, 414]]
[1336, [6, 62, 62, 36, 0, 414]]
[1337, [4, 28, 28, 36, 0, 364]]
[1338, [4, 44, 44, 36, 0, 364]]
[1339, [4, 60, 60, 351, 0, 364]]
[1340, [2, 26, 26, 207, 144, 314]]
[1341, [2, 42, 42, 63, 258, 344]]
[1342, [2, 58, 58, 63, 228, 374]]
[1343, [0, 24, 24, 63, 198, 354]]
[1344, [0, 40, 40, 78, 168, 384]]
[1345, [0, 56, 56, 78, 138, 414]]
[1346, [8, 32, 32, 78, 108, 404]]
[1347, [8, 48, 48, 78, 78, 434]]
[1348, [8, 64, 64, 78, 48, 464]]
[1349, [6, 30, 30, 78, 18, 444]]
[1350, [6, 46, 46, 78, 0, 462]]
[1351, [6, 62, 62, 78, 0, 462]]
[1352, [4, 28, 28, 78, 0, 412]]
[1353, [4, 44, 44, 78, 0, 412]]
[1354, [4, 60, 60, 78, 0, 412]]
[1355, [2, 26, 26, 78, 0, 362]]
[1356, [2, 42, 42, 78, 0, 362]]
[1357, [2, 58, 58, 78, 0, 362]]
[1358, [0, 24, 24, 78, 0, 312]]
[1359, [0, 40, 40, 393, 0, 312]]
[1360, [0, 56, 56, 249, 144, 312]]
[1361, [8, 32, 32, 105, 258, 302]]
[1362, [8, 48, 48, 105, 228, 332]]
[1363, [8, 64, 64, 105, 198, 362]]
[1364, [6, 30, 30, 120, 168, 342]]
[1365, [6, 46, 46, 120, 138, 372]]
[1366, [6, 62, 62, 120, 108, 402]]
[1367, [4, 28, 28, 120, 78, 382]]
[1368, [4, 44, 44, 120, 48, 412]]
[1369, [4, 60, 60, 120, 18, 442]]
[1370, [2, 26, 26, 120, 0, 410]]
[1371, [2, 42, 42, 120, 0, 410]]
[1372, [2, 58, 58, 120, 0, 410]]
[1373, [0, 24, 24, 120, 0, 360]]
[1374, [0, 40, 40, 120, 0, 360]]
[1375, [0, 56, 56, 120, 0, 360]]
[1376, [8, 32, 32, 120, 0, 320]]
[1377, [8, 48, 48, 120, 0, 320]]
[1378, [8, 64, 64, 120, 0, 320]]
[1379, [6, 30, 30, 435, 0, 270]]
[1380, [6, 46, 46, 291, 144, 270]]
[1381, [6, 62, 62, 147, 258, 300]]
[1382, [4, 28, 28, 3, 372, 280]]
[1383, [4, 44, 44, 3, 342, 310]]
[1384, [4, 60, 60, 18, 312, 340]]
[1385, [2, 26, 26, 18, 282, 320]]
[1386, [2, 42, 42, 18, 252, 350]]
[1387, [2, 58, 58, 18, 222, 380]]
[1388, [0, 24, 24, 18, 192, 360]]
[1389, [0, 40, 40, 18, 162, 390]]
[1390, [0, 56, 56, 18, 132, 420]]
[1391, [8, 32, 32, 18, 102, 410]]
[1392, [8, 48, 48, 18, 72, 440]]
[1393, [8, 64, 64, 18, 42, 470]]
[1394, [6, 30, 30, 18, 12, 450]]
[1395, [6, 46, 46, 18, 0, 462]]
[1396, [6, 62, 62, 18, 0, 462]]
[1397, [4, 28, 28, 18, 0, 412]]
[1398, [4, 44, 44, 18, 0, 412]]
[1399, [4, 60, 60, 333, 0, 412]]
[1400, [2, 26, 26, 189, 144, 362]]
[1401, [2, 42, 42, 45, 258, 392]]
[1402, [2, 58, 58, 45, 228, 422]]
[1403, [0, 24, 24, 45, 198, 402]]
[1404, [0, 40, 40, 60, 168, 432]]
[1405, [0, 56, 56, 60, 138, 462]]
[1406, [8, 32, 32, 60, 108, 452]]
[1407, [8, 48, 48, 60, 78, 482]]
[1408, [8, 64, 64, 60, 48, 512]]
[1409, [6, 30, 30, 60, 18, 492]]
[1410, [6, 46, 46, 60, 0, 510]]
[1411, [6, 62, 62, 60, 0, 510]]
[1412, [4, 28, 28, 60, 0, 460]]
[1413, [4, 44, 44, 60, 0, 460]]
[1414, [4, 60, 60, 60, 0, 460]]
[1415, [2, 26, 26, 60, 0, 410]]
[1416, [2, 42, 42, 60, 0, 410]]
[1417, [2, 58, 58, 60, 0, 410]]
[1418, [0, 24, 24, 60, 0, 360]]
[1419, [0, 40, 40, 375, 0, 360]]
[1420, [0, 56, 56, 231, 144, 360]]
[1421, [8, 32, 32, 87, 258, 350]]
[1422, [8, 48, 48, 87, 228, 380]]
[1423, [8, 64, 64, 87, 198, 410]]
[1424, [6, 30, 30, 102, 168, 390]]
[1425, [6, 46, 46, 102, 138, 420]]
[1426, [6, 62, 62, 102, 108, 450]]
[1427, [4, 28, 28, 102, 78, 430]]
[1428, [4, 44, 44, 102, 48, 460]]
[1429, [4, 60, 60, 102, 18, 490]]
[1430, [2, 26, 26, 102, 0, 458]]
[1431, [2, 42, 42, 102, 0, 458]]
[1432, [2, 58, 58, 102, 0, 458]]
[1433, [0, 24, 24, 102, 0, 408]]
[1434, [0, 40, 40, 102, 0, 408]]
[1435, [0, 56, 56, 102, 0, 408]]
[1436, [8, 32, 32, 102, 0, 368]]
[1437, [8, 48, 48, 102, 0, 368]]
[1438, [8, 64, 64, 102, 0, 368]]
[1439, [6, 30, 30, 417, 0, 318]]
