SimulationV05.py[0, [0, 16, 16, 0, 0, 0]]
[1, [0, 32, 32, 0, 0, 0]]
[2, [48, 48, 48, 0, 0, 0]]
[3, [48, 64, 64, 0, 0, 0]]
[4, [48, 80, 80, 0, 0, 0]]
[5, [96, 96, 96, 0, 0, 0]]
[6, [96, 112, 112, 0, 0, 0]]
[7, [96, 128, 128, 0, 0, 0]]
[8, [144, 144, 144, 0, 0, 0]]
[9, [144, 160, 160, 0, 0, 0]]
[10, [144, 176, 176, 0, 0, 0]]
[11, [192, 192, 192, 0, 0, 0]]
[12, [192, 208, 208, 0, 0, 0]]
[13, [192, 224, 224, 0, 0, 0]]
[14, [240, 240, 240, 0, 0, 0]]
[15, [240, 256, 256, 0, 0, 0]]
[16, [240, 272, 272, 0, 0, 0]]
[17, [288, 288, 288, 0, 0, 0]]
[18, [288, 304, 304, 0, 0, 0]]
[19, [288, 320, 320, 330, 0, 0]]
[20, [336, 336, 336, 186, 144, 0]]
[21, [306, 322, 322, 42, 258, 0]]
[22, [276, 308, 308, 42, 228, 0]]
[23, [294, 294, 294, 42, 198, 0]]
[24, [264, 280, 280, 42, 168, 0]]
[25, [234, 266, 266, 42, 138, 0]]
[26, [252, 252, 252, 42, 108, 0]]
[27, [222, 238, 238, 42, 78, 0]]
[28, [192, 224, 224, 42, 48, 0]]
[29, [210, 210, 210, 42, 18, 0]]
[30, [192, 208, 208, 42, 0, 0]]
[31, [192, 224, 224, 42, 0, 0]]
[32, [240, 240, 240, 42, 0, 0]]
[33, [240, 256, 256, 42, 0, 0]]
[34, [240, 272, 272, 42, 0, 0]]
[35, [288, 288, 288, 42, 0, 0]]
[36, [288, 304, 304, 42, 0, 0]]
[37, [288, 320, 320, 42, 0, 0]]
[38, [336, 336, 336, 42, 0, 0]]
[39, [336, 352, 352, 372, 0, 0]]
[40, [336, 368, 368, 228, 144, 0]]
[41, [354, 354, 354, 84, 258, 0]]
[42, [324, 340, 340, 84, 228, 0]]
[43, [294, 326, 326, 84, 198, 0]]
[44, [312, 312, 312, 84, 168, 0]]
[45, [282, 298, 298, 84, 138, 0]]
[46, [252, 284, 284, 84, 108, 0]]
[47, [270, 270, 270, 84, 78, 0]]
[48, [240, 256, 256, 84, 48, 0]]
[49, [210, 242, 242, 84, 18, 0]]
[50, [240, 240, 240, 84, 0, 0]]
[51, [240, 256, 256, 84, 0, 0]]
[52, [240, 272, 272, 84, 0, 0]]
[53, [288, 288, 288, 84, 0, 0]]
[54, [288, 304, 304, 84, 0, 0]]
[55, [288, 320, 320, 84, 0, 0]]
[56, [336, 336, 336, 84, 0, 0]]
[57, [336, 352, 352, 84, 0, 0]]
[58, [336, 368, 368, 84, 0, 0]]
[59, [384, 384, 384, 414, 0, 0]]
[60, [384, 400, 400, 270, 144, 0]]
[61, [354, 386, 386, 126, 258, 0]]
[62, [372, 372, 372, 126, 228, 0]]
[63, [342, 358, 358, 126, 198, 0]]
[64, [312, 344, 344, 126, 168, 0]]
[65, [330, 330, 330, 126, 138, 0]]
[66, [300, 316, 316, 126, 108, 0]]
[67, [270, 302, 302, 126, 78, 0]]
[68, [288, 288, 288, 126, 48, 0]]
[69, [258, 274, 274, 126, 18, 0]]
[70, [240, 272, 272, 126, 0, 0]]
[71, [288, 288, 288, 126, 0, 0]]
[72, [288, 304, 304, 126, 0, 0]]
[73, [288, 320, 320, 126, 0, 0]]
[74, [336, 336, 336, 126, 0, 0]]
[75, [336, 352, 352, 126, 0, 0]]
[76, [336, 368, 368, 126, 0, 0]]
[77, [384, 384, 384, 126, 0, 0]]
[78, [384, 400, 400, 126, 0, 0]]
[79, [384, 416, 416, 456, 0, 0]]
[80, [432, 432, 432, 312, 144, 0]]
[81, [402, 418, 418, 168, 258, 0]]
[82, [372, 404, 404, 24, 372, 0]]
[83, [390, 390, 390, 24, 342, 0]]
[84, [360, 376, 376, 24, 312, 0]]
[85, [330, 362, 362, 24, 282, 0]]
[86, [348, 348, 348, 24, 252, 0]]
[87, [318, 334, 334, 24, 222, 0]]
[88, [288, 320, 320, 24, 192, 0]]
[89, [306, 306, 306, 24, 162, 0]]
[90, [276, 292, 292, 24, 132, 0]]
[91, [246, 278, 278, 24, 102, 0]]
[92, [264, 264, 264, 24, 72, 0]]
[93, [234, 250, 250, 24, 42, 0]]
[94, [204, 236, 236, 24, 12, 0]]
[95, [240, 240, 240, 24, 0, 0]]
[96, [240, 256, 256, 24, 0, 0]]
[97, [240, 272, 272, 24, 0, 0]]
[98, [288, 288, 288, 24, 0, 0]]
[99, [288, 304, 304, 354, 0, 0]]
[100, [288, 320, 320, 210, 144, 0]]
[101, [306, 306, 306, 66, 258, 0]]
[102, [276, 292, 292, 66, 228, 0]]
[103, [246, 278, 278, 66, 198, 0]]
[104, [264, 264, 264, 66, 168, 0]]
[105, [234, 250, 250, 66, 138, 0]]
[106, [204, 236, 236, 66, 108, 0]]
[107, [222, 222, 222, 66, 78, 0]]
[108, [192, 208, 208, 66, 48, 0]]
[109, [162, 194, 194, 66, 18, 0]]
[110, [192, 192, 192, 66, 0, 0]]
[111, [192, 208, 208, 66, 0, 0]]
[112, [192, 224, 224, 66, 0, 0]]
[113, [240, 240, 240, 66, 0, 0]]
[114, [240, 256, 256, 66, 0, 0]]
[115, [240, 272, 272, 66, 0, 0]]
[116, [288, 288, 288, 66, 0, 0]]
[117, [288, 304, 304, 66, 0, 0]]
[118, [288, 320, 320, 66, 0, 0]]
[119, [336, 336, 336, 396, 0, 0]]
[120, [336, 352, 352, 252, 144, 0]]
[121, [306, 338, 338, 108, 258, 0]]
[122, [324, 324, 324, 108, 228, 0]]
[123, [294, 310, 310, 108, 198, 0]]
[124, [286, 318, 318, 108, 168, 22]]
[125, [334, 334, 334, 108, 138, 52]]
[126, [334, 350, 350, 108, 108, 82]]
[127, [334, 366, 366, 108, 78, 112]]
[128, [368, 368, 368, 108, 48, 128]]
[129, [354, 370, 370, 108, 18, 144]]
[130, [340, 372, 372, 108, 0, 148]]
[131, [384, 384, 384, 108, 0, 144]]
[132, [382, 398, 398, 108, 0, 142]]
[133, [382, 414, 414, 108, 0, 142]]
[134, [428, 428, 428, 108, 0, 140]]
[135, [420, 436, 436, 108, 0, 132]]
[136, [418, 450, 450, 108, 0, 130]]
[137, [454, 454, 454, 108, 0, 118]]
[138, [452, 468, 468, 108, 0, 116]]
[139, [448, 480, 480, 438, 0, 112]]
[140, [492, 492, 492, 294, 144, 108]]
[141, [482, 498, 498, 150, 258, 128]]
[142, [470, 502, 502, 6, 372, 146]]
[143, [504, 504, 504, 6, 342, 162]]
[144, [478, 494, 494, 6, 312, 166]]
[145, [454, 486, 486, 6, 282, 172]]
[146, [474, 474, 474, 6, 252, 174]]
[147, [456, 472, 472, 6, 222, 186]]
[148, [436, 468, 468, 6, 192, 196]]
[149, [464, 464, 464, 6, 162, 206]]
[150, [442, 458, 458, 6, 132, 214]]
[151, [406, 438, 438, 6, 102, 208]]
[152, [422, 422, 422, 6, 72, 206]]
[153, [392, 408, 408, 6, 42, 206]]
[154, [374, 406, 406, 6, 12, 218]]
[155, [402, 402, 402, 6, 0, 210]]
[156, [382, 398, 398, 6, 0, 190]]
[157, [342, 374, 374, 6, 0, 150]]
[158, [338, 338, 338, 6, 0, 98]]
[159, [290, 306, 306, 336, 0, 50]]
[160, [256, 288, 288, 192, 144, 16]]
[161, [286, 286, 286, 48, 258, 28]]
[162, [266, 282, 282, 48, 228, 38]]
[163, [246, 278, 278, 48, 198, 48]]
[164, [248, 248, 248, 48, 168, 32]]
[165, [186, 202, 202, 48, 138, 0]]
[166, [156, 188, 188, 48, 108, 0]]
[167, [174, 174, 174, 48, 78, 0]]
[168, [144, 160, 160, 48, 48, 0]]
[169, [114, 146, 146, 48, 18, 0]]
[170, [144, 144, 144, 48, 0, 0]]
[171, [144, 160, 160, 48, 0, 0]]
[172, [144, 176, 176, 48, 0, 0]]
[173, [192, 192, 192, 48, 0, 0]]
[174, [192, 208, 208, 48, 0, 0]]
[175, [192, 224, 224, 48, 0, 0]]
[176, [240, 240, 240, 48, 0, 0]]
[177, [240, 256, 256, 48, 0, 0]]
[178, [240, 272, 272, 48, 0, 0]]
[179, [288, 288, 288, 378, 0, 0]]
[180, [288, 304, 304, 234, 144, 0]]
[181, [258, 290, 290, 90, 258, 0]]
[182, [276, 276, 276, 90, 228, 0]]
[183, [246, 262, 262, 90, 198, 0]]
[184, [216, 248, 248, 90, 168, 0]]
[185, [234, 234, 234, 90, 138, 0]]
[186, [204, 220, 220, 90, 108, 0]]
[187, [174, 206, 206, 90, 78, 0]]
[188, [192, 192, 192, 90, 48, 0]]
[189, [162, 178, 178, 90, 18, 0]]
[190, [144, 176, 176, 90, 0, 0]]
[191, [192, 192, 192, 90, 0, 0]]
[192, [192, 208, 208, 90, 0, 0]]
[193, [192, 224, 224, 90, 0, 0]]
[194, [240, 240, 240, 90, 0, 0]]
[195, [240, 256, 256, 90, 0, 0]]
[196, [240, 272, 272, 90, 0, 0]]
[197, [288, 288, 288, 90, 0, 0]]
[198, [288, 304, 304, 90, 0, 0]]
[199, [288, 320, 320, 420, 0, 0]]
[200, [336, 336, 336, 276, 144, 0]]
[201, [306, 322, 322, 132, 258, 0]]
[202, [276, 308, 308, 132, 228, 0]]
[203, [294, 294, 294, 132, 198, 0]]
[204, [264, 280, 280, 132, 168, 0]]
[205, [234, 266, 266, 132, 138, 0]]
[206, [252, 252, 252, 132, 108, 0]]
[207, [222, 238, 238, 132, 78, 0]]
[208, [192, 224, 224, 132, 48, 0]]
[209, [210, 210, 210, 132, 18, 0]]
[210, [192, 208, 208, 132, 0, 0]]
[211, [192, 224, 224, 132, 0, 0]]
[212, [240, 240, 240, 132, 0, 0]]
[213, [240, 256, 256, 132, 0, 0]]
[214, [240, 272, 272, 132, 0, 0]]
[215, [288, 288, 288, 132, 0, 0]]
[216, [288, 304, 304, 132, 0, 0]]
[217, [288, 320, 320, 132, 0, 0]]
[218, [336, 336, 336, 132, 0, 0]]
[219, [336, 352, 352, 462, 0, 0]]
[220, [336, 368, 368, 318, 144, 0]]
[221, [354, 354, 354, 174, 258, 0]]
[222, [324, 340, 340, 30, 372, 0]]
[223, [294, 326, 326, 30, 342, 0]]
[224, [312, 312, 312, 30, 312, 0]]
[225, [282, 298, 298, 30, 282, 0]]
[226, [252, 284, 284, 30, 252, 0]]
[227, [270, 270, 270, 30, 222, 0]]
[228, [240, 256, 256, 30, 192, 0]]
[229, [210, 242, 242, 30, 162, 0]]
[230, [228, 228, 228, 30, 132, 0]]
[231, [198, 214, 214, 30, 102, 0]]
[232, [168, 200, 200, 30, 72, 0]]
[233, [186, 186, 186, 30, 42, 0]]
[234, [156, 172, 172, 30, 12, 0]]
[235, [144, 176, 176, 30, 0, 0]]
[236, [192, 192, 192, 30, 0, 0]]
[237, [192, 208, 208, 30, 0, 0]]
[238, [192, 224, 224, 30, 0, 0]]
[239, [240, 240, 240, 360, 0, 0]]
[240, [240, 256, 256, 216, 144, 0]]
[241, [210, 242, 242, 72, 258, 0]]
[242, [228, 228, 228, 72, 228, 0]]
[243, [198, 214, 214, 72, 198, 0]]
[244, [168, 200, 200, 72, 168, 0]]
[245, [186, 186, 186, 72, 138, 0]]
[246, [156, 172, 172, 72, 108, 0]]
[247, [126, 158, 158, 72, 78, 0]]
[248, [144, 144, 144, 72, 48, 0]]
[249, [114, 130, 130, 72, 18, 0]]
[250, [96, 128, 128, 72, 0, 0]]
[251, [144, 144, 144, 72, 0, 0]]
[252, [144, 160, 160, 72, 0, 0]]
[253, [144, 176, 176, 72, 0, 0]]
[254, [192, 192, 192, 72, 0, 0]]
[255, [192, 208, 208, 72, 0, 0]]
[256, [192, 224, 224, 72, 0, 0]]
[257, [240, 240, 240, 72, 0, 0]]
[258, [240, 256, 256, 72, 0, 0]]
[259, [240, 272, 272, 402, 0, 0]]
[260, [288, 288, 288, 258, 144, 0]]
[261, [258, 274, 274, 114, 258, 0]]
[262, [228, 260, 260, 114, 228, 0]]
[263, [246, 246, 246, 114, 198, 0]]
[264, [216, 232, 232, 114, 168, 0]]
[265, [186, 218, 218, 114, 138, 0]]
[266, [204, 204, 204, 114, 108, 0]]
[267, [184, 200, 200, 114, 78, 10]]
[268, [166, 198, 198, 114, 48, 22]]
[269, [196, 196, 196, 114, 18, 34]]
[270, [178, 194, 194, 114, 0, 34]]
[271, [158, 190, 190, 114, 0, 14]]
[272, [192, 192, 192, 114, 0, 0]]
[273, [192, 208, 208, 114, 0, 0]]
[274, [192, 224, 224, 114, 0, 0]]
[275, [240, 240, 240, 114, 0, 0]]
[276, [240, 256, 256, 114, 0, 0]]
[277, [240, 272, 272, 114, 0, 0]]
[278, [288, 288, 288, 114, 0, 0]]
[279, [288, 304, 304, 444, 0, 0]]
[280, [288, 320, 320, 300, 144, 0]]
[281, [306, 306, 306, 156, 258, 0]]
[282, [276, 292, 292, 12, 372, 0]]
[283, [260, 292, 292, 12, 342, 14]]
[284, [296, 296, 296, 12, 312, 32]]
[285, [288, 304, 304, 12, 282, 54]]
[286, [284, 316, 316, 12, 252, 80]]
[287, [330, 330, 330, 12, 222, 108]]
[288, [306, 322, 322, 12, 192, 114]]
[289, [292, 324, 324, 12, 162, 130]]
[290, [330, 330, 330, 12, 132, 150]]
[291, [314, 330, 330, 12, 102, 164]]
[292, [302, 334, 334, 12, 72, 182]]
[293, [342, 342, 342, 12, 42, 204]]
[294, [336, 352, 352, 12, 12, 228]]
[295, [314, 346, 346, 12, 0, 218]]
[296, [354, 354, 354, 12, 0, 210]]
[297, [334, 350, 350, 12, 0, 190]]
[298, [306, 338, 338, 12, 0, 162]]
[299, [328, 328, 328, 342, 0, 136]]
[300, [310, 326, 326, 198, 144, 118]]
[301, [294, 326, 326, 54, 258, 132]]
[302, [306, 306, 306, 54, 228, 126]]
[303, [286, 302, 302, 54, 198, 136]]
[304, [260, 292, 292, 54, 168, 140]]
[305, [272, 272, 272, 54, 138, 134]]
[306, [226, 242, 242, 54, 108, 118]]
[307, [198, 230, 230, 54, 78, 120]]
[308, [222, 222, 222, 54, 48, 126]]
[309, [184, 200, 200, 54, 18, 118]]
[310, [162, 194, 194, 54, 0, 114]]
[311, [182, 182, 182, 54, 0, 86]]
[312, [146, 162, 162, 54, 0, 50]]
[313, [100, 132, 132, 54, 0, 4]]
[314, [144, 144, 144, 54, 0, 0]]
[315, [144, 160, 160, 54, 0, 0]]
[316, [144, 176, 176, 54, 0, 0]]
[317, [192, 192, 192, 54, 0, 0]]
[318, [192, 208, 208, 54, 0, 0]]
[319, [192, 224, 224, 384, 0, 0]]
[320, [240, 240, 240, 240, 144, 0]]
[321, [210, 226, 226, 96, 258, 0]]
[322, [180, 212, 212, 96, 228, 0]]
[323, [198, 198, 198, 96, 198, 0]]
[324, [168, 184, 184, 96, 168, 0]]
[325, [138, 170, 170, 96, 138, 0]]
[326, [156, 156, 156, 96, 108, 0]]
[327, [126, 142, 142, 96, 78, 0]]
[328, [96, 128, 128, 96, 48, 0]]
[329, [114, 114, 114, 96, 18, 0]]
[330, [96, 112, 112, 96, 0, 0]]
[331, [96, 128, 128, 96, 0, 0]]
[332, [144, 144, 144, 96, 0, 0]]
[333, [144, 160, 160, 96, 0, 0]]
[334, [144, 176, 176, 96, 0, 0]]
[335, [192, 192, 192, 96, 0, 0]]
[336, [192, 208, 208, 96, 0, 0]]
[337, [192, 224, 224, 96, 0, 0]]
[338, [240, 240, 240, 96, 0, 0]]
[339, [240, 256, 256, 426, 0, 0]]
[340, [240, 272, 272, 282, 144, 0]]
[341, [258, 258, 258, 138, 258, 0]]
[342, [228, 244, 244, 138, 228, 0]]
[343, [198, 230, 230, 138, 198, 0]]
[344, [216, 216, 216, 138, 168, 0]]
[345, [186, 202, 202, 138, 138, 0]]
[346, [156, 188, 188, 138, 108, 0]]
[347, [174, 174, 174, 138, 78, 0]]
[348, [144, 160, 160, 138, 48, 0]]
[349, [114, 146, 146, 138, 18, 0]]
[350, [144, 144, 144, 138, 0, 0]]
[351, [144, 160, 160, 138, 0, 0]]
[352, [144, 176, 176, 138, 0, 0]]
[353, [192, 192, 192, 138, 0, 0]]
[354, [192, 208, 208, 138, 0, 0]]
[355, [192, 224, 224, 138, 0, 0]]
[356, [240, 240, 240, 138, 0, 0]]
[357, [240, 256, 256, 138, 0, 0]]
[358, [240, 272, 272, 138, 0, 0]]
[359, [288, 288, 288, 468, 0, 0]]
[360, [288, 304, 304, 324, 144, 0]]
[361, [258, 290, 290, 180, 258, 0]]
[362, [276, 276, 276, 36, 372, 0]]
[363, [246, 262, 262, 36, 342, 0]]
[364, [216, 248, 248, 36, 312, 0]]
[365, [234, 234, 234, 36, 282, 0]]
[366, [204, 220, 220, 36, 252, 0]]
[367, [174, 206, 206, 36, 222, 0]]
[368, [192, 192, 192, 36, 192, 0]]
[369, [162, 178, 178, 36, 162, 0]]
[370, [132, 164, 164, 36, 132, 0]]
[371, [150, 150, 150, 36, 102, 0]]
[372, [120, 136, 136, 36, 72, 0]]
[373, [90, 122, 122, 36, 42, 0]]
[374, [108, 108, 108, 36, 12, 0]]
[375, [96, 112, 112, 36, 0, 0]]
[376, [96, 128, 128, 36, 0, 0]]
[377, [144, 144, 144, 36, 0, 0]]
[378, [144, 160, 160, 36, 0, 0]]
[379, [144, 176, 176, 366, 0, 0]]
[380, [192, 192, 192, 222, 144, 0]]
[381, [162, 178, 178, 78, 258, 0]]
[382, [132, 164, 164, 78, 228, 0]]
[383, [150, 150, 150, 78, 198, 0]]
[384, [120, 136, 136, 78, 168, 0]]
[385, [90, 122, 122, 78, 138, 0]]
[386, [108, 108, 108, 78, 108, 0]]
[387, [78, 94, 94, 78, 78, 0]]
[388, [48, 80, 80, 78, 48, 0]]
[389, [66, 66, 66, 78, 18, 0]]
[390, [48, 64, 64, 78, 0, 0]]
[391, [48, 80, 80, 78, 0, 0]]
[392, [96, 96, 96, 78, 0, 0]]
[393, [96, 112, 112, 78, 0, 0]]
[394, [96, 128, 128, 78, 0, 0]]
[395, [144, 144, 144, 78, 0, 0]]
[396, [144, 160, 160, 78, 0, 0]]
[397, [144, 176, 176, 78, 0, 0]]
[398, [192, 192, 192, 78, 0, 0]]
[399, [192, 208, 208, 408, 0, 0]]
[400, [192, 224, 224, 264, 144, 0]]
[401, [210, 210, 210, 120, 258, 0]]
[402, [180, 196, 196, 120, 228, 0]]
[403, [150, 182, 182, 120, 198, 0]]
[404, [168, 168, 168, 120, 168, 0]]
[405, [138, 154, 154, 120, 138, 0]]
[406, [108, 140, 140, 120, 108, 0]]
[407, [126, 126, 126, 120, 78, 0]]
[408, [96, 112, 112, 120, 48, 0]]
[409, [66, 98, 98, 120, 18, 0]]
[410, [96, 96, 96, 120, 0, 0]]
[411, [96, 112, 112, 120, 0, 0]]
[412, [96, 128, 128, 120, 0, 0]]
[413, [144, 144, 144, 120, 0, 0]]
[414, [144, 160, 160, 120, 0, 0]]
[415, [144, 176, 176, 120, 0, 0]]
[416, [192, 192, 192, 120, 0, 0]]
[417, [192, 208, 208, 120, 0, 0]]
[418, [192, 224, 224, 120, 0, 0]]
[419, [240, 240, 240, 450, 0, 0]]
[420, [240, 256, 256, 306, 144, 0]]
[421, [210, 242, 242, 162, 258, 0]]
[422, [228, 228, 228, 18, 372, 0]]
[423, [198, 214, 214, 18, 342, 0]]
[424, [168, 200, 200, 18, 312, 0]]
[425, [200, 200, 200, 18, 282, 14]]
[426, [198, 214, 214, 18, 252, 42]]
[427, [196, 228, 228, 18, 222, 70]]
[428, [230, 230, 230, 18, 192, 86]]
[429, [210, 226, 226, 18, 162, 96]]
[430, [184, 216, 216, 18, 132, 100]]
[431, [206, 206, 206, 18, 102, 104]]
[432, [194, 210, 210, 18, 72, 122]]
[433, [190, 222, 222, 18, 42, 148]]
[434, [232, 232, 232, 18, 12, 172]]
[435, [222, 238, 238, 18, 0, 174]]
[436, [210, 242, 242, 18, 0, 162]]
[437, [240, 240, 240, 18, 0, 144]]
[438, [218, 234, 234, 18, 0, 122]]
[439, [202, 234, 234, 348, 0, 106]]
[440, [244, 244, 244, 204, 144, 100]]
[441, [228, 244, 244, 60, 258, 114]]
[442, [214, 246, 246, 60, 228, 130]]
[443, [248, 248, 248, 60, 198, 146]]
[444, [224, 240, 240, 60, 168, 152]]
[445, [192, 224, 224, 60, 138, 150]]
[446, [214, 214, 214, 60, 108, 154]]
[447, [202, 218, 218, 60, 78, 172]]
[448, [176, 208, 208, 60, 48, 176]]
[449, [202, 202, 202, 60, 18, 184]]
[450, [182, 198, 198, 60, 0, 182]]
[451, [162, 194, 194, 60, 0, 162]]
[452, [180, 180, 180, 60, 0, 132]]
[453, [152, 168, 168, 60, 0, 104]]
[454, [140, 172, 172, 60, 0, 92]]
[455, [162, 162, 162, 60, 0, 66]]
[456, [140, 156, 156, 60, 0, 44]]
[457, [104, 136, 136, 60, 0, 8]]
[458, [144, 144, 144, 60, 0, 0]]
[459, [144, 160, 160, 390, 0, 0]]
[460, [144, 176, 176, 246, 144, 0]]
[461, [162, 162, 162, 102, 258, 0]]
[462, [132, 148, 148, 102, 228, 0]]
[463, [102, 134, 134, 102, 198, 0]]
[464, [120, 120, 120, 102, 168, 0]]
[465, [90, 106, 106, 102, 138, 0]]
[466, [60, 92, 92, 102, 108, 0]]
[467, [78, 78, 78, 102, 78, 0]]
[468, [48, 64, 64, 102, 48, 0]]
[469, [18, 50, 50, 102, 18, 0]]
[470, [48, 48, 48, 102, 0, 0]]
[471, [48, 64, 64, 102, 0, 0]]
[472, [48, 80, 80, 102, 0, 0]]
[473, [96, 96, 96, 102, 0, 0]]
[474, [96, 112, 112, 102, 0, 0]]
[475, [96, 128, 128, 102, 0, 0]]
[476, [144, 144, 144, 102, 0, 0]]
[477, [144, 160, 160, 102, 0, 0]]
[478, [144, 176, 176, 102, 0, 0]]
[479, [192, 192, 192, 432, 0, 0]]
[480, [192, 208, 208, 288, 144, 0]]
[481, [162, 194, 194, 144, 258, 0]]
[482, [180, 180, 180, 0, 372, 0]]
[483, [150, 166, 166, 0, 342, 0]]
[484, [120, 152, 152, 0, 312, 0]]
[485, [138, 138, 138, 0, 282, 0]]
[486, [108, 124, 124, 0, 252, 0]]
[487, [78, 110, 110, 0, 222, 0]]
[488, [96, 96, 96, 0, 192, 0]]
[489, [66, 82, 82, 0, 162, 0]]
[490, [36, 68, 68, 0, 132, 0]]
[491, [54, 54, 54, 0, 102, 0]]
[492, [24, 40, 40, 0, 72, 0]]
[493, [0, 32, 32, 0, 42, 6]]
[494, [12, 12, 12, 0, 12, 0]]
[495, [0, 16, 16, 0, 0, 0]]
[496, [0, 32, 32, 0, 0, 0]]
[497, [48, 48, 48, 0, 0, 0]]
[498, [48, 64, 64, 0, 0, 0]]
[499, [48, 80, 80, 330, 0, 0]]
[500, [96, 96, 96, 186, 144, 0]]
[501, [66, 82, 82, 42, 258, 0]]
[502, [36, 68, 68, 42, 228, 0]]
[503, [54, 54, 54, 42, 198, 0]]
[504, [24, 40, 40, 42, 168, 0]]
[505, [0, 32, 32, 42, 138, 6]]
[506, [12, 12, 12, 42, 108, 0]]
[507, [0, 16, 16, 42, 78, 18]]
[508, [0, 32, 32, 42, 48, 48]]
[509, [0, 0, 0, 42, 18, 30]]
[510, [0, 16, 16, 42, 0, 48]]
[511, [0, 32, 32, 42, 0, 48]]
[512, [0, 0, 0, 42, 0, 0]]
[513, [0, 16, 16, 42, 0, 0]]
[514, [0, 32, 32, 42, 0, 0]]
[515, [48, 48, 48, 42, 0, 0]]
[516, [48, 64, 64, 42, 0, 0]]
[517, [48, 80, 80, 42, 0, 0]]
[518, [96, 96, 96, 42, 0, 0]]
[519, [96, 112, 112, 372, 0, 0]]
[520, [96, 128, 128, 228, 144, 0]]
[521, [114, 114, 114, 84, 258, 0]]
[522, [84, 100, 100, 84, 228, 0]]
[523, [54, 86, 86, 84, 198, 0]]
[524, [72, 72, 72, 84, 168, 0]]
[525, [42, 58, 58, 84, 138, 0]]
[526, [12, 44, 44, 84, 108, 0]]
[527, [30, 30, 30, 84, 78, 0]]
[528, [0, 16, 16, 84, 48, 0]]
[529, [0, 32, 32, 84, 18, 30]]
[530, [0, 0, 0, 84, 0, 0]]
[531, [0, 16, 16, 84, 0, 0]]
[532, [0, 32, 32, 84, 0, 0]]
[533, [48, 48, 48, 84, 0, 0]]
[534, [48, 64, 64, 84, 0, 0]]
[535, [48, 80, 80, 84, 0, 0]]
[536, [96, 96, 96, 84, 0, 0]]
[537, [96, 112, 112, 84, 0, 0]]
[538, [96, 128, 128, 84, 0, 0]]
[539, [144, 144, 144, 414, 0, 0]]
[540, [144, 160, 160, 270, 144, 0]]
[541, [114, 146, 146, 126, 258, 0]]
[542, [132, 132, 132, 126, 228, 0]]
[543, [102, 118, 118, 126, 198, 0]]
[544, [72, 104, 104, 126, 168, 0]]
[545, [90, 90, 90, 126, 138, 0]]
[546, [60, 76, 76, 126, 108, 0]]
[547, [30, 62, 62, 126, 78, 0]]
[548, [48, 48, 48, 126, 48, 0]]
[549, [18, 34, 34, 126, 18, 0]]
[550, [0, 32, 32, 126, 0, 0]]
[551, [48, 48, 48, 126, 0, 0]]
[552, [48, 64, 64, 126, 0, 0]]
[553, [48, 80, 80, 126, 0, 0]]
[554, [96, 96, 96, 126, 0, 0]]
[555, [96, 112, 112, 126, 0, 0]]
[556, [96, 128, 128, 126, 0, 0]]
[557, [144, 144, 144, 126, 0, 0]]
[558, [144, 160, 160, 126, 0, 0]]
[559, [144, 176, 176, 456, 0, 0]]
[560, [192, 192, 192, 312, 144, 0]]
[561, [162, 178, 178, 168, 258, 0]]
[562, [132, 164, 164, 24, 372, 0]]
[563, [150, 150, 150, 24, 342, 0]]
[564, [120, 136, 136, 24, 312, 0]]
[565, [90, 122, 122, 24, 282, 0]]
[566, [108, 108, 108, 24, 252, 0]]
[567, [100, 116, 116, 24, 222, 22]]
[568, [74, 106, 106, 24, 192, 26]]
[569, [100, 100, 100, 24, 162, 34]]
[570, [78, 94, 94, 24, 132, 42]]
[571, [56, 88, 88, 24, 102, 50]]
[572, [78, 78, 78, 24, 72, 54]]
[573, [58, 74, 74, 24, 42, 64]]
[574, [50, 82, 82, 24, 12, 86]]
[575, [82, 82, 82, 24, 0, 82]]
[576, [68, 84, 84, 24, 0, 68]]
[577, [50, 82, 82, 24, 0, 50]]
[578, [76, 76, 76, 24, 0, 28]]
[579, [54, 70, 70, 354, 0, 6]]
[580, [48, 80, 80, 210, 144, 0]]
[581, [76, 76, 76, 66, 258, 10]]
[582, [62, 78, 78, 66, 228, 26]]
[583, [52, 84, 84, 66, 198, 46]]
[584, [82, 82, 82, 66, 168, 58]]
[585, [60, 76, 76, 66, 138, 66]]
[586, [34, 66, 66, 66, 108, 70]]
[587, [72, 72, 72, 66, 78, 90]]
[588, [52, 68, 68, 66, 48, 100]]
[589, [38, 70, 70, 66, 18, 116]]
[590, [70, 70, 70, 66, 0, 118]]
[591, [44, 60, 60, 66, 0, 92]]
[592, [24, 56, 56, 66, 0, 72]]
[593, [44, 44, 44, 66, 0, 44]]
[594, [34, 50, 50, 66, 0, 34]]
[595, [12, 44, 44, 66, 0, 12]]
[596, [52, 52, 52, 66, 0, 4]]
[597, [48, 64, 64, 66, 0, 0]]
[598, [48, 80, 80, 66, 0, 0]]
[599, [96, 96, 96, 396, 0, 0]]
[600, [96, 112, 112, 252, 144, 0]]
[601, [66, 98, 98, 108, 258, 0]]
[602, [84, 84, 84, 108, 228, 0]]
[603, [54, 70, 70, 108, 198, 0]]
[604, [24, 56, 56, 108, 168, 0]]
[605, [42, 42, 42, 108, 138, 0]]
[606, [12, 28, 28, 108, 108, 0]]
[607, [8, 40, 40, 108, 78, 26]]
[608, [20, 20, 20, 108, 48, 20]]
[609, [0, 16, 16, 108, 18, 30]]
[610, [0, 32, 32, 108, 0, 48]]
[611, [0, 0, 0, 108, 0, 0]]
[612, [0, 16, 16, 108, 0, 0]]
[613, [0, 32, 32, 108, 0, 0]]
[614, [48, 48, 48, 108, 0, 0]]
[615, [48, 64, 64, 108, 0, 0]]
[616, [48, 80, 80, 108, 0, 0]]
[617, [96, 96, 96, 108, 0, 0]]
[618, [96, 112, 112, 108, 0, 0]]
[619, [96, 128, 128, 438, 0, 0]]
[620, [144, 144, 144, 294, 144, 0]]
[621, [114, 130, 130, 150, 258, 0]]
[622, [84, 116, 116, 6, 372, 0]]
[623, [102, 102, 102, 6, 342, 0]]
[624, [72, 88, 88, 6, 312, 0]]
[625, [42, 74, 74, 6, 282, 0]]
[626, [60, 60, 60, 6, 252, 0]]
[627, [30, 46, 46, 6, 222, 0]]
[628, [0, 32, 32, 6, 192, 0]]
[629, [18, 18, 18, 6, 162, 0]]
[630, [0, 16, 16, 6, 132, 12]]
[631, [0, 32, 32, 6, 102, 42]]
[632, [0, 0, 0, 6, 72, 24]]
[633, [0, 16, 16, 6, 42, 54]]
[634, [0, 32, 32, 6, 12, 84]]
[635, [0, 0, 0, 6, 0, 48]]
[636, [0, 16, 16, 6, 0, 48]]
[637, [0, 32, 32, 6, 0, 48]]
[638, [0, 0, 0, 6, 0, 0]]
[639, [0, 16, 16, 336, 0, 0]]
[640, [0, 32, 32, 192, 144, 0]]
[641, [18, 18, 18, 48, 258, 0]]
[642, [0, 16, 16, 48, 228, 12]]
[643, [0, 32, 32, 48, 198, 42]]
[644, [0, 0, 0, 48, 168, 24]]
[645, [0, 16, 16, 48, 138, 54]]
[646, [0, 32, 32, 48, 108, 84]]
[647, [0, 0, 0, 48, 78, 66]]
[648, [0, 16, 16, 48, 48, 96]]
[649, [0, 32, 32, 48, 18, 126]]
[650, [0, 0, 0, 48, 0, 96]]
[651, [0, 16, 16, 48, 0, 96]]
[652, [0, 32, 32, 48, 0, 96]]
[653, [0, 0, 0, 48, 0, 48]]
[654, [0, 16, 16, 48, 0, 48]]
[655, [0, 32, 32, 48, 0, 48]]
[656, [0, 0, 0, 48, 0, 0]]
[657, [0, 16, 16, 48, 0, 0]]
[658, [0, 32, 32, 48, 0, 0]]
[659, [48, 48, 48, 378, 0, 0]]
[660, [48, 64, 64, 234, 144, 0]]
[661, [18, 50, 50, 90, 258, 0]]
[662, [36, 36, 36, 90, 228, 0]]
[663, [6, 22, 22, 90, 198, 0]]
[664, [0, 32, 32, 90, 168, 24]]
[665, [0, 0, 0, 90, 138, 6]]
[666, [0, 16, 16, 90, 108, 36]]
[667, [0, 32, 32, 90, 78, 66]]
[668, [0, 0, 0, 90, 48, 48]]
[669, [0, 16, 16, 90, 18, 78]]
[670, [0, 32, 32, 90, 0, 96]]
[671, [0, 0, 0, 90, 0, 48]]
[672, [0, 16, 16, 90, 0, 48]]
[673, [0, 32, 32, 90, 0, 48]]
[674, [0, 0, 0, 90, 0, 0]]
[675, [0, 16, 16, 90, 0, 0]]
[676, [0, 32, 32, 90, 0, 0]]
[677, [48, 48, 48, 90, 0, 0]]
[678, [48, 64, 64, 90, 0, 0]]
[679, [48, 80, 80, 420, 0, 0]]
[680, [96, 96, 96, 276, 144, 0]]
[681, [66, 82, 82, 132, 258, 0]]
[682, [36, 68, 68, 132, 228, 0]]
[683, [54, 54, 54, 132, 198, 0]]
[684, [24, 40, 40, 132, 168, 0]]
[685, [0, 32, 32, 132, 138, 6]]
[686, [12, 12, 12, 132, 108, 0]]
[687, [0, 16, 16, 132, 78, 18]]
[688, [0, 32, 32, 132, 48, 48]]
[689, [0, 0, 0, 132, 18, 30]]
[690, [0, 16, 16, 132, 0, 48]]
[691, [0, 32, 32, 132, 0, 48]]
[692, [0, 0, 0, 132, 0, 0]]
[693, [0, 16, 16, 132, 0, 0]]
[694, [0, 32, 32, 132, 0, 0]]
[695, [48, 48, 48, 132, 0, 0]]
[696, [48, 64, 64, 132, 0, 0]]
[697, [48, 80, 80, 132, 0, 0]]
[698, [96, 96, 96, 132, 0, 0]]
[699, [96, 112, 112, 462, 0, 0]]
[700, [96, 128, 128, 318, 144, 0]]
[701, [114, 114, 114, 174, 258, 0]]
[702, [84, 100, 100, 30, 372, 0]]
[703, [54, 86, 86, 30, 342, 0]]
[704, [72, 72, 72, 30, 312, 0]]
[705, [42, 58, 58, 30, 282, 0]]
[706, [12, 44, 44, 30, 252, 0]]
[707, [30, 30, 30, 30, 222, 0]]
[708, [0, 16, 16, 30, 192, 0]]
[709, [0, 32, 32, 30, 162, 30]]
[710, [0, 0, 0, 30, 132, 12]]
[711, [0, 16, 16, 30, 102, 42]]
[712, [0, 32, 32, 30, 72, 72]]
[713, [0, 0, 0, 30, 42, 54]]
[714, [0, 16, 16, 30, 12, 84]]
[715, [0, 32, 32, 30, 0, 96]]
[716, [0, 0, 0, 30, 0, 48]]
[717, [0, 16, 16, 30, 0, 48]]
[718, [0, 32, 32, 30, 0, 48]]
[719, [0, 0, 0, 360, 0, 0]]
[720, [0, 16, 16, 216, 144, 0]]
[721, [0, 32, 32, 72, 258, 30]]
[722, [8, 8, 8, 72, 228, 20]]
[723, [0, 16, 16, 72, 198, 42]]
[724, [0, 32, 32, 72, 168, 72]]
[725, [4, 4, 4, 72, 138, 58]]
[726, [0, 16, 16, 72, 108, 84]]
[727, [0, 32, 32, 72, 78, 114]]
[728, [8, 8, 8, 72, 48, 104]]
[729, [0, 16, 16, 72, 18, 126]]
[730, [0, 32, 32, 72, 0, 144]]
[731, [6, 6, 6, 72, 0, 102]]
[732, [0, 16, 16, 72, 0, 96]]
[733, [0, 32, 32, 72, 0, 96]]
[734, [6, 6, 6, 72, 0, 54]]
[735, [0, 16, 16, 72, 0, 48]]
[736, [0, 32, 32, 72, 0, 48]]
[737, [14, 14, 14, 72, 0, 14]]
[738, [0, 16, 16, 72, 0, 0]]
[739, [0, 32, 32, 402, 0, 0]]
[740, [48, 48, 48, 258, 144, 0]]
[741, [18, 34, 34, 114, 258, 0]]
[742, [0, 32, 32, 114, 228, 12]]
[743, [6, 6, 6, 114, 198, 0]]
[744, [0, 16, 16, 114, 168, 24]]
[745, [0, 32, 32, 114, 138, 54]]
[746, [0, 0, 0, 114, 108, 36]]
[747, [0, 16, 16, 114, 78, 66]]
[748, [0, 32, 32, 114, 48, 96]]
[749, [0, 0, 0, 114, 18, 78]]
[750, [0, 16, 16, 114, 0, 96]]
[751, [0, 32, 32, 114, 0, 96]]
[752, [0, 0, 0, 114, 0, 48]]
[753, [0, 16, 16, 114, 0, 48]]
[754, [0, 32, 32, 114, 0, 48]]
[755, [0, 0, 0, 114, 0, 0]]
[756, [0, 16, 16, 114, 0, 0]]
[757, [0, 32, 32, 114, 0, 0]]
[758, [48, 48, 48, 114, 0, 0]]
[759, [48, 64, 64, 444, 0, 0]]
[760, [48, 80, 80, 300, 144, 0]]
[761, [66, 66, 66, 156, 258, 0]]
[762, [36, 52, 52, 12, 372, 0]]
[763, [6, 38, 38, 12, 342, 0]]
[764, [24, 24, 24, 12, 312, 0]]
[765, [0, 16, 16, 12, 282, 6]]
[766, [0, 32, 32, 12, 252, 36]]
[767, [0, 0, 0, 12, 222, 18]]
[768, [0, 16, 16, 12, 192, 48]]
[769, [0, 32, 32, 12, 162, 78]]
[770, [0, 0, 0, 12, 132, 60]]
[771, [0, 16, 16, 12, 102, 90]]
[772, [0, 32, 32, 12, 72, 120]]
[773, [0, 0, 0, 12, 42, 102]]
[774, [0, 16, 16, 12, 12, 132]]
[775, [0, 32, 32, 12, 0, 144]]
[776, [0, 0, 0, 12, 0, 96]]
[777, [0, 16, 16, 12, 0, 96]]
[778, [0, 32, 32, 12, 0, 96]]
[779, [0, 0, 0, 342, 0, 48]]
[780, [0, 16, 16, 198, 144, 48]]
[781, [0, 32, 32, 54, 258, 78]]
[782, [0, 0, 0, 54, 228, 60]]
[783, [0, 16, 16, 54, 198, 90]]
[784, [0, 32, 32, 54, 168, 120]]
[785, [0, 0, 0, 54, 138, 102]]
[786, [0, 16, 16, 54, 108, 132]]
[787, [0, 32, 32, 54, 78, 162]]
[788, [0, 0, 0, 54, 48, 144]]
[789, [0, 16, 16, 54, 18, 174]]
[790, [0, 32, 32, 54, 0, 192]]
[791, [0, 0, 0, 54, 0, 144]]
[792, [0, 16, 16, 54, 0, 144]]
[793, [0, 32, 32, 54, 0, 144]]
[794, [0, 0, 0, 54, 0, 96]]
[795, [0, 16, 16, 54, 0, 96]]
[796, [0, 32, 32, 54, 0, 96]]
[797, [0, 0, 0, 54, 0, 48]]
[798, [0, 16, 16, 54, 0, 48]]
[799, [0, 32, 32, 384, 0, 48]]
[800, [0, 0, 0, 240, 144, 0]]
[801, [0, 16, 16, 96, 258, 30]]
[802, [0, 32, 32, 96, 228, 60]]
[803, [0, 0, 0, 96, 198, 42]]
[804, [0, 16, 16, 96, 168, 72]]
[805, [0, 32, 32, 96, 138, 102]]
[806, [0, 0, 0, 96, 108, 84]]
[807, [0, 16, 16, 96, 78, 114]]
[808, [0, 32, 32, 96, 48, 144]]
[809, [0, 0, 0, 96, 18, 126]]
[810, [0, 16, 16, 96, 0, 144]]
[811, [0, 32, 32, 96, 0, 144]]
[812, [0, 0, 0, 96, 0, 96]]
[813, [0, 16, 16, 96, 0, 96]]
[814, [0, 32, 32, 96, 0, 96]]
[815, [0, 0, 0, 96, 0, 48]]
[816, [0, 16, 16, 96, 0, 48]]
[817, [0, 32, 32, 96, 0, 48]]
[818, [0, 0, 0, 96, 0, 0]]
[819, [0, 16, 16, 426, 0, 0]]
[820, [0, 32, 32, 282, 144, 0]]
[821, [18, 18, 18, 138, 258, 0]]
[822, [0, 16, 16, 138, 228, 12]]
[823, [0, 32, 32, 138, 198, 42]]
[824, [0, 0, 0, 138, 168, 24]]
[825, [0, 16, 16, 138, 138, 54]]
[826, [0, 32, 32, 138, 108, 84]]
[827, [0, 0, 0, 138, 78, 66]]
[828, [0, 16, 16, 138, 48, 96]]
[829, [0, 32, 32, 138, 18, 126]]
[830, [0, 0, 0, 138, 0, 96]]
[831, [0, 16, 16, 138, 0, 96]]
[832, [0, 32, 32, 138, 0, 96]]
[833, [0, 0, 0, 138, 0, 48]]
[834, [0, 16, 16, 138, 0, 48]]
[835, [0, 32, 32, 138, 0, 48]]
[836, [0, 0, 0, 138, 0, 0]]
[837, [0, 16, 16, 138, 0, 0]]
[838, [0, 32, 32, 138, 0, 0]]
[839, [48, 48, 48, 468, 0, 0]]
[840, [48, 64, 64, 324, 144, 0]]
[841, [18, 50, 50, 180, 258, 0]]
[842, [36, 36, 36, 36, 372, 0]]
[843, [6, 22, 22, 36, 342, 0]]
[844, [0, 32, 32, 36, 312, 24]]
[845, [0, 0, 0, 36, 282, 6]]
[846, [0, 16, 16, 36, 252, 36]]
[847, [0, 32, 32, 36, 222, 66]]
[848, [0, 0, 0, 36, 192, 48]]
[849, [0, 16, 16, 36, 162, 78]]
[850, [0, 32, 32, 36, 132, 108]]
[851, [0, 0, 0, 36, 102, 90]]
[852, [0, 16, 16, 36, 72, 120]]
[853, [0, 32, 32, 36, 42, 150]]
[854, [0, 0, 0, 36, 12, 132]]
[855, [0, 16, 16, 36, 0, 144]]
[856, [0, 32, 32, 36, 0, 144]]
[857, [0, 0, 0, 36, 0, 96]]
[858, [0, 16, 16, 36, 0, 96]]
[859, [0, 32, 32, 366, 0, 96]]
[860, [0, 0, 0, 222, 144, 48]]
[861, [0, 16, 16, 78, 258, 78]]
[862, [0, 32, 32, 78, 228, 108]]
[863, [0, 0, 0, 78, 198, 90]]
[864, [0, 16, 16, 78, 168, 120]]
[865, [0, 32, 32, 78, 138, 150]]
[866, [0, 0, 0, 78, 108, 132]]
[867, [0, 16, 16, 78, 78, 162]]
[868, [0, 32, 32, 78, 48, 192]]
[869, [0, 0, 0, 78, 18, 174]]
[870, [0, 16, 16, 78, 0, 192]]
[871, [0, 32, 32, 78, 0, 192]]
[872, [0, 0, 0, 78, 0, 144]]
[873, [0, 16, 16, 78, 0, 144]]
[874, [0, 32, 32, 78, 0, 144]]
[875, [0, 0, 0, 78, 0, 96]]
[876, [0, 16, 16, 78, 0, 96]]
[877, [0, 32, 32, 78, 0, 96]]
[878, [4, 4, 4, 78, 0, 52]]
[879, [0, 16, 16, 408, 0, 48]]
[880, [0, 32, 32, 264, 144, 48]]
[881, [0, 0, 0, 120, 258, 30]]
[882, [0, 16, 16, 120, 228, 60]]
[883, [0, 32, 32, 120, 198, 90]]
[884, [0, 0, 0, 120, 168, 72]]
[885, [0, 16, 16, 120, 138, 102]]
[886, [0, 32, 32, 120, 108, 132]]
[887, [2, 2, 2, 120, 78, 116]]
[888, [0, 16, 16, 120, 48, 144]]
[889, [0, 32, 32, 120, 18, 174]]
[890, [0, 0, 0, 120, 0, 144]]
[891, [0, 16, 16, 120, 0, 144]]
[892, [0, 32, 32, 120, 0, 144]]
[893, [0, 0, 0, 120, 0, 96]]
[894, [0, 16, 16, 120, 0, 96]]
[895, [0, 32, 32, 120, 0, 96]]
[896, [0, 0, 0, 120, 0, 48]]
[897, [0, 16, 16, 120, 0, 48]]
[898, [0, 32, 32, 120, 0, 48]]
[899, [0, 0, 0, 450, 0, 0]]
[900, [0, 16, 16, 306, 144, 0]]
[901, [0, 32, 32, 162, 258, 30]]
[902, [0, 0, 0, 18, 372, 12]]
[903, [0, 16, 16, 18, 342, 42]]
[904, [0, 32, 32, 18, 312, 72]]
[905, [0, 0, 0, 18, 282, 54]]
[906, [0, 16, 16, 18, 252, 84]]
[907, [0, 32, 32, 18, 222, 114]]
[908, [0, 0, 0, 18, 192, 96]]
[909, [0, 16, 16, 18, 162, 126]]
[910, [0, 32, 32, 18, 132, 156]]
[911, [0, 0, 0, 18, 102, 138]]
[912, [0, 16, 16, 18, 72, 168]]
[913, [0, 32, 32, 18, 42, 198]]
[914, [0, 0, 0, 18, 12, 180]]
[915, [0, 16, 16, 18, 0, 192]]
[916, [0, 32, 32, 18, 0, 192]]
[917, [0, 0, 0, 18, 0, 144]]
[918, [0, 16, 16, 18, 0, 144]]
[919, [0, 32, 32, 333, 0, 144]]
[920, [0, 0, 0, 189, 144, 96]]
[921, [0, 16, 16, 45, 258, 126]]
[922, [0, 32, 32, 45, 228, 156]]
[923, [0, 0, 0, 45, 198, 138]]
[924, [0, 16, 16, 45, 168, 168]]
[925, [0, 32, 32, 45, 138, 198]]
[926, [0, 0, 0, 45, 108, 180]]
[927, [0, 16, 16, 45, 78, 210]]
[928, [0, 32, 32, 45, 48, 240]]
[929, [0, 0, 0, 45, 18, 222]]
[930, [0, 16, 16, 45, 0, 240]]
[931, [0, 32, 32, 45, 0, 240]]
[932, [0, 0, 0, 45, 0, 192]]
[933, [0, 16, 16, 45, 0, 192]]
[934, [0, 32, 32, 45, 0, 192]]
[935, [0, 0, 0, 45, 0, 144]]
[936, [0, 16, 16, 60, 0, 144]]
[937, [0, 32, 32, 60, 0, 144]]
[938, [0, 0, 0, 60, 0, 96]]
[939, [0, 16, 16, 375, 0, 96]]
[940, [0, 32, 32, 231, 144, 96]]
[941, [0, 0, 0, 87, 258, 78]]
[942, [0, 16, 16, 87, 228, 108]]
[943, [0, 32, 32, 87, 198, 138]]
[944, [0, 0, 0, 87, 168, 120]]
[945, [0, 16, 16, 87, 138, 150]]
[946, [0, 32, 32, 87, 108, 180]]
[947, [0, 0, 0, 87, 78, 162]]
[948, [0, 16, 16, 87, 48, 192]]
[949, [0, 32, 32, 87, 18, 222]]
[950, [0, 0, 0, 87, 0, 192]]
[951, [0, 16, 16, 87, 0, 192]]
[952, [0, 32, 32, 87, 0, 192]]
[953, [0, 0, 0, 87, 0, 144]]
[954, [0, 16, 16, 87, 0, 144]]
[955, [0, 32, 32, 87, 0, 144]]
[956, [0, 0, 0, 102, 0, 96]]
[957, [0, 16, 16, 102, 0, 96]]
[958, [0, 32, 32, 102, 0, 96]]
[959, [0, 0, 0, 417, 0, 48]]
[960, [0, 16, 16, 273, 144, 48]]
[961, [0, 32, 32, 129, 258, 78]]
[962, [0, 0, 0, 129, 228, 60]]
[963, [0, 16, 16, 129, 198, 90]]
[964, [0, 32, 32, 129, 168, 120]]
[965, [0, 0, 0, 129, 138, 102]]
[966, [0, 16, 16, 129, 108, 132]]
[967, [0, 32, 32, 129, 78, 162]]
[968, [0, 0, 0, 129, 48, 144]]
[969, [0, 16, 16, 129, 18, 174]]
[970, [0, 32, 32, 129, 0, 192]]
[971, [0, 0, 0, 129, 0, 144]]
[972, [0, 16, 16, 129, 0, 144]]
[973, [0, 32, 32, 129, 0, 144]]
[974, [0, 0, 0, 129, 0, 96]]
[975, [0, 16, 16, 129, 0, 96]]
[976, [0, 32, 32, 144, 0, 96]]
[977, [0, 0, 0, 0, 144, 48]]
[978, [0, 16, 16, 0, 114, 78]]
[979, [0, 32, 32, 315, 84, 108]]
[980, [0, 0, 0, 171, 198, 90]]
[981, [0, 16, 16, 27, 312, 120]]
[982, [0, 32, 32, 27, 282, 150]]
[983, [0, 0, 0, 27, 252, 132]]
[984, [0, 16, 16, 27, 222, 162]]
[985, [0, 32, 32, 27, 192, 192]]
[986, [0, 0, 0, 27, 162, 174]]
[987, [0, 16, 16, 27, 132, 204]]
[988, [0, 32, 32, 27, 102, 234]]
[989, [0, 0, 0, 27, 72, 216]]
[990, [0, 16, 16, 27, 42, 246]]
[991, [0, 32, 32, 27, 12, 276]]
[992, [0, 0, 0, 27, 0, 240]]
[993, [0, 16, 16, 27, 0, 240]]
[994, [0, 32, 32, 27, 0, 240]]
[995, [0, 0, 0, 27, 0, 192]]
[996, [0, 16, 16, 42, 0, 192]]
[997, [0, 32, 32, 42, 0, 192]]
[998, [0, 0, 0, 42, 0, 144]]
[999, [0, 16, 16, 357, 0, 144]]
[1000, [0, 32, 32, 213, 144, 144]]
[1001, [0, 0, 0, 69, 258, 126]]
[1002, [0, 16, 16, 69, 228, 156]]
[1003, [0, 32, 32, 69, 198, 186]]
[1004, [0, 0, 0, 69, 168, 168]]
[1005, [0, 16, 16, 69, 138, 198]]
[1006, [0, 32, 32, 69, 108, 228]]
[1007, [0, 0, 0, 69, 78, 210]]
[1008, [0, 16, 16, 69, 48, 240]]
[1009, [0, 32, 32, 69, 18, 270]]
[1010, [0, 0, 0, 69, 0, 240]]
[1011, [0, 16, 16, 69, 0, 240]]
[1012, [0, 32, 32, 69, 0, 240]]
[1013, [0, 0, 0, 69, 0, 192]]
[1014, [0, 16, 16, 69, 0, 192]]
[1015, [0, 32, 32, 69, 0, 192]]
[1016, [0, 0, 0, 84, 0, 144]]
[1017, [0, 16, 16, 84, 0, 144]]
[1018, [0, 32, 32, 84, 0, 144]]
[1019, [0, 0, 0, 399, 0, 96]]
[1020, [0, 16, 16, 255, 144, 96]]
[1021, [0, 32, 32, 111, 258, 126]]
[1022, [0, 0, 0, 111, 228, 108]]
[1023, [0, 16, 16, 111, 198, 138]]
[1024, [0, 32, 32, 111, 168, 168]]
[1025, [0, 0, 0, 111, 138, 150]]
[1026, [0, 16, 16, 111, 108, 180]]
[1027, [0, 32, 32, 111, 78, 210]]
[1028, [0, 0, 0, 111, 48, 192]]
[1029, [0, 16, 16, 111, 18, 222]]
[1030, [0, 32, 32, 111, 0, 240]]
[1031, [0, 0, 0, 111, 0, 192]]
[1032, [0, 16, 16, 111, 0, 192]]
[1033, [0, 32, 32, 111, 0, 192]]
[1034, [0, 0, 0, 111, 0, 144]]
[1035, [0, 16, 16, 111, 0, 144]]
[1036, [0, 32, 32, 126, 0, 144]]
[1037, [0, 0, 0, 126, 0, 96]]
[1038, [0, 16, 16, 126, 0, 96]]
[1039, [0, 32, 32, 441, 0, 96]]
[1040, [0, 0, 0, 297, 144, 48]]
[1041, [0, 16, 16, 153, 258, 78]]
[1042, [0, 32, 32, 9, 372, 108]]
[1043, [0, 0, 0, 9, 342, 90]]
[1044, [0, 16, 16, 9, 312, 120]]
[1045, [0, 32, 32, 9, 282, 150]]
[1046, [0, 0, 0, 9, 252, 132]]
[1047, [0, 16, 16, 9, 222, 162]]
[1048, [0, 32, 32, 9, 192, 192]]
[1049, [0, 0, 0, 9, 162, 174]]
[1050, [0, 16, 16, 9, 132, 204]]
[1051, [0, 32, 32, 9, 102, 234]]
[1052, [0, 0, 0, 9, 72, 216]]
[1053, [0, 16, 16, 9, 42, 246]]
[1054, [0, 32, 32, 9, 12, 276]]
[1055, [0, 0, 0, 9, 0, 240]]
[1056, [0, 16, 16, 24, 0, 240]]
[1057, [0, 32, 32, 24, 0, 240]]
[1058, [0, 0, 0, 24, 0, 192]]
[1059, [0, 16, 16, 339, 0, 192]]
[1060, [0, 32, 32, 195, 144, 192]]
[1061, [0, 0, 0, 51, 258, 174]]
[1062, [0, 16, 16, 51, 228, 204]]
[1063, [0, 32, 32, 51, 198, 234]]
[1064, [0, 0, 0, 51, 168, 216]]
[1065, [0, 16, 16, 51, 138, 246]]
[1066, [0, 32, 32, 51, 108, 276]]
[1067, [0, 0, 0, 51, 78, 258]]
[1068, [0, 16, 16, 51, 48, 288]]
[1069, [0, 32, 32, 51, 18, 318]]
[1070, [0, 0, 0, 51, 0, 288]]
[1071, [0, 16, 16, 51, 0, 288]]
[1072, [0, 32, 32, 51, 0, 288]]
[1073, [0, 0, 0, 51, 0, 240]]
[1074, [0, 16, 16, 51, 0, 240]]
[1075, [0, 32, 32, 51, 0, 240]]
[1076, [0, 0, 0, 66, 0, 192]]
[1077, [0, 16, 16, 66, 0, 192]]
[1078, [0, 32, 32, 66, 0, 192]]
[1079, [0, 0, 0, 381, 0, 144]]
[1080, [0, 16, 16, 237, 144, 144]]
[1081, [0, 32, 32, 93, 258, 174]]
[1082, [0, 0, 0, 93, 228, 156]]
[1083, [0, 16, 16, 93, 198, 186]]
[1084, [0, 32, 32, 93, 168, 216]]
[1085, [0, 0, 0, 93, 138, 198]]
[1086, [0, 16, 16, 93, 108, 228]]
[1087, [0, 32, 32, 93, 78, 258]]
[1088, [0, 0, 0, 93, 48, 240]]
[1089, [0, 16, 16, 93, 18, 270]]
[1090, [0, 32, 32, 93, 0, 288]]
[1091, [0, 0, 0, 93, 0, 240]]
[1092, [0, 16, 16, 93, 0, 240]]
[1093, [0, 32, 32, 93, 0, 240]]
[1094, [0, 0, 0, 93, 0, 192]]
[1095, [0, 16, 16, 93, 0, 192]]
[1096, [0, 32, 32, 108, 0, 192]]
[1097, [0, 0, 0, 108, 0, 144]]
[1098, [0, 16, 16, 108, 0, 144]]
[1099, [0, 32, 32, 423, 0, 144]]
[1100, [0, 0, 0, 279, 144, 96]]
[1101, [0, 16, 16, 135, 258, 126]]
[1102, [0, 32, 32, 135, 228, 156]]
[1103, [0, 0, 0, 135, 198, 138]]
[1104, [0, 16, 16, 135, 168, 168]]
[1105, [0, 32, 32, 135, 138, 198]]
[1106, [0, 0, 0, 135, 108, 180]]
[1107, [0, 16, 16, 135, 78, 210]]
[1108, [0, 32, 32, 135, 48, 240]]
[1109, [0, 0, 0, 135, 18, 222]]
[1110, [0, 16, 16, 135, 0, 240]]
[1111, [0, 32, 32, 135, 0, 240]]
[1112, [0, 0, 0, 135, 0, 192]]
[1113, [0, 16, 16, 135, 0, 192]]
[1114, [0, 32, 32, 135, 0, 192]]
[1115, [0, 0, 0, 135, 0, 144]]
[1116, [0, 16, 16, 150, 0, 144]]
[1117, [0, 32, 32, 6, 144, 144]]
[1118, [0, 0, 0, 6, 114, 126]]
[1119, [0, 16, 16, 321, 84, 156]]
[1120, [0, 32, 32, 177, 198, 186]]
[1121, [0, 0, 0, 33, 312, 168]]
[1122, [0, 16, 16, 33, 282, 198]]
[1123, [0, 32, 32, 33, 252, 228]]
[1124, [0, 0, 0, 33, 222, 210]]
[1125, [0, 16, 16, 33, 192, 240]]
[1126, [0, 32, 32, 33, 162, 270]]
[1127, [0, 0, 0, 33, 132, 252]]
[1128, [0, 16, 16, 33, 102, 282]]
[1129, [0, 32, 32, 33, 72, 312]]
[1130, [0, 0, 0, 33, 42, 294]]
[1131, [0, 16, 16, 33, 12, 324]]
[1132, [0, 32, 32, 33, 0, 336]]
[1133, [0, 0, 0, 33, 0, 288]]
[1134, [0, 16, 16, 33, 0, 288]]
[1135, [0, 32, 32, 33, 0, 288]]
[1136, [0, 0, 0, 48, 0, 240]]
[1137, [0, 16, 16, 48, 0, 240]]
[1138, [0, 32, 32, 48, 0, 240]]
[1139, [0, 0, 0, 363, 0, 192]]
[1140, [0, 16, 16, 219, 144, 192]]
[1141, [0, 32, 32, 75, 258, 222]]
[1142, [0, 0, 0, 75, 228, 204]]
[1143, [0, 16, 16, 75, 198, 234]]
[1144, [0, 32, 32, 75, 168, 264]]
[1145, [0, 0, 0, 75, 138, 246]]
[1146, [0, 16, 16, 75, 108, 276]]
[1147, [0, 32, 32, 75, 78, 306]]
[1148, [0, 0, 0, 75, 48, 288]]
[1149, [0, 16, 16, 75, 18, 318]]
[1150, [0, 32, 32, 75, 0, 336]]
[1151, [0, 0, 0, 75, 0, 288]]
[1152, [0, 16, 16, 75, 0, 288]]
[1153, [0, 32, 32, 75, 0, 288]]
[1154, [0, 0, 0, 75, 0, 240]]
[1155, [0, 16, 16, 75, 0, 240]]
[1156, [0, 32, 32, 90, 0, 240]]
[1157, [0, 0, 0, 90, 0, 192]]
[1158, [0, 16, 16, 90, 0, 192]]
[1159, [0, 32, 32, 390, 0, 192]]
[1160, [0, 0, 0, 246, 144, 144]]
[1161, [0, 16, 16, 102, 258, 174]]
[1162, [0, 32, 32, 102, 228, 204]]
[1163, [0, 0, 0, 102, 198, 186]]
[1164, [0, 16, 16, 102, 168, 216]]
[1165, [0, 32, 32, 102, 138, 246]]
[1166, [0, 0, 0, 117, 108, 228]]
[1167, [0, 16, 16, 117, 78, 258]]
[1168, [0, 32, 32, 117, 48, 288]]
[1169, [0, 0, 0, 117, 18, 270]]
[1170, [0, 16, 16, 117, 0, 288]]
[1171, [0, 32, 32, 117, 0, 288]]
[1172, [0, 0, 0, 117, 0, 240]]
[1173, [0, 16, 16, 117, 0, 240]]
[1174, [0, 32, 32, 117, 0, 240]]
[1175, [0, 0, 0, 117, 0, 192]]
[1176, [0, 16, 16, 132, 0, 192]]
[1177, [0, 32, 32, 132, 0, 192]]
[1178, [0, 0, 0, 132, 0, 144]]
[1179, [0, 16, 16, 432, 0, 144]]
[1180, [0, 32, 32, 288, 144, 144]]
[1181, [0, 0, 0, 144, 258, 126]]
[1182, [0, 16, 16, 0, 372, 156]]
[1183, [0, 32, 32, 0, 342, 186]]
[1184, [0, 0, 0, 0, 312, 168]]
[1185, [0, 16, 16, 0, 282, 198]]
[1186, [0, 32, 32, 15, 252, 228]]
[1187, [0, 0, 0, 15, 222, 210]]
[1188, [0, 16, 16, 15, 192, 240]]
[1189, [0, 32, 32, 15, 162, 270]]
[1190, [0, 0, 0, 15, 132, 252]]
[1191, [0, 16, 16, 15, 102, 282]]
[1192, [0, 32, 32, 15, 72, 312]]
[1193, [0, 0, 0, 15, 42, 294]]
[1194, [0, 16, 16, 15, 12, 324]]
[1195, [0, 32, 32, 15, 0, 336]]
[1196, [0, 0, 0, 30, 0, 288]]
[1197, [0, 16, 16, 30, 0, 288]]
[1198, [0, 32, 32, 30, 0, 288]]
[1199, [0, 0, 0, 330, 0, 240]]
[1200, [0, 16, 16, 186, 144, 240]]
[1201, [0, 32, 32, 42, 258, 270]]
[1202, [0, 0, 0, 42, 228, 252]]
[1203, [0, 16, 16, 42, 198, 282]]
[1204, [0, 32, 32, 42, 168, 312]]
[1205, [0, 0, 0, 42, 138, 294]]
[1206, [0, 16, 16, 57, 108, 324]]
[1207, [0, 32, 32, 57, 78, 354]]
[1208, [0, 0, 0, 57, 48, 336]]
[1209, [0, 16, 16, 57, 18, 366]]
[1210, [0, 32, 32, 57, 0, 384]]
[1211, [0, 0, 0, 57, 0, 336]]
[1212, [0, 16, 16, 57, 0, 336]]
[1213, [0, 32, 32, 57, 0, 336]]
[1214, [0, 0, 0, 57, 0, 288]]
[1215, [0, 16, 16, 57, 0, 288]]
[1216, [0, 32, 32, 72, 0, 288]]
[1217, [0, 0, 0, 72, 0, 240]]
[1218, [0, 16, 16, 72, 0, 240]]
[1219, [0, 32, 32, 372, 0, 240]]
[1220, [0, 0, 0, 228, 144, 192]]
[1221, [0, 16, 16, 84, 258, 222]]
[1222, [0, 32, 32, 84, 228, 252]]
[1223, [0, 0, 0, 84, 198, 234]]
[1224, [0, 16, 16, 84, 168, 264]]
[1225, [0, 32, 32, 84, 138, 294]]
[1226, [0, 0, 0, 99, 108, 276]]
[1227, [0, 16, 16, 99, 78, 306]]
[1228, [0, 32, 32, 99, 48, 336]]
[1229, [0, 0, 0, 99, 18, 318]]
[1230, [0, 16, 16, 99, 0, 336]]
[1231, [0, 32, 32, 99, 0, 336]]
[1232, [0, 0, 0, 99, 0, 288]]
[1233, [0, 16, 16, 99, 0, 288]]
[1234, [0, 32, 32, 99, 0, 288]]
[1235, [0, 0, 0, 99, 0, 240]]
[1236, [0, 16, 16, 114, 0, 240]]
[1237, [0, 32, 32, 114, 0, 240]]
[1238, [0, 0, 0, 114, 0, 192]]
[1239, [0, 16, 16, 414, 0, 192]]
[1240, [0, 32, 32, 270, 144, 192]]
[1241, [0, 0, 0, 126, 258, 174]]
[1242, [0, 16, 16, 126, 228, 204]]
[1243, [0, 32, 32, 126, 198, 234]]
[1244, [0, 4, 4, 126, 168, 220]]
[1245, [0, 20, 20, 126, 138, 250]]
[1246, [0, 36, 36, 141, 108, 280]]
[1247, [0, 8, 8, 141, 78, 266]]
[1248, [0, 20, 20, 141, 48, 292]]
[1249, [0, 36, 36, 141, 18, 322]]
[1250, [0, 8, 8, 141, 0, 296]]
[1251, [0, 20, 20, 141, 0, 292]]
[1252, [0, 36, 36, 141, 0, 292]]
[1253, [0, 8, 8, 141, 0, 248]]
[1254, [0, 20, 20, 141, 0, 244]]
[1255, [0, 36, 36, 141, 0, 244]]
[1256, [0, 8, 8, 156, 0, 200]]
[1257, [0, 20, 20, 12, 144, 196]]
[1258, [0, 36, 36, 12, 114, 226]]
[1259, [0, 8, 8, 312, 84, 212]]
[1260, [0, 20, 20, 168, 198, 238]]
[1261, [0, 36, 36, 24, 312, 268]]
[1262, [0, 8, 8, 24, 282, 254]]
[1263, [0, 20, 20, 24, 252, 280]]
[1264, [0, 36, 36, 24, 222, 310]]
[1265, [0, 8, 8, 24, 192, 296]]
[1266, [0, 20, 20, 39, 162, 322]]
[1267, [0, 36, 36, 39, 132, 352]]
[1268, [0, 8, 8, 39, 102, 338]]
[1269, [0, 20, 20, 39, 72, 364]]
[1270, [0, 36, 36, 39, 42, 394]]
[1271, [0, 8, 8, 39, 12, 380]]
[1272, [0, 20, 20, 39, 0, 388]]
[1273, [0, 36, 36, 39, 0, 388]]
[1274, [0, 8, 8, 39, 0, 344]]
[1275, [0, 20, 20, 39, 0, 340]]
[1276, [0, 36, 36, 54, 0, 340]]
[1277, [0, 8, 8, 54, 0, 296]]
[1278, [0, 20, 20, 54, 0, 292]]
[1279, [0, 36, 36, 354, 0, 292]]
[1280, [0, 8, 8, 210, 144, 248]]
[1281, [0, 20, 20, 66, 258, 274]]
[1282, [0, 36, 36, 66, 228, 304]]
[1283, [0, 8, 8, 66, 198, 290]]
[1284, [0, 20, 20, 66, 168, 316]]
[1285, [0, 36, 36, 66, 138, 346]]
[1286, [0, 8, 8, 81, 108, 332]]
[1287, [0, 20, 20, 81, 78, 358]]
[1288, [0, 36, 36, 81, 48, 388]]
[1289, [0, 8, 8, 81, 18, 374]]
[1290, [0, 20, 20, 81, 0, 388]]
[1291, [0, 36, 36, 81, 0, 388]]
[1292, [0, 8, 8, 81, 0, 344]]
[1293, [0, 20, 20, 81, 0, 340]]
[1294, [0, 36, 36, 81, 0, 340]]
[1295, [0, 8, 8, 81, 0, 296]]
[1296, [0, 20, 20, 96, 0, 292]]
[1297, [0, 36, 36, 96, 0, 292]]
[1298, [0, 8, 8, 96, 0, 248]]
[1299, [0, 20, 20, 396, 0, 244]]
[1300, [0, 36, 36, 252, 144, 244]]
[1301, [0, 8, 8, 108, 258, 230]]
[1302, [0, 20, 20, 108, 228, 256]]
[1303, [0, 36, 36, 108, 198, 286]]
[1304, [0, 8, 8, 108, 168, 272]]
[1305, [0, 20, 20, 108, 138, 298]]
[1306, [0, 36, 36, 123, 108, 328]]
[1307, [0, 8, 8, 123, 78, 314]]
[1308, [0, 20, 20, 123, 48, 340]]
[1309, [0, 36, 36, 123, 18, 370]]
[1310, [0, 8, 8, 123, 0, 344]]
[1311, [0, 20, 20, 123, 0, 340]]
[1312, [0, 36, 36, 123, 0, 340]]
[1313, [0, 8, 8, 123, 0, 296]]
[1314, [0, 20, 20, 123, 0, 292]]
[1315, [0, 36, 36, 123, 0, 292]]
[1316, [0, 8, 8, 138, 0, 248]]
[1317, [0, 20, 20, 138, 0, 244]]
[1318, [0, 36, 36, 138, 0, 244]]
[1319, [0, 8, 8, 438, 0, 200]]
[1320, [0, 20, 20, 294, 144, 196]]
[1321, [0, 36, 36, 150, 258, 226]]
[1322, [0, 8, 8, 6, 372, 212]]
[1323, [0, 20, 20, 6, 342, 238]]
[1324, [0, 36, 36, 6, 312, 268]]
[1325, [0, 8, 8, 6, 282, 254]]
[1326, [0, 20, 20, 21, 252, 280]]
[1327, [0, 36, 36, 21, 222, 310]]
[1328, [0, 8, 8, 21, 192, 296]]
[1329, [0, 20, 20, 21, 162, 322]]
[1330, [0, 36, 36, 21, 132, 352]]
[1331, [0, 8, 8, 21, 102, 338]]
[1332, [0, 20, 20, 21, 72, 364]]
[1333, [0, 36, 36, 21, 42, 394]]
[1334, [0, 8, 8, 21, 12, 380]]
[1335, [0, 20, 20, 21, 0, 388]]
[1336, [0, 36, 36, 36, 0, 388]]
[1337, [0, 8, 8, 36, 0, 344]]
[1338, [0, 20, 20, 36, 0, 340]]
[1339, [0, 36, 36, 336, 0, 340]]
[1340, [0, 8, 8, 192, 144, 296]]
[1341, [0, 20, 20, 48, 258, 322]]
[1342, [0, 36, 36, 48, 228, 352]]
[1343, [0, 8, 8, 48, 198, 338]]
[1344, [0, 20, 20, 48, 168, 364]]
[1345, [0, 36, 36, 48, 138, 394]]
[1346, [0, 8, 8, 63, 108, 380]]
[1347, [0, 20, 20, 63, 78, 406]]
[1348, [0, 36, 36, 63, 48, 436]]
[1349, [0, 8, 8, 63, 18, 422]]
[1350, [0, 20, 20, 63, 0, 436]]
[1351, [0, 36, 36, 63, 0, 436]]
[1352, [0, 8, 8, 63, 0, 392]]
[1353, [0, 20, 18, 63, 0, 388]]
[1354, [0, 36, 32, 63, 0, 388]]
[1355, [0, 8, 2, 63, 0, 344]]
[1356, [0, 20, 12, 78, 0, 340]]
[1357, [0, 36, 26, 78, 0, 340]]
[1358, [4, 12, 0, 78, 0, 300]]
[1359, [0, 20, 6, 378, 0, 292]]
[1360, [0, 36, 20, 234, 144, 292]]
[1361, [10, 18, 0, 90, 258, 288]]
[1362, [0, 20, 0, 90, 228, 304]]
[1363, [0, 36, 14, 90, 198, 334]]
[1364, [16, 24, 0, 90, 168, 336]]
[1365, [6, 26, 0, 90, 138, 352]]
[1366, [0, 36, 8, 105, 108, 376]]
[1367, [22, 30, 0, 105, 78, 384]]
[1368, [12, 32, 0, 105, 48, 400]]
[1369, [0, 36, 2, 105, 18, 418]]
[1370, [28, 36, 0, 105, 0, 420]]
[1371, [18, 38, 0, 105, 0, 406]]
[1372, [4, 40, 0, 105, 0, 392]]
[1373, [34, 42, 0, 105, 0, 378]]
[1374, [24, 44, 0, 105, 0, 364]]
[1375, [8, 44, 0, 105, 0, 348]]
[1376, [36, 44, 0, 120, 0, 332]]
[1377, [24, 44, 0, 120, 0, 316]]
[1378, [8, 44, 0, 120, 0, 300]]
[1379, [36, 44, 0, 420, 0, 284]]
[1380, [24, 44, 0, 276, 144, 268]]
[1381, [8, 44, 0, 132, 258, 282]]
[1382, [36, 44, 0, 132, 228, 296]]
[1383, [24, 44, 0, 132, 198, 310]]
[1384, [8, 44, 0, 132, 168, 324]]
[1385, [36, 44, 0, 132, 138, 338]]
[1386, [24, 44, 0, 147, 108, 352]]
[1387, [8, 44, 0, 3, 222, 366]]
[1388, [36, 44, 0, 3, 192, 380]]
[1389, [24, 44, 0, 3, 162, 394]]
[1390, [8, 44, 0, 3, 132, 408]]
[1391, [36, 44, 0, 3, 102, 422]]
[1392, [24, 44, 0, 3, 72, 436]]
[1393, [8, 44, 0, 3, 42, 450]]
[1394, [36, 44, 0, 3, 12, 464]]
[1395, [24, 44, 0, 3, 0, 460]]
[1396, [8, 44, 0, 18, 0, 444]]
[1397, [36, 44, 0, 18, 0, 428]]
[1398, [24, 44, 0, 18, 0, 412]]
[1399, [8, 44, 0, 318, 0, 396]]
[1400, [36, 44, 0, 174, 144, 380]]
[1401, [24, 44, 0, 30, 258, 394]]
[1402, [8, 44, 0, 30, 228, 408]]
[1403, [36, 44, 0, 30, 198, 422]]
[1404, [24, 44, 0, 30, 168, 436]]
[1405, [8, 44, 0, 30, 138, 450]]
[1406, [36, 44, 0, 45, 108, 464]]
[1407, [24, 44, 0, 45, 78, 478]]
[1408, [8, 44, 0, 45, 48, 492]]
[1409, [36, 44, 0, 45, 18, 506]]
[1410, [24, 44, 0, 45, 0, 508]]
[1411, [8, 44, 0, 45, 0, 492]]
[1412, [36, 44, 0, 45, 0, 476]]
[1413, [24, 44, 0, 45, 0, 460]]
[1414, [8, 44, 0, 45, 0, 444]]
[1415, [36, 44, 0, 45, 0, 428]]
[1416, [24, 44, 0, 60, 0, 412]]
[1417, [8, 44, 0, 60, 0, 396]]
[1418, [36, 44, 0, 60, 0, 380]]
[1419, [24, 44, 0, 360, 0, 364]]
[1420, [8, 44, 0, 216, 144, 348]]
[1421, [36, 44, 0, 72, 258, 362]]
[1422, [24, 44, 0, 72, 228, 376]]
[1423, [8, 44, 0, 72, 198, 390]]
[1424, [36, 44, 0, 72, 168, 404]]
[1425, [24, 44, 0, 72, 138, 418]]
[1426, [8, 44, 0, 87, 108, 432]]
[1427, [36, 44, 0, 87, 78, 446]]
[1428, [24, 44, 0, 87, 48, 460]]
[1429, [8, 44, 0, 87, 18, 474]]
[1430, [36, 44, 0, 87, 0, 476]]
[1431, [24, 44, 0, 87, 0, 460]]
[1432, [8, 44, 0, 87, 0, 444]]
[1433, [36, 44, 0, 87, 0, 428]]
[1434, [24, 44, 0, 87, 0, 412]]
[1435, [8, 44, 0, 87, 0, 396]]
[1436, [36, 44, 0, 102, 0, 380]]
[1437, [24, 44, 0, 102, 0, 364]]
[1438, [8, 44, 0, 102, 0, 348]]
[1439, [36, 44, 0, 402, 0, 332]]
