SimulationV051.py[0, [0, 12, 12, 0, 0, 0]]
[1, [0, 24, 24, 0, 0, 0]]
[2, [36, 36, 36, 0, 0, 0]]
[3, [36, 48, 48, 0, 0, 0]]
[4, [36, 60, 60, 0, 0, 0]]
[5, [72, 72, 72, 0, 0, 0]]
[6, [72, 84, 84, 0, 0, 0]]
[7, [72, 96, 96, 0, 0, 0]]
[8, [108, 108, 108, 0, 0, 0]]
[9, [108, 120, 120, 0, 0, 0]]
[10, [108, 132, 132, 0, 0, 0]]
[11, [144, 144, 144, 0, 0, 0]]
[12, [144, 156, 156, 0, 0, 0]]
[13, [144, 168, 168, 0, 0, 0]]
[14, [180, 180, 180, 0, 0, 0]]
[15, [180, 192, 192, 0, 0, 0]]
[16, [180, 204, 204, 0, 0, 0]]
[17, [216, 216, 216, 0, 0, 0]]
[18, [216, 228, 228, 0, 0, 0]]
[19, [216, 240, 240, 240, 0, 0]]
[20, [252, 252, 252, 96, 144, 0]]
[21, [216, 228, 228, 96, 108, 0]]
[22, [180, 204, 204, 96, 72, 0]]
[23, [180, 180, 180, 96, 36, 0]]
[24, [144, 156, 156, 96, 0, 0]]
[25, [144, 168, 168, 96, 0, 0]]
[26, [180, 180, 180, 96, 0, 0]]
[27, [180, 192, 192, 96, 0, 0]]
[28, [180, 204, 204, 96, 0, 0]]
[29, [216, 216, 216, 96, 0, 0]]
[30, [216, 228, 228, 96, 0, 0]]
[31, [216, 240, 240, 96, 0, 0]]
[32, [252, 252, 252, 96, 0, 0]]
[33, [252, 264, 264, 96, 0, 0]]
[34, [252, 276, 276, 96, 0, 0]]
[35, [288, 288, 288, 96, 0, 0]]
[36, [288, 300, 300, 96, 0, 0]]
[37, [288, 312, 312, 96, 0, 0]]
[38, [324, 324, 324, 96, 0, 0]]
[39, [324, 336, 336, 336, 0, 0]]
[40, [324, 348, 348, 192, 144, 0]]
[41, [324, 324, 324, 48, 252, 0]]
[42, [288, 300, 300, 48, 216, 0]]
[43, [252, 276, 276, 48, 180, 0]]
[44, [252, 252, 252, 48, 144, 0]]
[45, [216, 228, 228, 48, 108, 0]]
[46, [180, 204, 204, 48, 72, 0]]
[47, [182, 182, 182, 48, 36, 2]]
[48, [146, 158, 158, 48, 0, 2]]
[49, [144, 168, 168, 48, 0, 0]]
[50, [180, 180, 180, 48, 0, 0]]
[51, [180, 192, 192, 48, 0, 0]]
[52, [180, 204, 204, 48, 0, 0]]
[53, [216, 216, 216, 48, 0, 0]]
[54, [216, 228, 228, 48, 0, 0]]
[55, [216, 240, 240, 48, 0, 0]]
[56, [252, 252, 252, 48, 0, 0]]
[57, [252, 264, 264, 48, 0, 0]]
[58, [252, 276, 276, 48, 0, 0]]
[59, [288, 288, 288, 288, 0, 0]]
[60, [288, 300, 300, 144, 144, 0]]
[61, [252, 276, 276, 0, 252, 0]]
[62, [252, 252, 252, 0, 216, 0]]
[63, [216, 228, 228, 0, 180, 0]]
[64, [180, 204, 204, 0, 144, 0]]
[65, [180, 180, 180, 0, 108, 0]]
[66, [144, 156, 156, 0, 72, 0]]
[67, [110, 134, 134, 0, 36, 2]]
[68, [110, 110, 110, 0, 0, 2]]
[69, [108, 120, 120, 0, 0, 0]]
[70, [108, 132, 132, 0, 0, 0]]
[71, [144, 144, 144, 0, 0, 0]]
[72, [144, 156, 156, 0, 0, 0]]
[73, [144, 168, 168, 0, 0, 0]]
[74, [180, 180, 180, 0, 0, 0]]
[75, [180, 192, 192, 0, 0, 0]]
[76, [180, 204, 204, 0, 0, 0]]
[77, [216, 216, 216, 0, 0, 0]]
[78, [216, 228, 228, 0, 0, 0]]
[79, [216, 240, 240, 240, 0, 0]]
[80, [252, 252, 252, 96, 144, 0]]
[81, [216, 228, 228, 96, 108, 0]]
[82, [180, 204, 204, 96, 72, 0]]
[83, [180, 180, 180, 96, 36, 0]]
[84, [144, 156, 156, 96, 0, 0]]
[85, [144, 168, 168, 96, 0, 0]]
[86, [180, 180, 180, 96, 0, 0]]
[87, [180, 192, 192, 96, 0, 0]]
[88, [180, 204, 204, 96, 0, 0]]
[89, [216, 216, 216, 96, 0, 0]]
[90, [216, 228, 228, 96, 0, 0]]
[91, [216, 240, 240, 96, 0, 0]]
[92, [252, 252, 252, 96, 0, 0]]
[93, [252, 264, 264, 96, 0, 0]]
[94, [252, 276, 276, 96, 0, 0]]
[95, [288, 288, 288, 96, 0, 0]]
[96, [288, 300, 300, 96, 0, 0]]
[97, [288, 312, 312, 96, 0, 0]]
[98, [324, 324, 324, 96, 0, 0]]
[99, [324, 336, 336, 336, 0, 0]]
[100, [324, 348, 348, 192, 144, 0]]
[101, [324, 324, 324, 48, 252, 0]]
[102, [288, 300, 300, 48, 216, 0]]
[103, [252, 276, 276, 48, 180, 0]]
[104, [252, 252, 252, 48, 144, 0]]
[105, [216, 228, 228, 48, 108, 0]]
[106, [180, 204, 204, 48, 72, 0]]
[107, [194, 194, 194, 48, 36, 14]]
[108, [160, 172, 172, 48, 0, 16]]
[109, [144, 168, 168, 48, 0, 0]]
[110, [180, 180, 180, 48, 0, 0]]
[111, [180, 192, 192, 48, 0, 0]]
[112, [180, 204, 204, 48, 0, 0]]
[113, [216, 216, 216, 48, 0, 0]]
[114, [216, 228, 228, 48, 0, 0]]
[115, [216, 240, 240, 48, 0, 0]]
[116, [252, 252, 252, 48, 0, 0]]
[117, [252, 264, 264, 48, 0, 0]]
[118, [252, 276, 276, 48, 0, 0]]
[119, [288, 288, 288, 288, 0, 0]]
[120, [288, 300, 300, 144, 144, 0]]
[121, [252, 276, 276, 0, 252, 0]]
[122, [252, 252, 252, 0, 216, 0]]
[123, [230, 242, 242, 0, 180, 14]]
[124, [230, 254, 254, 0, 144, 50]]
[125, [266, 266, 266, 0, 108, 86]]
[126, [266, 278, 278, 0, 72, 122]]
[127, [266, 290, 290, 0, 36, 158]]
[128, [288, 288, 288, 0, 0, 180]]
[129, [272, 284, 284, 0, 0, 164]]
[130, [264, 288, 288, 0, 0, 156]]
[131, [298, 298, 298, 0, 0, 154]]
[132, [292, 304, 304, 0, 0, 148]]
[133, [290, 314, 314, 0, 0, 146]]
[134, [326, 326, 326, 0, 0, 146]]
[135, [322, 334, 334, 0, 0, 142]]
[136, [320, 344, 344, 0, 0, 140]]
[137, [352, 352, 352, 0, 0, 136]]
[138, [346, 358, 358, 0, 0, 130]]
[139, [330, 354, 354, 240, 0, 114]]
[140, [360, 360, 360, 96, 144, 108]]
[141, [354, 366, 366, 96, 108, 138]]
[142, [344, 368, 368, 96, 72, 164]]
[143, [374, 374, 374, 96, 36, 194]]
[144, [352, 364, 364, 96, 0, 208]]
[145, [332, 356, 356, 96, 0, 188]]
[146, [336, 336, 336, 96, 0, 156]]
[147, [316, 328, 328, 96, 0, 136]]
[148, [302, 326, 326, 96, 0, 122]]
[149, [316, 316, 316, 96, 0, 100]]
[150, [300, 312, 312, 96, 0, 84]]
[151, [268, 292, 292, 96, 0, 52]]
[152, [282, 282, 282, 96, 0, 30]]
[153, [252, 264, 264, 96, 0, 0]]
[154, [252, 276, 276, 96, 0, 0]]
[155, [288, 288, 288, 96, 0, 0]]
[156, [288, 300, 300, 96, 0, 0]]
[157, [288, 312, 312, 96, 0, 0]]
[158, [324, 324, 324, 96, 0, 0]]
[159, [324, 336, 336, 336, 0, 0]]
[160, [324, 348, 348, 192, 144, 0]]
[161, [324, 324, 324, 48, 252, 0]]
[162, [288, 300, 300, 48, 216, 0]]
[163, [252, 276, 276, 48, 180, 0]]
[164, [252, 252, 252, 48, 144, 0]]
[165, [216, 228, 228, 48, 108, 0]]
[166, [180, 204, 204, 48, 72, 0]]
[167, [188, 188, 188, 48, 36, 8]]
[168, [152, 164, 164, 48, 0, 8]]
[169, [144, 168, 168, 48, 0, 0]]
[170, [180, 180, 180, 48, 0, 0]]
[171, [180, 192, 192, 48, 0, 0]]
[172, [180, 204, 204, 48, 0, 0]]
[173, [216, 216, 216, 48, 0, 0]]
[174, [216, 228, 228, 48, 0, 0]]
[175, [216, 240, 240, 48, 0, 0]]
[176, [252, 252, 252, 48, 0, 0]]
[177, [252, 264, 264, 48, 0, 0]]
[178, [252, 276, 276, 48, 0, 0]]
[179, [288, 288, 288, 288, 0, 0]]
[180, [288, 300, 300, 144, 144, 0]]
[181, [252, 276, 276, 0, 252, 0]]
[182, [252, 252, 252, 0, 216, 0]]
[183, [216, 228, 228, 0, 180, 0]]
[184, [180, 204, 204, 0, 144, 0]]
[185, [180, 180, 180, 0, 108, 0]]
[186, [144, 156, 156, 0, 72, 0]]
[187, [110, 134, 134, 0, 36, 2]]
[188, [110, 110, 110, 0, 0, 2]]
[189, [108, 120, 120, 0, 0, 0]]
[190, [108, 132, 132, 0, 0, 0]]
[191, [144, 144, 144, 0, 0, 0]]
[192, [144, 156, 156, 0, 0, 0]]
[193, [144, 168, 168, 0, 0, 0]]
[194, [180, 180, 180, 0, 0, 0]]
[195, [180, 192, 192, 0, 0, 0]]
[196, [180, 204, 204, 0, 0, 0]]
[197, [216, 216, 216, 0, 0, 0]]
[198, [216, 228, 228, 0, 0, 0]]
[199, [216, 240, 240, 240, 0, 0]]
[200, [252, 252, 252, 96, 144, 0]]
[201, [216, 228, 228, 96, 108, 0]]
[202, [180, 204, 204, 96, 72, 0]]
[203, [180, 180, 180, 96, 36, 0]]
[204, [144, 156, 156, 96, 0, 0]]
[205, [144, 168, 168, 96, 0, 0]]
[206, [180, 180, 180, 96, 0, 0]]
[207, [180, 192, 192, 96, 0, 0]]
[208, [180, 204, 204, 96, 0, 0]]
[209, [216, 216, 216, 96, 0, 0]]
[210, [216, 228, 228, 96, 0, 0]]
[211, [216, 240, 240, 96, 0, 0]]
[212, [252, 252, 252, 96, 0, 0]]
[213, [252, 264, 264, 96, 0, 0]]
[214, [252, 276, 276, 96, 0, 0]]
[215, [288, 288, 288, 96, 0, 0]]
[216, [288, 300, 300, 96, 0, 0]]
[217, [288, 312, 312, 96, 0, 0]]
[218, [324, 324, 324, 96, 0, 0]]
[219, [324, 336, 336, 336, 0, 0]]
[220, [324, 348, 348, 192, 144, 0]]
[221, [324, 324, 324, 48, 252, 0]]
[222, [288, 300, 300, 48, 216, 0]]
[223, [252, 276, 276, 48, 180, 0]]
[224, [252, 252, 252, 48, 144, 0]]
[225, [216, 228, 228, 48, 108, 0]]
[226, [180, 204, 204, 48, 72, 0]]
[227, [182, 182, 182, 48, 36, 2]]
[228, [146, 158, 158, 48, 0, 2]]
[229, [144, 168, 168, 48, 0, 0]]
[230, [180, 180, 180, 48, 0, 0]]
[231, [180, 192, 192, 48, 0, 0]]
[232, [180, 204, 204, 48, 0, 0]]
[233, [216, 216, 216, 48, 0, 0]]
[234, [216, 228, 228, 48, 0, 0]]
[235, [216, 240, 240, 48, 0, 0]]
[236, [252, 252, 252, 48, 0, 0]]
[237, [252, 264, 264, 48, 0, 0]]
[238, [252, 276, 276, 48, 0, 0]]
[239, [288, 288, 288, 288, 0, 0]]
[240, [288, 300, 300, 144, 144, 0]]
[241, [252, 276, 276, 0, 252, 0]]
[242, [252, 252, 252, 0, 216, 0]]
[243, [216, 228, 228, 0, 180, 0]]
[244, [180, 204, 204, 0, 144, 0]]
[245, [180, 180, 180, 0, 108, 0]]
[246, [144, 156, 156, 0, 72, 0]]
[247, [114, 138, 138, 0, 36, 6]]
[248, [116, 116, 116, 0, 0, 8]]
[249, [108, 120, 120, 0, 0, 0]]
[250, [108, 132, 132, 0, 0, 0]]
[251, [144, 144, 144, 0, 0, 0]]
[252, [144, 156, 156, 0, 0, 0]]
[253, [144, 168, 168, 0, 0, 0]]
[254, [180, 180, 180, 0, 0, 0]]
[255, [180, 192, 192, 0, 0, 0]]
[256, [180, 204, 204, 0, 0, 0]]
[257, [216, 216, 216, 0, 0, 0]]
[258, [216, 228, 228, 0, 0, 0]]
[259, [216, 240, 240, 240, 0, 0]]
[260, [252, 252, 252, 96, 144, 0]]
[261, [216, 228, 228, 96, 108, 0]]
[262, [180, 204, 204, 96, 72, 0]]
[263, [180, 180, 180, 96, 36, 0]]
[264, [144, 156, 156, 96, 0, 0]]
[265, [144, 168, 168, 96, 0, 0]]
[266, [180, 180, 180, 96, 0, 0]]
[267, [180, 192, 192, 96, 0, 0]]
[268, [180, 204, 204, 96, 0, 0]]
[269, [216, 216, 216, 96, 0, 0]]
[270, [216, 228, 228, 96, 0, 0]]
[271, [216, 240, 240, 96, 0, 0]]
[272, [252, 252, 252, 96, 0, 0]]
[273, [252, 264, 264, 96, 0, 0]]
[274, [252, 276, 276, 96, 0, 0]]
[275, [288, 288, 288, 96, 0, 0]]
[276, [288, 300, 300, 96, 0, 0]]
[277, [288, 312, 312, 96, 0, 0]]
[278, [324, 324, 324, 96, 0, 0]]
[279, [324, 336, 336, 336, 0, 0]]
[280, [324, 348, 348, 192, 144, 0]]
[281, [324, 324, 324, 48, 252, 0]]
[282, [300, 312, 312, 48, 216, 12]]
[283, [296, 320, 320, 48, 180, 44]]
[284, [330, 330, 330, 48, 144, 78]]
[285, [326, 338, 338, 48, 108, 110]]
[286, [324, 348, 348, 48, 72, 144]]
[287, [350, 350, 350, 48, 36, 170]]
[288, [322, 334, 334, 48, 0, 178]]
[289, [300, 324, 324, 48, 0, 156]]
[290, [322, 322, 322, 48, 0, 142]]
[291, [318, 330, 330, 48, 0, 138]]
[292, [310, 334, 334, 48, 0, 130]]
[293, [334, 334, 334, 48, 0, 118]]
[294, [324, 336, 336, 48, 0, 108]]
[295, [304, 328, 328, 48, 0, 88]]
[296, [322, 322, 322, 48, 0, 70]]
[297, [294, 306, 306, 48, 0, 42]]
[298, [274, 298, 298, 48, 0, 22]]
[299, [288, 288, 288, 288, 0, 0]]
[300, [288, 300, 300, 144, 144, 0]]
[301, [252, 276, 276, 0, 252, 0]]
[302, [252, 252, 252, 0, 216, 0]]
[303, [216, 228, 228, 0, 180, 0]]
[304, [186, 210, 210, 0, 144, 6]]
[305, [196, 196, 196, 0, 108, 16]]
[306, [168, 180, 180, 0, 72, 24]]
[307, [162, 186, 186, 0, 36, 54]]
[308, [160, 160, 160, 0, 0, 52]]
[309, [114, 126, 126, 0, 0, 6]]
[310, [108, 132, 132, 0, 0, 0]]
[311, [144, 144, 144, 0, 0, 0]]
[312, [144, 156, 156, 0, 0, 0]]
[313, [144, 168, 168, 0, 0, 0]]
[314, [180, 180, 180, 0, 0, 0]]
[315, [180, 192, 192, 0, 0, 0]]
[316, [180, 204, 204, 0, 0, 0]]
[317, [216, 216, 216, 0, 0, 0]]
[318, [216, 228, 228, 0, 0, 0]]
[319, [216, 240, 240, 240, 0, 0]]
[320, [252, 252, 252, 96, 144, 0]]
[321, [216, 228, 228, 96, 108, 0]]
[322, [180, 204, 204, 96, 72, 0]]
[323, [180, 180, 180, 96, 36, 0]]
[324, [144, 156, 156, 96, 0, 0]]
[325, [144, 168, 168, 96, 0, 0]]
[326, [180, 180, 180, 96, 0, 0]]
[327, [180, 192, 192, 96, 0, 0]]
[328, [180, 204, 204, 96, 0, 0]]
[329, [216, 216, 216, 96, 0, 0]]
[330, [216, 228, 228, 96, 0, 0]]
[331, [216, 240, 240, 96, 0, 0]]
[332, [252, 252, 252, 96, 0, 0]]
[333, [252, 264, 264, 96, 0, 0]]
[334, [252, 276, 276, 96, 0, 0]]
[335, [288, 288, 288, 96, 0, 0]]
[336, [288, 300, 300, 96, 0, 0]]
[337, [288, 312, 312, 96, 0, 0]]
[338, [324, 324, 324, 96, 0, 0]]
[339, [324, 336, 336, 336, 0, 0]]
[340, [324, 348, 348, 192, 144, 0]]
[341, [324, 324, 324, 48, 252, 0]]
[342, [288, 300, 300, 48, 216, 0]]
[343, [252, 276, 276, 48, 180, 0]]
[344, [252, 252, 252, 48, 144, 0]]
[345, [216, 228, 228, 48, 108, 0]]
[346, [180, 204, 204, 48, 72, 0]]
[347, [182, 182, 182, 48, 36, 2]]
[348, [146, 158, 158, 48, 0, 2]]
[349, [144, 168, 168, 48, 0, 0]]
[350, [180, 180, 180, 48, 0, 0]]
[351, [180, 192, 192, 48, 0, 0]]
[352, [180, 204, 204, 48, 0, 0]]
[353, [216, 216, 216, 48, 0, 0]]
[354, [216, 228, 228, 48, 0, 0]]
[355, [216, 240, 240, 48, 0, 0]]
[356, [252, 252, 252, 48, 0, 0]]
[357, [252, 264, 264, 48, 0, 0]]
[358, [252, 276, 276, 48, 0, 0]]
[359, [288, 288, 288, 288, 0, 0]]
[360, [288, 300, 300, 144, 144, 0]]
[361, [252, 276, 276, 0, 252, 0]]
[362, [252, 252, 252, 0, 216, 0]]
[363, [216, 228, 228, 0, 180, 0]]
[364, [180, 204, 204, 0, 144, 0]]
[365, [180, 180, 180, 0, 108, 0]]
[366, [144, 156, 156, 0, 72, 0]]
[367, [110, 134, 134, 0, 36, 2]]
[368, [110, 110, 110, 0, 0, 2]]
[369, [108, 120, 120, 0, 0, 0]]
[370, [108, 132, 132, 0, 0, 0]]
[371, [144, 144, 144, 0, 0, 0]]
[372, [144, 156, 156, 0, 0, 0]]
[373, [144, 168, 168, 0, 0, 0]]
[374, [180, 180, 180, 0, 0, 0]]
[375, [180, 192, 192, 0, 0, 0]]
[376, [180, 204, 204, 0, 0, 0]]
[377, [216, 216, 216, 0, 0, 0]]
[378, [216, 228, 228, 0, 0, 0]]
[379, [216, 240, 240, 240, 0, 0]]
[380, [252, 252, 252, 96, 144, 0]]
[381, [216, 228, 228, 96, 108, 0]]
[382, [180, 204, 204, 96, 72, 0]]
[383, [180, 180, 180, 96, 36, 0]]
[384, [144, 156, 156, 96, 0, 0]]
[385, [144, 168, 168, 96, 0, 0]]
[386, [180, 180, 180, 96, 0, 0]]
[387, [180, 192, 192, 96, 0, 0]]
[388, [180, 204, 204, 96, 0, 0]]
[389, [216, 216, 216, 96, 0, 0]]
[390, [216, 228, 228, 96, 0, 0]]
[391, [216, 240, 240, 96, 0, 0]]
[392, [252, 252, 252, 96, 0, 0]]
[393, [252, 264, 264, 96, 0, 0]]
[394, [252, 276, 276, 96, 0, 0]]
[395, [288, 288, 288, 96, 0, 0]]
[396, [288, 300, 300, 96, 0, 0]]
[397, [288, 312, 312, 96, 0, 0]]
[398, [324, 324, 324, 96, 0, 0]]
[399, [324, 336, 336, 336, 0, 0]]
[400, [324, 348, 348, 192, 144, 0]]
[401, [324, 324, 324, 48, 252, 0]]
[402, [288, 300, 300, 48, 216, 0]]
[403, [252, 276, 276, 48, 180, 0]]
[404, [252, 252, 252, 48, 144, 0]]
[405, [216, 228, 228, 48, 108, 0]]
[406, [188, 212, 212, 48, 72, 8]]
[407, [224, 224, 224, 48, 36, 44]]
[408, [198, 210, 210, 48, 0, 54]]
[409, [168, 192, 192, 48, 0, 24]]
[410, [180, 180, 180, 48, 0, 0]]
[411, [180, 192, 192, 48, 0, 0]]
[412, [180, 204, 204, 48, 0, 0]]
[413, [216, 216, 216, 48, 0, 0]]
[414, [216, 228, 228, 48, 0, 0]]
[415, [216, 240, 240, 48, 0, 0]]
[416, [252, 252, 252, 48, 0, 0]]
[417, [252, 264, 264, 48, 0, 0]]
[418, [252, 276, 276, 48, 0, 0]]
[419, [288, 288, 288, 288, 0, 0]]
[420, [288, 300, 300, 144, 144, 0]]
[421, [252, 276, 276, 0, 252, 0]]
[422, [252, 252, 252, 0, 216, 0]]
[423, [216, 228, 228, 0, 180, 0]]
[424, [214, 238, 238, 0, 144, 34]]
[425, [248, 248, 248, 0, 108, 68]]
[426, [248, 260, 260, 0, 72, 104]]
[427, [248, 272, 272, 0, 36, 140]]
[428, [264, 264, 264, 0, 0, 156]]
[429, [238, 250, 250, 0, 0, 130]]
[430, [204, 228, 228, 0, 0, 96]]
[431, [238, 238, 238, 0, 0, 94]]
[432, [234, 246, 246, 0, 0, 90]]
[433, [232, 256, 256, 0, 0, 88]]
[434, [268, 268, 268, 0, 0, 88]]
[435, [254, 266, 266, 0, 0, 74]]
[436, [236, 260, 260, 0, 0, 56]]
[437, [232, 232, 232, 0, 0, 16]]
[438, [224, 236, 236, 0, 0, 8]]
[439, [216, 240, 240, 240, 0, 0]]
[440, [252, 252, 252, 96, 144, 0]]
[441, [230, 242, 242, 96, 108, 14]]
[442, [206, 230, 230, 96, 72, 26]]
[443, [224, 224, 224, 96, 36, 44]]
[444, [184, 196, 196, 96, 0, 40]]
[445, [164, 188, 188, 96, 0, 20]]
[446, [180, 180, 180, 96, 0, 0]]
[447, [180, 192, 192, 96, 0, 0]]
[448, [180, 204, 204, 96, 0, 0]]
[449, [216, 216, 216, 96, 0, 0]]
[450, [216, 228, 228, 96, 0, 0]]
[451, [216, 240, 240, 96, 0, 0]]
[452, [252, 252, 252, 96, 0, 0]]
[453, [252, 264, 264, 96, 0, 0]]
[454, [252, 276, 276, 96, 0, 0]]
[455, [288, 288, 288, 96, 0, 0]]
[456, [288, 300, 300, 96, 0, 0]]
[457, [288, 312, 312, 96, 0, 0]]
[458, [324, 324, 324, 96, 0, 0]]
[459, [324, 336, 336, 336, 0, 0]]
[460, [324, 348, 348, 192, 144, 0]]
[461, [324, 324, 324, 48, 252, 0]]
[462, [288, 300, 300, 48, 216, 0]]
[463, [252, 276, 276, 48, 180, 0]]
[464, [252, 252, 252, 48, 144, 0]]
[465, [216, 228, 228, 48, 108, 0]]
[466, [180, 204, 204, 48, 72, 0]]
[467, [210, 210, 210, 48, 36, 30]]
[468, [174, 186, 186, 48, 0, 30]]
[469, [144, 168, 168, 48, 0, 0]]
[470, [180, 180, 180, 48, 0, 0]]
[471, [180, 192, 192, 48, 0, 0]]
[472, [180, 204, 204, 48, 0, 0]]
[473, [216, 216, 216, 48, 0, 0]]
[474, [216, 228, 228, 48, 0, 0]]
[475, [216, 240, 240, 48, 0, 0]]
[476, [252, 252, 252, 48, 0, 0]]
[477, [252, 264, 264, 48, 0, 0]]
[478, [252, 276, 276, 48, 0, 0]]
[479, [288, 288, 288, 288, 0, 0]]
[480, [288, 300, 300, 144, 144, 0]]
[481, [252, 276, 276, 0, 252, 0]]
[482, [252, 252, 252, 0, 216, 0]]
[483, [216, 228, 228, 0, 180, 0]]
[484, [180, 204, 204, 0, 144, 0]]
[485, [180, 180, 180, 0, 108, 0]]
[486, [144, 156, 156, 0, 72, 0]]
[487, [112, 136, 136, 0, 36, 4]]
[488, [112, 112, 112, 0, 0, 4]]
[489, [108, 120, 120, 0, 0, 0]]
[490, [108, 132, 132, 0, 0, 0]]
[491, [144, 144, 144, 0, 0, 0]]
[492, [144, 156, 156, 0, 0, 0]]
[493, [144, 168, 168, 0, 0, 0]]
[494, [180, 180, 180, 0, 0, 0]]
[495, [180, 192, 192, 0, 0, 0]]
[496, [180, 204, 204, 0, 0, 0]]
[497, [216, 216, 216, 0, 0, 0]]
[498, [216, 228, 228, 0, 0, 0]]
[499, [216, 240, 240, 240, 0, 0]]
[500, [252, 252, 252, 96, 144, 0]]
[501, [216, 228, 228, 96, 108, 0]]
[502, [180, 204, 204, 96, 72, 0]]
[503, [180, 180, 180, 96, 36, 0]]
[504, [144, 156, 156, 96, 0, 0]]
[505, [144, 168, 168, 96, 0, 0]]
[506, [180, 180, 180, 96, 0, 0]]
[507, [180, 192, 192, 96, 0, 0]]
[508, [180, 204, 204, 96, 0, 0]]
[509, [216, 216, 216, 96, 0, 0]]
[510, [216, 228, 228, 96, 0, 0]]
[511, [216, 240, 240, 96, 0, 0]]
[512, [252, 252, 252, 96, 0, 0]]
[513, [252, 264, 264, 96, 0, 0]]
[514, [252, 276, 276, 96, 0, 0]]
[515, [288, 288, 288, 96, 0, 0]]
[516, [288, 300, 300, 96, 0, 0]]
[517, [288, 312, 312, 96, 0, 0]]
[518, [324, 324, 324, 96, 0, 0]]
[519, [324, 336, 336, 336, 0, 0]]
[520, [324, 348, 348, 192, 144, 0]]
[521, [324, 324, 324, 48, 252, 0]]
[522, [288, 300, 300, 48, 216, 0]]
[523, [252, 276, 276, 48, 180, 0]]
[524, [252, 252, 252, 48, 144, 0]]
[525, [216, 228, 228, 48, 108, 0]]
[526, [180, 204, 204, 48, 72, 0]]
[527, [184, 184, 184, 48, 36, 4]]
[528, [148, 160, 160, 48, 0, 4]]
[529, [144, 168, 168, 48, 0, 0]]
[530, [180, 180, 180, 48, 0, 0]]
[531, [180, 192, 192, 48, 0, 0]]
[532, [180, 204, 204, 48, 0, 0]]
[533, [216, 216, 216, 48, 0, 0]]
[534, [216, 228, 228, 48, 0, 0]]
[535, [216, 240, 240, 48, 0, 0]]
[536, [252, 252, 252, 48, 0, 0]]
[537, [252, 264, 264, 48, 0, 0]]
[538, [252, 276, 276, 48, 0, 0]]
[539, [288, 288, 288, 288, 0, 0]]
[540, [288, 300, 300, 144, 144, 0]]
[541, [252, 276, 276, 0, 252, 0]]
[542, [252, 252, 252, 0, 216, 0]]
[543, [216, 228, 228, 0, 180, 0]]
[544, [180, 204, 204, 0, 144, 0]]
[545, [180, 180, 180, 0, 108, 0]]
[546, [144, 156, 156, 0, 72, 0]]
[547, [132, 156, 156, 0, 36, 24]]
[548, [134, 134, 134, 0, 0, 26]]
[549, [108, 120, 120, 0, 0, 0]]
[550, [108, 132, 132, 0, 0, 0]]
[551, [144, 144, 144, 0, 0, 0]]
[552, [144, 156, 156, 0, 0, 0]]
[553, [144, 168, 168, 0, 0, 0]]
[554, [180, 180, 180, 0, 0, 0]]
[555, [180, 192, 192, 0, 0, 0]]
[556, [180, 204, 204, 0, 0, 0]]
[557, [216, 216, 216, 0, 0, 0]]
[558, [216, 228, 228, 0, 0, 0]]
[559, [216, 240, 240, 240, 0, 0]]
[560, [252, 252, 252, 96, 144, 0]]
[561, [216, 228, 228, 96, 108, 0]]
[562, [180, 204, 204, 96, 72, 0]]
[563, [180, 180, 180, 96, 36, 0]]
[564, [144, 156, 156, 96, 0, 0]]
[565, [144, 168, 168, 96, 0, 0]]
[566, [180, 180, 180, 96, 0, 0]]
[567, [180, 192, 192, 96, 0, 0]]
[568, [180, 204, 204, 96, 0, 0]]
[569, [216, 216, 216, 96, 0, 0]]
[570, [216, 228, 228, 96, 0, 0]]
[571, [216, 240, 240, 96, 0, 0]]
[572, [252, 252, 252, 96, 0, 0]]
[573, [252, 264, 264, 96, 0, 0]]
[574, [252, 276, 276, 96, 0, 0]]
[575, [288, 288, 288, 96, 0, 0]]
[576, [288, 300, 300, 96, 0, 0]]
[577, [288, 312, 312, 96, 0, 0]]
[578, [324, 324, 324, 96, 0, 0]]
[579, [324, 336, 336, 336, 0, 0]]
[580, [324, 348, 348, 192, 144, 0]]
[581, [324, 324, 324, 48, 252, 0]]
[582, [288, 300, 300, 48, 216, 0]]
[583, [252, 276, 276, 48, 180, 0]]
[584, [272, 272, 272, 48, 144, 20]]
[585, [260, 272, 272, 48, 108, 44]]
[586, [254, 278, 278, 48, 72, 74]]
[587, [286, 286, 286, 48, 36, 106]]
[588, [264, 276, 276, 48, 0, 120]]
[589, [230, 254, 254, 48, 0, 86]]
[590, [232, 232, 232, 48, 0, 52]]
[591, [208, 220, 220, 48, 0, 28]]
[592, [194, 218, 218, 48, 0, 14]]
[593, [224, 224, 224, 48, 0, 8]]
[594, [220, 232, 232, 48, 0, 4]]
[595, [216, 240, 240, 48, 0, 0]]
[596, [252, 252, 252, 48, 0, 0]]
[597, [252, 264, 264, 48, 0, 0]]
[598, [252, 276, 276, 48, 0, 0]]
[599, [288, 288, 288, 288, 0, 0]]
[600, [288, 300, 300, 144, 144, 0]]
[601, [252, 276, 276, 0, 252, 0]]
[602, [252, 252, 252, 0, 216, 0]]
[603, [216, 228, 228, 0, 180, 0]]
[604, [180, 204, 204, 0, 144, 0]]
[605, [180, 180, 180, 0, 108, 0]]
[606, [162, 174, 174, 0, 72, 18]]
[607, [162, 186, 186, 0, 36, 54]]
[608, [162, 162, 162, 0, 0, 54]]
[609, [130, 142, 142, 0, 0, 22]]
[610, [108, 132, 132, 0, 0, 0]]
[611, [144, 144, 144, 0, 0, 0]]
[612, [144, 156, 156, 0, 0, 0]]
[613, [144, 168, 168, 0, 0, 0]]
[614, [180, 180, 180, 0, 0, 0]]
[615, [180, 192, 192, 0, 0, 0]]
[616, [180, 204, 204, 0, 0, 0]]
[617, [216, 216, 216, 0, 0, 0]]
[618, [216, 228, 228, 0, 0, 0]]
[619, [216, 240, 240, 240, 0, 0]]
[620, [252, 252, 252, 96, 144, 0]]
[621, [216, 228, 228, 96, 108, 0]]
[622, [180, 204, 204, 96, 72, 0]]
[623, [180, 180, 180, 96, 36, 0]]
[624, [144, 156, 156, 96, 0, 0]]
[625, [144, 168, 168, 96, 0, 0]]
[626, [180, 180, 180, 96, 0, 0]]
[627, [180, 192, 192, 96, 0, 0]]
[628, [180, 204, 204, 96, 0, 0]]
[629, [216, 216, 216, 96, 0, 0]]
[630, [216, 228, 228, 96, 0, 0]]
[631, [216, 240, 240, 96, 0, 0]]
[632, [252, 252, 252, 96, 0, 0]]
[633, [252, 264, 264, 96, 0, 0]]
[634, [252, 276, 276, 96, 0, 0]]
[635, [288, 288, 288, 96, 0, 0]]
[636, [288, 300, 300, 96, 0, 0]]
[637, [288, 312, 312, 96, 0, 0]]
[638, [324, 324, 324, 96, 0, 0]]
[639, [324, 336, 336, 336, 0, 0]]
[640, [324, 348, 348, 192, 144, 0]]
[641, [324, 324, 324, 48, 252, 0]]
[642, [288, 300, 300, 48, 216, 0]]
[643, [252, 276, 276, 48, 180, 0]]
[644, [252, 252, 252, 48, 144, 0]]
[645, [216, 228, 228, 48, 108, 0]]
[646, [180, 204, 204, 48, 72, 0]]
[647, [182, 182, 182, 48, 36, 2]]
[648, [146, 158, 158, 48, 0, 2]]
[649, [144, 168, 168, 48, 0, 0]]
[650, [180, 180, 180, 48, 0, 0]]
[651, [180, 192, 192, 48, 0, 0]]
[652, [180, 204, 204, 48, 0, 0]]
[653, [216, 216, 216, 48, 0, 0]]
[654, [216, 228, 228, 48, 0, 0]]
[655, [216, 240, 240, 48, 0, 0]]
[656, [252, 252, 252, 48, 0, 0]]
[657, [252, 264, 264, 48, 0, 0]]
[658, [252, 276, 276, 48, 0, 0]]
[659, [288, 288, 288, 288, 0, 0]]
[660, [288, 300, 300, 144, 144, 0]]
[661, [252, 276, 276, 0, 252, 0]]
[662, [252, 252, 252, 0, 216, 0]]
[663, [216, 228, 228, 0, 180, 0]]
[664, [180, 204, 204, 0, 144, 0]]
[665, [180, 180, 180, 0, 108, 0]]
[666, [144, 156, 156, 0, 72, 0]]
[667, [112, 136, 136, 0, 36, 4]]
[668, [112, 112, 112, 0, 0, 4]]
[669, [108, 120, 120, 0, 0, 0]]
[670, [108, 132, 132, 0, 0, 0]]
[671, [144, 144, 144, 0, 0, 0]]
[672, [144, 156, 156, 0, 0, 0]]
[673, [144, 168, 168, 0, 0, 0]]
[674, [180, 180, 180, 0, 0, 0]]
[675, [180, 192, 192, 0, 0, 0]]
[676, [180, 204, 204, 0, 0, 0]]
[677, [216, 216, 216, 0, 0, 0]]
[678, [216, 228, 228, 0, 0, 0]]
[679, [216, 240, 240, 240, 0, 0]]
[680, [252, 252, 252, 96, 144, 0]]
[681, [216, 228, 228, 96, 108, 0]]
[682, [180, 204, 204, 96, 72, 0]]
[683, [180, 180, 180, 96, 36, 0]]
[684, [144, 156, 156, 96, 0, 0]]
[685, [144, 168, 168, 96, 0, 0]]
[686, [180, 180, 180, 96, 0, 0]]
[687, [180, 192, 192, 96, 0, 0]]
[688, [180, 204, 204, 96, 0, 0]]
[689, [216, 216, 216, 96, 0, 0]]
[690, [216, 228, 228, 96, 0, 0]]
[691, [216, 240, 240, 96, 0, 0]]
[692, [252, 252, 252, 96, 0, 0]]
[693, [252, 264, 264, 96, 0, 0]]
[694, [252, 276, 276, 96, 0, 0]]
[695, [288, 288, 288, 96, 0, 0]]
[696, [288, 300, 300, 96, 0, 0]]
[697, [288, 312, 312, 96, 0, 0]]
[698, [324, 324, 324, 96, 0, 0]]
[699, [324, 336, 336, 336, 0, 0]]
[700, [324, 348, 348, 192, 144, 0]]
[701, [324, 324, 324, 48, 252, 0]]
[702, [288, 300, 300, 48, 216, 0]]
[703, [252, 276, 276, 48, 180, 0]]
[704, [252, 252, 252, 48, 144, 0]]
[705, [216, 228, 228, 48, 108, 0]]
[706, [206, 230, 230, 48, 72, 26]]
[707, [240, 240, 240, 48, 36, 60]]
[708, [214, 226, 226, 48, 0, 70]]
[709, [176, 200, 200, 48, 0, 32]]
[710, [182, 182, 182, 48, 0, 2]]
[711, [180, 192, 192, 48, 0, 0]]
[712, [180, 204, 204, 48, 0, 0]]
[713, [216, 216, 216, 48, 0, 0]]
[714, [216, 228, 228, 48, 0, 0]]
[715, [216, 240, 240, 48, 0, 0]]
[716, [252, 252, 252, 48, 0, 0]]
[717, [252, 264, 264, 48, 0, 0]]
[718, [252, 276, 276, 48, 0, 0]]
[719, [288, 288, 288, 288, 0, 0]]
[720, [288, 300, 300, 144, 144, 0]]
[721, [252, 276, 276, 0, 252, 0]]
[722, [252, 252, 252, 0, 216, 0]]
[723, [216, 228, 228, 0, 180, 0]]
[724, [192, 216, 216, 0, 144, 12]]
[725, [226, 226, 226, 0, 108, 46]]
[726, [224, 236, 236, 0, 72, 80]]
[727, [218, 242, 242, 0, 36, 110]]
[728, [216, 216, 216, 0, 0, 108]]
[729, [186, 198, 198, 0, 0, 78]]
[730, [154, 178, 178, 0, 0, 46]]
[731, [170, 170, 170, 0, 0, 26]]
[732, [166, 178, 178, 0, 0, 22]]
[733, [162, 186, 186, 0, 0, 18]]
[734, [190, 190, 190, 0, 0, 10]]
[735, [180, 192, 192, 0, 0, 0]]
[736, [180, 204, 204, 0, 0, 0]]
[737, [216, 216, 216, 0, 0, 0]]
[738, [216, 228, 228, 0, 0, 0]]
[739, [216, 240, 240, 240, 0, 0]]
[740, [252, 252, 252, 96, 144, 0]]
[741, [216, 228, 228, 96, 108, 0]]
[742, [180, 204, 204, 96, 72, 0]]
[743, [180, 180, 180, 96, 36, 0]]
[744, [148, 160, 160, 96, 0, 4]]
[745, [144, 168, 168, 96, 0, 0]]
[746, [180, 180, 180, 96, 0, 0]]
[747, [180, 192, 192, 96, 0, 0]]
[748, [180, 204, 204, 96, 0, 0]]
[749, [216, 216, 216, 96, 0, 0]]
[750, [216, 228, 228, 96, 0, 0]]
[751, [216, 240, 240, 96, 0, 0]]
[752, [252, 252, 252, 96, 0, 0]]
[753, [252, 264, 264, 96, 0, 0]]
[754, [252, 276, 276, 96, 0, 0]]
[755, [288, 288, 288, 96, 0, 0]]
[756, [288, 300, 300, 96, 0, 0]]
[757, [288, 312, 312, 96, 0, 0]]
[758, [324, 324, 324, 96, 0, 0]]
[759, [324, 336, 336, 336, 0, 0]]
[760, [324, 348, 348, 192, 144, 0]]
[761, [324, 324, 324, 48, 252, 0]]
[762, [288, 300, 300, 48, 216, 0]]
[763, [252, 276, 276, 48, 180, 0]]
[764, [252, 252, 252, 48, 144, 0]]
[765, [216, 228, 228, 48, 108, 0]]
[766, [182, 206, 206, 48, 72, 2]]
[767, [214, 214, 214, 48, 36, 34]]
[768, [176, 188, 188, 48, 0, 32]]
[769, [144, 168, 168, 48, 0, 0]]
[770, [180, 180, 180, 48, 0, 0]]
[771, [180, 192, 192, 48, 0, 0]]
[772, [180, 204, 204, 48, 0, 0]]
[773, [216, 216, 216, 48, 0, 0]]
[774, [216, 228, 228, 48, 0, 0]]
[775, [216, 240, 240, 48, 0, 0]]
[776, [252, 252, 252, 48, 0, 0]]
[777, [252, 264, 264, 48, 0, 0]]
[778, [252, 276, 276, 48, 0, 0]]
[779, [288, 288, 288, 288, 0, 0]]
[780, [288, 300, 300, 144, 144, 0]]
[781, [252, 276, 276, 0, 252, 0]]
[782, [252, 252, 252, 0, 216, 0]]
[783, [216, 228, 228, 0, 180, 0]]
[784, [180, 204, 204, 0, 144, 0]]
[785, [180, 180, 180, 0, 108, 0]]
[786, [144, 156, 156, 0, 72, 0]]
[787, [120, 144, 144, 0, 36, 12]]
[788, [118, 118, 118, 0, 0, 10]]
[789, [108, 120, 120, 0, 0, 0]]
[790, [108, 132, 132, 0, 0, 0]]
[791, [144, 144, 144, 0, 0, 0]]
[792, [144, 156, 156, 0, 0, 0]]
[793, [144, 168, 168, 0, 0, 0]]
[794, [180, 180, 180, 0, 0, 0]]
[795, [180, 192, 192, 0, 0, 0]]
[796, [180, 204, 204, 0, 0, 0]]
[797, [216, 216, 216, 0, 0, 0]]
[798, [216, 228, 228, 0, 0, 0]]
[799, [216, 240, 240, 240, 0, 0]]
[800, [252, 252, 252, 96, 144, 0]]
[801, [216, 228, 228, 96, 108, 0]]
[802, [180, 204, 204, 96, 72, 0]]
[803, [180, 180, 180, 96, 36, 0]]
[804, [144, 156, 156, 96, 0, 0]]
[805, [144, 168, 168, 96, 0, 0]]
[806, [180, 180, 180, 96, 0, 0]]
[807, [180, 192, 192, 96, 0, 0]]
[808, [180, 204, 204, 96, 0, 0]]
[809, [216, 216, 216, 96, 0, 0]]
[810, [216, 228, 228, 96, 0, 0]]
[811, [216, 240, 240, 96, 0, 0]]
[812, [252, 252, 252, 96, 0, 0]]
[813, [252, 264, 264, 96, 0, 0]]
[814, [252, 276, 276, 96, 0, 0]]
[815, [288, 288, 288, 96, 0, 0]]
[816, [288, 300, 300, 96, 0, 0]]
[817, [288, 312, 312, 96, 0, 0]]
[818, [324, 324, 324, 96, 0, 0]]
[819, [324, 336, 336, 336, 0, 0]]
[820, [324, 348, 348, 192, 144, 0]]
[821, [324, 324, 324, 48, 252, 0]]
[822, [288, 300, 300, 48, 216, 0]]
[823, [252, 276, 276, 48, 180, 0]]
[824, [252, 252, 252, 48, 144, 0]]
[825, [216, 228, 228, 48, 108, 0]]
[826, [180, 204, 204, 48, 72, 0]]
[827, [190, 190, 190, 48, 36, 10]]
[828, [154, 166, 166, 48, 0, 10]]
[829, [144, 168, 168, 48, 0, 0]]
[830, [180, 180, 180, 48, 0, 0]]
[831, [180, 192, 192, 48, 0, 0]]
[832, [180, 204, 204, 48, 0, 0]]
[833, [216, 216, 216, 48, 0, 0]]
[834, [216, 228, 228, 48, 0, 0]]
[835, [216, 240, 240, 48, 0, 0]]
[836, [252, 252, 252, 48, 0, 0]]
[837, [252, 264, 264, 48, 0, 0]]
[838, [252, 276, 276, 48, 0, 0]]
[839, [288, 288, 288, 288, 0, 0]]
[840, [288, 300, 300, 144, 144, 0]]
[841, [252, 276, 276, 0, 252, 0]]
[842, [252, 252, 252, 0, 216, 0]]
[843, [216, 228, 228, 0, 180, 0]]
[844, [180, 204, 204, 0, 144, 0]]
[845, [180, 180, 180, 0, 108, 0]]
[846, [146, 158, 158, 0, 72, 2]]
[847, [146, 170, 170, 0, 36, 38]]
[848, [148, 148, 148, 0, 0, 40]]
[849, [114, 126, 126, 0, 0, 6]]
[850, [108, 132, 132, 0, 0, 0]]
[851, [144, 144, 144, 0, 0, 0]]
[852, [144, 156, 156, 0, 0, 0]]
[853, [144, 168, 168, 0, 0, 0]]
[854, [180, 180, 180, 0, 0, 0]]
[855, [180, 192, 192, 0, 0, 0]]
[856, [180, 204, 204, 0, 0, 0]]
[857, [216, 216, 216, 0, 0, 0]]
[858, [216, 228, 228, 0, 0, 0]]
[859, [216, 240, 240, 240, 0, 0]]
[860, [252, 252, 252, 96, 144, 0]]
[861, [216, 228, 228, 96, 108, 0]]
[862, [180, 204, 204, 96, 72, 0]]
[863, [180, 180, 180, 96, 36, 0]]
[864, [144, 156, 156, 96, 0, 0]]
[865, [144, 168, 168, 96, 0, 0]]
[866, [180, 180, 180, 96, 0, 0]]
[867, [180, 192, 192, 96, 0, 0]]
[868, [180, 204, 204, 96, 0, 0]]
[869, [216, 216, 216, 96, 0, 0]]
[870, [216, 228, 228, 96, 0, 0]]
[871, [216, 240, 240, 96, 0, 0]]
[872, [252, 252, 252, 96, 0, 0]]
[873, [252, 264, 264, 96, 0, 0]]
[874, [252, 276, 276, 96, 0, 0]]
[875, [288, 288, 288, 96, 0, 0]]
[876, [288, 300, 300, 96, 0, 0]]
[877, [288, 312, 312, 96, 0, 0]]
[878, [324, 324, 324, 96, 0, 0]]
[879, [324, 336, 336, 336, 0, 0]]
[880, [324, 348, 348, 192, 144, 0]]
[881, [324, 324, 324, 48, 252, 0]]
[882, [288, 300, 300, 48, 216, 0]]
[883, [252, 276, 276, 48, 180, 0]]
[884, [252, 252, 252, 48, 144, 0]]
[885, [242, 254, 254, 48, 108, 26]]
[886, [242, 266, 266, 48, 72, 62]]
[887, [276, 276, 276, 48, 36, 96]]
[888, [248, 260, 260, 48, 0, 104]]
[889, [222, 246, 246, 48, 0, 78]]
[890, [218, 218, 218, 48, 0, 38]]
[891, [182, 194, 194, 48, 0, 2]]
[892, [180, 204, 204, 48, 0, 0]]
[893, [216, 216, 216, 48, 0, 0]]
[894, [216, 228, 228, 48, 0, 0]]
[895, [216, 240, 240, 48, 0, 0]]
[896, [252, 252, 252, 48, 0, 0]]
[897, [252, 264, 264, 48, 0, 0]]
[898, [252, 276, 276, 48, 0, 0]]
[899, [288, 288, 288, 288, 0, 0]]
[900, [288, 300, 300, 144, 144, 0]]
[901, [252, 276, 276, 0, 252, 0]]
[902, [252, 252, 252, 0, 216, 0]]
[903, [216, 228, 228, 0, 180, 0]]
[904, [180, 204, 204, 0, 144, 0]]
[905, [180, 180, 180, 0, 108, 0]]
[906, [174, 186, 186, 0, 72, 30]]
[907, [172, 196, 196, 0, 36, 64]]
[908, [172, 172, 172, 0, 0, 64]]
[909, [134, 146, 146, 0, 0, 26]]
[910, [108, 132, 132, 0, 0, 0]]
[911, [144, 144, 144, 0, 0, 0]]
[912, [144, 156, 156, 0, 0, 0]]
[913, [144, 168, 168, 0, 0, 0]]
[914, [180, 180, 180, 0, 0, 0]]
[915, [180, 192, 192, 0, 0, 0]]
[916, [180, 204, 204, 0, 0, 0]]
[917, [216, 216, 216, 0, 0, 0]]
[918, [216, 228, 228, 0, 0, 0]]
[919, [216, 240, 240, 240, 0, 0]]
[920, [252, 252, 252, 96, 144, 0]]
[921, [216, 228, 228, 96, 108, 0]]
[922, [180, 204, 204, 96, 72, 0]]
[923, [180, 180, 180, 96, 36, 0]]
[924, [144, 156, 156, 96, 0, 0]]
[925, [144, 168, 168, 96, 0, 0]]
[926, [180, 180, 180, 96, 0, 0]]
[927, [180, 192, 192, 96, 0, 0]]
[928, [180, 204, 204, 96, 0, 0]]
[929, [216, 216, 216, 96, 0, 0]]
[930, [216, 228, 228, 96, 0, 0]]
[931, [216, 240, 240, 96, 0, 0]]
[932, [252, 252, 252, 96, 0, 0]]
[933, [252, 264, 264, 96, 0, 0]]
[934, [252, 276, 276, 96, 0, 0]]
[935, [288, 288, 288, 96, 0, 0]]
[936, [288, 300, 300, 96, 0, 0]]
[937, [288, 312, 312, 96, 0, 0]]
[938, [324, 324, 324, 96, 0, 0]]
[939, [324, 336, 336, 336, 0, 0]]
[940, [324, 348, 348, 192, 144, 0]]
[941, [324, 324, 324, 48, 252, 0]]
[942, [288, 300, 300, 48, 216, 0]]
[943, [252, 276, 276, 48, 180, 0]]
[944, [252, 252, 252, 48, 144, 0]]
[945, [216, 228, 228, 48, 108, 0]]
[946, [180, 204, 204, 48, 72, 0]]
[947, [186, 186, 186, 48, 36, 6]]
[948, [150, 162, 162, 48, 0, 6]]
[949, [144, 168, 168, 48, 0, 0]]
[950, [180, 180, 180, 48, 0, 0]]
[951, [180, 192, 192, 48, 0, 0]]
[952, [180, 204, 204, 48, 0, 0]]
[953, [216, 216, 216, 48, 0, 0]]
[954, [216, 228, 228, 48, 0, 0]]
[955, [216, 240, 240, 48, 0, 0]]
[956, [252, 252, 252, 48, 0, 0]]
[957, [252, 264, 264, 48, 0, 0]]
[958, [252, 276, 276, 48, 0, 0]]
[959, [288, 288, 288, 288, 0, 0]]
[960, [288, 300, 300, 144, 144, 0]]
[961, [252, 276, 276, 0, 252, 0]]
[962, [252, 252, 252, 0, 216, 0]]
[963, [216, 228, 228, 0, 180, 0]]
[964, [180, 204, 204, 0, 144, 0]]
[965, [180, 180, 180, 0, 108, 0]]
[966, [144, 156, 156, 0, 72, 0]]
[967, [110, 134, 134, 0, 36, 2]]
[968, [110, 110, 110, 0, 0, 2]]
[969, [108, 120, 120, 0, 0, 0]]
[970, [108, 132, 132, 0, 0, 0]]
[971, [144, 144, 144, 0, 0, 0]]
[972, [144, 156, 156, 0, 0, 0]]
[973, [144, 168, 168, 0, 0, 0]]
[974, [180, 180, 180, 0, 0, 0]]
[975, [180, 192, 192, 0, 0, 0]]
[976, [180, 204, 204, 0, 0, 0]]
[977, [216, 216, 216, 0, 0, 0]]
[978, [216, 228, 228, 0, 0, 0]]
[979, [216, 240, 240, 240, 0, 0]]
[980, [252, 252, 252, 96, 144, 0]]
[981, [216, 228, 228, 96, 108, 0]]
[982, [180, 204, 204, 96, 72, 0]]
[983, [180, 180, 180, 96, 36, 0]]
[984, [144, 156, 156, 96, 0, 0]]
[985, [144, 168, 168, 96, 0, 0]]
[986, [180, 180, 180, 96, 0, 0]]
[987, [180, 192, 192, 96, 0, 0]]
[988, [180, 204, 204, 96, 0, 0]]
[989, [216, 216, 216, 96, 0, 0]]
[990, [216, 228, 228, 96, 0, 0]]
[991, [216, 240, 240, 96, 0, 0]]
[992, [252, 252, 252, 96, 0, 0]]
[993, [252, 264, 264, 96, 0, 0]]
[994, [252, 276, 276, 96, 0, 0]]
[995, [288, 288, 288, 96, 0, 0]]
[996, [288, 300, 300, 96, 0, 0]]
[997, [288, 312, 312, 96, 0, 0]]
[998, [324, 324, 324, 96, 0, 0]]
[999, [324, 336, 336, 336, 0, 0]]
[1000, [324, 348, 348, 192, 144, 0]]
[1001, [324, 324, 324, 48, 252, 0]]
[1002, [288, 300, 300, 48, 216, 0]]
[1003, [252, 276, 276, 48, 180, 0]]
[1004, [252, 252, 252, 48, 144, 0]]
[1005, [216, 228, 228, 48, 108, 0]]
[1006, [180, 204, 204, 48, 72, 0]]
[1007, [182, 182, 182, 48, 36, 2]]
[1008, [146, 158, 158, 48, 0, 2]]
[1009, [144, 168, 168, 48, 0, 0]]
[1010, [180, 180, 180, 48, 0, 0]]
[1011, [180, 192, 192, 48, 0, 0]]
[1012, [180, 204, 204, 48, 0, 0]]
[1013, [216, 216, 216, 48, 0, 0]]
[1014, [216, 228, 228, 48, 0, 0]]
[1015, [216, 240, 240, 48, 0, 0]]
[1016, [252, 252, 252, 48, 0, 0]]
[1017, [252, 264, 264, 48, 0, 0]]
[1018, [252, 276, 276, 48, 0, 0]]
[1019, [288, 288, 288, 288, 0, 0]]
[1020, [288, 300, 300, 144, 144, 0]]
[1021, [252, 276, 276, 0, 252, 0]]
[1022, [252, 252, 252, 0, 216, 0]]
[1023, [216, 228, 228, 0, 180, 0]]
[1024, [180, 204, 204, 0, 144, 0]]
[1025, [180, 180, 180, 0, 108, 0]]
[1026, [144, 156, 156, 0, 72, 0]]
[1027, [110, 134, 134, 0, 36, 2]]
[1028, [110, 110, 110, 0, 0, 2]]
[1029, [108, 120, 120, 0, 0, 0]]
[1030, [108, 132, 132, 0, 0, 0]]
[1031, [144, 144, 144, 0, 0, 0]]
[1032, [144, 156, 156, 0, 0, 0]]
[1033, [144, 168, 168, 0, 0, 0]]
[1034, [180, 180, 180, 0, 0, 0]]
[1035, [180, 192, 192, 0, 0, 0]]
[1036, [180, 204, 204, 0, 0, 0]]
[1037, [216, 216, 216, 0, 0, 0]]
[1038, [216, 228, 228, 0, 0, 0]]
[1039, [216, 240, 240, 240, 0, 0]]
[1040, [252, 252, 252, 96, 144, 0]]
[1041, [216, 228, 228, 96, 108, 0]]
[1042, [180, 204, 204, 96, 72, 0]]
[1043, [180, 180, 180, 96, 36, 0]]
[1044, [144, 156, 156, 96, 0, 0]]
[1045, [144, 168, 168, 96, 0, 0]]
[1046, [180, 180, 180, 96, 0, 0]]
[1047, [180, 192, 192, 96, 0, 0]]
[1048, [180, 204, 204, 96, 0, 0]]
[1049, [216, 216, 216, 96, 0, 0]]
[1050, [216, 228, 228, 96, 0, 0]]
[1051, [216, 240, 240, 96, 0, 0]]
[1052, [252, 252, 252, 96, 0, 0]]
[1053, [252, 264, 264, 96, 0, 0]]
[1054, [252, 276, 276, 96, 0, 0]]
[1055, [288, 288, 288, 96, 0, 0]]
[1056, [288, 300, 300, 96, 0, 0]]
[1057, [288, 312, 312, 96, 0, 0]]
[1058, [324, 324, 324, 96, 0, 0]]
[1059, [324, 336, 336, 336, 0, 0]]
[1060, [324, 348, 348, 192, 144, 0]]
[1061, [324, 324, 324, 48, 252, 0]]
[1062, [288, 300, 300, 48, 216, 0]]
[1063, [252, 276, 276, 48, 180, 0]]
[1064, [252, 252, 252, 48, 144, 0]]
[1065, [216, 228, 228, 48, 108, 0]]
[1066, [180, 204, 204, 48, 72, 0]]
[1067, [182, 182, 182, 48, 36, 2]]
[1068, [146, 158, 158, 48, 0, 2]]
[1069, [144, 168, 168, 48, 0, 0]]
[1070, [180, 180, 180, 48, 0, 0]]
[1071, [180, 192, 192, 48, 0, 0]]
[1072, [180, 204, 204, 48, 0, 0]]
[1073, [216, 216, 216, 48, 0, 0]]
[1074, [216, 228, 228, 48, 0, 0]]
[1075, [216, 240, 240, 48, 0, 0]]
[1076, [252, 252, 252, 48, 0, 0]]
[1077, [252, 264, 264, 48, 0, 0]]
[1078, [252, 276, 276, 48, 0, 0]]
[1079, [288, 288, 288, 288, 0, 0]]
[1080, [288, 300, 300, 144, 144, 0]]
[1081, [252, 276, 276, 0, 252, 0]]
[1082, [252, 252, 252, 0, 216, 0]]
[1083, [216, 228, 228, 0, 180, 0]]
[1084, [180, 204, 204, 0, 144, 0]]
[1085, [180, 180, 180, 0, 108, 0]]
[1086, [144, 156, 156, 0, 72, 0]]
[1087, [110, 134, 134, 0, 36, 2]]
[1088, [110, 110, 110, 0, 0, 2]]
[1089, [108, 120, 120, 0, 0, 0]]
[1090, [108, 132, 132, 0, 0, 0]]
[1091, [144, 144, 144, 0, 0, 0]]
[1092, [144, 156, 156, 0, 0, 0]]
[1093, [144, 168, 168, 0, 0, 0]]
[1094, [180, 180, 180, 0, 0, 0]]
[1095, [180, 192, 192, 0, 0, 0]]
[1096, [180, 204, 204, 0, 0, 0]]
[1097, [216, 216, 216, 0, 0, 0]]
[1098, [216, 228, 228, 0, 0, 0]]
[1099, [216, 240, 240, 240, 0, 0]]
[1100, [252, 252, 252, 96, 144, 0]]
[1101, [216, 228, 228, 96, 108, 0]]
[1102, [180, 204, 204, 96, 72, 0]]
[1103, [180, 180, 180, 96, 36, 0]]
[1104, [144, 156, 156, 96, 0, 0]]
[1105, [144, 168, 168, 96, 0, 0]]
[1106, [180, 180, 180, 96, 0, 0]]
[1107, [180, 192, 192, 96, 0, 0]]
[1108, [180, 204, 204, 96, 0, 0]]
[1109, [216, 216, 216, 96, 0, 0]]
[1110, [216, 228, 228, 96, 0, 0]]
[1111, [216, 240, 240, 96, 0, 0]]
[1112, [252, 252, 252, 96, 0, 0]]
[1113, [252, 264, 264, 96, 0, 0]]
[1114, [252, 276, 276, 96, 0, 0]]
[1115, [288, 288, 288, 96, 0, 0]]
[1116, [288, 300, 300, 96, 0, 0]]
[1117, [288, 312, 312, 96, 0, 0]]
[1118, [324, 324, 322, 96, 0, 0]]
[1119, [324, 336, 332, 336, 0, 0]]
[1120, [324, 348, 342, 192, 144, 0]]
[1121, [324, 324, 316, 48, 252, 0]]
[1122, [288, 300, 292, 48, 216, 0]]
[1123, [252, 276, 268, 48, 180, 0]]
[1124, [252, 252, 244, 48, 144, 0]]
[1125, [216, 228, 220, 48, 108, 0]]
[1126, [180, 204, 196, 48, 72, 0]]
[1127, [182, 182, 174, 48, 36, 2]]
[1128, [146, 158, 150, 48, 0, 2]]
[1129, [144, 168, 160, 48, 0, 0]]
[1130, [180, 180, 172, 48, 0, 0]]
[1131, [180, 192, 184, 48, 0, 0]]
[1132, [180, 204, 196, 48, 0, 0]]
[1133, [216, 216, 208, 48, 0, 0]]
[1134, [216, 228, 220, 48, 0, 0]]
[1135, [216, 240, 232, 48, 0, 0]]
[1136, [252, 252, 244, 48, 0, 0]]
[1137, [252, 264, 256, 48, 0, 0]]
[1138, [252, 276, 268, 48, 0, 0]]
[1139, [288, 288, 280, 288, 0, 0]]
[1140, [288, 300, 292, 144, 144, 0]]
[1141, [252, 276, 268, 0, 252, 0]]
[1142, [252, 252, 244, 0, 216, 0]]
[1143, [216, 228, 220, 0, 180, 0]]
[1144, [180, 204, 196, 0, 144, 0]]
[1145, [180, 180, 172, 0, 108, 0]]
[1146, [144, 156, 148, 0, 72, 0]]
[1147, [110, 134, 126, 0, 36, 2]]
[1148, [110, 110, 102, 0, 0, 2]]
[1149, [108, 120, 112, 0, 0, 0]]
[1150, [108, 132, 124, 0, 0, 0]]
[1151, [144, 144, 136, 0, 0, 0]]
[1152, [144, 156, 148, 0, 0, 0]]
[1153, [144, 168, 160, 0, 0, 0]]
[1154, [180, 180, 172, 0, 0, 0]]
[1155, [180, 192, 184, 0, 0, 0]]
[1156, [180, 204, 196, 0, 0, 0]]
[1157, [216, 216, 208, 0, 0, 0]]
[1158, [216, 228, 220, 0, 0, 0]]
[1159, [216, 240, 232, 240, 0, 0]]
[1160, [252, 252, 244, 96, 144, 0]]
[1161, [216, 228, 220, 96, 108, 0]]
[1162, [180, 204, 196, 96, 72, 0]]
[1163, [180, 180, 172, 96, 36, 0]]
[1164, [144, 156, 148, 96, 0, 0]]
[1165, [144, 168, 160, 96, 0, 0]]
[1166, [180, 180, 172, 96, 0, 0]]
[1167, [180, 192, 184, 96, 0, 0]]
[1168, [180, 204, 196, 96, 0, 0]]
[1169, [216, 216, 208, 96, 0, 0]]
[1170, [216, 228, 220, 96, 0, 0]]
[1171, [216, 240, 232, 96, 0, 0]]
[1172, [252, 252, 244, 96, 0, 0]]
[1173, [252, 264, 256, 96, 0, 0]]
[1174, [252, 276, 268, 96, 0, 0]]
[1175, [288, 288, 280, 96, 0, 0]]
[1176, [288, 300, 292, 96, 0, 0]]
[1177, [288, 312, 304, 96, 0, 0]]
[1178, [324, 324, 316, 96, 0, 0]]
[1179, [324, 336, 328, 336, 0, 0]]
[1180, [324, 348, 340, 192, 144, 0]]
[1181, [324, 324, 316, 48, 252, 0]]
[1182, [288, 300, 292, 48, 216, 0]]
[1183, [252, 276, 268, 48, 180, 0]]
[1184, [252, 252, 244, 48, 144, 0]]
[1185, [216, 228, 220, 48, 108, 0]]
[1186, [180, 204, 196, 48, 72, 0]]
[1187, [182, 182, 174, 48, 36, 2]]
[1188, [146, 158, 150, 48, 0, 2]]
[1189, [144, 168, 160, 48, 0, 0]]
[1190, [180, 180, 172, 48, 0, 0]]
[1191, [180, 192, 184, 48, 0, 0]]
[1192, [180, 204, 196, 48, 0, 0]]
[1193, [216, 216, 208, 48, 0, 0]]
[1194, [216, 228, 220, 48, 0, 0]]
[1195, [216, 240, 232, 48, 0, 0]]
[1196, [252, 252, 244, 48, 0, 0]]
[1197, [252, 264, 256, 48, 0, 0]]
[1198, [252, 276, 268, 48, 0, 0]]
[1199, [288, 288, 280, 288, 0, 0]]
[1200, [288, 300, 292, 144, 144, 0]]
[1201, [252, 276, 268, 0, 252, 0]]
[1202, [252, 252, 244, 0, 216, 0]]
[1203, [216, 228, 220, 0, 180, 0]]
[1204, [180, 204, 196, 0, 144, 0]]
[1205, [180, 180, 172, 0, 108, 0]]
[1206, [144, 156, 148, 0, 72, 0]]
[1207, [110, 134, 126, 0, 36, 2]]
[1208, [110, 110, 102, 0, 0, 2]]
[1209, [108, 120, 112, 0, 0, 0]]
[1210, [108, 132, 124, 0, 0, 0]]
[1211, [144, 144, 136, 0, 0, 0]]
[1212, [144, 156, 148, 0, 0, 0]]
[1213, [144, 168, 160, 0, 0, 0]]
[1214, [180, 180, 172, 0, 0, 0]]
[1215, [180, 192, 184, 0, 0, 0]]
[1216, [180, 204, 196, 0, 0, 0]]
[1217, [216, 216, 208, 0, 0, 0]]
[1218, [216, 228, 220, 0, 0, 0]]
[1219, [216, 240, 232, 240, 0, 0]]
[1220, [252, 252, 244, 96, 144, 0]]
[1221, [216, 228, 220, 96, 108, 0]]
[1222, [180, 204, 196, 96, 72, 0]]
[1223, [180, 180, 172, 96, 36, 0]]
[1224, [144, 156, 148, 96, 0, 0]]
[1225, [144, 168, 160, 96, 0, 0]]
[1226, [180, 180, 172, 96, 0, 0]]
[1227, [180, 192, 184, 96, 0, 0]]
[1228, [180, 204, 196, 96, 0, 0]]
[1229, [216, 216, 208, 96, 0, 0]]
[1230, [216, 228, 220, 96, 0, 0]]
[1231, [216, 240, 232, 96, 0, 0]]
[1232, [252, 252, 244, 96, 0, 0]]
[1233, [252, 264, 256, 96, 0, 0]]
[1234, [252, 276, 268, 96, 0, 0]]
[1235, [288, 288, 280, 96, 0, 0]]
[1236, [288, 300, 292, 96, 0, 0]]
[1237, [288, 312, 304, 96, 0, 0]]
[1238, [324, 324, 316, 96, 0, 0]]
[1239, [324, 336, 328, 336, 0, 0]]
[1240, [324, 348, 340, 192, 144, 0]]
[1241, [324, 324, 316, 48, 252, 0]]
[1242, [288, 300, 292, 48, 216, 0]]
[1243, [252, 276, 268, 48, 180, 0]]
[1244, [252, 252, 244, 48, 144, 0]]
[1245, [216, 228, 220, 48, 108, 0]]
[1246, [180, 204, 196, 48, 72, 0]]
[1247, [182, 182, 174, 48, 36, 2]]
[1248, [146, 158, 150, 48, 0, 2]]
[1249, [144, 168, 160, 48, 0, 0]]
[1250, [180, 180, 172, 48, 0, 0]]
[1251, [180, 192, 184, 48, 0, 0]]
[1252, [180, 204, 196, 48, 0, 0]]
[1253, [216, 216, 208, 48, 0, 0]]
[1254, [216, 228, 220, 48, 0, 0]]
[1255, [216, 240, 232, 48, 0, 0]]
[1256, [252, 252, 244, 48, 0, 0]]
[1257, [252, 264, 256, 48, 0, 0]]
[1258, [252, 276, 268, 48, 0, 0]]
[1259, [288, 288, 280, 288, 0, 0]]
[1260, [288, 300, 292, 144, 144, 0]]
[1261, [252, 276, 268, 0, 252, 0]]
[1262, [252, 252, 244, 0, 216, 0]]
[1263, [216, 228, 220, 0, 180, 0]]
[1264, [180, 204, 196, 0, 144, 0]]
[1265, [180, 180, 172, 0, 108, 0]]
[1266, [144, 156, 148, 0, 72, 0]]
[1267, [110, 134, 126, 0, 36, 2]]
[1268, [110, 110, 102, 0, 0, 2]]
[1269, [108, 120, 112, 0, 0, 0]]
[1270, [108, 132, 124, 0, 0, 0]]
[1271, [144, 144, 136, 0, 0, 0]]
[1272, [144, 156, 148, 0, 0, 0]]
[1273, [144, 168, 160, 0, 0, 0]]
[1274, [180, 180, 172, 0, 0, 0]]
[1275, [180, 192, 184, 0, 0, 0]]
[1276, [180, 204, 196, 0, 0, 0]]
[1277, [216, 216, 208, 0, 0, 0]]
[1278, [216, 228, 220, 0, 0, 0]]
[1279, [216, 240, 232, 240, 0, 0]]
[1280, [252, 252, 244, 96, 144, 0]]
[1281, [216, 228, 220, 96, 108, 0]]
[1282, [180, 204, 196, 96, 72, 0]]
[1283, [180, 180, 172, 96, 36, 0]]
[1284, [144, 156, 148, 96, 0, 0]]
[1285, [144, 168, 160, 96, 0, 0]]
[1286, [180, 180, 172, 96, 0, 0]]
[1287, [180, 192, 184, 96, 0, 0]]
[1288, [180, 204, 196, 96, 0, 0]]
[1289, [216, 216, 208, 96, 0, 0]]
[1290, [216, 228, 220, 96, 0, 0]]
[1291, [216, 240, 232, 96, 0, 0]]
[1292, [252, 252, 244, 96, 0, 0]]
[1293, [252, 264, 256, 96, 0, 0]]
[1294, [252, 276, 268, 96, 0, 0]]
[1295, [288, 288, 280, 96, 0, 0]]
[1296, [288, 300, 292, 96, 0, 0]]
[1297, [288, 312, 304, 96, 0, 0]]
[1298, [324, 324, 316, 96, 0, 0]]
[1299, [324, 336, 328, 336, 0, 0]]
[1300, [324, 348, 340, 192, 144, 0]]
[1301, [324, 324, 316, 48, 252, 0]]
[1302, [288, 300, 292, 48, 216, 0]]
[1303, [252, 276, 268, 48, 180, 0]]
[1304, [252, 252, 244, 48, 144, 0]]
[1305, [216, 228, 220, 48, 108, 0]]
[1306, [180, 204, 196, 48, 72, 0]]
[1307, [182, 182, 174, 48, 36, 2]]
[1308, [146, 158, 150, 48, 0, 2]]
[1309, [144, 168, 160, 48, 0, 0]]
[1310, [180, 180, 172, 48, 0, 0]]
[1311, [180, 192, 184, 48, 0, 0]]
[1312, [180, 204, 196, 48, 0, 0]]
[1313, [216, 216, 208, 48, 0, 0]]
[1314, [216, 228, 220, 48, 0, 0]]
[1315, [216, 240, 232, 48, 0, 0]]
[1316, [252, 252, 244, 48, 0, 0]]
[1317, [252, 264, 256, 48, 0, 0]]
[1318, [252, 276, 268, 48, 0, 0]]
[1319, [288, 288, 280, 288, 0, 0]]
[1320, [288, 300, 292, 144, 144, 0]]
[1321, [252, 276, 268, 0, 252, 0]]
[1322, [252, 252, 244, 0, 216, 0]]
[1323, [216, 228, 220, 0, 180, 0]]
[1324, [180, 204, 196, 0, 144, 0]]
[1325, [180, 180, 172, 0, 108, 0]]
[1326, [144, 156, 148, 0, 72, 0]]
[1327, [110, 134, 126, 0, 36, 2]]
[1328, [110, 110, 102, 0, 0, 2]]
[1329, [108, 120, 112, 0, 0, 0]]
[1330, [108, 132, 124, 0, 0, 0]]
[1331, [144, 144, 136, 0, 0, 0]]
[1332, [144, 156, 148, 0, 0, 0]]
[1333, [144, 168, 160, 0, 0, 0]]
[1334, [180, 180, 172, 0, 0, 0]]
[1335, [180, 192, 184, 0, 0, 0]]
[1336, [180, 204, 196, 0, 0, 0]]
[1337, [216, 216, 208, 0, 0, 0]]
[1338, [216, 228, 220, 0, 0, 0]]
[1339, [216, 240, 232, 240, 0, 0]]
[1340, [252, 252, 244, 96, 144, 0]]
[1341, [216, 228, 220, 96, 108, 0]]
[1342, [180, 204, 196, 96, 72, 0]]
[1343, [180, 180, 172, 96, 36, 0]]
[1344, [144, 156, 148, 96, 0, 0]]
[1345, [144, 168, 160, 96, 0, 0]]
[1346, [180, 180, 172, 96, 0, 0]]
[1347, [180, 192, 184, 96, 0, 0]]
[1348, [180, 204, 196, 96, 0, 0]]
[1349, [216, 216, 208, 96, 0, 0]]
[1350, [216, 228, 220, 96, 0, 0]]
[1351, [216, 240, 232, 96, 0, 0]]
[1352, [252, 252, 244, 96, 0, 0]]
[1353, [252, 264, 256, 96, 0, 0]]
[1354, [252, 276, 268, 96, 0, 0]]
[1355, [288, 288, 280, 96, 0, 0]]
[1356, [288, 300, 292, 96, 0, 0]]
[1357, [288, 312, 304, 96, 0, 0]]
[1358, [324, 324, 316, 96, 0, 0]]
[1359, [324, 336, 328, 336, 0, 0]]
[1360, [324, 348, 340, 192, 144, 0]]
[1361, [324, 324, 316, 48, 252, 0]]
[1362, [288, 300, 292, 48, 216, 0]]
[1363, [252, 276, 268, 48, 180, 0]]
[1364, [252, 252, 244, 48, 144, 0]]
[1365, [216, 228, 220, 48, 108, 0]]
[1366, [180, 204, 196, 48, 72, 0]]
[1367, [182, 182, 174, 48, 36, 2]]
[1368, [146, 158, 150, 48, 0, 2]]
[1369, [144, 168, 160, 48, 0, 0]]
[1370, [180, 180, 172, 48, 0, 0]]
[1371, [180, 192, 184, 48, 0, 0]]
[1372, [180, 204, 196, 48, 0, 0]]
[1373, [216, 216, 208, 48, 0, 0]]
[1374, [216, 228, 220, 48, 0, 0]]
[1375, [216, 240, 232, 48, 0, 0]]
[1376, [252, 252, 244, 48, 0, 0]]
[1377, [252, 264, 256, 48, 0, 0]]
[1378, [252, 276, 268, 48, 0, 0]]
[1379, [288, 288, 280, 288, 0, 0]]
[1380, [288, 300, 292, 144, 144, 0]]
[1381, [252, 276, 268, 0, 252, 0]]
[1382, [252, 252, 244, 0, 216, 0]]
[1383, [216, 228, 220, 0, 180, 0]]
[1384, [180, 204, 196, 0, 144, 0]]
[1385, [180, 180, 172, 0, 108, 0]]
[1386, [144, 156, 148, 0, 72, 0]]
[1387, [110, 134, 126, 0, 36, 2]]
[1388, [110, 110, 102, 0, 0, 2]]
[1389, [108, 120, 112, 0, 0, 0]]
[1390, [108, 132, 124, 0, 0, 0]]
[1391, [144, 144, 136, 0, 0, 0]]
[1392, [144, 156, 148, 0, 0, 0]]
[1393, [144, 168, 160, 0, 0, 0]]
[1394, [180, 180, 172, 0, 0, 0]]
[1395, [180, 192, 184, 0, 0, 0]]
[1396, [180, 204, 196, 0, 0, 0]]
[1397, [216, 216, 208, 0, 0, 0]]
[1398, [216, 228, 220, 0, 0, 0]]
[1399, [216, 240, 232, 240, 0, 0]]
[1400, [252, 252, 244, 96, 144, 0]]
[1401, [216, 228, 220, 96, 108, 0]]
[1402, [180, 204, 196, 96, 72, 0]]
[1403, [180, 180, 172, 96, 36, 0]]
[1404, [144, 156, 148, 96, 0, 0]]
[1405, [144, 168, 160, 96, 0, 0]]
[1406, [180, 180, 172, 96, 0, 0]]
[1407, [180, 192, 184, 96, 0, 0]]
[1408, [180, 204, 196, 96, 0, 0]]
[1409, [216, 216, 208, 96, 0, 0]]
[1410, [216, 228, 220, 96, 0, 0]]
[1411, [216, 240, 232, 96, 0, 0]]
[1412, [252, 252, 244, 96, 0, 0]]
[1413, [252, 264, 256, 96, 0, 0]]
[1414, [252, 276, 268, 96, 0, 0]]
[1415, [288, 288, 280, 96, 0, 0]]
[1416, [288, 300, 292, 96, 0, 0]]
[1417, [288, 312, 304, 96, 0, 0]]
[1418, [324, 324, 316, 96, 0, 0]]
[1419, [324, 336, 328, 336, 0, 0]]
[1420, [324, 348, 340, 192, 144, 0]]
[1421, [324, 324, 316, 48, 252, 0]]
[1422, [288, 300, 292, 48, 216, 0]]
[1423, [252, 276, 268, 48, 180, 0]]
[1424, [252, 252, 244, 48, 144, 0]]
[1425, [216, 228, 220, 48, 108, 0]]
[1426, [180, 204, 196, 48, 72, 0]]
[1427, [182, 182, 174, 48, 36, 2]]
[1428, [146, 158, 150, 48, 0, 2]]
[1429, [144, 168, 160, 48, 0, 0]]
[1430, [180, 180, 172, 48, 0, 0]]
[1431, [180, 192, 184, 48, 0, 0]]
[1432, [180, 204, 196, 48, 0, 0]]
[1433, [216, 216, 208, 48, 0, 0]]
[1434, [216, 228, 220, 48, 0, 0]]
[1435, [216, 240, 232, 48, 0, 0]]
[1436, [252, 252, 244, 48, 0, 0]]
[1437, [252, 264, 256, 48, 0, 0]]
[1438, [252, 276, 268, 48, 0, 0]]
[1439, [288, 288, 280, 288, 0, 0]]
