SimulationV04.py[0, [0, 16, 16, 0, 0, 0]]
[1, [0, 32, 32, 0, 0, 0]]
[2, [48, 48, 48, 0, 0, 0]]
[3, [48, 64, 64, 0, 0, 0]]
[4, [48, 80, 80, 0, 0, 0]]
[5, [96, 96, 96, 0, 0, 0]]
[6, [96, 112, 112, 0, 0, 0]]
[7, [96, 128, 128, 0, 0, 0]]
[8, [144, 144, 144, 0, 0, 0]]
[9, [144, 160, 160, 0, 0, 0]]
[10, [144, 176, 176, 0, 0, 0]]
[11, [192, 192, 192, 0, 0, 0]]
[12, [192, 208, 208, 0, 0, 0]]
[13, [192, 224, 224, 0, 0, 0]]
[14, [240, 240, 240, 0, 0, 0]]
[15, [240, 256, 256, 0, 0, 0]]
[16, [240, 272, 272, 0, 0, 0]]
[17, [288, 288, 288, 0, 0, 0]]
[18, [288, 304, 304, 0, 0, 0]]
[19, [288, 320, 320, 330, 0, 0]]
[20, [336, 336, 336, 186, 144, 0]]
[21, [306, 322, 322, 42, 255, 3]]
[22, [276, 308, 308, 42, 222, 6]]
[23, [294, 294, 294, 42, 189, 9]]
[24, [254, 270, 270, 42, 156, 2]]
[25, [224, 256, 256, 42, 123, 5]]
[26, [242, 242, 242, 42, 90, 8]]
[27, [202, 218, 218, 42, 57, 1]]
[28, [172, 204, 204, 42, 24, 4]]
[29, [200, 200, 200, 42, 0, 8]]
[30, [200, 216, 216, 42, 0, 8]]
[31, [200, 232, 232, 42, 0, 8]]
[32, [248, 248, 248, 42, 0, 8]]
[33, [248, 264, 264, 42, 0, 8]]
[34, [248, 280, 280, 42, 0, 8]]
[35, [296, 296, 296, 42, 0, 8]]
[36, [296, 312, 312, 42, 0, 8]]
[37, [296, 328, 328, 42, 0, 8]]
[38, [344, 344, 344, 42, 0, 8]]
[39, [344, 360, 360, 372, 0, 8]]
[40, [344, 376, 376, 228, 144, 8]]
[41, [352, 352, 352, 84, 255, 1]]
[42, [322, 338, 338, 84, 222, 4]]
[43, [292, 324, 324, 84, 189, 7]]
[44, [300, 300, 300, 84, 156, 0]]
[45, [270, 286, 286, 84, 123, 3]]
[46, [240, 272, 272, 84, 90, 6]]
[47, [258, 258, 258, 84, 57, 9]]
[48, [218, 234, 234, 84, 24, 2]]
[49, [198, 230, 230, 84, 0, 6]]
[50, [246, 246, 246, 84, 0, 6]]
[51, [246, 262, 262, 84, 0, 6]]
[52, [246, 278, 278, 84, 0, 6]]
[53, [294, 294, 294, 84, 0, 6]]
[54, [294, 310, 310, 84, 0, 6]]
[55, [294, 326, 326, 84, 0, 6]]
[56, [342, 342, 342, 84, 0, 6]]
[57, [342, 358, 358, 84, 0, 6]]
[58, [342, 374, 374, 84, 0, 6]]
[59, [390, 390, 390, 414, 0, 6]]
[60, [390, 406, 406, 270, 144, 6]]
[61, [360, 392, 392, 126, 255, 9]]
[62, [368, 368, 368, 126, 222, 2]]
[63, [338, 354, 354, 126, 189, 5]]
[64, [308, 340, 340, 126, 156, 8]]
[65, [316, 316, 316, 126, 123, 1]]
[66, [286, 302, 302, 126, 90, 4]]
[67, [256, 288, 288, 126, 57, 7]]
[68, [264, 264, 264, 126, 24, 0]]
[69, [244, 260, 260, 126, 0, 4]]
[70, [244, 276, 276, 126, 0, 4]]
[71, [292, 292, 292, 126, 0, 4]]
[72, [292, 308, 308, 126, 0, 4]]
[73, [292, 324, 324, 126, 0, 4]]
[74, [340, 340, 340, 126, 0, 4]]
[75, [340, 356, 356, 126, 0, 4]]
[76, [340, 372, 372, 126, 0, 4]]
[77, [388, 388, 388, 126, 0, 4]]
[78, [388, 404, 404, 126, 0, 4]]
[79, [388, 420, 420, 456, 0, 4]]
[80, [436, 436, 436, 312, 144, 4]]
[81, [406, 422, 422, 168, 255, 7]]
[82, [366, 398, 398, 24, 366, 0]]
[83, [384, 384, 384, 24, 333, 3]]
[84, [354, 370, 370, 24, 300, 6]]
[85, [324, 356, 356, 24, 267, 9]]
[86, [332, 332, 332, 24, 234, 2]]
[87, [302, 318, 318, 24, 201, 5]]
[88, [272, 304, 304, 24, 168, 8]]
[89, [280, 280, 280, 24, 135, 1]]
[90, [250, 266, 266, 24, 102, 4]]
[91, [220, 252, 252, 24, 69, 7]]
[92, [228, 228, 228, 24, 36, 0]]
[93, [198, 214, 214, 24, 3, 3]]
[94, [198, 230, 230, 24, 0, 6]]
[95, [246, 246, 246, 24, 0, 6]]
[96, [246, 262, 262, 24, 0, 6]]
[97, [246, 278, 278, 24, 0, 6]]
[98, [294, 294, 294, 24, 0, 6]]
[99, [294, 310, 310, 354, 0, 6]]
[100, [294, 326, 326, 210, 144, 6]]
[101, [312, 312, 312, 66, 255, 9]]
[102, [272, 288, 288, 66, 222, 2]]
[103, [242, 274, 274, 66, 189, 5]]
[104, [260, 260, 260, 66, 156, 8]]
[105, [220, 236, 236, 66, 123, 1]]
[106, [190, 222, 222, 66, 90, 4]]
[107, [208, 208, 208, 66, 57, 7]]
[108, [168, 184, 184, 66, 24, 0]]
[109, [148, 180, 180, 66, 0, 4]]
[110, [196, 196, 196, 66, 0, 4]]
[111, [196, 212, 212, 66, 0, 4]]
[112, [196, 228, 228, 66, 0, 4]]
[113, [244, 244, 244, 66, 0, 4]]
[114, [244, 260, 260, 66, 0, 4]]
[115, [244, 276, 276, 66, 0, 4]]
[116, [292, 292, 292, 66, 0, 4]]
[117, [292, 308, 308, 66, 0, 4]]
[118, [292, 324, 324, 66, 0, 4]]
[119, [340, 340, 340, 396, 0, 4]]
[120, [340, 356, 356, 252, 144, 4]]
[121, [310, 342, 342, 108, 255, 7]]
[122, [318, 318, 318, 108, 222, 0]]
[123, [288, 304, 304, 108, 189, 3]]
[124, [258, 290, 290, 108, 156, 6]]
[125, [276, 276, 276, 108, 123, 9]]
[126, [236, 252, 252, 108, 90, 2]]
[127, [216, 248, 248, 108, 57, 15]]
[128, [264, 264, 264, 108, 24, 48]]
[129, [264, 280, 280, 108, 0, 72]]
[130, [264, 296, 296, 108, 0, 72]]
[131, [312, 312, 312, 108, 0, 72]]
[132, [312, 328, 328, 108, 0, 72]]
[133, [312, 344, 344, 108, 0, 72]]
[134, [350, 350, 350, 108, 0, 62]]
[135, [350, 366, 366, 108, 0, 62]]
[136, [340, 372, 372, 108, 0, 52]]
[137, [388, 388, 388, 108, 0, 52]]
[138, [368, 384, 384, 108, 0, 32]]
[139, [348, 380, 380, 438, 0, 12]]
[140, [396, 396, 396, 294, 144, 12]]
[141, [396, 412, 412, 150, 255, 45]]
[142, [386, 418, 418, 6, 366, 68]]
[143, [394, 394, 394, 6, 333, 61]]
[144, [374, 390, 390, 6, 300, 74]]
[145, [324, 356, 356, 6, 267, 57]]
[146, [352, 352, 352, 6, 234, 70]]
[147, [342, 358, 358, 6, 201, 93]]
[148, [312, 344, 344, 6, 168, 96]]
[149, [340, 340, 340, 6, 135, 109]]
[150, [290, 306, 306, 6, 102, 92]]
[151, [270, 302, 302, 6, 69, 105]]
[152, [238, 238, 238, 6, 36, 58]]
[153, [208, 224, 224, 6, 3, 61]]
[154, [188, 220, 220, 6, 0, 44]]
[155, [196, 196, 196, 6, 0, 4]]
[156, [196, 212, 212, 6, 0, 4]]
[157, [196, 228, 228, 6, 0, 4]]
[158, [244, 244, 244, 6, 0, 4]]
[159, [244, 260, 260, 336, 0, 4]]
[160, [244, 276, 276, 192, 144, 4]]
[161, [262, 262, 262, 48, 255, 7]]
[162, [222, 238, 238, 48, 222, 0]]
[163, [192, 224, 224, 48, 189, 3]]
[164, [210, 210, 210, 48, 156, 6]]
[165, [180, 196, 196, 48, 123, 9]]
[166, [140, 172, 172, 48, 90, 2]]
[167, [158, 158, 158, 48, 57, 5]]
[168, [128, 144, 144, 48, 24, 8]]
[169, [98, 130, 130, 48, 0, 2]]
[170, [146, 146, 146, 48, 0, 2]]
[171, [146, 162, 162, 48, 0, 2]]
[172, [146, 178, 178, 48, 0, 2]]
[173, [194, 194, 194, 48, 0, 2]]
[174, [194, 210, 210, 48, 0, 2]]
[175, [194, 226, 226, 48, 0, 2]]
[176, [242, 242, 242, 48, 0, 2]]
[177, [242, 258, 258, 48, 0, 2]]
[178, [242, 274, 274, 48, 0, 2]]
[179, [290, 290, 290, 378, 0, 2]]
[180, [290, 306, 306, 234, 144, 2]]
[181, [260, 292, 292, 90, 255, 5]]
[182, [278, 278, 278, 90, 222, 8]]
[183, [238, 254, 254, 90, 189, 1]]
[184, [208, 240, 240, 90, 156, 4]]
[185, [226, 226, 226, 90, 123, 7]]
[186, [186, 202, 202, 90, 90, 0]]
[187, [156, 188, 188, 90, 57, 3]]
[188, [174, 174, 174, 90, 24, 6]]
[189, [144, 160, 160, 90, 0, 0]]
[190, [144, 176, 176, 90, 0, 0]]
[191, [192, 192, 192, 90, 0, 0]]
[192, [192, 208, 208, 90, 0, 0]]
[193, [192, 224, 224, 90, 0, 0]]
[194, [240, 240, 240, 90, 0, 0]]
[195, [240, 256, 256, 90, 0, 0]]
[196, [240, 272, 272, 90, 0, 0]]
[197, [288, 288, 288, 90, 0, 0]]
[198, [288, 304, 304, 90, 0, 0]]
[199, [288, 320, 320, 420, 0, 0]]
[200, [336, 336, 336, 276, 144, 0]]
[201, [306, 322, 322, 132, 255, 3]]
[202, [276, 308, 308, 132, 222, 6]]
[203, [294, 294, 294, 132, 189, 9]]
[204, [254, 270, 270, 132, 156, 2]]
[205, [224, 256, 256, 132, 123, 5]]
[206, [242, 242, 242, 132, 90, 8]]
[207, [202, 218, 218, 132, 57, 1]]
[208, [172, 204, 204, 132, 24, 4]]
[209, [200, 200, 200, 132, 0, 8]]
[210, [200, 216, 216, 132, 0, 8]]
[211, [200, 232, 232, 132, 0, 8]]
[212, [248, 248, 248, 132, 0, 8]]
[213, [248, 264, 264, 132, 0, 8]]
[214, [248, 280, 280, 132, 0, 8]]
[215, [296, 296, 296, 132, 0, 8]]
[216, [296, 312, 312, 132, 0, 8]]
[217, [296, 328, 328, 132, 0, 8]]
[218, [344, 344, 344, 132, 0, 8]]
[219, [344, 360, 360, 462, 0, 8]]
[220, [344, 376, 376, 318, 144, 8]]
[221, [352, 352, 352, 174, 255, 1]]
[222, [322, 338, 338, 30, 366, 4]]
[223, [292, 324, 324, 30, 333, 7]]
[224, [300, 300, 300, 30, 300, 0]]
[225, [270, 286, 286, 30, 267, 3]]
[226, [240, 272, 272, 30, 234, 6]]
[227, [258, 258, 258, 30, 201, 9]]
[228, [218, 234, 234, 30, 168, 2]]
[229, [188, 220, 220, 30, 135, 5]]
[230, [206, 206, 206, 30, 102, 8]]
[231, [166, 182, 182, 30, 69, 1]]
[232, [136, 168, 168, 30, 36, 4]]
[233, [154, 154, 154, 30, 3, 7]]
[234, [144, 160, 160, 30, 0, 0]]
[235, [144, 176, 176, 30, 0, 0]]
[236, [192, 192, 192, 30, 0, 0]]
[237, [192, 208, 208, 30, 0, 0]]
[238, [192, 224, 224, 30, 0, 0]]
[239, [240, 240, 240, 360, 0, 0]]
[240, [240, 256, 256, 216, 144, 0]]
[241, [210, 242, 242, 72, 255, 3]]
[242, [228, 228, 228, 72, 222, 6]]
[243, [198, 214, 214, 72, 189, 9]]
[244, [158, 190, 190, 72, 156, 2]]
[245, [176, 176, 176, 72, 123, 5]]
[246, [146, 162, 162, 72, 90, 8]]
[247, [106, 138, 138, 72, 57, 1]]
[248, [124, 124, 124, 72, 24, 4]]
[249, [104, 120, 120, 72, 0, 8]]
[250, [104, 136, 136, 72, 0, 8]]
[251, [152, 152, 152, 72, 0, 8]]
[252, [152, 168, 168, 72, 0, 8]]
[253, [152, 184, 184, 72, 0, 8]]
[254, [200, 200, 200, 72, 0, 8]]
[255, [200, 216, 216, 72, 0, 8]]
[256, [200, 232, 232, 72, 0, 8]]
[257, [248, 248, 248, 72, 0, 8]]
[258, [248, 264, 264, 72, 0, 8]]
[259, [248, 280, 280, 402, 0, 8]]
[260, [296, 296, 296, 258, 144, 8]]
[261, [256, 272, 272, 114, 255, 1]]
[262, [226, 258, 258, 114, 222, 4]]
[263, [244, 244, 244, 114, 189, 7]]
[264, [204, 220, 220, 114, 156, 0]]
[265, [174, 206, 206, 114, 123, 3]]
[266, [192, 192, 192, 114, 90, 6]]
[267, [162, 178, 178, 114, 57, 9]]
[268, [122, 154, 154, 114, 24, 2]]
[269, [150, 150, 150, 114, 0, 6]]
[270, [150, 166, 166, 114, 0, 6]]
[271, [150, 182, 182, 114, 0, 6]]
[272, [198, 198, 198, 114, 0, 6]]
[273, [198, 214, 214, 114, 0, 6]]
[274, [198, 230, 230, 114, 0, 6]]
[275, [246, 246, 246, 114, 0, 6]]
[276, [246, 262, 262, 114, 0, 6]]
[277, [246, 278, 278, 114, 0, 6]]
[278, [294, 294, 294, 114, 0, 6]]
[279, [294, 310, 310, 444, 0, 6]]
[280, [294, 326, 326, 300, 144, 6]]
[281, [312, 312, 312, 156, 255, 9]]
[282, [272, 288, 288, 12, 366, 2]]
[283, [242, 274, 274, 12, 333, 5]]
[284, [280, 280, 280, 12, 300, 28]]
[285, [270, 286, 286, 12, 267, 51]]
[286, [260, 292, 292, 12, 234, 74]]
[287, [308, 308, 308, 12, 201, 107]]
[288, [298, 314, 314, 12, 168, 130]]
[289, [268, 300, 300, 12, 135, 133]]
[290, [266, 266, 266, 12, 102, 116]]
[291, [256, 272, 272, 12, 69, 139]]
[292, [206, 238, 238, 12, 36, 122]]
[293, [244, 244, 244, 12, 3, 145]]
[294, [224, 240, 240, 12, 0, 128]]
[295, [174, 206, 206, 12, 0, 78]]
[296, [202, 202, 202, 12, 0, 58]]
[297, [202, 218, 218, 12, 0, 58]]
[298, [182, 214, 214, 12, 0, 38]]
[299, [220, 220, 220, 342, 0, 28]]
[300, [200, 216, 216, 198, 144, 8]]
[301, [160, 192, 192, 54, 255, 1]]
[302, [198, 198, 198, 54, 222, 24]]
[303, [188, 204, 204, 54, 189, 47]]
[304, [168, 200, 200, 54, 156, 60]]
[305, [196, 196, 196, 54, 123, 73]]
[306, [186, 202, 202, 54, 90, 96]]
[307, [156, 188, 188, 54, 57, 99]]
[308, [114, 114, 114, 54, 24, 42]]
[309, [84, 100, 100, 54, 0, 36]]
[310, [54, 86, 86, 54, 0, 6]]
[311, [102, 102, 102, 54, 0, 6]]
[312, [102, 118, 118, 54, 0, 6]]
[313, [102, 134, 134, 54, 0, 6]]
[314, [150, 150, 150, 54, 0, 6]]
[315, [150, 166, 166, 54, 0, 6]]
[316, [150, 182, 182, 54, 0, 6]]
[317, [198, 198, 198, 54, 0, 6]]
[318, [198, 214, 214, 54, 0, 6]]
[319, [198, 230, 230, 384, 0, 6]]
[320, [246, 246, 246, 240, 144, 6]]
[321, [216, 232, 232, 96, 255, 9]]
[322, [176, 208, 208, 96, 222, 2]]
[323, [194, 194, 194, 96, 189, 5]]
[324, [164, 180, 180, 96, 156, 8]]
[325, [124, 156, 156, 96, 123, 1]]
[326, [142, 142, 142, 96, 90, 4]]
[327, [112, 128, 128, 96, 57, 7]]
[328, [72, 104, 104, 96, 24, 0]]
[329, [100, 100, 100, 96, 0, 4]]
[330, [100, 116, 116, 96, 0, 4]]
[331, [100, 132, 132, 96, 0, 4]]
[332, [148, 148, 148, 96, 0, 4]]
[333, [148, 164, 164, 96, 0, 4]]
[334, [148, 180, 180, 96, 0, 4]]
[335, [196, 196, 196, 96, 0, 4]]
[336, [196, 212, 212, 96, 0, 4]]
[337, [196, 228, 228, 96, 0, 4]]
[338, [244, 244, 244, 96, 0, 4]]
[339, [244, 260, 260, 426, 0, 4]]
[340, [244, 276, 276, 282, 144, 4]]
[341, [262, 262, 262, 138, 255, 7]]
[342, [222, 238, 238, 138, 222, 0]]
[343, [192, 224, 224, 138, 189, 3]]
[344, [210, 210, 210, 138, 156, 6]]
[345, [180, 196, 196, 138, 123, 9]]
[346, [140, 172, 172, 138, 90, 2]]
[347, [158, 158, 158, 138, 57, 5]]
[348, [128, 144, 144, 138, 24, 8]]
[349, [98, 130, 130, 138, 0, 2]]
[350, [146, 146, 146, 138, 0, 2]]
[351, [146, 162, 162, 138, 0, 2]]
[352, [146, 178, 178, 138, 0, 2]]
[353, [194, 194, 194, 138, 0, 2]]
[354, [194, 210, 210, 138, 0, 2]]
[355, [194, 226, 226, 138, 0, 2]]
[356, [242, 242, 242, 138, 0, 2]]
[357, [242, 258, 258, 138, 0, 2]]
[358, [242, 274, 274, 138, 0, 2]]
[359, [290, 290, 290, 468, 0, 2]]
[360, [290, 306, 306, 324, 144, 2]]
[361, [260, 292, 292, 180, 255, 5]]
[362, [278, 278, 278, 36, 366, 8]]
[363, [238, 254, 254, 36, 333, 1]]
[364, [208, 240, 240, 36, 300, 4]]
[365, [226, 226, 226, 36, 267, 7]]
[366, [186, 202, 202, 36, 234, 0]]
[367, [156, 188, 188, 36, 201, 3]]
[368, [174, 174, 174, 36, 168, 6]]
[369, [144, 160, 160, 36, 135, 9]]
[370, [104, 136, 136, 36, 102, 2]]
[371, [122, 122, 122, 36, 69, 5]]
[372, [92, 108, 108, 36, 36, 8]]
[373, [52, 84, 84, 36, 3, 1]]
[374, [100, 100, 100, 36, 0, 4]]
[375, [100, 116, 116, 36, 0, 4]]
[376, [100, 132, 132, 36, 0, 4]]
[377, [148, 148, 148, 36, 0, 4]]
[378, [148, 164, 164, 36, 0, 4]]
[379, [148, 180, 180, 366, 0, 4]]
[380, [196, 196, 196, 222, 144, 4]]
[381, [166, 182, 182, 78, 255, 7]]
[382, [126, 158, 158, 78, 222, 0]]
[383, [144, 144, 144, 78, 189, 3]]
[384, [114, 130, 130, 78, 156, 6]]
[385, [84, 116, 116, 78, 123, 9]]
[386, [92, 92, 92, 78, 90, 2]]
[387, [62, 78, 78, 78, 57, 5]]
[388, [32, 64, 64, 78, 24, 8]]
[389, [50, 50, 50, 78, 0, 2]]
[390, [50, 66, 66, 78, 0, 2]]
[391, [50, 82, 82, 78, 0, 2]]
[392, [98, 98, 98, 78, 0, 2]]
[393, [98, 114, 114, 78, 0, 2]]
[394, [98, 130, 130, 78, 0, 2]]
[395, [146, 146, 146, 78, 0, 2]]
[396, [146, 162, 162, 78, 0, 2]]
[397, [146, 178, 178, 78, 0, 2]]
[398, [194, 194, 194, 78, 0, 2]]
[399, [194, 210, 210, 408, 0, 2]]
[400, [194, 226, 226, 264, 144, 2]]
[401, [212, 212, 212, 120, 255, 5]]
[402, [182, 198, 198, 120, 222, 8]]
[403, [142, 174, 174, 120, 189, 1]]
[404, [160, 160, 160, 120, 156, 4]]
[405, [130, 146, 146, 120, 123, 7]]
[406, [90, 122, 122, 120, 90, 0]]
[407, [108, 108, 108, 120, 57, 3]]
[408, [78, 94, 94, 120, 24, 6]]
[409, [48, 80, 80, 120, 0, 0]]
[410, [96, 96, 96, 120, 0, 0]]
[411, [96, 112, 112, 120, 0, 0]]
[412, [96, 128, 128, 120, 0, 0]]
[413, [144, 144, 144, 120, 0, 0]]
[414, [144, 160, 160, 120, 0, 0]]
[415, [144, 176, 176, 120, 0, 0]]
[416, [192, 192, 192, 120, 0, 0]]
[417, [192, 208, 208, 120, 0, 0]]
[418, [192, 224, 224, 120, 0, 0]]
[419, [240, 240, 240, 450, 0, 0]]
[420, [240, 256, 256, 306, 144, 0]]
[421, [210, 242, 242, 162, 255, 3]]
[422, [228, 228, 228, 18, 366, 6]]
[423, [198, 214, 214, 18, 333, 9]]
[424, [158, 190, 190, 18, 300, 2]]
[425, [176, 176, 176, 18, 267, 5]]
[426, [146, 162, 162, 18, 234, 8]]
[427, [106, 138, 138, 18, 201, 1]]
[428, [124, 124, 124, 18, 168, 4]]
[429, [94, 110, 110, 18, 135, 7]]
[430, [74, 106, 106, 18, 102, 20]]
[431, [112, 112, 112, 18, 69, 43]]
[432, [102, 118, 118, 18, 36, 66]]
[433, [92, 124, 124, 18, 3, 89]]
[434, [140, 140, 140, 18, 0, 92]]
[435, [120, 136, 136, 18, 0, 72]]
[436, [90, 122, 122, 18, 0, 42]]
[437, [118, 118, 118, 18, 0, 22]]
[438, [118, 134, 134, 18, 0, 22]]
[439, [108, 140, 140, 348, 0, 12]]
[440, [146, 146, 146, 204, 144, 2]]
[441, [116, 132, 132, 60, 255, 5]]
[442, [86, 118, 118, 60, 222, 8]]
[443, [94, 94, 94, 60, 189, 1]]
[444, [84, 100, 100, 60, 156, 24]]
[445, [64, 96, 96, 60, 123, 37]]
[446, [102, 102, 102, 60, 90, 60]]
[447, [72, 88, 88, 60, 57, 63]]
[448, [22, 54, 54, 60, 24, 46]]
[449, [50, 50, 50, 60, 0, 50]]
[450, [20, 36, 36, 60, 0, 20]]
[451, [0, 32, 32, 60, 0, 0]]
[452, [48, 48, 48, 60, 0, 0]]
[453, [48, 64, 64, 60, 0, 0]]
[454, [48, 80, 80, 60, 0, 0]]
[455, [96, 96, 96, 60, 0, 0]]
[456, [96, 112, 112, 60, 0, 0]]
[457, [96, 128, 128, 60, 0, 0]]
[458, [144, 144, 144, 60, 0, 0]]
[459, [144, 160, 160, 390, 0, 0]]
[460, [144, 176, 176, 246, 144, 0]]
[461, [162, 162, 162, 102, 255, 3]]
[462, [132, 148, 148, 102, 222, 6]]
[463, [102, 134, 134, 102, 189, 9]]
[464, [110, 110, 110, 102, 156, 2]]
[465, [80, 96, 96, 102, 123, 5]]
[466, [50, 82, 82, 102, 90, 8]]
[467, [58, 58, 58, 102, 57, 1]]
[468, [28, 44, 44, 102, 24, 4]]
[469, [8, 40, 40, 102, 0, 8]]
[470, [56, 56, 56, 102, 0, 8]]
[471, [56, 72, 72, 102, 0, 8]]
[472, [56, 88, 88, 102, 0, 8]]
[473, [104, 104, 104, 102, 0, 8]]
[474, [104, 120, 120, 102, 0, 8]]
[475, [104, 136, 136, 102, 0, 8]]
[476, [152, 152, 152, 102, 0, 8]]
[477, [152, 168, 168, 102, 0, 8]]
[478, [152, 184, 184, 102, 0, 8]]
[479, [200, 200, 200, 432, 0, 8]]
[480, [200, 216, 216, 288, 144, 8]]
[481, [160, 192, 192, 144, 255, 1]]
[482, [178, 178, 178, 0, 366, 4]]
[483, [148, 164, 164, 0, 333, 7]]
[484, [108, 140, 140, 0, 300, 0]]
[485, [126, 126, 126, 0, 267, 3]]
[486, [96, 112, 112, 0, 234, 6]]
[487, [66, 98, 98, 0, 201, 9]]
[488, [74, 74, 74, 0, 168, 2]]
[489, [44, 60, 60, 0, 135, 5]]
[490, [14, 46, 46, 0, 102, 8]]
[491, [22, 22, 22, 0, 69, 1]]
[492, [2, 18, 18, 0, 36, 14]]
[493, [2, 34, 34, 0, 3, 47]]
[494, [0, 0, 0, 0, 0, 0]]
[495, [0, 16, 16, 0, 0, 0]]
[496, [0, 32, 32, 0, 0, 0]]
[497, [48, 48, 48, 0, 0, 0]]
[498, [48, 64, 64, 0, 0, 0]]
[499, [48, 80, 80, 330, 0, 0]]
[500, [96, 96, 96, 186, 144, 0]]
[501, [66, 82, 82, 42, 255, 3]]
[502, [36, 68, 68, 42, 222, 6]]
[503, [54, 54, 54, 42, 189, 9]]
[504, [14, 30, 30, 42, 156, 2]]
[505, [4, 36, 36, 42, 123, 25]]
[506, [2, 2, 2, 42, 90, 8]]
[507, [2, 18, 18, 42, 57, 41]]
[508, [2, 34, 34, 42, 24, 74]]
[509, [0, 0, 0, 42, 0, 48]]
[510, [0, 16, 16, 42, 0, 48]]
[511, [0, 32, 32, 42, 0, 48]]
[512, [8, 8, 8, 42, 0, 8]]
[513, [8, 24, 24, 42, 0, 8]]
[514, [8, 40, 40, 42, 0, 8]]
[515, [56, 56, 56, 42, 0, 8]]
[516, [56, 72, 72, 42, 0, 8]]
[517, [56, 88, 88, 42, 0, 8]]
[518, [104, 104, 104, 42, 0, 8]]
[519, [104, 120, 120, 372, 0, 8]]
[520, [104, 136, 136, 228, 144, 8]]
[521, [112, 112, 112, 84, 255, 1]]
[522, [82, 98, 98, 84, 222, 4]]
[523, [52, 84, 84, 84, 189, 7]]
[524, [60, 60, 60, 84, 156, 0]]
[525, [30, 46, 46, 84, 123, 3]]
[526, [0, 32, 32, 84, 90, 6]]
[527, [18, 18, 18, 84, 57, 9]]
[528, [8, 24, 24, 84, 24, 32]]
[529, [8, 40, 40, 84, 0, 56]]
[530, [6, 6, 6, 84, 0, 6]]
[531, [6, 22, 22, 84, 0, 6]]
[532, [6, 38, 38, 84, 0, 6]]
[533, [54, 54, 54, 84, 0, 6]]
[534, [54, 70, 70, 84, 0, 6]]
[535, [54, 86, 86, 84, 0, 6]]
[536, [102, 102, 102, 84, 0, 6]]
[537, [102, 118, 118, 84, 0, 6]]
[538, [102, 134, 134, 84, 0, 6]]
[539, [150, 150, 150, 414, 0, 6]]
[540, [150, 166, 166, 270, 144, 6]]
[541, [120, 152, 152, 126, 255, 9]]
[542, [128, 128, 128, 126, 222, 2]]
[543, [98, 114, 114, 126, 189, 5]]
[544, [68, 100, 100, 126, 156, 8]]
[545, [76, 76, 76, 126, 123, 1]]
[546, [46, 62, 62, 126, 90, 4]]
[547, [16, 48, 48, 126, 57, 7]]
[548, [24, 24, 24, 126, 24, 0]]
[549, [4, 20, 20, 126, 0, 4]]
[550, [4, 36, 36, 126, 0, 4]]
[551, [52, 52, 52, 126, 0, 4]]
[552, [52, 68, 68, 126, 0, 4]]
[553, [52, 84, 84, 126, 0, 4]]
[554, [100, 100, 100, 126, 0, 4]]
[555, [100, 116, 116, 126, 0, 4]]
[556, [100, 132, 132, 126, 0, 4]]
[557, [148, 148, 148, 126, 0, 4]]
[558, [148, 164, 164, 126, 0, 4]]
[559, [148, 180, 180, 456, 0, 4]]
[560, [196, 196, 196, 312, 144, 4]]
[561, [166, 182, 182, 168, 255, 7]]
[562, [126, 158, 158, 24, 366, 0]]
[563, [144, 144, 144, 24, 333, 3]]
[564, [114, 130, 130, 24, 300, 6]]
[565, [84, 116, 116, 24, 267, 9]]
[566, [92, 92, 92, 24, 234, 2]]
[567, [62, 78, 78, 24, 201, 5]]
[568, [32, 64, 64, 24, 168, 8]]
[569, [40, 40, 40, 24, 135, 1]]
[570, [10, 26, 26, 24, 102, 4]]
[571, [0, 32, 32, 24, 69, 27]]
[572, [8, 8, 8, 24, 36, 20]]
[573, [8, 24, 24, 24, 3, 53]]
[574, [8, 40, 40, 24, 0, 56]]
[575, [6, 6, 6, 24, 0, 6]]
[576, [6, 22, 22, 24, 0, 6]]
[577, [6, 38, 38, 24, 0, 6]]
[578, [54, 54, 54, 24, 0, 6]]
[579, [54, 70, 70, 354, 0, 6]]
[580, [54, 86, 86, 210, 144, 6]]
[581, [72, 72, 72, 66, 255, 9]]
[582, [32, 48, 48, 66, 222, 2]]
[583, [2, 34, 34, 66, 189, 5]]
[584, [20, 20, 20, 66, 156, 8]]
[585, [0, 16, 16, 66, 123, 21]]
[586, [0, 32, 32, 66, 90, 54]]
[587, [8, 8, 8, 66, 57, 47]]
[588, [8, 24, 24, 66, 24, 80]]
[589, [8, 40, 40, 66, 0, 104]]
[590, [6, 6, 6, 66, 0, 54]]
[591, [6, 22, 22, 66, 0, 54]]
[592, [6, 38, 38, 66, 0, 54]]
[593, [4, 4, 4, 66, 0, 4]]
[594, [4, 20, 20, 66, 0, 4]]
[595, [4, 36, 36, 66, 0, 4]]
[596, [52, 52, 52, 66, 0, 4]]
[597, [52, 68, 68, 66, 0, 4]]
[598, [52, 84, 84, 66, 0, 4]]
[599, [100, 100, 100, 396, 0, 4]]
[600, [100, 116, 116, 252, 144, 4]]
[601, [70, 102, 102, 108, 255, 7]]
[602, [78, 78, 78, 108, 222, 0]]
[603, [48, 64, 64, 108, 189, 3]]
[604, [18, 50, 50, 108, 156, 6]]
[605, [36, 36, 36, 108, 123, 9]]
[606, [6, 22, 22, 108, 90, 12]]
[607, [6, 38, 38, 108, 57, 45]]
[608, [4, 4, 4, 108, 24, 28]]
[609, [4, 20, 20, 108, 0, 52]]
[610, [4, 36, 36, 108, 0, 52]]
[611, [2, 2, 2, 108, 0, 2]]
[612, [2, 18, 18, 108, 0, 2]]
[613, [2, 34, 34, 108, 0, 2]]
[614, [50, 50, 50, 108, 0, 2]]
[615, [50, 66, 66, 108, 0, 2]]
[616, [50, 82, 82, 108, 0, 2]]
[617, [98, 98, 98, 108, 0, 2]]
[618, [98, 114, 114, 108, 0, 2]]
[619, [98, 130, 130, 438, 0, 2]]
[620, [146, 146, 146, 294, 144, 2]]
[621, [116, 132, 132, 150, 255, 5]]
[622, [86, 118, 118, 6, 366, 8]]
[623, [94, 94, 94, 6, 333, 1]]
[624, [64, 80, 80, 6, 300, 4]]
[625, [34, 66, 66, 6, 267, 7]]
[626, [42, 42, 42, 6, 234, 0]]
[627, [12, 28, 28, 6, 201, 3]]
[628, [2, 34, 34, 6, 168, 26]]
[629, [0, 0, 0, 6, 135, 9]]
[630, [0, 16, 16, 6, 102, 42]]
[631, [0, 32, 32, 6, 69, 75]]
[632, [8, 8, 8, 6, 36, 68]]
[633, [8, 24, 24, 6, 3, 101]]
[634, [8, 40, 40, 6, 0, 104]]
[635, [6, 6, 6, 6, 0, 54]]
[636, [6, 22, 22, 6, 0, 54]]
[637, [6, 38, 38, 6, 0, 54]]
[638, [4, 4, 4, 6, 0, 4]]
[639, [4, 20, 20, 336, 0, 4]]
[640, [4, 36, 36, 192, 144, 4]]
[641, [22, 22, 22, 48, 255, 7]]
[642, [2, 18, 18, 48, 222, 20]]
[643, [2, 34, 34, 48, 189, 53]]
[644, [0, 0, 0, 48, 156, 36]]
[645, [0, 16, 16, 48, 123, 69]]
[646, [0, 32, 32, 48, 90, 102]]
[647, [8, 8, 8, 48, 57, 95]]
[648, [8, 24, 24, 48, 24, 128]]
[649, [8, 40, 40, 48, 0, 152]]
[650, [6, 6, 6, 48, 0, 102]]
[651, [6, 22, 22, 48, 0, 102]]
[652, [6, 38, 38, 48, 0, 102]]
[653, [4, 4, 4, 48, 0, 52]]
[654, [4, 20, 20, 48, 0, 52]]
[655, [4, 36, 36, 48, 0, 52]]
[656, [2, 2, 2, 48, 0, 2]]
[657, [2, 18, 18, 48, 0, 2]]
[658, [2, 34, 34, 48, 0, 2]]
[659, [50, 50, 50, 378, 0, 2]]
[660, [50, 66, 66, 234, 144, 2]]
[661, [20, 52, 52, 90, 255, 5]]
[662, [38, 38, 38, 90, 222, 8]]
[663, [8, 24, 24, 90, 189, 11]]
[664, [8, 40, 40, 90, 156, 44]]
[665, [6, 6, 6, 90, 123, 27]]
[666, [6, 22, 22, 90, 90, 60]]
[667, [6, 38, 38, 90, 57, 93]]
[668, [4, 4, 4, 90, 24, 76]]
[669, [4, 20, 20, 90, 0, 100]]
[670, [4, 36, 36, 90, 0, 100]]
[671, [2, 2, 2, 90, 0, 50]]
[672, [2, 18, 18, 90, 0, 50]]
[673, [2, 34, 34, 90, 0, 50]]
[674, [0, 0, 0, 90, 0, 0]]
[675, [0, 16, 16, 90, 0, 0]]
[676, [0, 32, 32, 90, 0, 0]]
[677, [48, 48, 48, 90, 0, 0]]
[678, [48, 64, 64, 90, 0, 0]]
[679, [48, 80, 80, 420, 0, 0]]
[680, [96, 96, 96, 276, 144, 0]]
[681, [66, 82, 82, 132, 255, 3]]
[682, [36, 68, 68, 132, 222, 6]]
[683, [54, 54, 54, 132, 189, 9]]
[684, [14, 30, 30, 132, 156, 2]]
[685, [4, 36, 36, 132, 123, 25]]
[686, [2, 2, 2, 132, 90, 8]]
[687, [2, 18, 18, 132, 57, 41]]
[688, [2, 34, 34, 132, 24, 74]]
[689, [0, 0, 0, 132, 0, 48]]
[690, [0, 16, 16, 132, 0, 48]]
[691, [0, 32, 32, 132, 0, 48]]
[692, [8, 8, 8, 132, 0, 8]]
[693, [8, 24, 24, 132, 0, 8]]
[694, [8, 40, 40, 132, 0, 8]]
[695, [56, 56, 56, 132, 0, 8]]
[696, [56, 72, 72, 132, 0, 8]]
[697, [56, 88, 88, 132, 0, 8]]
[698, [104, 104, 104, 132, 0, 8]]
[699, [104, 120, 120, 462, 0, 8]]
[700, [104, 136, 136, 318, 144, 8]]
[701, [112, 112, 112, 174, 255, 1]]
[702, [82, 98, 98, 30, 366, 4]]
[703, [52, 84, 84, 30, 333, 7]]
[704, [60, 60, 60, 30, 300, 0]]
[705, [30, 46, 46, 30, 267, 3]]
[706, [0, 32, 32, 30, 234, 6]]
[707, [18, 18, 18, 30, 201, 9]]
[708, [8, 24, 24, 30, 168, 32]]
[709, [8, 40, 40, 30, 135, 65]]
[710, [6, 6, 6, 30, 102, 48]]
[711, [6, 22, 22, 30, 69, 81]]
[712, [6, 38, 38, 30, 36, 114]]
[713, [4, 4, 4, 30, 3, 97]]
[714, [4, 20, 20, 30, 0, 100]]
[715, [4, 36, 36, 30, 0, 100]]
[716, [2, 2, 2, 30, 0, 50]]
[717, [2, 18, 18, 30, 0, 50]]
[718, [2, 34, 34, 30, 0, 50]]
[719, [0, 0, 0, 360, 0, 0]]
[720, [0, 16, 16, 216, 144, 0]]
[721, [0, 32, 32, 72, 255, 33]]
[722, [8, 8, 8, 72, 222, 26]]
[723, [8, 24, 24, 72, 189, 59]]
[724, [8, 40, 40, 72, 156, 92]]
[725, [6, 6, 6, 72, 123, 75]]
[726, [6, 22, 22, 72, 90, 108]]
[727, [6, 38, 38, 72, 57, 141]]
[728, [4, 4, 4, 72, 24, 124]]
[729, [4, 20, 20, 72, 0, 148]]
[730, [4, 36, 36, 72, 0, 148]]
[731, [2, 2, 2, 72, 0, 98]]
[732, [2, 18, 18, 72, 0, 98]]
[733, [2, 34, 34, 72, 0, 98]]
[734, [0, 0, 0, 72, 0, 48]]
[735, [0, 16, 16, 72, 0, 48]]
[736, [0, 32, 32, 72, 0, 48]]
[737, [8, 8, 8, 72, 0, 8]]
[738, [8, 24, 24, 72, 0, 8]]
[739, [8, 40, 40, 402, 0, 8]]
[740, [56, 56, 56, 258, 144, 8]]
[741, [16, 32, 32, 114, 255, 1]]
[742, [6, 38, 38, 114, 222, 24]]
[743, [4, 4, 4, 114, 189, 7]]
[744, [4, 20, 20, 114, 156, 40]]
[745, [4, 36, 36, 114, 123, 73]]
[746, [2, 2, 2, 114, 90, 56]]
[747, [2, 18, 18, 114, 57, 89]]
[748, [2, 34, 34, 114, 24, 122]]
[749, [0, 0, 0, 114, 0, 96]]
[750, [0, 16, 16, 114, 0, 96]]
[751, [0, 32, 32, 114, 0, 96]]
[752, [8, 8, 8, 114, 0, 56]]
[753, [8, 24, 24, 114, 0, 56]]
[754, [8, 40, 40, 114, 0, 56]]
[755, [6, 6, 6, 114, 0, 6]]
[756, [6, 22, 22, 114, 0, 6]]
[757, [6, 38, 38, 114, 0, 6]]
[758, [54, 54, 54, 114, 0, 6]]
[759, [54, 70, 70, 444, 0, 6]]
[760, [54, 86, 86, 300, 144, 6]]
[761, [72, 72, 72, 156, 255, 9]]
[762, [32, 48, 48, 12, 366, 2]]
[763, [2, 34, 34, 12, 333, 5]]
[764, [20, 20, 20, 12, 300, 8]]
[765, [0, 16, 16, 12, 267, 21]]
[766, [0, 32, 32, 12, 234, 54]]
[767, [8, 8, 8, 12, 201, 47]]
[768, [8, 24, 24, 12, 168, 80]]
[769, [8, 40, 40, 12, 135, 113]]
[770, [6, 6, 6, 12, 102, 96]]
[771, [6, 22, 22, 12, 69, 129]]
[772, [6, 38, 38, 12, 36, 162]]
[773, [4, 4, 4, 12, 3, 145]]
[774, [4, 20, 20, 12, 0, 148]]
[775, [4, 36, 36, 12, 0, 148]]
[776, [2, 2, 2, 12, 0, 98]]
[777, [2, 18, 18, 12, 0, 98]]
[778, [2, 34, 34, 12, 0, 98]]
[779, [0, 0, 0, 342, 0, 48]]
[780, [0, 16, 16, 198, 144, 48]]
[781, [0, 32, 32, 54, 255, 81]]
[782, [8, 8, 8, 54, 222, 74]]
[783, [8, 24, 24, 54, 189, 107]]
[784, [8, 40, 40, 54, 156, 140]]
[785, [6, 6, 6, 54, 123, 123]]
[786, [6, 22, 22, 54, 90, 156]]
[787, [6, 38, 38, 54, 57, 189]]
[788, [4, 4, 4, 54, 24, 172]]
[789, [4, 20, 20, 54, 0, 196]]
[790, [4, 36, 36, 54, 0, 196]]
[791, [2, 2, 2, 54, 0, 146]]
[792, [2, 18, 18, 54, 0, 146]]
[793, [2, 34, 34, 54, 0, 146]]
[794, [0, 0, 0, 54, 0, 96]]
[795, [0, 16, 16, 54, 0, 96]]
[796, [0, 32, 32, 54, 0, 96]]
[797, [8, 8, 8, 54, 0, 56]]
[798, [8, 24, 24, 54, 0, 56]]
[799, [8, 40, 40, 384, 0, 56]]
[800, [6, 6, 6, 240, 144, 6]]
[801, [6, 22, 22, 96, 255, 39]]
[802, [6, 38, 38, 96, 222, 72]]
[803, [4, 4, 4, 96, 189, 55]]
[804, [4, 20, 20, 96, 156, 88]]
[805, [4, 36, 36, 96, 123, 121]]
[806, [2, 2, 2, 96, 90, 104]]
[807, [2, 18, 18, 96, 57, 137]]
[808, [2, 34, 34, 96, 24, 170]]
[809, [0, 0, 0, 96, 0, 144]]
[810, [0, 16, 16, 96, 0, 144]]
[811, [0, 32, 32, 96, 0, 144]]
[812, [8, 8, 8, 96, 0, 104]]
[813, [8, 24, 24, 96, 0, 104]]
[814, [8, 40, 40, 96, 0, 104]]
[815, [6, 6, 6, 96, 0, 54]]
[816, [6, 22, 22, 96, 0, 54]]
[817, [6, 38, 38, 96, 0, 54]]
[818, [4, 4, 4, 96, 0, 4]]
[819, [4, 20, 20, 426, 0, 4]]
[820, [4, 36, 36, 282, 144, 4]]
[821, [22, 22, 22, 138, 255, 7]]
[822, [2, 18, 18, 138, 222, 20]]
[823, [2, 34, 34, 138, 189, 53]]
[824, [0, 0, 0, 138, 156, 36]]
[825, [0, 16, 16, 138, 123, 69]]
[826, [0, 32, 32, 138, 90, 102]]
[827, [8, 8, 8, 138, 57, 95]]
[828, [8, 24, 24, 138, 24, 128]]
[829, [8, 40, 40, 138, 0, 152]]
[830, [6, 6, 6, 138, 0, 102]]
[831, [6, 22, 22, 138, 0, 102]]
[832, [6, 38, 38, 138, 0, 102]]
[833, [4, 4, 4, 138, 0, 52]]
[834, [4, 20, 20, 138, 0, 52]]
[835, [4, 36, 36, 138, 0, 52]]
[836, [2, 2, 2, 138, 0, 2]]
[837, [2, 18, 18, 138, 0, 2]]
[838, [2, 34, 34, 138, 0, 2]]
[839, [50, 50, 50, 468, 0, 2]]
[840, [50, 66, 66, 324, 144, 2]]
[841, [20, 52, 52, 180, 255, 5]]
[842, [38, 38, 38, 36, 366, 8]]
[843, [8, 24, 24, 36, 333, 11]]
[844, [8, 40, 40, 36, 300, 44]]
[845, [6, 6, 6, 36, 267, 27]]
[846, [6, 22, 22, 36, 234, 60]]
[847, [6, 38, 38, 36, 201, 93]]
[848, [4, 4, 4, 36, 168, 76]]
[849, [4, 20, 20, 36, 135, 109]]
[850, [4, 36, 36, 36, 102, 142]]
[851, [2, 2, 2, 36, 69, 125]]
[852, [2, 18, 18, 36, 36, 158]]
[853, [2, 34, 34, 36, 3, 191]]
[854, [0, 0, 0, 36, 0, 144]]
[855, [0, 16, 16, 36, 0, 144]]
[856, [0, 32, 32, 36, 0, 144]]
[857, [8, 8, 8, 36, 0, 104]]
[858, [8, 24, 24, 36, 0, 104]]
[859, [8, 40, 40, 366, 0, 104]]
[860, [6, 6, 6, 222, 144, 54]]
[861, [6, 22, 22, 78, 255, 87]]
[862, [6, 38, 38, 78, 222, 120]]
[863, [4, 4, 4, 78, 189, 103]]
[864, [4, 20, 20, 78, 156, 136]]
[865, [4, 36, 36, 78, 123, 169]]
[866, [2, 2, 2, 78, 90, 152]]
[867, [2, 18, 18, 78, 57, 185]]
[868, [2, 34, 34, 78, 24, 218]]
[869, [0, 0, 0, 78, 0, 192]]
[870, [0, 16, 16, 78, 0, 192]]
[871, [0, 32, 32, 78, 0, 192]]
[872, [8, 8, 8, 78, 0, 152]]
[873, [8, 24, 24, 78, 0, 152]]
[874, [8, 40, 40, 78, 0, 152]]
[875, [6, 6, 6, 78, 0, 102]]
[876, [6, 22, 22, 78, 0, 102]]
[877, [6, 38, 38, 78, 0, 102]]
[878, [4, 4, 4, 78, 0, 52]]
[879, [4, 20, 20, 408, 0, 52]]
[880, [4, 36, 36, 264, 144, 52]]
[881, [2, 2, 2, 120, 255, 35]]
[882, [2, 18, 18, 120, 222, 68]]
[883, [2, 34, 34, 120, 189, 101]]
[884, [0, 0, 0, 120, 156, 84]]
[885, [0, 16, 16, 120, 123, 117]]
[886, [0, 32, 32, 120, 90, 150]]
[887, [8, 8, 8, 120, 57, 143]]
[888, [8, 24, 24, 120, 24, 176]]
[889, [8, 40, 40, 120, 0, 200]]
[890, [6, 6, 6, 120, 0, 150]]
[891, [6, 22, 22, 120, 0, 150]]
[892, [6, 38, 38, 120, 0, 150]]
[893, [4, 4, 4, 120, 0, 100]]
[894, [4, 20, 20, 120, 0, 100]]
[895, [4, 36, 36, 120, 0, 100]]
[896, [2, 2, 2, 120, 0, 50]]
[897, [2, 18, 18, 120, 0, 50]]
[898, [2, 34, 34, 120, 0, 50]]
[899, [0, 0, 0, 450, 0, 0]]
[900, [0, 16, 16, 306, 144, 0]]
[901, [0, 32, 32, 162, 255, 33]]
[902, [8, 8, 8, 18, 366, 26]]
[903, [8, 24, 24, 18, 333, 59]]
[904, [8, 40, 40, 18, 300, 92]]
[905, [6, 6, 6, 18, 267, 75]]
[906, [6, 22, 22, 18, 234, 108]]
[907, [6, 38, 38, 18, 201, 141]]
[908, [4, 4, 4, 18, 168, 124]]
[909, [4, 20, 20, 18, 135, 157]]
[910, [4, 36, 36, 18, 102, 190]]
[911, [2, 2, 2, 18, 69, 173]]
[912, [2, 18, 18, 18, 36, 206]]
[913, [2, 34, 34, 18, 3, 239]]
[914, [0, 0, 0, 18, 0, 192]]
[915, [0, 16, 16, 18, 0, 192]]
[916, [0, 32, 32, 18, 0, 192]]
[917, [8, 8, 8, 18, 0, 152]]
[918, [8, 24, 24, 18, 0, 152]]
[919, [8, 40, 40, 348, 0, 152]]
[920, [6, 6, 6, 204, 144, 102]]
[921, [6, 22, 22, 60, 255, 135]]
[922, [6, 38, 38, 60, 222, 168]]
[923, [4, 4, 4, 60, 189, 151]]
[924, [4, 20, 20, 60, 156, 184]]
[925, [4, 36, 36, 60, 123, 217]]
[926, [2, 2, 2, 60, 90, 200]]
[927, [2, 18, 18, 60, 57, 233]]
[928, [2, 34, 34, 60, 24, 266]]
[929, [0, 0, 0, 60, 0, 240]]
[930, [0, 16, 16, 60, 0, 240]]
[931, [0, 32, 32, 60, 0, 240]]
[932, [8, 8, 8, 60, 0, 200]]
[933, [8, 24, 24, 60, 0, 200]]
[934, [8, 40, 40, 60, 0, 200]]
[935, [6, 6, 6, 60, 0, 150]]
[936, [6, 22, 22, 60, 0, 150]]
[937, [6, 38, 38, 60, 0, 150]]
[938, [4, 4, 4, 60, 0, 100]]
[939, [4, 20, 20, 390, 0, 100]]
[940, [4, 36, 36, 246, 144, 100]]
[941, [2, 2, 2, 102, 255, 83]]
[942, [2, 18, 18, 102, 222, 116]]
[943, [2, 34, 34, 102, 189, 149]]
[944, [0, 0, 0, 102, 156, 132]]
[945, [0, 16, 16, 102, 123, 165]]
[946, [0, 32, 32, 102, 90, 198]]
[947, [8, 8, 8, 102, 57, 191]]
[948, [8, 24, 24, 102, 24, 224]]
[949, [8, 40, 40, 102, 0, 248]]
[950, [6, 6, 6, 102, 0, 198]]
[951, [6, 22, 22, 102, 0, 198]]
[952, [6, 38, 38, 102, 0, 198]]
[953, [4, 4, 4, 102, 0, 148]]
[954, [4, 20, 20, 102, 0, 148]]
[955, [4, 36, 36, 102, 0, 148]]
[956, [2, 2, 2, 102, 0, 98]]
[957, [2, 18, 18, 102, 0, 98]]
[958, [2, 34, 34, 102, 0, 98]]
[959, [0, 0, 0, 432, 0, 48]]
