SimulationV061.py[0, [0, 8, 8, 0, 0, 0]]
[1, [0, 16, 16, 0, 0, 0]]
[2, [28, 24, 24, 0, 0, 0]]
[3, [28, 32, 32, 0, 0, 0]]
[4, [28, 40, 40, 0, 0, 0]]
[5, [56, 48, 48, 0, 0, 0]]
[6, [56, 56, 56, 0, 0, 0]]
[7, [56, 64, 64, 0, 0, 0]]
[8, [84, 72, 72, 0, 0, 0]]
[9, [84, 80, 80, 0, 0, 0]]
[10, [84, 88, 88, 0, 0, 0]]
[11, [112, 96, 96, 0, 0, 0]]
[12, [112, 104, 104, 0, 0, 0]]
[13, [112, 112, 112, 0, 0, 0]]
[14, [140, 120, 120, 0, 0, 0]]
[15, [140, 128, 128, 0, 0, 0]]
[16, [140, 136, 136, 0, 0, 0]]
[17, [168, 144, 144, 0, 0, 0]]
[18, [168, 152, 152, 0, 0, 0]]
[19, [168, 160, 160, 150, 0, 0]]
[20, [196, 168, 168, 6, 144, 0]]
[21, [176, 156, 156, 6, 117, 7]]
[22, [146, 134, 134, 6, 90, 4]]
[23, [116, 112, 112, 6, 63, 1]]
[24, [124, 100, 100, 6, 36, 8]]
[25, [94, 78, 78, 6, 9, 5]]
[26, [84, 76, 76, 6, 0, 4]]
[27, [112, 84, 84, 6, 0, 4]]
[28, [112, 92, 92, 6, 0, 4]]
[29, [112, 100, 100, 6, 0, 4]]
[30, [140, 108, 108, 6, 0, 4]]
[31, [140, 116, 116, 6, 0, 4]]
[32, [140, 124, 124, 6, 0, 4]]
[33, [168, 132, 132, 6, 0, 4]]
[34, [168, 140, 140, 6, 0, 4]]
[35, [168, 148, 148, 6, 0, 4]]
[36, [196, 156, 156, 6, 0, 4]]
[37, [196, 164, 164, 6, 0, 4]]
[38, [196, 172, 172, 6, 0, 4]]
[39, [196, 180, 180, 156, 0, 4]]
[40, [196, 188, 188, 12, 144, 4]]
[41, [166, 166, 166, 12, 117, 1]]
[42, [146, 154, 154, 12, 90, 8]]
[43, [116, 132, 132, 12, 63, 5]]
[44, [114, 110, 110, 12, 36, 2]]
[45, [94, 98, 98, 12, 9, 9]]
[46, [84, 96, 96, 12, 0, 8]]
[47, [112, 104, 104, 12, 0, 8]]
[48, [112, 112, 112, 12, 0, 8]]
[49, [112, 120, 120, 12, 0, 8]]
[50, [140, 128, 128, 12, 0, 8]]
[51, [140, 136, 136, 12, 0, 8]]
[52, [140, 144, 144, 12, 0, 8]]
[53, [168, 152, 152, 12, 0, 8]]
[54, [168, 160, 160, 12, 0, 8]]
[55, [168, 168, 168, 12, 0, 8]]
[56, [196, 176, 176, 12, 0, 8]]
[57, [196, 184, 184, 12, 0, 8]]
[58, [196, 192, 192, 12, 0, 8]]
[59, [196, 198, 198, 147, 0, 8]]
[60, [196, 198, 198, 3, 144, 8]]
[61, [166, 168, 168, 3, 117, 5]]
[62, [136, 146, 146, 3, 90, 2]]
[63, [116, 134, 134, 3, 63, 9]]
[64, [114, 112, 112, 3, 36, 6]]
[65, [84, 90, 90, 3, 9, 3]]
[66, [74, 88, 88, 3, 0, 2]]
[67, [102, 96, 96, 3, 0, 2]]
[68, [102, 104, 104, 3, 0, 2]]
[69, [102, 112, 112, 3, 0, 2]]
[70, [130, 120, 120, 3, 0, 2]]
[71, [130, 128, 128, 3, 0, 2]]
[72, [130, 136, 136, 3, 0, 2]]
[73, [158, 144, 144, 3, 0, 2]]
[74, [158, 152, 152, 3, 0, 2]]
[75, [158, 160, 160, 3, 0, 2]]
[76, [186, 168, 168, 18, 0, 2]]
[77, [186, 176, 176, 18, 0, 2]]
[78, [186, 184, 184, 18, 0, 2]]
[79, [198, 192, 192, 153, 0, 2]]
[80, [198, 198, 198, 9, 144, 2]]
[81, [178, 178, 178, 9, 117, 9]]
[82, [164, 156, 156, 9, 90, 6]]
[83, [134, 134, 134, 9, 63, 3]]
[84, [116, 112, 112, 9, 36, 0]]
[85, [112, 100, 100, 9, 9, 7]]
[86, [102, 98, 98, 9, 0, 6]]
[87, [114, 106, 106, 9, 0, 6]]
[88, [130, 114, 114, 9, 0, 6]]
[89, [130, 122, 122, 9, 0, 6]]
[90, [142, 130, 130, 9, 0, 6]]
[91, [158, 138, 138, 9, 0, 6]]
[92, [158, 146, 146, 9, 0, 6]]
[93, [170, 154, 154, 9, 0, 6]]
[94, [186, 162, 162, 9, 0, 6]]
[95, [186, 170, 170, 9, 0, 6]]
[96, [198, 178, 178, 24, 0, 6]]
[97, [198, 186, 186, 24, 0, 6]]
[98, [198, 194, 194, 24, 0, 6]]
[99, [198, 198, 198, 159, 0, 6]]
[100, [198, 198, 198, 15, 144, 6]]
[101, [168, 168, 168, 15, 117, 3]]
[102, [138, 146, 146, 15, 90, 0]]
[103, [134, 134, 134, 15, 63, 7]]
[104, [116, 112, 112, 15, 36, 4]]
[105, [86, 90, 90, 15, 9, 1]]
[106, [92, 88, 88, 15, 0, 0]]
[107, [104, 96, 96, 15, 0, 0]]
[108, [104, 104, 104, 15, 0, 0]]
[109, [120, 112, 112, 15, 0, 0]]
[110, [132, 120, 120, 15, 0, 0]]
[111, [132, 128, 128, 15, 0, 0]]
[112, [148, 136, 136, 15, 0, 0]]
[113, [160, 144, 144, 15, 0, 0]]
[114, [160, 152, 152, 15, 0, 0]]
[115, [176, 160, 160, 15, 0, 0]]
[116, [188, 168, 168, 30, 0, 0]]
[117, [188, 176, 176, 30, 0, 0]]
[118, [196, 184, 184, 30, 0, 0]]
[119, [196, 192, 192, 165, 0, 0]]
[120, [196, 198, 198, 21, 144, 0]]
[121, [176, 178, 178, 21, 117, 7]]
[122, [166, 156, 156, 21, 90, 4]]
[123, [136, 134, 134, 21, 63, 1]]
[124, [124, 122, 122, 21, 36, 8]]
[125, [114, 100, 100, 21, 9, 5]]
[126, [114, 108, 108, 21, 0, 14]]
[127, [122, 116, 116, 21, 0, 14]]
[128, [142, 124, 124, 21, 0, 14]]
[129, [142, 132, 132, 21, 0, 14]]
[130, [150, 140, 140, 21, 0, 14]]
[131, [170, 148, 148, 21, 0, 14]]
[132, [170, 156, 156, 21, 0, 14]]
[133, [168, 154, 154, 21, 0, 4]]
[134, [188, 162, 162, 21, 0, 4]]
[135, [188, 170, 170, 21, 0, 4]]
[136, [196, 178, 178, 36, 0, 4]]
[137, [196, 186, 186, 36, 0, 4]]
[138, [196, 194, 194, 36, 0, 4]]
[139, [196, 198, 198, 171, 0, 4]]
[140, [196, 198, 198, 27, 144, 4]]
[141, [176, 178, 178, 27, 117, 11]]
[142, [188, 186, 186, 27, 90, 38]]
[143, [186, 184, 184, 27, 63, 55]]
[144, [184, 182, 182, 27, 36, 72]]
[145, [196, 190, 190, 27, 9, 99]]
[146, [196, 198, 198, 27, 0, 108]]
[147, [176, 178, 178, 27, 0, 88]]
[148, [146, 156, 156, 27, 0, 58]]
[149, [124, 134, 134, 27, 0, 28]]
[150, [124, 122, 122, 27, 0, 8]]
[151, [124, 130, 130, 27, 0, 8]]
[152, [132, 138, 138, 27, 0, 8]]
[153, [152, 146, 146, 27, 0, 8]]
[154, [152, 154, 154, 27, 0, 8]]
[155, [160, 162, 162, 27, 0, 8]]
[156, [180, 170, 170, 42, 0, 8]]
[157, [180, 178, 178, 42, 0, 8]]
[158, [188, 186, 186, 42, 0, 8]]
[159, [196, 194, 194, 177, 0, 8]]
[160, [196, 198, 198, 33, 144, 8]]
[161, [166, 168, 168, 33, 117, 5]]
[162, [148, 146, 146, 33, 90, 2]]
[163, [128, 134, 134, 33, 63, 9]]
[164, [114, 112, 112, 33, 36, 6]]
[165, [106, 100, 100, 33, 9, 13]]
[166, [86, 88, 88, 33, 0, 2]]
[167, [102, 96, 96, 33, 0, 2]]
[168, [114, 104, 104, 33, 0, 2]]
[169, [114, 112, 112, 33, 0, 2]]
[170, [130, 120, 120, 33, 0, 2]]
[171, [142, 128, 128, 33, 0, 2]]
[172, [142, 136, 136, 33, 0, 2]]
[173, [158, 144, 144, 33, 0, 2]]
[174, [170, 152, 152, 33, 0, 2]]
[175, [170, 160, 160, 33, 0, 2]]
[176, [186, 168, 168, 48, 0, 2]]
[177, [198, 176, 176, 48, 0, 2]]
[178, [198, 184, 184, 48, 0, 2]]
[179, [198, 192, 192, 183, 0, 2]]
[180, [198, 198, 198, 39, 144, 2]]
[181, [178, 178, 178, 39, 117, 9]]
[182, [148, 156, 156, 39, 90, 6]]
[183, [126, 134, 134, 39, 63, 3]]
[184, [116, 112, 112, 39, 36, 0]]
[185, [96, 100, 100, 39, 9, 7]]
[186, [94, 98, 98, 39, 0, 6]]
[187, [114, 106, 106, 39, 0, 6]]
[188, [114, 114, 114, 39, 0, 6]]
[189, [122, 122, 122, 39, 0, 6]]
[190, [142, 130, 130, 39, 0, 6]]
[191, [142, 138, 138, 39, 0, 6]]
[192, [150, 146, 146, 39, 0, 6]]
[193, [170, 154, 154, 39, 0, 6]]
[194, [170, 162, 162, 39, 0, 6]]
[195, [178, 170, 170, 39, 0, 6]]
[196, [198, 178, 178, 54, 0, 6]]
[197, [198, 186, 186, 54, 0, 6]]
[198, [198, 194, 194, 54, 0, 6]]
[199, [198, 198, 198, 189, 0, 6]]
[200, [198, 198, 198, 45, 144, 6]]
[201, [168, 168, 168, 45, 117, 3]]
[202, [138, 146, 146, 45, 90, 0]]
[203, [126, 134, 134, 45, 63, 7]]
[204, [116, 112, 112, 45, 36, 4]]
[205, [86, 90, 90, 45, 9, 1]]
[206, [84, 88, 88, 45, 0, 0]]
[207, [104, 96, 96, 45, 0, 0]]
[208, [104, 104, 104, 45, 0, 0]]
[209, [112, 112, 112, 45, 0, 0]]
[210, [132, 120, 120, 45, 0, 0]]
[211, [132, 128, 128, 45, 0, 0]]
[212, [140, 136, 136, 45, 0, 0]]
[213, [160, 144, 144, 45, 0, 0]]
[214, [160, 152, 152, 45, 0, 0]]
[215, [168, 160, 160, 45, 0, 0]]
[216, [188, 168, 168, 45, 0, 0]]
[217, [188, 176, 176, 60, 0, 0]]
[218, [196, 184, 184, 60, 0, 0]]
[219, [196, 192, 192, 195, 0, 0]]
[220, [196, 198, 198, 51, 144, 0]]
[221, [176, 178, 178, 51, 117, 7]]
[222, [146, 156, 156, 51, 90, 4]]
[223, [136, 134, 134, 51, 63, 1]]
[224, [124, 122, 122, 51, 36, 8]]
[225, [94, 100, 100, 51, 9, 5]]
[226, [104, 98, 98, 51, 0, 4]]
[227, [112, 106, 106, 51, 0, 4]]
[228, [112, 114, 114, 51, 0, 4]]
[229, [132, 122, 122, 51, 0, 4]]
[230, [140, 130, 130, 51, 0, 4]]
[231, [140, 138, 138, 51, 0, 4]]
[232, [160, 146, 146, 51, 0, 4]]
[233, [168, 154, 154, 51, 0, 4]]
[234, [168, 162, 162, 51, 0, 4]]
[235, [188, 170, 170, 51, 0, 4]]
[236, [196, 178, 178, 51, 0, 4]]
[237, [196, 186, 186, 51, 0, 4]]
[238, [196, 194, 194, 66, 0, 4]]
[239, [196, 198, 198, 186, 0, 4]]
[240, [196, 198, 198, 57, 144, 4]]
[241, [166, 168, 168, 57, 117, 1]]
[242, [146, 156, 156, 57, 90, 8]]
[243, [116, 134, 134, 57, 63, 5]]
[244, [114, 112, 112, 57, 36, 2]]
[245, [94, 100, 100, 57, 9, 9]]
[246, [84, 98, 98, 57, 0, 8]]
[247, [112, 106, 106, 57, 0, 8]]
[248, [112, 114, 114, 57, 0, 8]]
[249, [112, 122, 122, 57, 0, 8]]
[250, [140, 130, 130, 57, 0, 8]]
[251, [140, 138, 138, 57, 0, 8]]
[252, [140, 146, 146, 57, 0, 8]]
[253, [168, 154, 154, 57, 0, 8]]
[254, [168, 162, 162, 57, 0, 8]]
[255, [168, 170, 170, 57, 0, 8]]
[256, [196, 178, 178, 57, 0, 8]]
[257, [196, 186, 186, 57, 0, 8]]
[258, [196, 194, 194, 57, 0, 8]]
[259, [196, 198, 198, 192, 0, 8]]
[260, [196, 198, 198, 63, 144, 8]]
[261, [166, 168, 168, 63, 117, 5]]
[262, [136, 146, 146, 63, 90, 2]]
[263, [116, 134, 134, 63, 63, 9]]
[264, [114, 112, 112, 63, 36, 6]]
[265, [84, 90, 90, 63, 9, 3]]
[266, [74, 88, 88, 63, 0, 2]]
[267, [102, 96, 96, 63, 0, 2]]
[268, [102, 104, 104, 63, 0, 2]]
[269, [102, 112, 112, 63, 0, 2]]
[270, [130, 120, 120, 63, 0, 2]]
[271, [130, 128, 128, 63, 0, 2]]
[272, [130, 136, 136, 63, 0, 2]]
[273, [158, 144, 144, 63, 0, 2]]
[274, [158, 152, 152, 63, 0, 2]]
[275, [158, 160, 160, 63, 0, 2]]
[276, [186, 168, 168, 63, 0, 2]]
[277, [186, 176, 176, 63, 0, 2]]
[278, [186, 184, 184, 63, 0, 2]]
[279, [198, 192, 192, 198, 0, 2]]
[280, [198, 198, 198, 69, 144, 2]]
[281, [178, 178, 178, 69, 117, 9]]
[282, [164, 156, 156, 69, 90, 6]]
[283, [134, 134, 134, 69, 63, 3]]
[284, [136, 132, 132, 69, 36, 20]]
[285, [142, 130, 130, 69, 9, 37]]
[286, [142, 138, 138, 69, 0, 46]]
[287, [144, 136, 136, 69, 0, 36]]
[288, [150, 134, 134, 69, 0, 26]]
[289, [140, 132, 132, 69, 0, 16]]
[290, [152, 140, 140, 69, 0, 16]]
[291, [168, 148, 148, 69, 0, 16]]
[292, [158, 146, 146, 69, 0, 6]]
[293, [170, 154, 154, 69, 0, 6]]
[294, [186, 162, 162, 69, 0, 6]]
[295, [186, 170, 170, 69, 0, 6]]
[296, [198, 178, 178, 69, 0, 6]]
[297, [198, 186, 186, 69, 0, 6]]
[298, [198, 194, 194, 69, 0, 6]]
[299, [198, 198, 198, 189, 0, 6]]
[300, [198, 198, 198, 60, 144, 6]]
[301, [168, 168, 168, 75, 117, 3]]
[302, [148, 156, 156, 75, 90, 10]]
[303, [134, 134, 134, 75, 63, 7]]
[304, [136, 132, 132, 75, 36, 24]]
[305, [116, 120, 120, 75, 9, 31]]
[306, [112, 108, 108, 75, 0, 20]]
[307, [104, 96, 96, 75, 0, 0]]
[308, [104, 104, 104, 75, 0, 0]]
[309, [120, 112, 112, 75, 0, 0]]
[310, [132, 120, 120, 75, 0, 0]]
[311, [132, 128, 128, 75, 0, 0]]
[312, [148, 136, 136, 75, 0, 0]]
[313, [160, 144, 144, 75, 0, 0]]
[314, [160, 152, 152, 75, 0, 0]]
[315, [176, 160, 160, 75, 0, 0]]
[316, [188, 168, 168, 75, 0, 0]]
[317, [188, 176, 176, 75, 0, 0]]
[318, [196, 184, 184, 75, 0, 0]]
[319, [196, 192, 192, 195, 0, 0]]
[320, [196, 198, 198, 51, 144, 0]]
[321, [176, 178, 178, 66, 117, 7]]
[322, [166, 156, 156, 81, 90, 4]]
[323, [136, 134, 134, 81, 63, 1]]
[324, [124, 122, 122, 81, 36, 8]]
[325, [114, 100, 100, 81, 9, 5]]
[326, [104, 98, 98, 81, 0, 4]]
[327, [112, 106, 106, 81, 0, 4]]
[328, [132, 114, 114, 81, 0, 4]]
[329, [132, 122, 122, 81, 0, 4]]
[330, [140, 130, 130, 81, 0, 4]]
[331, [160, 138, 138, 81, 0, 4]]
[332, [160, 146, 146, 81, 0, 4]]
[333, [168, 154, 154, 81, 0, 4]]
[334, [188, 162, 162, 81, 0, 4]]
[335, [188, 170, 170, 81, 0, 4]]
[336, [196, 178, 178, 81, 0, 4]]
[337, [196, 186, 186, 81, 0, 4]]
[338, [196, 194, 194, 81, 0, 4]]
[339, [196, 198, 198, 186, 0, 4]]
[340, [196, 198, 198, 57, 144, 4]]
[341, [166, 168, 168, 57, 117, 1]]
[342, [158, 156, 156, 72, 90, 8]]
[343, [136, 134, 134, 87, 63, 5]]
[344, [114, 112, 112, 87, 36, 2]]
[345, [106, 100, 100, 87, 9, 9]]
[346, [104, 98, 98, 87, 0, 8]]
[347, [112, 106, 106, 87, 0, 8]]
[348, [124, 114, 114, 87, 0, 8]]
[349, [132, 122, 122, 87, 0, 8]]
[350, [140, 130, 130, 87, 0, 8]]
[351, [152, 138, 138, 87, 0, 8]]
[352, [160, 146, 146, 87, 0, 8]]
[353, [168, 154, 154, 87, 0, 8]]
[354, [180, 162, 162, 87, 0, 8]]
[355, [188, 170, 170, 87, 0, 8]]
[356, [196, 178, 178, 87, 0, 8]]
[357, [196, 186, 186, 87, 0, 8]]
[358, [196, 194, 194, 87, 0, 8]]
[359, [196, 198, 198, 192, 0, 8]]
[360, [196, 198, 198, 48, 144, 8]]
[361, [166, 168, 168, 63, 117, 5]]
[362, [148, 146, 146, 63, 90, 2]]
[363, [128, 134, 134, 78, 63, 9]]
[364, [114, 112, 112, 93, 36, 6]]
[365, [96, 90, 90, 93, 9, 3]]
[366, [86, 88, 88, 93, 0, 2]]
[367, [102, 96, 96, 93, 0, 2]]
[368, [114, 104, 104, 93, 0, 2]]
[369, [114, 112, 112, 93, 0, 2]]
[370, [130, 120, 120, 93, 0, 2]]
[371, [142, 128, 128, 93, 0, 2]]
[372, [142, 136, 136, 93, 0, 2]]
[373, [158, 144, 144, 93, 0, 2]]
[374, [170, 152, 152, 93, 0, 2]]
[375, [170, 160, 160, 93, 0, 2]]
[376, [186, 168, 168, 93, 0, 2]]
[377, [198, 176, 176, 93, 0, 2]]
[378, [198, 184, 184, 93, 0, 2]]
[379, [198, 192, 192, 198, 0, 2]]
[380, [198, 198, 198, 54, 144, 2]]
[381, [178, 178, 178, 54, 117, 9]]
[382, [148, 156, 156, 69, 90, 6]]
[383, [118, 134, 134, 69, 63, 3]]
[384, [116, 112, 112, 84, 36, 0]]
[385, [96, 100, 100, 99, 9, 7]]
[386, [86, 98, 98, 99, 0, 6]]
[387, [114, 106, 106, 99, 0, 6]]
[388, [114, 114, 114, 99, 0, 6]]
[389, [114, 122, 122, 99, 0, 6]]
[390, [142, 130, 130, 99, 0, 6]]
[391, [142, 138, 138, 99, 0, 6]]
[392, [142, 146, 146, 99, 0, 6]]
[393, [170, 154, 154, 99, 0, 6]]
[394, [170, 162, 162, 99, 0, 6]]
[395, [170, 170, 170, 99, 0, 6]]
[396, [198, 178, 178, 99, 0, 6]]
[397, [198, 186, 186, 99, 0, 6]]
[398, [198, 194, 194, 99, 0, 6]]
[399, [198, 198, 198, 189, 0, 6]]
[400, [198, 198, 198, 60, 144, 6]]
[401, [168, 168, 168, 60, 117, 3]]
[402, [138, 146, 146, 60, 90, 0]]
[403, [118, 134, 134, 75, 63, 7]]
[404, [116, 112, 112, 75, 36, 4]]
[405, [86, 90, 90, 90, 9, 1]]
[406, [76, 88, 88, 105, 0, 0]]
[407, [104, 96, 96, 105, 0, 0]]
[408, [104, 104, 104, 105, 0, 0]]
[409, [104, 112, 112, 105, 0, 0]]
[410, [132, 120, 120, 105, 0, 0]]
[411, [132, 128, 128, 105, 0, 0]]
[412, [132, 136, 136, 105, 0, 0]]
[413, [160, 144, 144, 105, 0, 0]]
[414, [160, 152, 152, 105, 0, 0]]
[415, [160, 160, 160, 105, 0, 0]]
[416, [188, 168, 168, 105, 0, 0]]
[417, [188, 176, 176, 105, 0, 0]]
[418, [188, 184, 184, 105, 0, 0]]
[419, [196, 192, 192, 195, 0, 0]]
[420, [196, 198, 198, 51, 144, 0]]
[421, [176, 178, 178, 66, 117, 7]]
[422, [166, 156, 156, 66, 90, 4]]
[423, [136, 134, 134, 66, 63, 1]]
[424, [124, 122, 122, 81, 36, 8]]
[425, [114, 100, 100, 81, 9, 5]]
[426, [104, 98, 98, 96, 0, 4]]
[427, [112, 106, 106, 111, 0, 4]]
[428, [132, 114, 114, 111, 0, 4]]
[429, [132, 122, 122, 111, 0, 4]]
[430, [140, 130, 130, 111, 0, 4]]
[431, [160, 138, 138, 111, 0, 4]]
[432, [160, 146, 146, 111, 0, 4]]
[433, [168, 154, 154, 111, 0, 4]]
[434, [188, 162, 162, 111, 0, 4]]
[435, [188, 170, 170, 111, 0, 4]]
[436, [196, 178, 178, 111, 0, 4]]
[437, [196, 186, 186, 111, 0, 4]]
[438, [196, 194, 194, 111, 0, 4]]
[439, [196, 198, 198, 186, 0, 4]]
[440, [196, 198, 198, 57, 144, 4]]
[441, [166, 168, 168, 57, 117, 1]]
[442, [146, 156, 156, 72, 90, 8]]
[443, [136, 134, 134, 72, 63, 5]]
[444, [114, 112, 112, 72, 36, 2]]
[445, [94, 100, 100, 87, 9, 9]]
[446, [114, 108, 108, 87, 0, 18]]
[447, [112, 106, 106, 102, 0, 8]]
[448, [112, 114, 114, 117, 0, 8]]
[449, [132, 122, 122, 117, 0, 8]]
[450, [140, 130, 130, 117, 0, 8]]
[451, [140, 138, 138, 117, 0, 8]]
[452, [160, 146, 146, 117, 0, 8]]
[453, [168, 154, 154, 117, 0, 8]]
[454, [168, 162, 162, 117, 0, 8]]
[455, [188, 170, 170, 117, 0, 8]]
[456, [196, 178, 178, 117, 0, 8]]
[457, [196, 186, 186, 117, 0, 8]]
[458, [196, 194, 194, 117, 0, 8]]
[459, [196, 198, 198, 192, 0, 8]]
[460, [196, 198, 198, 48, 144, 8]]
[461, [166, 168, 168, 63, 117, 5]]
[462, [136, 146, 146, 63, 90, 2]]
[463, [116, 134, 134, 78, 63, 9]]
[464, [114, 112, 112, 78, 36, 6]]
[465, [84, 90, 90, 78, 9, 3]]
[466, [74, 88, 88, 93, 0, 2]]
[467, [102, 96, 96, 93, 0, 2]]
[468, [102, 104, 104, 108, 0, 2]]
[469, [102, 112, 112, 123, 0, 2]]
[470, [130, 120, 120, 123, 0, 2]]
[471, [130, 128, 128, 123, 0, 2]]
[472, [130, 136, 136, 123, 0, 2]]
[473, [158, 144, 144, 123, 0, 2]]
[474, [158, 152, 152, 123, 0, 2]]
[475, [158, 160, 160, 123, 0, 2]]
[476, [186, 168, 168, 123, 0, 2]]
[477, [186, 176, 176, 123, 0, 2]]
[478, [186, 184, 184, 123, 0, 2]]
[479, [198, 192, 192, 198, 0, 2]]
[480, [198, 198, 198, 54, 144, 2]]
[481, [178, 178, 178, 54, 117, 9]]
[482, [164, 156, 156, 69, 90, 6]]
[483, [134, 134, 134, 69, 63, 3]]
[484, [116, 112, 112, 84, 36, 0]]
[485, [112, 100, 100, 84, 9, 7]]
[486, [102, 98, 98, 84, 0, 6]]
[487, [114, 106, 106, 99, 0, 6]]
[488, [130, 114, 114, 99, 0, 6]]
[489, [130, 122, 122, 114, 0, 6]]
[490, [142, 130, 130, 129, 0, 6]]
[491, [158, 138, 138, 129, 0, 6]]
[492, [158, 146, 146, 129, 0, 6]]
[493, [170, 154, 154, 129, 0, 6]]
[494, [186, 162, 162, 129, 0, 6]]
[495, [186, 170, 170, 129, 0, 6]]
[496, [198, 178, 178, 129, 0, 6]]
[497, [198, 186, 186, 129, 0, 6]]
[498, [198, 194, 194, 129, 0, 6]]
[499, [198, 198, 198, 189, 0, 6]]
[500, [198, 198, 198, 60, 144, 6]]
[501, [168, 168, 168, 60, 117, 3]]
[502, [138, 146, 146, 60, 90, 0]]
[503, [134, 134, 134, 75, 63, 7]]
[504, [116, 112, 112, 75, 36, 4]]
[505, [86, 90, 90, 90, 9, 1]]
[506, [92, 88, 88, 90, 0, 0]]
[507, [104, 96, 96, 90, 0, 0]]
[508, [104, 104, 104, 105, 0, 0]]
[509, [120, 112, 112, 105, 0, 0]]
[510, [132, 120, 120, 120, 0, 0]]
[511, [132, 128, 128, 135, 0, 0]]
[512, [148, 136, 136, 135, 0, 0]]
[513, [160, 144, 144, 135, 0, 0]]
[514, [160, 152, 152, 135, 0, 0]]
[515, [176, 160, 160, 135, 0, 0]]
[516, [188, 168, 168, 135, 0, 0]]
[517, [188, 176, 176, 135, 0, 0]]
[518, [196, 184, 184, 135, 0, 0]]
[519, [196, 192, 192, 195, 0, 0]]
[520, [196, 198, 198, 51, 144, 0]]
[521, [176, 178, 178, 66, 117, 7]]
[522, [166, 156, 156, 66, 90, 4]]
[523, [136, 134, 134, 66, 63, 1]]
[524, [124, 122, 122, 81, 36, 8]]
[525, [114, 100, 100, 81, 9, 5]]
[526, [104, 98, 98, 96, 0, 4]]
[527, [112, 106, 106, 96, 0, 4]]
[528, [132, 114, 114, 96, 0, 4]]
[529, [132, 122, 122, 111, 0, 4]]
[530, [140, 130, 130, 111, 0, 4]]
[531, [160, 138, 138, 126, 0, 4]]
[532, [160, 146, 146, 141, 0, 4]]
[533, [168, 154, 154, 141, 0, 4]]
[534, [188, 162, 162, 141, 0, 4]]
[535, [188, 170, 170, 141, 0, 4]]
[536, [196, 178, 178, 141, 0, 4]]
[537, [196, 186, 186, 141, 0, 4]]
[538, [196, 194, 194, 141, 0, 4]]
[539, [196, 198, 198, 186, 0, 4]]
[540, [196, 198, 198, 57, 144, 4]]
[541, [166, 168, 168, 57, 117, 1]]
[542, [158, 156, 156, 72, 90, 8]]
[543, [136, 134, 134, 72, 63, 5]]
[544, [114, 112, 112, 72, 36, 2]]
[545, [106, 100, 100, 87, 9, 9]]
[546, [104, 98, 98, 87, 0, 8]]
[547, [112, 106, 106, 102, 0, 8]]
[548, [124, 114, 114, 102, 0, 8]]
[549, [132, 122, 122, 102, 0, 8]]
[550, [140, 130, 130, 117, 0, 8]]
[551, [152, 138, 138, 117, 0, 8]]
[552, [160, 146, 146, 132, 0, 8]]
[553, [168, 154, 154, 147, 0, 8]]
[554, [180, 162, 162, 3, 144, 8]]
[555, [158, 140, 140, 3, 117, 5]]
[556, [136, 118, 118, 3, 90, 2]]
[557, [128, 106, 106, 3, 63, 9]]
[558, [106, 84, 84, 3, 36, 6]]
[559, [84, 62, 62, 48, 9, 3]]
[560, [86, 60, 60, 63, 0, 2]]
[561, [94, 68, 68, 63, 0, 2]]
[562, [102, 76, 76, 78, 0, 2]]
[563, [114, 84, 84, 78, 0, 2]]
[564, [122, 92, 92, 78, 0, 2]]
[565, [130, 100, 100, 93, 0, 2]]
[566, [142, 108, 108, 93, 0, 2]]
[567, [150, 116, 116, 108, 0, 2]]
[568, [158, 124, 124, 108, 0, 2]]
[569, [170, 132, 132, 108, 0, 2]]
[570, [178, 140, 140, 123, 0, 2]]
[571, [186, 148, 148, 123, 0, 2]]
[572, [198, 156, 156, 138, 0, 2]]
[573, [198, 164, 164, 153, 0, 2]]
[574, [198, 172, 172, 9, 144, 2]]
[575, [178, 160, 160, 9, 117, 9]]
[576, [148, 138, 138, 9, 90, 6]]
[577, [126, 116, 116, 9, 63, 3]]
[578, [116, 94, 94, 9, 36, 0]]
[579, [96, 82, 82, 54, 9, 7]]
[580, [94, 80, 80, 69, 0, 6]]
[581, [114, 88, 88, 69, 0, 6]]
[582, [114, 96, 96, 84, 0, 6]]
[583, [122, 104, 104, 84, 0, 6]]
[584, [142, 112, 112, 84, 0, 6]]
[585, [142, 120, 120, 99, 0, 6]]
[586, [150, 128, 128, 99, 0, 6]]
[587, [170, 136, 136, 114, 0, 6]]
[588, [170, 144, 144, 114, 0, 6]]
[589, [178, 152, 152, 114, 0, 6]]
[590, [198, 160, 160, 129, 0, 6]]
[591, [198, 168, 168, 129, 0, 6]]
[592, [198, 176, 176, 144, 0, 6]]
[593, [198, 184, 184, 15, 144, 6]]
[594, [168, 162, 162, 15, 117, 3]]
[595, [138, 140, 140, 15, 90, 0]]
[596, [118, 128, 128, 15, 63, 7]]
[597, [116, 106, 106, 15, 36, 4]]
[598, [116, 114, 114, 15, 9, 31]]
[599, [116, 122, 122, 60, 0, 40]]
[600, [144, 130, 130, 75, 0, 40]]
[601, [134, 128, 128, 75, 0, 30]]
[602, [114, 116, 116, 90, 0, 10]]
[603, [132, 114, 114, 90, 0, 0]]
[604, [132, 122, 122, 90, 0, 0]]
[605, [132, 130, 130, 105, 0, 0]]
[606, [160, 138, 138, 105, 0, 0]]
[607, [160, 146, 146, 120, 0, 0]]
[608, [160, 154, 154, 120, 0, 0]]
[609, [188, 162, 162, 120, 0, 0]]
[610, [188, 170, 170, 135, 0, 0]]
[611, [188, 178, 178, 135, 0, 0]]
[612, [196, 186, 186, 150, 0, 0]]
[613, [196, 194, 194, 21, 144, 0]]
[614, [176, 178, 178, 21, 117, 7]]
[615, [166, 156, 156, 21, 90, 4]]
[616, [136, 134, 134, 21, 63, 1]]
[617, [124, 122, 122, 21, 36, 8]]
[618, [114, 100, 100, 21, 9, 5]]
[619, [104, 98, 98, 66, 0, 4]]
[620, [112, 106, 106, 81, 0, 4]]
[621, [132, 114, 114, 81, 0, 4]]
[622, [132, 122, 122, 96, 0, 4]]
[623, [140, 130, 130, 96, 0, 4]]
[624, [160, 138, 138, 96, 0, 4]]
[625, [160, 146, 146, 111, 0, 4]]
[626, [168, 154, 154, 111, 0, 4]]
[627, [188, 162, 162, 126, 0, 4]]
[628, [188, 170, 170, 126, 0, 4]]
[629, [196, 178, 178, 126, 0, 4]]
[630, [196, 186, 186, 141, 0, 4]]
[631, [196, 194, 194, 141, 0, 4]]
[632, [196, 198, 198, 156, 0, 4]]
[633, [196, 198, 198, 27, 144, 4]]
[634, [166, 168, 168, 27, 117, 1]]
[635, [146, 156, 156, 27, 90, 8]]
[636, [136, 134, 134, 27, 63, 5]]
[637, [114, 112, 112, 27, 36, 2]]
[638, [94, 100, 100, 27, 9, 9]]
[639, [104, 98, 98, 72, 0, 8]]
[640, [112, 106, 106, 87, 0, 8]]
[641, [112, 114, 114, 87, 0, 8]]
[642, [132, 122, 122, 102, 0, 8]]
[643, [140, 130, 130, 102, 0, 8]]
[644, [140, 138, 138, 102, 0, 8]]
[645, [160, 146, 146, 117, 0, 8]]
[646, [168, 154, 154, 117, 0, 8]]
[647, [168, 162, 162, 132, 0, 8]]
[648, [188, 170, 170, 132, 0, 8]]
[649, [196, 178, 178, 132, 0, 8]]
[650, [196, 186, 186, 147, 0, 8]]
[651, [196, 194, 194, 3, 144, 8]]
[652, [166, 168, 168, 18, 117, 5]]
[653, [136, 146, 146, 33, 90, 2]]
[654, [116, 134, 134, 33, 63, 9]]
[655, [114, 112, 112, 33, 36, 6]]
[656, [84, 90, 90, 33, 9, 3]]
[657, [74, 88, 88, 33, 0, 2]]
[658, [102, 96, 96, 33, 0, 2]]
[659, [102, 104, 104, 78, 0, 2]]
[660, [102, 112, 112, 93, 0, 2]]
[661, [130, 120, 120, 93, 0, 2]]
[662, [130, 128, 128, 108, 0, 2]]
[663, [130, 136, 136, 108, 0, 2]]
[664, [158, 144, 144, 108, 0, 2]]
[665, [158, 152, 152, 123, 0, 2]]
[666, [158, 160, 160, 123, 0, 2]]
[667, [186, 168, 168, 138, 0, 2]]
[668, [186, 176, 176, 138, 0, 2]]
[669, [186, 184, 184, 138, 0, 2]]
[670, [198, 192, 192, 153, 0, 2]]
[671, [198, 198, 198, 9, 144, 2]]
[672, [178, 178, 178, 24, 117, 9]]
[673, [164, 156, 156, 39, 90, 6]]
[674, [134, 134, 134, 39, 63, 3]]
[675, [116, 112, 112, 39, 36, 0]]
[676, [112, 100, 100, 39, 9, 7]]
[677, [102, 98, 98, 39, 0, 6]]
[678, [114, 106, 106, 39, 0, 6]]
[679, [130, 114, 114, 84, 0, 6]]
[680, [130, 122, 122, 99, 0, 6]]
[681, [142, 130, 130, 99, 0, 6]]
[682, [158, 138, 138, 114, 0, 6]]
[683, [158, 146, 146, 114, 0, 6]]
[684, [170, 154, 154, 114, 0, 6]]
[685, [186, 162, 162, 129, 0, 6]]
[686, [186, 170, 170, 129, 0, 6]]
[687, [198, 178, 178, 144, 0, 6]]
[688, [198, 186, 186, 0, 144, 6]]
[689, [168, 164, 164, 0, 117, 3]]
[690, [138, 142, 142, 15, 90, 0]]
[691, [134, 130, 130, 15, 63, 7]]
[692, [116, 108, 108, 30, 36, 4]]
[693, [86, 86, 86, 45, 9, 1]]
[694, [92, 84, 84, 45, 0, 0]]
[695, [104, 92, 92, 45, 0, 0]]
[696, [104, 100, 100, 45, 0, 0]]
[697, [120, 108, 108, 45, 0, 0]]
[698, [132, 116, 116, 45, 0, 0]]
[699, [132, 124, 124, 90, 0, 0]]
[700, [148, 132, 132, 105, 0, 0]]
[701, [160, 140, 140, 105, 0, 0]]
[702, [160, 148, 148, 120, 0, 0]]
[703, [176, 156, 156, 120, 0, 0]]
[704, [188, 164, 164, 120, 0, 0]]
[705, [188, 172, 172, 135, 0, 0]]
[706, [196, 180, 180, 135, 0, 0]]
[707, [196, 188, 188, 150, 0, 0]]
[708, [196, 196, 196, 6, 144, 0]]
[709, [176, 178, 178, 6, 117, 7]]
[710, [166, 156, 156, 21, 90, 4]]
[711, [136, 134, 134, 21, 63, 1]]
[712, [124, 122, 122, 36, 36, 8]]
[713, [114, 100, 100, 51, 9, 5]]
[714, [104, 98, 98, 51, 0, 4]]
[715, [112, 106, 106, 51, 0, 4]]
[716, [132, 114, 114, 51, 0, 4]]
[717, [132, 122, 122, 51, 0, 4]]
[718, [140, 130, 130, 51, 0, 4]]
[719, [160, 138, 138, 96, 0, 4]]
[720, [160, 146, 146, 111, 0, 4]]
[721, [168, 154, 154, 111, 0, 4]]
[722, [188, 162, 162, 126, 0, 4]]
[723, [188, 170, 170, 126, 0, 4]]
[724, [196, 178, 178, 126, 0, 4]]
[725, [196, 186, 186, 141, 0, 4]]
[726, [196, 194, 194, 141, 0, 4]]
[727, [196, 198, 198, 156, 0, 4]]
[728, [196, 198, 198, 12, 144, 4]]
[729, [166, 168, 168, 12, 117, 1]]
[730, [158, 156, 156, 27, 90, 8]]
[731, [136, 134, 134, 27, 63, 5]]
[732, [114, 112, 112, 42, 36, 2]]
[733, [106, 100, 100, 57, 9, 9]]
[734, [104, 98, 98, 57, 0, 8]]
[735, [112, 106, 106, 57, 0, 8]]
[736, [124, 114, 114, 57, 0, 8]]
[737, [132, 122, 122, 57, 0, 8]]
[738, [140, 130, 130, 57, 0, 8]]
[739, [152, 138, 138, 102, 0, 8]]
[740, [160, 146, 146, 117, 0, 8]]
[741, [168, 154, 154, 117, 0, 8]]
[742, [180, 162, 162, 132, 0, 8]]
[743, [188, 170, 170, 132, 0, 8]]
[744, [196, 178, 178, 132, 0, 8]]
[745, [196, 186, 186, 147, 0, 8]]
[746, [196, 194, 194, 3, 144, 8]]
[747, [166, 168, 168, 18, 117, 5]]
[748, [148, 146, 146, 18, 90, 2]]
[749, [128, 134, 134, 18, 63, 9]]
[750, [114, 112, 112, 33, 36, 6]]
[751, [96, 90, 90, 33, 9, 3]]
[752, [86, 88, 88, 48, 0, 2]]
[753, [102, 96, 96, 63, 0, 2]]
[754, [114, 104, 104, 63, 0, 2]]
[755, [114, 112, 112, 63, 0, 2]]
[756, [130, 120, 120, 63, 0, 2]]
[757, [142, 128, 128, 63, 0, 2]]
[758, [142, 136, 136, 63, 0, 2]]
[759, [158, 144, 144, 108, 0, 2]]
[760, [170, 152, 152, 123, 0, 2]]
[761, [170, 160, 160, 123, 0, 2]]
[762, [186, 168, 168, 138, 0, 2]]
[763, [198, 176, 176, 138, 0, 2]]
[764, [198, 184, 184, 138, 0, 2]]
[765, [198, 192, 192, 153, 0, 2]]
[766, [198, 198, 198, 9, 144, 2]]
[767, [178, 178, 178, 24, 117, 9]]
[768, [148, 156, 156, 24, 90, 6]]
[769, [118, 134, 134, 24, 63, 3]]
[770, [116, 112, 112, 39, 36, 0]]
[771, [96, 100, 100, 39, 9, 7]]
[772, [86, 98, 98, 54, 0, 6]]
[773, [114, 106, 106, 69, 0, 6]]
[774, [114, 114, 114, 69, 0, 6]]
[775, [114, 122, 122, 69, 0, 6]]
[776, [142, 130, 130, 69, 0, 6]]
[777, [142, 138, 138, 69, 0, 6]]
[778, [142, 146, 146, 69, 0, 6]]
[779, [170, 154, 154, 114, 0, 6]]
[780, [170, 162, 162, 129, 0, 6]]
[781, [170, 170, 170, 129, 0, 6]]
[782, [198, 178, 178, 144, 0, 6]]
[783, [198, 186, 186, 0, 144, 6]]
[784, [168, 164, 164, 0, 117, 3]]
[785, [138, 142, 142, 15, 90, 0]]
[786, [118, 130, 130, 15, 63, 7]]
[787, [116, 108, 108, 30, 36, 4]]
[788, [86, 86, 86, 30, 9, 1]]
[789, [76, 84, 84, 30, 0, 0]]
[790, [104, 92, 92, 45, 0, 0]]
[791, [104, 100, 100, 45, 0, 0]]
[792, [104, 108, 108, 60, 0, 0]]
[793, [132, 116, 116, 75, 0, 0]]
[794, [132, 124, 124, 75, 0, 0]]
[795, [132, 132, 132, 75, 0, 0]]
[796, [160, 140, 140, 75, 0, 0]]
[797, [160, 148, 148, 75, 0, 0]]
[798, [160, 156, 156, 75, 0, 0]]
[799, [188, 164, 164, 120, 0, 0]]
[800, [188, 172, 172, 135, 0, 0]]
[801, [188, 180, 180, 135, 0, 0]]
[802, [196, 188, 188, 150, 0, 0]]
[803, [196, 196, 196, 6, 144, 0]]
[804, [176, 178, 178, 6, 117, 7]]
[805, [166, 156, 156, 21, 90, 4]]
[806, [136, 134, 134, 21, 63, 1]]
[807, [124, 122, 122, 36, 36, 8]]
[808, [114, 100, 100, 36, 9, 5]]
[809, [104, 98, 98, 36, 0, 4]]
[810, [112, 106, 106, 51, 0, 4]]
[811, [132, 114, 114, 51, 0, 4]]
[812, [132, 122, 122, 66, 0, 4]]
[813, [140, 130, 130, 81, 0, 4]]
[814, [160, 138, 138, 81, 0, 4]]
[815, [160, 146, 146, 81, 0, 4]]
[816, [168, 154, 154, 81, 0, 4]]
[817, [188, 162, 162, 81, 0, 4]]
[818, [188, 170, 170, 81, 0, 4]]
[819, [196, 178, 178, 126, 0, 4]]
[820, [196, 186, 186, 141, 0, 4]]
[821, [196, 194, 194, 141, 0, 4]]
[822, [196, 198, 198, 156, 0, 4]]
[823, [196, 198, 198, 12, 144, 4]]
[824, [166, 168, 168, 12, 117, 1]]
[825, [146, 156, 156, 27, 90, 8]]
[826, [136, 134, 134, 27, 63, 5]]
[827, [114, 112, 112, 42, 36, 2]]
[828, [94, 100, 100, 42, 9, 9]]
[829, [104, 98, 98, 42, 0, 8]]
[830, [112, 106, 106, 57, 0, 8]]
[831, [112, 114, 114, 57, 0, 8]]
[832, [132, 122, 122, 72, 0, 8]]
[833, [140, 130, 130, 87, 0, 8]]
[834, [140, 138, 138, 87, 0, 8]]
[835, [160, 146, 146, 87, 0, 8]]
[836, [168, 154, 154, 87, 0, 8]]
[837, [168, 162, 162, 87, 0, 8]]
[838, [188, 170, 170, 87, 0, 8]]
[839, [196, 178, 178, 132, 0, 8]]
[840, [196, 186, 186, 147, 0, 8]]
[841, [196, 194, 194, 3, 144, 8]]
[842, [166, 168, 168, 18, 117, 5]]
[843, [136, 146, 146, 18, 90, 2]]
[844, [116, 134, 134, 18, 63, 9]]
[845, [114, 112, 112, 33, 36, 6]]
[846, [84, 90, 90, 33, 9, 3]]
[847, [74, 88, 88, 48, 0, 2]]
[848, [102, 96, 96, 48, 0, 2]]
[849, [102, 104, 104, 48, 0, 2]]
[850, [102, 112, 112, 63, 0, 2]]
[851, [130, 120, 120, 63, 0, 2]]
[852, [130, 128, 128, 78, 0, 2]]
[853, [130, 136, 136, 93, 0, 2]]
[854, [158, 144, 144, 93, 0, 2]]
[855, [158, 152, 152, 93, 0, 2]]
[856, [158, 160, 160, 93, 0, 2]]
[857, [186, 168, 168, 93, 0, 2]]
[858, [186, 176, 176, 93, 0, 2]]
[859, [186, 184, 184, 138, 0, 2]]
[860, [198, 192, 192, 153, 0, 2]]
[861, [198, 198, 198, 9, 144, 2]]
[862, [178, 178, 178, 24, 117, 9]]
[863, [164, 156, 156, 24, 90, 6]]
[864, [134, 134, 134, 24, 63, 3]]
[865, [116, 112, 112, 39, 36, 0]]
[866, [112, 100, 100, 39, 9, 7]]
[867, [102, 98, 98, 54, 0, 6]]
[868, [114, 106, 106, 54, 0, 6]]
[869, [130, 114, 114, 54, 0, 6]]
[870, [130, 122, 122, 69, 0, 6]]
[871, [142, 130, 130, 69, 0, 6]]
[872, [158, 138, 138, 84, 0, 6]]
[873, [158, 146, 146, 99, 0, 6]]
[874, [170, 154, 154, 99, 0, 6]]
[875, [186, 162, 162, 99, 0, 6]]
[876, [186, 170, 170, 99, 0, 6]]
[877, [198, 178, 178, 99, 0, 6]]
[878, [198, 186, 186, 99, 0, 6]]
[879, [198, 194, 194, 144, 0, 6]]
[880, [198, 198, 198, 15, 144, 6]]
[881, [168, 168, 168, 15, 117, 3]]
[882, [138, 146, 146, 30, 90, 0]]
[883, [134, 134, 134, 30, 63, 7]]
[884, [116, 112, 112, 30, 36, 4]]
[885, [86, 90, 90, 45, 9, 1]]
[886, [92, 88, 88, 45, 0, 0]]
[887, [104, 96, 96, 60, 0, 0]]
[888, [104, 104, 104, 60, 0, 0]]
[889, [120, 112, 112, 60, 0, 0]]
[890, [132, 120, 120, 75, 0, 0]]
[891, [132, 128, 128, 75, 0, 0]]
[892, [148, 136, 136, 90, 0, 0]]
[893, [160, 144, 144, 105, 0, 0]]
[894, [160, 152, 152, 105, 0, 0]]
[895, [176, 160, 160, 105, 0, 0]]
[896, [188, 168, 168, 105, 0, 0]]
[897, [188, 176, 176, 105, 0, 0]]
[898, [196, 184, 184, 105, 0, 0]]
[899, [196, 192, 192, 150, 0, 0]]
[900, [196, 198, 198, 21, 144, 0]]
[901, [176, 178, 178, 21, 117, 7]]
[902, [166, 156, 156, 36, 90, 4]]
[903, [136, 134, 134, 36, 63, 1]]
[904, [124, 122, 122, 36, 36, 8]]
[905, [114, 100, 100, 51, 9, 5]]
[906, [104, 98, 98, 51, 0, 4]]
[907, [112, 106, 106, 66, 0, 4]]
[908, [132, 114, 114, 66, 0, 4]]
[909, [132, 122, 122, 66, 0, 4]]
[910, [140, 130, 130, 81, 0, 4]]
[911, [160, 138, 138, 81, 0, 4]]
[912, [160, 146, 146, 96, 0, 4]]
[913, [168, 154, 154, 111, 0, 4]]
[914, [188, 162, 162, 111, 0, 4]]
[915, [188, 170, 170, 111, 0, 4]]
[916, [196, 178, 178, 111, 0, 4]]
[917, [196, 186, 186, 111, 0, 4]]
[918, [196, 194, 194, 111, 0, 4]]
[919, [196, 198, 198, 156, 0, 4]]
[920, [196, 198, 198, 27, 144, 4]]
[921, [166, 168, 168, 27, 117, 1]]
[922, [158, 156, 156, 42, 90, 8]]
[923, [136, 134, 134, 42, 63, 5]]
[924, [114, 112, 112, 42, 36, 2]]
[925, [106, 100, 100, 57, 9, 9]]
[926, [104, 98, 98, 57, 0, 8]]
[927, [112, 106, 106, 72, 0, 8]]
[928, [124, 114, 114, 72, 0, 8]]
[929, [132, 122, 122, 72, 0, 8]]
[930, [140, 130, 130, 87, 0, 8]]
[931, [152, 138, 138, 87, 0, 8]]
[932, [160, 146, 146, 102, 0, 8]]
[933, [168, 154, 154, 117, 0, 8]]
[934, [180, 162, 162, 117, 0, 8]]
[935, [188, 170, 170, 117, 0, 8]]
[936, [196, 178, 178, 117, 0, 8]]
[937, [196, 186, 186, 117, 0, 8]]
[938, [196, 194, 194, 117, 0, 8]]
[939, [196, 198, 198, 162, 0, 8]]
[940, [196, 198, 198, 33, 144, 8]]
[941, [166, 168, 168, 33, 117, 5]]
[942, [148, 146, 146, 48, 90, 2]]
[943, [128, 134, 134, 48, 63, 9]]
[944, [114, 112, 112, 48, 36, 6]]
[945, [96, 90, 90, 63, 9, 3]]
[946, [86, 88, 88, 63, 0, 2]]
[947, [102, 96, 96, 78, 0, 2]]
[948, [114, 104, 104, 78, 0, 2]]
[949, [114, 112, 112, 78, 0, 2]]
[950, [130, 120, 120, 93, 0, 2]]
[951, [142, 128, 128, 93, 0, 2]]
[952, [142, 136, 136, 108, 0, 2]]
[953, [158, 144, 144, 123, 0, 2]]
[954, [170, 152, 152, 123, 0, 2]]
[955, [170, 160, 160, 123, 0, 2]]
[956, [186, 168, 168, 123, 0, 2]]
[957, [198, 176, 176, 123, 0, 2]]
[958, [198, 184, 184, 123, 0, 2]]
[959, [198, 192, 192, 168, 0, 2]]
[960, [198, 198, 198, 39, 144, 2]]
[961, [178, 178, 178, 39, 117, 9]]
[962, [148, 156, 156, 54, 90, 6]]
[963, [118, 134, 134, 54, 63, 3]]
[964, [116, 112, 112, 54, 36, 0]]
[965, [96, 100, 100, 69, 9, 7]]
[966, [86, 98, 98, 69, 0, 6]]
[967, [114, 106, 106, 84, 0, 6]]
[968, [114, 114, 114, 84, 0, 6]]
[969, [114, 122, 122, 84, 0, 6]]
[970, [142, 130, 130, 99, 0, 6]]
[971, [142, 138, 138, 99, 0, 6]]
[972, [142, 146, 146, 114, 0, 6]]
[973, [170, 154, 154, 129, 0, 6]]
[974, [170, 162, 162, 129, 0, 6]]
[975, [170, 170, 170, 129, 0, 6]]
[976, [198, 178, 178, 129, 0, 6]]
[977, [198, 186, 186, 129, 0, 6]]
[978, [198, 194, 194, 129, 0, 6]]
[979, [198, 198, 198, 174, 0, 6]]
[980, [198, 198, 198, 45, 144, 6]]
[981, [168, 168, 168, 45, 117, 3]]
[982, [138, 146, 146, 60, 90, 0]]
[983, [118, 134, 134, 60, 63, 7]]
[984, [116, 112, 112, 60, 36, 4]]
[985, [86, 90, 90, 75, 9, 1]]
[986, [76, 88, 88, 75, 0, 0]]
[987, [104, 96, 96, 90, 0, 0]]
[988, [104, 104, 104, 90, 0, 0]]
[989, [104, 112, 112, 90, 0, 0]]
[990, [132, 120, 120, 105, 0, 0]]
[991, [132, 128, 128, 105, 0, 0]]
[992, [132, 136, 136, 120, 0, 0]]
[993, [160, 144, 144, 135, 0, 0]]
[994, [160, 152, 152, 135, 0, 0]]
[995, [160, 160, 160, 135, 0, 0]]
[996, [188, 168, 168, 135, 0, 0]]
[997, [188, 176, 176, 135, 0, 0]]
[998, [188, 184, 184, 135, 0, 0]]
[999, [196, 192, 192, 180, 0, 0]]
[1000, [196, 198, 198, 51, 144, 0]]
[1001, [176, 178, 178, 51, 117, 7]]
[1002, [166, 156, 156, 66, 90, 4]]
[1003, [136, 134, 134, 66, 63, 1]]
[1004, [124, 122, 122, 66, 36, 8]]
[1005, [114, 100, 100, 81, 9, 5]]
[1006, [104, 98, 98, 81, 0, 4]]
[1007, [112, 106, 106, 96, 0, 4]]
[1008, [132, 114, 114, 96, 0, 4]]
[1009, [132, 122, 122, 96, 0, 4]]
[1010, [140, 130, 130, 111, 0, 4]]
[1011, [160, 138, 138, 111, 0, 4]]
[1012, [160, 146, 146, 126, 0, 4]]
[1013, [168, 154, 154, 141, 0, 4]]
[1014, [188, 162, 162, 141, 0, 4]]
[1015, [188, 170, 170, 141, 0, 4]]
[1016, [196, 178, 178, 141, 0, 4]]
[1017, [196, 186, 186, 141, 0, 4]]
[1018, [196, 194, 194, 141, 0, 4]]
[1019, [196, 198, 198, 186, 0, 4]]
[1020, [196, 198, 198, 42, 144, 4]]
[1021, [166, 168, 168, 57, 117, 1]]
[1022, [146, 156, 156, 57, 90, 8]]
[1023, [136, 134, 134, 72, 63, 5]]
[1024, [114, 112, 112, 72, 36, 2]]
[1025, [94, 100, 100, 72, 9, 9]]
[1026, [104, 98, 98, 87, 0, 8]]
[1027, [112, 106, 106, 87, 0, 8]]
[1028, [112, 114, 114, 102, 0, 8]]
[1029, [132, 122, 122, 102, 0, 8]]
[1030, [140, 130, 130, 102, 0, 8]]
[1031, [140, 138, 138, 117, 0, 8]]
[1032, [160, 146, 146, 117, 0, 8]]
[1033, [168, 154, 154, 132, 0, 8]]
[1034, [168, 162, 162, 147, 0, 8]]
[1035, [188, 170, 170, 3, 144, 8]]
[1036, [166, 148, 148, 3, 117, 5]]
[1037, [136, 126, 126, 3, 90, 2]]
[1038, [116, 114, 114, 3, 63, 9]]
[1039, [114, 92, 92, 48, 36, 6]]
[1040, [84, 70, 70, 48, 9, 3]]
[1041, [74, 68, 68, 63, 0, 2]]
[1042, [102, 76, 76, 63, 0, 2]]
[1043, [102, 84, 84, 78, 0, 2]]
[1044, [102, 92, 92, 78, 0, 2]]
[1045, [130, 100, 100, 78, 0, 2]]
[1046, [130, 108, 108, 93, 0, 2]]
[1047, [130, 116, 116, 93, 0, 2]]
[1048, [158, 124, 124, 108, 0, 2]]
[1049, [158, 132, 132, 108, 0, 2]]
[1050, [158, 140, 140, 108, 0, 2]]
[1051, [186, 148, 148, 123, 0, 2]]
[1052, [186, 156, 156, 123, 0, 2]]
[1053, [186, 164, 164, 138, 0, 2]]
[1054, [198, 172, 172, 153, 0, 2]]
[1055, [198, 180, 180, 9, 144, 2]]
[1056, [178, 168, 168, 9, 117, 9]]
[1057, [164, 146, 146, 9, 90, 6]]
[1058, [134, 124, 124, 9, 63, 3]]
[1059, [116, 102, 102, 54, 36, 0]]
[1060, [112, 90, 90, 54, 9, 7]]
[1061, [102, 88, 88, 69, 0, 6]]
[1062, [114, 96, 96, 69, 0, 6]]
[1063, [130, 104, 104, 84, 0, 6]]
[1064, [130, 112, 112, 84, 0, 6]]
[1065, [142, 120, 120, 84, 0, 6]]
[1066, [158, 128, 128, 99, 0, 6]]
[1067, [158, 136, 136, 99, 0, 6]]
[1068, [170, 144, 144, 114, 0, 6]]
[1069, [186, 152, 152, 114, 0, 6]]
[1070, [186, 160, 160, 114, 0, 6]]
[1071, [198, 168, 168, 129, 0, 6]]
[1072, [198, 176, 176, 129, 0, 6]]
[1073, [198, 184, 184, 144, 0, 6]]
[1074, [198, 192, 192, 15, 144, 6]]
[1075, [168, 168, 168, 15, 117, 3]]
[1076, [138, 146, 146, 15, 90, 0]]
[1077, [134, 134, 134, 15, 63, 7]]
[1078, [116, 112, 112, 15, 36, 4]]
[1079, [86, 90, 90, 60, 9, 1]]
[1080, [92, 88, 88, 60, 0, 0]]
[1081, [104, 96, 96, 75, 0, 0]]
[1082, [104, 104, 104, 75, 0, 0]]
[1083, [120, 112, 112, 90, 0, 0]]
[1084, [132, 120, 120, 90, 0, 0]]
[1085, [132, 128, 128, 90, 0, 0]]
[1086, [148, 136, 136, 105, 0, 0]]
[1087, [160, 144, 144, 105, 0, 0]]
[1088, [160, 152, 152, 120, 0, 0]]
[1089, [176, 160, 160, 120, 0, 0]]
[1090, [188, 168, 168, 120, 0, 0]]
[1091, [188, 176, 176, 135, 0, 0]]
[1092, [196, 184, 184, 135, 0, 0]]
[1093, [196, 192, 192, 150, 0, 0]]
[1094, [196, 198, 198, 21, 144, 0]]
[1095, [176, 178, 178, 21, 117, 7]]
[1096, [166, 156, 156, 21, 90, 4]]
[1097, [136, 134, 134, 21, 63, 1]]
[1098, [124, 122, 122, 21, 36, 8]]
[1099, [114, 100, 100, 66, 9, 5]]
[1100, [104, 98, 98, 66, 0, 4]]
[1101, [112, 106, 106, 81, 0, 4]]
[1102, [132, 114, 114, 81, 0, 4]]
[1103, [132, 122, 122, 96, 0, 4]]
[1104, [140, 130, 130, 96, 0, 4]]
[1105, [160, 138, 138, 96, 0, 4]]
[1106, [160, 146, 146, 111, 0, 4]]
[1107, [168, 154, 154, 111, 0, 4]]
[1108, [188, 162, 162, 126, 0, 4]]
[1109, [188, 170, 170, 126, 0, 4]]
[1110, [196, 178, 178, 126, 0, 4]]
[1111, [196, 186, 186, 141, 0, 4]]
[1112, [196, 194, 194, 141, 0, 4]]
[1113, [196, 198, 198, 156, 0, 4]]
[1114, [196, 198, 198, 27, 144, 4]]
[1115, [166, 168, 168, 27, 117, 1]]
[1116, [158, 156, 156, 27, 90, 8]]
[1117, [136, 134, 134, 27, 63, 5]]
[1118, [114, 112, 112, 27, 36, 2]]
[1119, [106, 100, 100, 72, 9, 9]]
[1120, [104, 98, 98, 72, 0, 8]]
[1121, [112, 106, 106, 87, 0, 8]]
[1122, [124, 114, 114, 87, 0, 8]]
[1123, [132, 122, 122, 102, 0, 8]]
[1124, [140, 130, 130, 102, 0, 8]]
[1125, [152, 138, 138, 102, 0, 8]]
[1126, [160, 146, 146, 117, 0, 8]]
[1127, [168, 154, 154, 117, 0, 8]]
[1128, [180, 162, 162, 132, 0, 8]]
[1129, [188, 170, 170, 132, 0, 8]]
[1130, [196, 178, 178, 132, 0, 8]]
[1131, [196, 186, 186, 147, 0, 8]]
[1132, [196, 194, 194, 3, 144, 8]]
[1133, [166, 168, 168, 18, 117, 5]]
[1134, [148, 146, 146, 33, 90, 2]]
[1135, [128, 134, 134, 33, 63, 9]]
[1136, [114, 112, 112, 33, 36, 6]]
[1137, [96, 90, 90, 33, 9, 3]]
[1138, [86, 88, 88, 33, 0, 2]]
[1139, [102, 96, 96, 78, 0, 2]]
[1140, [114, 104, 104, 78, 0, 2]]
[1141, [114, 112, 112, 93, 0, 2]]
[1142, [130, 120, 120, 93, 0, 2]]
[1143, [142, 128, 128, 108, 0, 2]]
[1144, [142, 136, 136, 108, 0, 2]]
[1145, [158, 144, 144, 108, 0, 2]]
[1146, [170, 152, 152, 123, 0, 2]]
[1147, [170, 160, 160, 123, 0, 2]]
[1148, [186, 168, 168, 138, 0, 2]]
[1149, [198, 176, 176, 138, 0, 2]]
[1150, [198, 184, 184, 138, 0, 2]]
[1151, [198, 192, 192, 153, 0, 2]]
[1152, [198, 198, 198, 9, 144, 2]]
[1153, [178, 178, 178, 24, 117, 9]]
[1154, [148, 156, 156, 39, 90, 6]]
[1155, [118, 134, 134, 39, 63, 3]]
[1156, [116, 112, 112, 39, 36, 0]]
[1157, [96, 100, 100, 39, 9, 7]]
[1158, [86, 98, 98, 39, 0, 6]]
[1159, [114, 106, 106, 84, 0, 6]]
[1160, [114, 114, 114, 84, 0, 6]]
[1161, [114, 122, 122, 99, 0, 6]]
[1162, [142, 130, 130, 99, 0, 6]]
[1163, [142, 138, 138, 114, 0, 6]]
[1164, [142, 146, 146, 114, 0, 6]]
[1165, [170, 154, 154, 114, 0, 6]]
[1166, [170, 162, 162, 129, 0, 6]]
[1167, [170, 170, 170, 129, 0, 6]]
[1168, [198, 178, 178, 144, 0, 6]]
[1169, [198, 186, 186, 0, 144, 6]]
[1170, [168, 164, 164, 0, 117, 3]]
[1171, [138, 142, 142, 15, 90, 0]]
[1172, [118, 130, 130, 15, 63, 7]]
[1173, [116, 108, 108, 30, 36, 4]]
[1174, [86, 86, 86, 45, 9, 1]]
[1175, [76, 84, 84, 45, 0, 0]]
[1176, [104, 92, 92, 45, 0, 0]]
[1177, [104, 100, 100, 45, 0, 0]]
[1178, [104, 108, 108, 45, 0, 0]]
[1179, [132, 116, 116, 90, 0, 0]]
[1180, [132, 124, 124, 90, 0, 0]]
[1181, [132, 132, 132, 105, 0, 0]]
[1182, [160, 140, 140, 105, 0, 0]]
[1183, [160, 148, 148, 120, 0, 0]]
[1184, [160, 156, 156, 120, 0, 0]]
[1185, [188, 164, 164, 120, 0, 0]]
[1186, [188, 172, 172, 135, 0, 0]]
[1187, [188, 180, 180, 135, 0, 0]]
[1188, [196, 188, 188, 150, 0, 0]]
[1189, [196, 196, 196, 6, 144, 0]]
[1190, [176, 178, 178, 6, 117, 7]]
[1191, [166, 156, 156, 21, 90, 4]]
[1192, [136, 134, 134, 21, 63, 1]]
[1193, [124, 122, 122, 36, 36, 8]]
[1194, [114, 100, 100, 51, 9, 5]]
[1195, [104, 98, 98, 51, 0, 4]]
[1196, [112, 106, 106, 51, 0, 4]]
[1197, [132, 114, 114, 51, 0, 4]]
[1198, [132, 122, 122, 51, 0, 4]]
[1199, [140, 130, 130, 96, 0, 4]]
[1200, [160, 138, 138, 96, 0, 4]]
[1201, [160, 146, 146, 111, 0, 4]]
[1202, [168, 154, 154, 111, 0, 4]]
[1203, [188, 162, 162, 126, 0, 4]]
[1204, [188, 170, 170, 126, 0, 4]]
[1205, [196, 178, 178, 126, 0, 4]]
[1206, [196, 186, 186, 141, 0, 4]]
[1207, [196, 194, 194, 141, 0, 4]]
[1208, [196, 198, 198, 156, 0, 4]]
[1209, [196, 198, 198, 12, 144, 4]]
[1210, [166, 168, 168, 12, 117, 1]]
[1211, [146, 156, 156, 27, 90, 8]]
[1212, [136, 134, 134, 27, 63, 5]]
[1213, [114, 112, 112, 42, 36, 2]]
[1214, [94, 100, 100, 57, 9, 9]]
[1215, [104, 98, 98, 57, 0, 8]]
[1216, [112, 106, 106, 57, 0, 8]]
[1217, [112, 114, 114, 57, 0, 8]]
[1218, [132, 122, 122, 57, 0, 8]]
[1219, [140, 130, 130, 102, 0, 8]]
[1220, [140, 138, 138, 102, 0, 8]]
[1221, [160, 146, 146, 117, 0, 8]]
[1222, [168, 154, 154, 117, 0, 8]]
[1223, [168, 162, 162, 132, 0, 8]]
[1224, [188, 170, 170, 132, 0, 8]]
[1225, [196, 178, 178, 132, 0, 8]]
[1226, [196, 186, 186, 147, 0, 8]]
[1227, [196, 194, 194, 3, 144, 8]]
[1228, [166, 168, 168, 18, 117, 5]]
[1229, [136, 146, 146, 18, 90, 2]]
[1230, [116, 134, 134, 18, 63, 9]]
[1231, [114, 112, 112, 33, 36, 6]]
[1232, [84, 90, 90, 33, 9, 3]]
[1233, [74, 88, 88, 48, 0, 2]]
[1234, [102, 96, 96, 63, 0, 2]]
[1235, [102, 104, 104, 63, 0, 2]]
[1236, [102, 112, 112, 63, 0, 2]]
[1237, [130, 120, 120, 63, 0, 2]]
[1238, [130, 128, 128, 63, 0, 2]]
[1239, [130, 136, 136, 108, 0, 2]]
[1240, [158, 144, 144, 108, 0, 2]]
[1241, [158, 152, 152, 123, 0, 2]]
[1242, [158, 160, 160, 123, 0, 2]]
[1243, [186, 168, 168, 138, 0, 2]]
[1244, [186, 176, 176, 138, 0, 2]]
[1245, [186, 184, 184, 138, 0, 2]]
[1246, [198, 192, 192, 153, 0, 2]]
[1247, [198, 198, 198, 9, 144, 2]]
[1248, [178, 178, 178, 24, 117, 9]]
[1249, [164, 156, 156, 24, 90, 6]]
[1250, [134, 134, 134, 24, 63, 3]]
[1251, [116, 112, 112, 39, 36, 0]]
[1252, [112, 100, 100, 39, 9, 7]]
[1253, [102, 98, 98, 54, 0, 6]]
[1254, [114, 106, 106, 69, 0, 6]]
[1255, [130, 114, 114, 69, 0, 6]]
[1256, [130, 122, 122, 69, 0, 6]]
[1257, [142, 130, 130, 69, 0, 6]]
[1258, [158, 138, 138, 69, 0, 6]]
[1259, [158, 146, 146, 114, 0, 6]]
[1260, [170, 154, 154, 114, 0, 6]]
[1261, [186, 162, 162, 129, 0, 6]]
[1262, [186, 170, 170, 129, 0, 6]]
[1263, [198, 178, 178, 144, 0, 6]]
[1264, [198, 186, 186, 0, 144, 6]]
[1265, [168, 164, 164, 0, 117, 3]]
[1266, [138, 142, 142, 15, 90, 0]]
[1267, [134, 130, 130, 15, 63, 7]]
[1268, [116, 108, 108, 30, 36, 4]]
[1269, [86, 86, 86, 30, 9, 1]]
[1270, [92, 84, 84, 30, 0, 0]]
[1271, [104, 92, 92, 45, 0, 0]]
[1272, [104, 100, 100, 45, 0, 0]]
[1273, [120, 108, 108, 60, 0, 0]]
[1274, [132, 116, 116, 75, 0, 0]]
[1275, [132, 124, 124, 75, 0, 0]]
[1276, [148, 132, 132, 75, 0, 0]]
[1277, [160, 140, 140, 75, 0, 0]]
[1278, [160, 148, 148, 75, 0, 0]]
[1279, [176, 156, 156, 120, 0, 0]]
[1280, [188, 164, 164, 120, 0, 0]]
[1281, [188, 172, 172, 135, 0, 0]]
[1282, [196, 180, 180, 135, 0, 0]]
[1283, [196, 188, 188, 150, 0, 0]]
[1284, [196, 196, 196, 6, 144, 0]]
[1285, [176, 178, 178, 6, 117, 7]]
[1286, [166, 156, 156, 21, 90, 4]]
[1287, [136, 134, 134, 21, 63, 1]]
[1288, [124, 122, 122, 36, 36, 8]]
[1289, [114, 100, 100, 36, 9, 5]]
[1290, [104, 98, 98, 36, 0, 4]]
[1291, [112, 106, 106, 51, 0, 4]]
[1292, [132, 114, 114, 51, 0, 4]]
[1293, [132, 122, 122, 66, 0, 4]]
[1294, [140, 130, 130, 81, 0, 4]]
[1295, [160, 138, 138, 81, 0, 4]]
[1296, [160, 146, 146, 81, 0, 4]]
[1297, [168, 154, 154, 81, 0, 4]]
[1298, [188, 162, 162, 81, 0, 4]]
[1299, [188, 170, 170, 126, 0, 4]]
[1300, [196, 178, 178, 126, 0, 4]]
[1301, [196, 186, 186, 141, 0, 4]]
[1302, [196, 194, 194, 141, 0, 4]]
[1303, [196, 198, 198, 156, 0, 4]]
[1304, [196, 198, 198, 12, 144, 4]]
[1305, [166, 168, 168, 12, 117, 1]]
[1306, [158, 156, 156, 27, 90, 8]]
[1307, [136, 134, 134, 27, 63, 5]]
[1308, [114, 112, 112, 42, 36, 2]]
[1309, [106, 100, 100, 42, 9, 9]]
[1310, [104, 98, 98, 42, 0, 8]]
[1311, [112, 106, 106, 57, 0, 8]]
[1312, [124, 114, 114, 57, 0, 8]]
[1313, [132, 122, 122, 72, 0, 8]]
[1314, [140, 130, 130, 87, 0, 8]]
[1315, [152, 138, 138, 87, 0, 8]]
[1316, [160, 146, 146, 87, 0, 8]]
[1317, [168, 154, 154, 87, 0, 8]]
[1318, [180, 162, 162, 87, 0, 8]]
[1319, [188, 170, 170, 132, 0, 8]]
[1320, [196, 178, 178, 132, 0, 8]]
[1321, [196, 186, 186, 147, 0, 8]]
[1322, [196, 194, 194, 3, 144, 8]]
[1323, [166, 168, 168, 18, 117, 5]]
[1324, [148, 146, 146, 18, 90, 2]]
[1325, [128, 134, 134, 18, 63, 9]]
[1326, [114, 112, 112, 33, 36, 6]]
[1327, [96, 90, 90, 33, 9, 3]]
[1328, [86, 88, 88, 48, 0, 2]]
[1329, [102, 96, 96, 48, 0, 2]]
[1330, [114, 104, 104, 48, 0, 2]]
[1331, [114, 112, 112, 63, 0, 2]]
[1332, [130, 120, 120, 63, 0, 2]]
[1333, [142, 128, 128, 78, 0, 2]]
[1334, [142, 136, 136, 93, 0, 2]]
[1335, [158, 144, 144, 93, 0, 2]]
[1336, [170, 152, 152, 93, 0, 2]]
[1337, [170, 160, 160, 93, 0, 2]]
[1338, [186, 168, 168, 93, 0, 2]]
[1339, [198, 176, 176, 138, 0, 2]]
[1340, [198, 184, 184, 138, 0, 2]]
[1341, [198, 192, 192, 153, 0, 2]]
[1342, [198, 198, 198, 9, 144, 2]]
[1343, [178, 178, 178, 24, 117, 9]]
[1344, [148, 156, 156, 24, 90, 6]]
[1345, [118, 134, 134, 24, 63, 3]]
[1346, [116, 112, 112, 39, 36, 0]]
[1347, [96, 100, 100, 39, 9, 7]]
[1348, [86, 98, 98, 54, 0, 6]]
[1349, [114, 106, 106, 54, 0, 6]]
[1350, [114, 114, 114, 54, 0, 6]]
[1351, [114, 122, 122, 69, 0, 6]]
[1352, [142, 130, 130, 69, 0, 6]]
[1353, [142, 138, 138, 84, 0, 6]]
[1354, [142, 146, 146, 99, 0, 6]]
[1355, [170, 154, 154, 99, 0, 6]]
[1356, [170, 162, 162, 99, 0, 6]]
[1357, [170, 170, 170, 99, 0, 6]]
[1358, [198, 178, 178, 99, 0, 6]]
[1359, [198, 186, 186, 144, 0, 6]]
[1360, [198, 194, 194, 0, 144, 6]]
[1361, [168, 168, 168, 15, 117, 3]]
[1362, [138, 146, 146, 15, 90, 0]]
[1363, [118, 134, 134, 30, 63, 7]]
[1364, [116, 112, 112, 30, 36, 4]]
[1365, [86, 90, 90, 30, 9, 1]]
[1366, [76, 88, 88, 45, 0, 0]]
[1367, [104, 96, 96, 45, 0, 0]]
[1368, [104, 104, 104, 60, 0, 0]]
[1369, [104, 112, 112, 60, 0, 0]]
[1370, [132, 120, 120, 60, 0, 0]]
[1371, [132, 128, 128, 75, 0, 0]]
[1372, [132, 136, 136, 75, 0, 0]]
[1373, [160, 144, 144, 90, 0, 0]]
[1374, [160, 152, 152, 105, 0, 0]]
[1375, [160, 160, 160, 105, 0, 0]]
[1376, [188, 168, 168, 105, 0, 0]]
[1377, [188, 176, 176, 105, 0, 0]]
[1378, [188, 184, 184, 105, 0, 0]]
[1379, [196, 192, 192, 150, 0, 0]]
[1380, [196, 198, 198, 6, 144, 0]]
[1381, [176, 178, 178, 21, 117, 7]]
[1382, [166, 156, 156, 21, 90, 4]]
[1383, [136, 134, 134, 36, 63, 1]]
[1384, [124, 122, 122, 36, 36, 8]]
[1385, [114, 100, 100, 36, 9, 5]]
[1386, [104, 98, 98, 51, 0, 4]]
[1387, [112, 106, 106, 51, 0, 4]]
[1388, [132, 114, 114, 66, 0, 4]]
[1389, [132, 122, 122, 66, 0, 4]]
[1390, [140, 130, 130, 66, 0, 4]]
[1391, [160, 138, 138, 81, 0, 4]]
[1392, [160, 146, 146, 81, 0, 4]]
[1393, [168, 154, 154, 96, 0, 4]]
[1394, [188, 162, 162, 111, 0, 4]]
[1395, [188, 170, 170, 111, 0, 4]]
[1396, [196, 178, 178, 111, 0, 4]]
[1397, [196, 186, 186, 111, 0, 4]]
[1398, [196, 194, 194, 111, 0, 4]]
[1399, [196, 198, 198, 156, 0, 4]]
[1400, [196, 198, 198, 12, 144, 4]]
[1401, [166, 168, 168, 27, 117, 1]]
[1402, [146, 156, 156, 27, 90, 8]]
[1403, [136, 134, 134, 42, 63, 5]]
[1404, [114, 112, 112, 42, 36, 2]]
[1405, [94, 100, 100, 42, 9, 9]]
[1406, [104, 98, 98, 57, 0, 8]]
[1407, [112, 106, 106, 57, 0, 8]]
[1408, [112, 114, 114, 72, 0, 8]]
[1409, [132, 122, 122, 72, 0, 8]]
[1410, [140, 130, 130, 72, 0, 8]]
[1411, [140, 138, 138, 87, 0, 8]]
[1412, [160, 146, 146, 87, 0, 8]]
[1413, [168, 154, 154, 102, 0, 8]]
[1414, [168, 162, 162, 117, 0, 8]]
[1415, [188, 170, 170, 117, 0, 8]]
[1416, [196, 178, 178, 117, 0, 8]]
[1417, [196, 186, 186, 117, 0, 8]]
[1418, [196, 194, 194, 117, 0, 8]]
[1419, [196, 198, 198, 162, 0, 8]]
[1420, [196, 198, 198, 18, 144, 8]]
[1421, [166, 168, 168, 33, 117, 5]]
[1422, [136, 146, 146, 33, 90, 2]]
[1423, [116, 134, 134, 48, 63, 9]]
[1424, [114, 112, 112, 48, 36, 6]]
[1425, [84, 90, 90, 48, 9, 3]]
[1426, [74, 88, 88, 63, 0, 2]]
[1427, [102, 96, 96, 63, 0, 2]]
[1428, [102, 104, 104, 78, 0, 2]]
[1429, [102, 112, 112, 78, 0, 2]]
[1430, [130, 120, 120, 78, 0, 2]]
[1431, [130, 128, 128, 93, 0, 2]]
[1432, [130, 136, 136, 93, 0, 2]]
[1433, [158, 144, 144, 108, 0, 2]]
[1434, [158, 152, 152, 123, 0, 2]]
[1435, [158, 160, 160, 123, 0, 2]]
[1436, [186, 168, 168, 123, 0, 2]]
[1437, [186, 176, 176, 123, 0, 2]]
[1438, [186, 184, 184, 123, 0, 2]]
[1439, [198, 192, 192, 168, 0, 2]]
