SimulationV061.py[0, 133]
[1, 60]
[2, 60]
[3, 123]
[4, 60]
[5, 60]
[6, 123]
[7, 60]
[8, 60]
[9, 123]
[10, 60]
[11, 60]
[12, 123]
[13, 60]
[14, 60]
[15, 123]
[16, 60]
[17, 60]
[18, 123]
[19, 60]
[20, 70]
[21, 123]
[22, 60]
[23, 60]
[24, 60]
[25, 123]
[26, 60]
[27, 60]
[28, 123]
[29, 60]
[30, 60]
[31, 123]
[32, 60]
[33, 60]
[34, 123]
[35, 60]
[36, 60]
[37, 123]
[38, 60]
[39, 60]
[40, 70]
[41, 60]
[42, 60]
[43, 60]
[44, 60]
[45, 123]
[46, 60]
[47, 60]
[48, 123]
[49, 60]
[50, 60]
[51, 123]
[52, 60]
[53, 60]
[54, 123]
[55, 60]
[56, 60]
[57, 123]
[58, 60]
[59, 60]
[60, 54]
[63, 60]
[64, 60]
[65, 123]
[66, 60]
[67, 60]
[68, 123]
[69, 60]
[70, 60]
[71, 123]
[72, 60]
[73, 60]
[74, 123]
[75, 60]
[76, 60]
[77, 124]
[78, 60]
[79, 60]
[80, 96]
[81, 45]
[83, 96]
[84, 60]
[85, 87]
[86, 96]
[87, 60]
[88, 87]
[89, 96]
[90, 60]
[91, 87]
[92, 96]
[93, 60]
[94, 87]
[95, 96]
[96, 60]
[97, 88]
[98, 60]
[99, 60]
[100, 39]
[103, 60]
[104, 96]
[105, 87]
[106, 60]
[107, 96]
[108, 87]
[109, 60]
[110, 96]
[111, 87]
[112, 60]
[113, 96]
[114, 87]
[115, 60]
[116, 96]
[117, 88]
[118, 60]
[119, 78]
[120, 69]
[121, 45]
[123, 105]
[124, 60]
[125, 78]
[126, 105]
[127, 60]
[128, 78]
[129, 105]
[130, 60]
[131, 78]
[132, 105]
[133, 60]
[134, 78]
[135, 105]
[136, 60]
[137, 79]
[138, 60]
[139, 60]
[140, 39]
[143, 87]
[144, 78]
[145, 78]
[146, 87]
[147, 60]
[149, 60]
[150, 78]
[151, 105]
[152, 60]
[153, 78]
[154, 105]
[155, 60]
[156, 78]
[157, 106]
[158, 60]
[159, 78]
[160, 87]
[161, 30]
[163, 87]
[164, 60]
[165, 96]
[166, 87]
[167, 60]
[168, 96]
[169, 87]
[170, 60]
[171, 96]
[172, 87]
[173, 60]
[174, 96]
[175, 87]
[176, 60]
[177, 97]
[178, 87]
[179, 60]
[180, 69]
[181, 45]
[183, 60]
[184, 78]
[185, 105]
[186, 60]
[187, 78]
[188, 105]
[189, 60]
[190, 78]
[191, 105]
[192, 60]
[193, 78]
[194, 105]
[195, 60]
[196, 78]
[197, 106]
[198, 60]
[199, 60]
[200, 39]
[203, 60]
[204, 78]
[205, 105]
[206, 60]
[207, 78]
[208, 105]
[209, 60]
[210, 78]
[211, 105]
[212, 60]
[213, 78]
[214, 105]
[215, 60]
[216, 78]
[217, 105]
[218, 61]
[219, 78]
[220, 69]
[221, 45]
[223, 60]
[224, 105]
[225, 78]
[226, 60]
[227, 105]
[228, 78]
[229, 60]
[230, 105]
[231, 78]
[232, 60]
[233, 105]
[234, 78]
[235, 60]
[236, 105]
[237, 78]
[238, 60]
[239, 61]
[240, 38]
[241, 1]
[243, 60]
[244, 60]
[245, 123]
[246, 60]
[247, 60]
[248, 123]
[249, 60]
[250, 60]
[251, 123]
[252, 60]
[253, 60]
[254, 123]
[255, 60]
[256, 60]
[257, 123]
[258, 60]
[259, 60]
[260, 39]
[261, 1]
[263, 60]
[264, 60]
[265, 123]
[266, 60]
[267, 60]
[268, 123]
[269, 60]
[270, 60]
[271, 123]
[272, 60]
[273, 60]
[274, 123]
[275, 60]
[276, 60]
[277, 123]
[278, 60]
[279, 60]
[280, 96]
[281, 46]
[283, 96]
[284, 60]
[285, 87]
[286, 96]
[287, 60]
[288, 87]
[289, 96]
[290, 60]
[291, 87]
[292, 96]
[293, 60]
[294, 87]
[295, 96]
[296, 60]
[297, 87]
[298, 60]
[299, 60]
[300, 38]
[301, 1]
[302, 1]
[303, 60]
[304, 96]
[305, 87]
[306, 60]
[307, 96]
[308, 87]
[309, 60]
[310, 96]
[311, 87]
[312, 60]
[313, 96]
[314, 87]
[315, 60]
[316, 96]
[317, 87]
[318, 60]
[319, 78]
[320, 68]
[321, 45]
[322, 1]
[323, 106]
[324, 60]
[325, 78]
[326, 105]
[327, 60]
[328, 78]
[329, 105]
[330, 60]
[331, 78]
[332, 105]
[333, 60]
[334, 78]
[335, 105]
[336, 60]
[337, 78]
[338, 60]
[339, 60]
[340, 37]
[341, 1]
[343, 88]
[344, 79]
[345, 78]
[346, 87]
[347, 78]
[348, 78]
[349, 87]
[350, 78]
[351, 78]
[352, 87]
[353, 78]
[354, 78]
[355, 87]
[356, 78]
[357, 78]
[358, 60]
[359, 60]
[360, 37]
[362, 1]
[363, 87]
[364, 61]
[365, 97]
[366, 87]
[367, 60]
[368, 96]
[369, 87]
[370, 60]
[371, 96]
[372, 87]
[373, 60]
[374, 96]
[375, 87]
[376, 60]
[377, 96]
[378, 87]
[379, 60]
[380, 67]
[381, 45]
[383, 61]
[384, 60]
[385, 124]
[386, 61]
[387, 60]
[388, 123]
[389, 60]
[390, 60]
[391, 123]
[392, 60]
[393, 60]
[394, 123]
[395, 60]
[396, 60]
[397, 123]
[398, 60]
[399, 60]
[400, 36]
[401, 1]
[403, 60]
[404, 61]
[405, 123]
[406, 61]
[407, 61]
[408, 123]
[409, 60]
[410, 60]
[411, 123]
[412, 60]
[413, 60]
[414, 123]
[415, 60]
[416, 60]
[417, 123]
[418, 60]
[419, 60]
[420, 84]
[421, 45]
[422, 1]
[423, 105]
[424, 60]
[425, 79]
[426, 105]
[427, 61]
[428, 79]
[429, 105]
[430, 60]
[431, 78]
[432, 105]
[433, 60]
[434, 78]
[435, 105]
[436, 60]
[437, 78]
[438, 60]
[439, 60]
[440, 35]
[441, 1]
[443, 61]
[444, 105]
[445, 78]
[446, 61]
[447, 105]
[448, 79]
[449, 61]
[450, 105]
[451, 78]
[452, 60]
[453, 105]
[454, 78]
[455, 60]
[456, 105]
[457, 78]
[458, 60]
[459, 60]
[460, 35]
[462, 1]
[463, 60]
[464, 61]
[465, 123]
[466, 60]
[467, 61]
[468, 123]
[469, 61]
[470, 61]
[471, 123]
[472, 60]
[473, 60]
[474, 123]
[475, 60]
[476, 60]
[477, 123]
[478, 60]
[479, 60]
[480, 92]
[481, 45]
[483, 97]
[484, 60]
[485, 88]
[486, 96]
[487, 60]
[488, 88]
[489, 96]
[490, 61]
[491, 88]
[492, 96]
[493, 60]
[494, 87]
[495, 96]
[496, 60]
[497, 87]
[498, 60]
[499, 60]
[500, 34]
[501, 1]
[503, 60]
[504, 97]
[505, 87]
[506, 61]
[507, 96]
[508, 87]
[509, 61]
[510, 96]
[511, 88]
[512, 61]
[513, 96]
[514, 87]
[515, 60]
[516, 96]
[517, 87]
[518, 60]
[519, 78]
[520, 64]
[521, 45]
[522, 1]
[523, 105]
[524, 60]
[525, 79]
[526, 105]
[527, 61]
[528, 78]
[529, 105]
[530, 61]
[531, 78]
[532, 106]
[533, 61]
[534, 78]
[535, 105]
[536, 60]
[537, 78]
[538, 60]
[539, 60]
[540, 33]
[541, 1]
[543, 88]
[544, 78]
[545, 78]
[546, 88]
[547, 78]
[548, 79]
[549, 87]
[550, 78]
[551, 79]
[552, 87]
[553, 79]
[554, 79]
[555, 87]
[556, 78]
[557, 78]
[558, 87]
[559, 78]
[560, 81]
[561, 88]
[562, 78]
[563, 79]
[564, 87]
[565, 78]
[566, 79]
[567, 87]
[568, 79]
[569, 78]
[570, 87]
[571, 79]
[572, 78]
[573, 88]
[574, 61]
[575, 60]
[576, 60]
[577, 60]
[578, 78]
[579, 105]
[580, 63]
[581, 79]
[582, 105]
[583, 61]
[584, 78]
[585, 105]
[586, 61]
[587, 78]
[588, 106]
[589, 60]
[590, 78]
[591, 106]
[592, 60]
[593, 61]
[594, 61]
[595, 60]
[596, 60]
[597, 60]
[598, 123]
[599, 60]
[600, 63]
[601, 124]
[602, 60]
[603, 61]
[604, 123]
[605, 60]
[606, 61]
[607, 123]
[608, 61]
[609, 60]
[610, 123]
[611, 61]
[612, 60]
[613, 79]
[614, 61]
[615, 30]
[616, 105]
[617, 60]
[618, 78]
[619, 105]
[620, 63]
[621, 79]
[622, 105]
[623, 61]
[624, 78]
[625, 105]
[626, 61]
[627, 78]
[628, 106]
[629, 60]
[630, 78]
[631, 61]
[632, 60]
[633, 31]
[634, 1]
[636, 60]
[637, 105]
[638, 78]
[639, 60]
[640, 108]
[641, 79]
[642, 60]
[643, 106]
[644, 78]
[645, 60]
[646, 106]
[647, 78]
[648, 61]
[649, 105]
[650, 78]
[651, 61]
[652, 60]
[653, 31]
[654, 61]
[655, 60]
[656, 123]
[657, 60]
[658, 60]
[659, 123]
[660, 63]
[661, 61]
[662, 123]
[663, 61]
[664, 60]
[665, 123]
[666, 61]
[667, 60]
[668, 124]
[669, 60]
[670, 60]
[671, 88]
[672, 45]
[673, 1]
[674, 97]
[675, 60]
[676, 87]
[677, 96]
[678, 60]
[679, 87]
[680, 99]
[681, 61]
[682, 87]
[683, 97]
[684, 60]
[685, 87]
[686, 97]
[687, 60]
[688, 88]
[689, 60]
[690, 60]
[691, 61]
[692, 96]
[693, 88]
[694, 61]
[695, 96]
[696, 87]
[697, 60]
[698, 96]
[699, 87]
[700, 63]
[701, 97]
[702, 87]
[703, 61]
[704, 96]
[705, 87]
[706, 61]
[707, 78]
[708, 61]
[709, 60]
[710, 15]
[711, 106]
[712, 60]
[713, 79]
[714, 106]
[715, 60]
[716, 78]
[717, 105]
[718, 60]
[719, 78]
[720, 108]
[721, 61]
[722, 78]
[723, 106]
[724, 60]
[725, 78]
[726, 61]
[727, 60]
[728, 31]
[731, 88]
[732, 78]
[733, 79]
[734, 88]
[735, 78]
[736, 78]
[737, 87]
[738, 78]
[739, 78]
[740, 90]
[741, 79]
[742, 78]
[743, 88]
[744, 78]
[745, 78]
[746, 61]
[747, 60]
[748, 31]
[749, 87]
[750, 60]
[751, 97]
[752, 87]
[753, 61]
[754, 97]
[755, 87]
[756, 60]
[757, 96]
[758, 87]
[759, 60]
[760, 99]
[761, 88]
[762, 60]
[763, 97]
[764, 87]
[765, 60]
[766, 61]
[767, 45]
[768, 1]
[769, 60]
[770, 60]
[771, 124]
[772, 60]
[773, 61]
[774, 124]
[775, 60]
[776, 60]
[777, 123]
[778, 60]
[779, 60]
[780, 126]
[781, 61]
[782, 60]
[783, 124]
[784, 60]
[785, 60]
[786, 61]
[787, 60]
[788, 124]
[789, 60]
[790, 60]
[791, 124]
[792, 60]
[793, 61]
[794, 124]
[795, 60]
[796, 60]
[797, 123]
[798, 60]
[799, 60]
[800, 126]
[801, 61]
[802, 60]
[803, 79]
[804, 60]
[805, 15]
[806, 106]
[807, 60]
[808, 79]
[809, 105]
[810, 60]
[811, 79]
[812, 105]
[813, 61]
[814, 79]
[815, 105]
[816, 60]
[817, 78]
[818, 105]
[819, 60]
[820, 81]
[821, 61]
[822, 60]
[823, 31]
[826, 61]
[827, 105]
[828, 79]
[829, 60]
[830, 105]
[831, 79]
[832, 60]
[833, 106]
[834, 79]
[835, 60]
[836, 105]
[837, 78]
[838, 60]
[839, 105]
[840, 81]
[841, 61]
[842, 60]
[843, 31]
[844, 60]
[845, 60]
[846, 124]
[847, 60]
[848, 61]
[849, 123]
[850, 60]
[851, 61]
[852, 123]
[853, 61]
[854, 61]
[855, 123]
[856, 60]
[857, 60]
[858, 123]
[859, 60]
[860, 63]
[861, 88]
[862, 45]
[863, 1]
[864, 96]
[865, 60]
[866, 88]
[867, 96]
[868, 61]
[869, 87]
[870, 96]
[871, 61]
[872, 87]
[873, 97]
[874, 61]
[875, 87]
[876, 96]
[877, 60]
[878, 87]
[879, 60]
[880, 63]
[881, 31]
[883, 61]
[884, 96]
[885, 87]
[886, 61]
[887, 96]
[888, 88]
[889, 60]
[890, 96]
[891, 88]
[892, 60]
[893, 97]
[894, 88]
[895, 60]
[896, 96]
[897, 87]
[898, 60]
[899, 78]
[900, 63]
[901, 46]
[903, 106]
[904, 60]
[905, 78]
[906, 106]
[907, 60]
[908, 79]
[909, 105]
[910, 60]
[911, 79]
[912, 105]
[913, 61]
[914, 79]
[915, 105]
[916, 60]
[917, 78]
[918, 60]
[919, 60]
[920, 33]
[921, 1]
[923, 88]
[924, 78]
[925, 78]
[926, 88]
[927, 78]
[928, 79]
[929, 87]
[930, 78]
[931, 79]
[932, 87]
[933, 79]
[934, 79]
[935, 87]
[936, 78]
[937, 78]
[938, 60]
[939, 60]
[940, 33]
[941, 1]
[943, 88]
[944, 60]
[945, 96]
[946, 88]
[947, 60]
[948, 97]
[949, 87]
[950, 60]
[951, 97]
[952, 87]
[953, 61]
[954, 97]
[955, 87]
[956, 60]
[957, 96]
[958, 87]
[959, 60]
[960, 63]
[961, 46]
[963, 61]
[964, 60]
[965, 123]
[966, 61]
[967, 60]
[968, 124]
[969, 60]
[970, 60]
[971, 124]
[972, 60]
[973, 61]
[974, 124]
[975, 60]
[976, 60]
[977, 123]
[978, 60]
[979, 60]
[980, 33]
[981, 1]
[983, 61]
[984, 60]
[985, 123]
[986, 61]
[987, 60]
[988, 124]
[989, 60]
[990, 60]
[991, 124]
[992, 60]
[993, 61]
[994, 124]
[995, 60]
[996, 60]
[997, 123]
[998, 60]
[999, 60]
[1000, 81]
[1001, 46]
[1003, 106]
[1004, 60]
[1005, 78]
[1006, 106]
[1007, 60]
[1008, 79]
[1009, 105]
[1010, 60]
[1011, 79]
[1012, 105]
[1013, 61]
[1014, 79]
[1015, 105]
[1016, 60]
[1017, 78]
[1018, 60]
[1019, 60]
[1020, 33]
[1022, 1]
[1023, 60]
[1024, 106]
[1025, 78]
[1026, 60]
[1027, 106]
[1028, 78]
[1029, 61]
[1030, 105]
[1031, 78]
[1032, 61]
[1033, 105]
[1034, 79]
[1035, 61]
[1036, 105]
[1037, 78]
[1038, 60]
[1039, 60]
[1040, 126]
[1041, 60]
[1042, 61]
[1043, 123]
[1044, 61]
[1045, 60]
[1046, 123]
[1047, 61]
[1048, 60]
[1049, 124]
[1050, 60]
[1051, 60]
[1052, 124]
[1053, 60]
[1054, 61]
[1055, 88]
[1056, 60]
[1057, 60]
[1058, 96]
[1059, 60]
[1060, 90]
[1061, 96]
[1062, 61]
[1063, 87]
[1064, 97]
[1065, 60]
[1066, 87]
[1067, 97]
[1068, 60]
[1069, 88]
[1070, 96]
[1071, 60]
[1072, 88]
[1073, 60]
[1074, 61]
[1075, 61]
[1076, 45]
[1077, 60]
[1078, 96]
[1079, 87]
[1080, 63]
[1081, 96]
[1082, 88]
[1083, 60]
[1084, 97]
[1085, 87]
[1086, 60]
[1087, 97]
[1088, 87]
[1089, 61]
[1090, 96]
[1091, 87]
[1092, 61]
[1093, 78]
[1094, 61]
[1095, 46]
[1097, 105]
[1098, 60]
[1099, 78]
[1100, 108]
[1101, 60]
[1102, 79]
[1103, 105]
[1104, 61]
[1105, 78]
[1106, 105]
[1107, 61]
[1108, 78]
[1109, 106]
[1110, 60]
[1111, 78]
[1112, 61]
[1113, 60]
[1114, 31]
[1115, 1]
[1117, 87]
[1118, 78]
[1119, 78]
[1120, 90]
[1121, 78]
[1122, 79]
[1123, 87]
[1124, 79]
[1125, 78]
[1126, 87]
[1127, 79]
[1128, 78]
[1129, 88]
[1130, 78]
[1131, 78]
[1132, 61]
[1133, 60]
[1134, 31]
[1135, 88]
[1136, 60]
[1137, 96]
[1138, 87]
[1139, 60]
[1140, 99]
[1141, 87]
[1142, 61]
[1143, 96]
[1144, 88]
[1145, 60]
[1146, 96]
[1147, 88]
[1148, 60]
[1149, 97]
[1150, 87]
[1151, 60]
[1152, 61]
[1153, 45]
[1154, 1]
[1155, 61]
[1156, 60]
[1157, 123]
[1158, 60]
[1159, 60]
[1160, 126]
[1161, 60]
[1162, 61]
[1163, 123]
[1164, 61]
[1165, 60]
[1166, 123]
[1167, 61]
[1168, 60]
[1169, 124]
[1170, 60]
[1171, 60]
[1172, 61]
[1173, 60]
[1174, 124]
[1175, 61]
[1176, 60]
[1177, 123]
[1178, 60]
[1179, 60]
[1180, 126]
[1181, 60]
[1182, 61]
[1183, 123]
[1184, 61]
[1185, 60]
[1186, 123]
[1187, 61]
[1188, 60]
[1189, 79]
[1190, 60]
[1191, 15]
[1192, 106]
[1193, 60]
[1194, 79]
[1195, 106]
[1196, 60]
[1197, 78]
[1198, 105]
[1199, 60]
[1200, 81]
[1201, 105]
[1202, 61]
[1203, 78]
[1204, 106]
[1205, 60]
[1206, 78]
[1207, 61]
[1208, 60]
[1209, 31]
[1212, 61]
[1213, 105]
[1214, 79]
[1215, 61]
[1216, 105]
[1217, 78]
[1218, 60]
[1219, 105]
[1220, 81]
[1221, 60]
[1222, 106]
[1223, 78]
[1224, 61]
[1225, 105]
[1226, 78]
[1227, 61]
[1228, 60]
[1229, 31]
[1230, 60]
[1231, 60]
[1232, 124]
[1233, 60]
[1234, 61]
[1235, 124]
[1236, 60]
[1237, 60]
[1238, 123]
[1239, 60]
[1240, 63]
[1241, 123]
[1242, 61]
[1243, 60]
[1244, 124]
[1245, 60]
[1246, 60]
[1247, 88]
[1248, 45]
[1249, 1]
[1250, 96]
[1251, 60]
[1252, 88]
[1253, 96]
[1254, 61]
[1255, 88]
[1256, 96]
[1257, 60]
[1258, 87]
[1259, 96]
[1260, 63]
[1261, 87]
[1262, 97]
[1263, 60]
[1264, 88]
[1265, 60]
[1266, 60]
[1267, 61]
[1268, 96]
[1269, 88]
[1270, 60]
[1271, 96]
[1272, 88]
[1273, 60]
[1274, 97]
[1275, 88]
[1276, 60]
[1277, 96]
[1278, 87]
[1279, 60]
[1280, 99]
[1281, 87]
[1282, 61]
[1283, 78]
[1284, 61]
[1285, 60]
[1286, 15]
[1287, 106]
[1288, 60]
[1289, 79]
[1290, 105]
[1291, 60]
[1292, 79]
[1293, 105]
[1294, 61]
[1295, 79]
[1296, 105]
[1297, 60]
[1298, 78]
[1299, 105]
[1300, 63]
[1301, 78]
[1302, 61]
[1303, 60]
[1304, 31]
[1307, 88]
[1308, 78]
[1309, 79]
[1310, 87]
[1311, 78]
[1312, 79]
[1313, 87]
[1314, 79]
[1315, 79]
[1316, 87]
[1317, 78]
[1318, 78]
[1319, 87]
[1320, 81]
[1321, 78]
[1322, 61]
[1323, 60]
[1324, 31]
[1325, 87]
[1326, 60]
[1327, 97]
[1328, 87]
[1329, 61]
[1330, 96]
[1331, 87]
[1332, 61]
[1333, 96]
[1334, 88]
[1335, 61]
[1336, 96]
[1337, 87]
[1338, 60]
[1339, 96]
[1340, 90]
[1341, 60]
[1342, 61]
[1343, 45]
[1344, 1]
[1345, 60]
[1346, 60]
[1347, 124]
[1348, 60]
[1349, 61]
[1350, 123]
[1351, 60]
[1352, 61]
[1353, 123]
[1354, 61]
[1355, 61]
[1356, 123]
[1357, 60]
[1358, 60]
[1359, 123]
[1360, 63]
[1361, 60]
[1362, 31]
[1363, 60]
[1364, 61]
[1365, 123]
[1366, 60]
[1367, 61]
[1368, 123]
[1369, 61]
[1370, 60]
[1371, 123]
[1372, 61]
[1373, 60]
[1374, 124]
[1375, 61]
[1376, 60]
[1377, 123]
[1378, 60]
[1379, 60]
[1380, 81]
[1381, 45]
[1382, 1]
[1383, 105]
[1384, 61]
[1385, 78]
[1386, 105]
[1387, 61]
[1388, 78]
[1389, 106]
[1390, 60]
[1391, 78]
[1392, 106]
[1393, 60]
[1394, 79]
[1395, 106]
[1396, 60]
[1397, 78]
[1398, 60]
[1399, 60]
[1400, 33]
[1402, 1]
[1403, 60]
[1404, 106]
[1405, 78]
[1406, 60]
[1407, 106]
[1408, 78]
[1409, 61]
[1410, 105]
[1411, 78]
[1412, 61]
[1413, 105]
[1414, 79]
[1415, 61]
[1416, 105]
[1417, 78]
[1418, 60]
[1419, 60]
[1420, 33]
[1422, 1]
[1423, 60]
[1424, 61]
[1425, 123]
[1426, 60]
[1427, 61]
[1428, 123]
[1429, 61]
[1430, 60]
[1431, 123]
[1432, 61]
[1433, 60]
[1434, 124]
[1435, 61]
[1436, 60]
[1437, 123]
[1438, 60]
[1439, 60]
