SimulationV02.py[2838167.92, [4000, 4000, 4000, 4000, 4000, 4000, 4000, 4000, 4000, 4000, 4000, 4000, 4000, 4000, 4000, 4000, 4000, 4000, 4000, 4000, 4000, 4000, 4000, 4000, 4000, 4000, 4000, 4000, 4000, 4000, 4000, 4000, 4000, 4000, 4000, 4000, 4000, 4000], [13, 9, 9, 25, 1, 9, 75, 9999, 9999, 9999, 9999, 9999, 9999]]
[2838227.64, [4000, 4000, 4000, 4000, 4000, 4000, 4000, 4000, 4000, 4000, 4000, 4000, 4000, 4000, 4000, 4000, 4000, 4000, 4000, 4000, 4000, 4000, 4000, 4000, 4000, 4000, 4000, 4000, 4000, 4000, 4000, 4000, 4000, 4000, 4000, 4000, 4000, 4000], [13, 9, 9, 25, 1, 9, 75, 9999, 9999, 9999, 9999, 9999, 9999]]
[2838660.45, [4000, 4000, 4000, 4000, 4000, 4000, 4000, 4000, 4000, 4000, 4000, 4000, 4000, 4000, 4000, 4000, 4000, 4000, 4000, 4000, 4000, 4000, 4000, 4000, 4000, 4000, 4000, 4000, 4000, 4000, 4000, 4000, 4000, 4000, 4000, 4000, 4000, 4000], [13, 9, 9, 25, 1, 9, 75, 9999, 9999, 9999, 9999, 9999, 9999]]
[2838661.38, [4000, 4000, 4000, 4000, 4000, 4000, 4000, 4000, 4000, 4000, 4000, 4000, 4000, 4000, 4000, 4000, 4000, 4000, 4000, 4000, 4000, 4000, 4000, 4000, 4000, 4000, 4000, 4000, 4000, 4000, 4000, 4000, 4000, 4000, 4000, 4000, 4000, 4000], [13, 9, 9, 25, 1, 9, 75, 9999, 9999, 9999, 9999, 9999, 9999]]
[2838677.17, [4000, 4000, 4000, 4000, 4000, 4000, 4000, 4000, 4000, 4000, 4000, 4000, 4000, 4000, 4000, 4000, 4000, 4000, 4000, 4000, 4000, 4000, 4000, 4000, 4000, 4000, 4000, 4000, 4000, 4000, 4000, 4000, 4000, 4000, 4000, 4000, 4000, 4000], [13, 9, 9, 25, 1, 9, 75, 9999, 9999, 9999, 9999, 9999, 9999]]
[2838852.12, [4000, 4000, 4000, 4000, 4000, 4000, 4000, 4000, 4000, 4000, 4000, 4000, 4000, 4000, 4000, 4000, 4000, 4000, 4000, 4000, 4000, 4000, 4000, 4000, 4000, 4000, 4000, 4000, 4000, 4000, 4000, 4000, 4000, 4000, 4000, 4000, 4000, 4000], [13, 9, 9, 25, 1, 9, 75, 9999, 9999, 9999, 9999, 9999, 9999]]
[2838877.73, [4000, 4000, 4000, 4000, 4000, 4000, 4000, 4000, 4000, 4000, 4000, 4000, 4000, 4000, 4000, 4000, 4000, 4000, 4000, 4000, 4000, 4000, 4000, 4000, 4000, 4000, 4000, 4000, 4000, 4000, 4000, 4000, 4000, 4000, 4000, 4000, 4000, 4000], [13, 9, 9, 25, 1, 9, 75, 9999, 9999, 9999, 9999, 9999, 9999]]
[2838988.59, [4000, 4000, 4000, 4000, 4000, 4000, 4000, 4000, 4000, 4000, 4000, 4000, 4000, 4000, 4000, 4000, 4000, 4000, 4000, 4000, 4000, 4000, 4000, 4000, 4000, 4000, 4000, 4000, 4000, 4000, 4000, 4000, 4000, 4000, 4000, 4000, 4000, 4000], [13, 9, 9, 25, 1, 9, 75, 9999, 9999, 9999, 9999, 9999, 9999]]
[2839055.88, [4000, 4000, 4000, 4000, 4000, 4000, 4000, 4000, 4000, 4000, 4000, 4000, 4000, 4000, 4000, 4000, 4000, 4000, 4000, 4000, 4000, 4000, 4000, 4000, 4000, 4000, 4000, 4000, 4000, 4000, 4000, 4000, 4000, 4000, 4000, 4000, 4000, 4000], [13, 9, 9, 25, 1, 10, 76, 9999, 9999, 9999, 9999, 9999, 9999]]
[2839614.85, [4000, 4000, 4000, 4000, 4000, 4000, 4000, 4000, 4000, 4000, 4000, 4000, 4000, 4000, 4000, 4000, 4000, 4000, 4000, 4000, 4000, 4000, 4000, 4000, 4000, 4000, 4000, 4000, 4000, 4000, 4000, 4000, 4000, 4000, 4000, 4000, 4000, 4000], [13, 9, 9, 25, 1, 9, 75, 9999, 9999, 9999, 9999, 9999, 9999]]
[2894957.26, [4130, 4130, 4130, 4130, 4130, 4130, 4130, 4130, 4130, 4130, 4130, 4130, 4130, 4130, 4130, 4130, 4130, 4130, 4130, 4130, 4130, 4130, 4130, 4130, 4130, 4130, 4130, 4130, 4130, 4130, 4130, 4130, 4130, 4130, 4130, 4130, 4130, 4130], [14, 9, 9, 25, 1, 10, 76, 9999, 9999, 9999, 9999, 9999, 9999]]
[2895024.97, [4115, 4130, 4130, 4130, 4130, 4130, 4130, 4130, 4130, 4130, 4130, 4130, 4130, 4130, 4130, 4130, 4130, 4130, 4130, 4130, 4130, 4130, 4130, 4130, 4130, 4130, 4130, 4130, 4130, 4130, 4130, 4130, 4130, 4130, 4130, 4130, 4130, 4130], [14, 9, 9, 25, 1, 10, 75, 9999, 9999, 9999, 9999, 9999, 9999]]
[2898502.32, [4125, 4125, 4130, 4130, 4130, 4130, 4130, 4130, 4130, 4130, 4130, 4130, 4130, 4130, 4130, 4130, 4130, 4130, 4130, 4130, 4130, 4130, 4130, 4130, 4130, 4130, 4130, 4130, 4130, 4130, 4130, 4130, 4130, 4130, 4130, 4130, 4130, 4130], [14, 9, 9, 25, 1, 9, 76, 9999, 9999, 9999, 9999, 9999, 9999]]
[2899337.63, [4130, 4130, 4130, 4130, 4130, 4130, 4130, 4130, 4130, 4130, 4130, 4130, 4130, 4130, 4130, 4130, 4130, 4130, 4130, 4130, 4130, 4130, 4130, 4130, 4130, 4130, 4130, 4130, 4130, 4130, 4130, 4130, 4130, 4130, 4130, 4130, 4130, 4130], [14, 9, 9, 25, 1, 9, 75, 9999, 9999, 9999, 9999, 9999, 9999]]
[2904963.4, [4000, 4000, 4000, 4000, 4000, 4000, 4000, 4000, 4000, 4000, 4000, 4000, 4000, 4000, 4000, 4000, 4000, 4000, 4000, 4000, 4000, 4000, 4000, 4000, 4000, 4000, 4000, 4000, 4000, 4000, 4000, 4000, 4000, 4000, 4000, 4000, 4000, 4000], [13, 9, 9, 26, 1, 10, 76, 9999, 9999, 9999, 9999, 9999, 9999]]
[2913344.79, [4110, 4160, 4160, 4160, 4165, 4165, 4165, 4165, 4165, 4165, 4165, 4165, 4165, 4165, 4165, 4165, 4165, 4165, 4165, 4165, 4165, 4165, 4165, 4165, 4165, 4165, 4165, 4165, 4165, 4165, 4165, 4165, 4165, 4165, 4165, 4165, 4165, 4165], [14, 9, 9, 26, 1, 10, 76, 9999, 9999, 9999, 9999, 9999, 9999]]
[2913465.42, [4155, 4165, 4165, 4165, 4165, 4165, 4165, 4165, 4165, 4165, 4165, 4165, 4165, 4165, 4165, 4165, 4165, 4165, 4165, 4165, 4165, 4165, 4165, 4165, 4165, 4165, 4165, 4165, 4165, 4165, 4165, 4165, 4165, 4165, 4165, 4165, 4165, 4165], [14, 9, 9, 26, 1, 9, 75, 9999, 9999, 9999, 9999, 9999, 9999]]
[2914318.18, [4135, 4145, 4145, 4150, 4160, 4165, 4165, 4165, 4165, 4165, 4165, 4165, 4165, 4165, 4165, 4165, 4165, 4165, 4165, 4165, 4165, 4165, 4165, 4165, 4165, 4165, 4165, 4165, 4165, 4165, 4165, 4165, 4165, 4165, 4165, 4165, 4165, 4165], [14, 9, 9, 26, 1, 10, 75, 9999, 9999, 9999, 9999, 9999, 9999]]
[2915003.35, [4135, 4135, 4145, 4150, 4155, 4155, 4160, 4160, 4160, 4160, 4165, 4165, 4165, 4165, 4165, 4165, 4165, 4165, 4165, 4165, 4165, 4165, 4165, 4165, 4165, 4165, 4165, 4165, 4165, 4165, 4165, 4165, 4165, 4165, 4165, 4165, 4165, 4165], [14, 9, 9, 26, 1, 9, 76, 9999, 9999, 9999, 9999, 9999, 9999]]
[2918246.09, [4125, 4130, 4130, 4130, 4130, 4130, 4130, 4130, 4130, 4130, 4130, 4130, 4130, 4130, 4130, 4130, 4130, 4130, 4130, 4130, 4130, 4130, 4130, 4130, 4130, 4130, 4130, 4130, 4130, 4130, 4130, 4130, 4130, 4130, 4130, 4130, 4130, 4130], [14, 9, 9, 25, 2, 10, 76, 9999, 9999, 9999, 9999, 9999, 9999]]
[2919627.35, [4115, 4130, 4130, 4130, 4130, 4130, 4130, 4130, 4130, 4130, 4130, 4130, 4130, 4130, 4130, 4130, 4130, 4130, 4130, 4130, 4130, 4130, 4130, 4130, 4130, 4130, 4130, 4130, 4130, 4130, 4130, 4130, 4130, 4130, 4130, 4130, 4130, 4130], [14, 9, 9, 25, 2, 10, 75, 9999, 9999, 9999, 9999, 9999, 9999]]
[2922270.73, [4130, 4130, 4130, 4130, 4130, 4130, 4130, 4130, 4130, 4130, 4130, 4130, 4130, 4130, 4130, 4130, 4130, 4130, 4130, 4130, 4130, 4130, 4130, 4130, 4130, 4130, 4130, 4130, 4130, 4130, 4130, 4130, 4130, 4130, 4130, 4130, 4130, 4130], [14, 9, 9, 25, 2, 9, 75, 9999, 9999, 9999, 9999, 9999, 9999]]
[2922872.68, [4115, 4130, 4130, 4130, 4130, 4130, 4130, 4130, 4130, 4130, 4130, 4130, 4130, 4130, 4130, 4130, 4130, 4130, 4130, 4130, 4130, 4130, 4130, 4130, 4130, 4130, 4130, 4130, 4130, 4130, 4130, 4130, 4130, 4130, 4130, 4130, 4130, 4130], [14, 9, 9, 25, 2, 9, 76, 9999, 9999, 9999, 9999, 9999, 9999]]
[2938110.18, [4135, 4150, 4155, 4155, 4160, 4160, 4160, 4165, 4165, 4165, 4165, 4165, 4165, 4165, 4165, 4165, 4165, 4165, 4165, 4165, 4165, 4165, 4165, 4165, 4165, 4165, 4165, 4165, 4165, 4165, 4165, 4165, 4165, 4165, 4165, 4165, 4165, 4165], [14, 9, 9, 26, 2, 10, 76, 9999, 9999, 9999, 9999, 9999, 9999]]
[2938222.96, [4125, 4150, 4155, 4155, 4160, 4165, 4165, 4165, 4165, 4165, 4165, 4165, 4165, 4165, 4165, 4165, 4165, 4165, 4165, 4165, 4165, 4165, 4165, 4165, 4165, 4165, 4165, 4165, 4165, 4165, 4165, 4165, 4165, 4165, 4165, 4165, 4165, 4165], [14, 9, 9, 26, 2, 10, 75, 9999, 9999, 9999, 9999, 9999, 9999]]
[2938382.74, [4125, 4160, 4165, 4165, 4165, 4165, 4165, 4165, 4165, 4165, 4165, 4165, 4165, 4165, 4165, 4165, 4165, 4165, 4165, 4165, 4165, 4165, 4165, 4165, 4165, 4165, 4165, 4165, 4165, 4165, 4165, 4165, 4165, 4165, 4165, 4165, 4165, 4165], [14, 9, 9, 26, 2, 9, 76, 9999, 9999, 9999, 9999, 9999, 9999]]
[2938713.22, [4125, 4140, 4140, 4145, 4160, 4160, 4165, 4165, 4165, 4165, 4165, 4165, 4165, 4165, 4165, 4165, 4165, 4165, 4165, 4165, 4165, 4165, 4165, 4165, 4165, 4165, 4165, 4165, 4165, 4165, 4165, 4165, 4165, 4165, 4165, 4165, 4165, 4165], [14, 9, 9, 26, 2, 9, 75, 9999, 9999, 9999, 9999, 9999, 9999]]
[3019854.11, [4090, 4120, 4130, 4130, 4130, 4130, 4130, 4130, 4130, 4130, 4130, 4130, 4130, 4130, 4130, 4130, 4130, 4130, 4130, 4130, 4130, 4130, 4130, 4130, 4130, 4130, 4130, 4130, 4130, 4130, 4130, 4130, 4130, 4130, 4130, 4130, 4130, 4130], [14, 9, 10, 25, 1, 10, 75, 9999, 9999, 9999, 9999, 9999, 9999]]
[3020086.84, [4130, 4130, 4130, 4130, 4130, 4130, 4130, 4130, 4130, 4130, 4130, 4130, 4130, 4130, 4130, 4130, 4130, 4130, 4130, 4130, 4130, 4130, 4130, 4130, 4130, 4130, 4130, 4130, 4130, 4130, 4130, 4130, 4130, 4130, 4130, 4130, 4130, 4130], [14, 9, 10, 25, 1, 10, 76, 9999, 9999, 9999, 9999, 9999, 9999]]
[3023619.09, [4130, 4130, 4130, 4130, 4130, 4130, 4130, 4130, 4130, 4130, 4130, 4130, 4130, 4130, 4130, 4130, 4130, 4130, 4130, 4130, 4130, 4130, 4130, 4130, 4130, 4130, 4130, 4130, 4130, 4130, 4130, 4130, 4130, 4130, 4130, 4130, 4130, 4130], [14, 10, 9, 25, 1, 10, 76, 9999, 9999, 9999, 9999, 9999, 9999]]
[3023720.03, [4130, 4130, 4130, 4130, 4130, 4130, 4130, 4130, 4130, 4130, 4130, 4130, 4130, 4130, 4130, 4130, 4130, 4130, 4130, 4130, 4130, 4130, 4130, 4130, 4130, 4130, 4130, 4130, 4130, 4130, 4130, 4130, 4130, 4130, 4130, 4130, 4130, 4130], [14, 10, 9, 25, 1, 10, 75, 9999, 9999, 9999, 9999, 9999, 9999]]
[3024251.71, [4130, 4130, 4130, 4130, 4130, 4130, 4130, 4130, 4130, 4130, 4130, 4130, 4130, 4130, 4130, 4130, 4130, 4130, 4130, 4130, 4130, 4130, 4130, 4130, 4130, 4130, 4130, 4130, 4130, 4130, 4130, 4130, 4130, 4130, 4130, 4130, 4130, 4130], [14, 9, 10, 25, 1, 9, 76, 9999, 9999, 9999, 9999, 9999, 9999]]
[3024895.3, [4130, 4130, 4130, 4130, 4130, 4130, 4130, 4130, 4130, 4130, 4130, 4130, 4130, 4130, 4130, 4130, 4130, 4130, 4130, 4130, 4130, 4130, 4130, 4130, 4130, 4130, 4130, 4130, 4130, 4130, 4130, 4130, 4130, 4130, 4130, 4130, 4130, 4130], [14, 9, 10, 25, 1, 9, 75, 9999, 9999, 9999, 9999, 9999, 9999]]
[3027979.07, [4130, 4130, 4130, 4130, 4130, 4130, 4130, 4130, 4130, 4130, 4130, 4130, 4130, 4130, 4130, 4130, 4130, 4130, 4130, 4130, 4130, 4130, 4130, 4130, 4130, 4130, 4130, 4130, 4130, 4130, 4130, 4130, 4130, 4130, 4130, 4130, 4130, 4130], [14, 10, 9, 25, 1, 9, 76, 9999, 9999, 9999, 9999, 9999, 9999]]
[3028456.67, [4130, 4130, 4130, 4130, 4130, 4130, 4130, 4130, 4130, 4130, 4130, 4130, 4130, 4130, 4130, 4130, 4130, 4130, 4130, 4130, 4130, 4130, 4130, 4130, 4130, 4130, 4130, 4130, 4130, 4130, 4130, 4130, 4130, 4130, 4130, 4130, 4130, 4130], [14, 10, 9, 25, 1, 9, 75, 9999, 9999, 9999, 9999, 9999, 9999]]
[3033267.66, [4000, 4000, 4000, 4000, 4000, 4000, 4000, 4000, 4000, 4000, 4000, 4000, 4000, 4000, 4000, 4000, 4000, 4000, 4000, 4000, 4000, 4000, 4000, 4000, 4000, 4000, 4000, 4000, 4000, 4000, 4000, 4000, 4000, 4000, 4000, 4000, 4000, 4000], [13, 10, 9, 26, 1, 9, 75, 9999, 9999, 9999, 9999, 9999, 9999]]
[3038654.12, [4140, 4160, 4160, 4165, 4165, 4165, 4165, 4165, 4165, 4165, 4165, 4165, 4165, 4165, 4165, 4165, 4165, 4165, 4165, 4165, 4165, 4165, 4165, 4165, 4165, 4165, 4165, 4165, 4165, 4165, 4165, 4165, 4165, 4165, 4165, 4165, 4165, 4165], [14, 9, 10, 26, 1, 10, 75, 9999, 9999, 9999, 9999, 9999, 9999]]
[3039732.63, [4110, 4140, 4165, 4165, 4165, 4165, 4165, 4165, 4165, 4165, 4165, 4165, 4165, 4165, 4165, 4165, 4165, 4165, 4165, 4165, 4165, 4165, 4165, 4165, 4165, 4165, 4165, 4165, 4165, 4165, 4165, 4165, 4165, 4165, 4165, 4165, 4165, 4165], [14, 9, 10, 26, 1, 10, 76, 9999, 9999, 9999, 9999, 9999, 9999]]
[3040054.58, [4135, 4165, 4165, 4165, 4165, 4165, 4165, 4165, 4165, 4165, 4165, 4165, 4165, 4165, 4165, 4165, 4165, 4165, 4165, 4165, 4165, 4165, 4165, 4165, 4165, 4165, 4165, 4165, 4165, 4165, 4165, 4165, 4165, 4165, 4165, 4165, 4165, 4165], [14, 9, 10, 26, 1, 9, 75, 9999, 9999, 9999, 9999, 9999, 9999]]
[3040079.1, [4095, 4150, 4160, 4160, 4165, 4165, 4165, 4165, 4165, 4165, 4165, 4165, 4165, 4165, 4165, 4165, 4165, 4165, 4165, 4165, 4165, 4165, 4165, 4165, 4165, 4165, 4165, 4165, 4165, 4165, 4165, 4165, 4165, 4165, 4165, 4165, 4165, 4165], [14, 9, 10, 26, 1, 9, 76, 9999, 9999, 9999, 9999, 9999, 9999]]
[3041781.9, [4165, 4165, 4165, 4165, 4165, 4165, 4165, 4165, 4165, 4165, 4165, 4165, 4165, 4165, 4165, 4165, 4165, 4165, 4165, 4165, 4165, 4165, 4165, 4165, 4165, 4165, 4165, 4165, 4165, 4165, 4165, 4165, 4165, 4165, 4165, 4165, 4165, 4165], [14, 10, 9, 26, 1, 10, 76, 9999, 9999, 9999, 9999, 9999, 9999]]
[3042895.23, [4150, 4160, 4160, 4165, 4165, 4165, 4165, 4165, 4165, 4165, 4165, 4165, 4165, 4165, 4165, 4165, 4165, 4165, 4165, 4165, 4165, 4165, 4165, 4165, 4165, 4165, 4165, 4165, 4165, 4165, 4165, 4165, 4165, 4165, 4165, 4165, 4165, 4165], [14, 10, 9, 26, 1, 10, 75, 9999, 9999, 9999, 9999, 9999, 9999]]
[3043008.36, [4160, 4160, 4165, 4165, 4165, 4165, 4165, 4165, 4165, 4165, 4165, 4165, 4165, 4165, 4165, 4165, 4165, 4165, 4165, 4165, 4165, 4165, 4165, 4165, 4165, 4165, 4165, 4165, 4165, 4165, 4165, 4165, 4165, 4165, 4165, 4165, 4165, 4165], [14, 10, 9, 26, 1, 9, 75, 9999, 9999, 9999, 9999, 9999, 9999]]
[3043702.27, [4130, 4160, 4165, 4165, 4165, 4165, 4165, 4165, 4165, 4165, 4165, 4165, 4165, 4165, 4165, 4165, 4165, 4165, 4165, 4165, 4165, 4165, 4165, 4165, 4165, 4165, 4165, 4165, 4165, 4165, 4165, 4165, 4165, 4165, 4165, 4165, 4165, 4165], [14, 10, 9, 26, 1, 9, 76, 9999, 9999, 9999, 9999, 9999, 9999]]
[3044566.01, [4130, 4130, 4130, 4130, 4130, 4130, 4130, 4130, 4130, 4130, 4130, 4130, 4130, 4130, 4130, 4130, 4130, 4130, 4130, 4130, 4130, 4130, 4130, 4130, 4130, 4130, 4130, 4130, 4130, 4130, 4130, 4130, 4130, 4130, 4130, 4130, 4130, 4130], [14, 9, 10, 25, 2, 10, 75, 9999, 9999, 9999, 9999, 9999, 9999]]
[3044712.98, [4060, 4130, 4130, 4130, 4130, 4130, 4130, 4130, 4130, 4130, 4130, 4130, 4130, 4130, 4130, 4130, 4130, 4130, 4130, 4130, 4130, 4130, 4130, 4130, 4130, 4130, 4130, 4130, 4130, 4130, 4130, 4130, 4130, 4130, 4130, 4130, 4130, 4130], [14, 9, 10, 25, 2, 10, 76, 9999, 9999, 9999, 9999, 9999, 9999]]
[3047086.83, [4130, 4130, 4130, 4130, 4130, 4130, 4130, 4130, 4130, 4130, 4130, 4130, 4130, 4130, 4130, 4130, 4130, 4130, 4130, 4130, 4130, 4130, 4130, 4130, 4130, 4130, 4130, 4130, 4130, 4130, 4130, 4130, 4130, 4130, 4130, 4130, 4130, 4130], [14, 10, 9, 25, 2, 10, 75, 9999, 9999, 9999, 9999, 9999, 9999]]
[3047488.3, [4130, 4130, 4130, 4130, 4130, 4130, 4130, 4130, 4130, 4130, 4130, 4130, 4130, 4130, 4130, 4130, 4130, 4130, 4130, 4130, 4130, 4130, 4130, 4130, 4130, 4130, 4130, 4130, 4130, 4130, 4130, 4130, 4130, 4130, 4130, 4130, 4130, 4130], [14, 10, 9, 25, 2, 10, 76, 9999, 9999, 9999, 9999, 9999, 9999]]
[3048671.28, [4130, 4130, 4130, 4130, 4130, 4130, 4130, 4130, 4130, 4130, 4130, 4130, 4130, 4130, 4130, 4130, 4130, 4130, 4130, 4130, 4130, 4130, 4130, 4130, 4130, 4130, 4130, 4130, 4130, 4130, 4130, 4130, 4130, 4130, 4130, 4130, 4130, 4130], [14, 9, 10, 25, 2, 9, 76, 9999, 9999, 9999, 9999, 9999, 9999]]
[3048757.33, [4130, 4130, 4130, 4130, 4130, 4130, 4130, 4130, 4130, 4130, 4130, 4130, 4130, 4130, 4130, 4130, 4130, 4130, 4130, 4130, 4130, 4130, 4130, 4130, 4130, 4130, 4130, 4130, 4130, 4130, 4130, 4130, 4130, 4130, 4130, 4130, 4130, 4130], [14, 9, 10, 25, 2, 9, 75, 9999, 9999, 9999, 9999, 9999, 9999]]
[3051072.07, [4130, 4130, 4130, 4130, 4130, 4130, 4130, 4130, 4130, 4130, 4130, 4130, 4130, 4130, 4130, 4130, 4130, 4130, 4130, 4130, 4130, 4130, 4130, 4130, 4130, 4130, 4130, 4130, 4130, 4130, 4130, 4130, 4130, 4130, 4130, 4130, 4130, 4130], [14, 10, 9, 25, 2, 9, 76, 9999, 9999, 9999, 9999, 9999, 9999]]
[3051533.79, [4130, 4130, 4130, 4130, 4130, 4130, 4130, 4130, 4130, 4130, 4130, 4130, 4130, 4130, 4130, 4130, 4130, 4130, 4130, 4130, 4130, 4130, 4130, 4130, 4130, 4130, 4130, 4130, 4130, 4130, 4130, 4130, 4130, 4130, 4130, 4130, 4130, 4130], [14, 10, 9, 25, 2, 9, 75, 9999, 9999, 9999, 9999, 9999, 9999]]
[3055275.57, [4000, 4000, 4000, 4000, 4000, 4000, 4000, 4000, 4000, 4000, 4000, 4000, 4000, 4000, 4000, 4000, 4000, 4000, 4000, 4000, 4000, 4000, 4000, 4000, 4000, 4000, 4000, 4000, 4000, 4000, 4000, 4000, 4000, 4000, 4000, 4000, 4000, 4000], [13, 9, 10, 26, 2, 10, 76, 9999, 9999, 9999, 9999, 9999, 9999]]
[3062807.42, [4150, 4160, 4160, 4165, 4165, 4165, 4165, 4165, 4165, 4165, 4165, 4165, 4165, 4165, 4165, 4165, 4165, 4165, 4165, 4165, 4165, 4165, 4165, 4165, 4165, 4165, 4165, 4165, 4165, 4165, 4165, 4165, 4165, 4165, 4165, 4165, 4165, 4165], [14, 9, 10, 26, 2, 10, 75, 9999, 9999, 9999, 9999, 9999, 9999]]
[3063266.64, [4145, 4150, 4165, 4165, 4165, 4165, 4165, 4165, 4165, 4165, 4165, 4165, 4165, 4165, 4165, 4165, 4165, 4165, 4165, 4165, 4165, 4165, 4165, 4165, 4165, 4165, 4165, 4165, 4165, 4165, 4165, 4165, 4165, 4165, 4165, 4165, 4165, 4165], [14, 9, 10, 26, 2, 10, 76, 9999, 9999, 9999, 9999, 9999, 9999]]
[3063739.39, [4145, 4155, 4165, 4165, 4165, 4165, 4165, 4165, 4165, 4165, 4165, 4165, 4165, 4165, 4165, 4165, 4165, 4165, 4165, 4165, 4165, 4165, 4165, 4165, 4165, 4165, 4165, 4165, 4165, 4165, 4165, 4165, 4165, 4165, 4165, 4165, 4165, 4165], [14, 9, 10, 26, 2, 9, 75, 9999, 9999, 9999, 9999, 9999, 9999]]
[3063957.98, [4120, 4145, 4160, 4160, 4160, 4165, 4165, 4165, 4165, 4165, 4165, 4165, 4165, 4165, 4165, 4165, 4165, 4165, 4165, 4165, 4165, 4165, 4165, 4165, 4165, 4165, 4165, 4165, 4165, 4165, 4165, 4165, 4165, 4165, 4165, 4165, 4165, 4165], [14, 9, 10, 26, 2, 9, 76, 9999, 9999, 9999, 9999, 9999, 9999]]
[3065838.21, [4150, 4165, 4165, 4165, 4165, 4165, 4165, 4165, 4165, 4165, 4165, 4165, 4165, 4165, 4165, 4165, 4165, 4165, 4165, 4165, 4165, 4165, 4165, 4165, 4165, 4165, 4165, 4165, 4165, 4165, 4165, 4165, 4165, 4165, 4165, 4165, 4165, 4165], [14, 10, 9, 26, 2, 10, 76, 9999, 9999, 9999, 9999, 9999, 9999]]
[3066719.7, [4155, 4160, 4160, 4165, 4165, 4165, 4165, 4165, 4165, 4165, 4165, 4165, 4165, 4165, 4165, 4165, 4165, 4165, 4165, 4165, 4165, 4165, 4165, 4165, 4165, 4165, 4165, 4165, 4165, 4165, 4165, 4165, 4165, 4165, 4165, 4165, 4165, 4165], [14, 10, 9, 26, 2, 10, 75, 9999, 9999, 9999, 9999, 9999, 9999]]
[3067365.71, [4155, 4155, 4155, 4160, 4160, 4165, 4165, 4165, 4165, 4165, 4165, 4165, 4165, 4165, 4165, 4165, 4165, 4165, 4165, 4165, 4165, 4165, 4165, 4165, 4165, 4165, 4165, 4165, 4165, 4165, 4165, 4165, 4165, 4165, 4165, 4165, 4165, 4165], [14, 10, 9, 26, 2, 9, 76, 9999, 9999, 9999, 9999, 9999, 9999]]
[3067368.11, [4155, 4155, 4160, 4165, 4165, 4165, 4165, 4165, 4165, 4165, 4165, 4165, 4165, 4165, 4165, 4165, 4165, 4165, 4165, 4165, 4165, 4165, 4165, 4165, 4165, 4165, 4165, 4165, 4165, 4165, 4165, 4165, 4165, 4165, 4165, 4165, 4165, 4165], [14, 10, 9, 26, 2, 9, 75, 9999, 9999, 9999, 9999, 9999, 9999]]
[3093571.01, [4000, 4000, 4000, 4000, 4000, 4000, 4000, 4000, 4000, 4000, 4000, 4000, 4000, 4000, 4000, 4000, 4000, 4000, 4000, 4000, 4000, 4000, 4000, 4000, 4000, 4000, 4000, 4000, 4000, 4000, 4000, 4000, 4000, 4000, 4000, 4000, 4000, 4000], [13, 10, 10, 25, 1, 9, 75, 9999, 9999, 9999, 9999, 9999, 9999]]
[3104698.91, [4140, 4140, 4140, 4140, 4140, 4140, 4140, 4140, 4140, 4140, 4140, 4140, 4140, 4140, 4140, 4140, 4140, 4140, 4140, 4140, 4140, 4140, 4140, 4140, 4140, 4140, 4140, 4140, 4140, 4140, 4140, 4140, 4140, 4140, 4140, 4140, 4140, 4140], [16, 9, 9, 25, 1, 12, 75, 9999, 9999, 9999, 9999, 9999, 9999]]
[3105602.92, [4110, 4140, 4140, 4140, 4140, 4140, 4140, 4140, 4140, 4140, 4140, 4140, 4140, 4140, 4140, 4140, 4140, 4140, 4140, 4140, 4140, 4140, 4140, 4140, 4140, 4140, 4140, 4140, 4140, 4140, 4140, 4140, 4140, 4140, 4140, 4140, 4140, 4140], [16, 9, 9, 25, 1, 12, 78, 9999, 9999, 9999, 9999, 9999, 9999]]
[3111920.23, [4125, 4130, 4130, 4130, 4130, 4130, 4130, 4130, 4130, 4130, 4130, 4130, 4130, 4130, 4130, 4130, 4130, 4130, 4130, 4130, 4130, 4130, 4130, 4130, 4130, 4130, 4130, 4130, 4130, 4130, 4130, 4130, 4130, 4130, 4130, 4130, 4130, 4130], [16, 9, 9, 25, 1, 9, 78, 9999, 9999, 9999, 9999, 9999, 9999]]
[3112311.93, [4130, 4130, 4130, 4130, 4130, 4130, 4130, 4130, 4130, 4130, 4130, 4130, 4130, 4130, 4130, 4130, 4130, 4130, 4130, 4130, 4130, 4130, 4130, 4130, 4130, 4130, 4130, 4130, 4130, 4130, 4130, 4130, 4130, 4130, 4130, 4130, 4130, 4130], [16, 9, 9, 25, 1, 9, 75, 9999, 9999, 9999, 9999, 9999, 9999]]
[3120153.36, [4275, 4275, 4275, 4275, 4275, 4275, 4275, 4275, 4275, 4275, 4275, 4275, 4275, 4275, 4275, 4275, 4275, 4275, 4275, 4275, 4275, 4275, 4275, 4275, 4275, 4275, 4275, 4275, 4275, 4275, 4275, 4275, 4275, 4275, 4275, 4275, 4275, 4275], [14, 10, 10, 26, 1, 10, 76, 9999, 9999, 9999, 9999, 9999, 9999]]
[3120631.87, [4275, 4275, 4275, 4275, 4275, 4275, 4275, 4275, 4275, 4275, 4275, 4275, 4275, 4275, 4275, 4275, 4275, 4275, 4275, 4275, 4275, 4275, 4275, 4275, 4275, 4275, 4275, 4275, 4275, 4275, 4275, 4275, 4275, 4275, 4275, 4275, 4275, 4275], [14, 10, 10, 26, 1, 10, 75, 9999, 9999, 9999, 9999, 9999, 9999]]
[3123266.96, [4275, 4275, 4275, 4275, 4275, 4275, 4275, 4275, 4275, 4275, 4275, 4275, 4275, 4275, 4275, 4275, 4275, 4275, 4275, 4275, 4275, 4275, 4275, 4275, 4275, 4275, 4275, 4275, 4275, 4275, 4275, 4275, 4275, 4275, 4275, 4275, 4275, 4275], [14, 10, 10, 26, 1, 9, 75, 9999, 9999, 9999, 9999, 9999, 9999]]
[3124421.06, [4275, 4275, 4275, 4275, 4275, 4275, 4275, 4275, 4275, 4275, 4275, 4275, 4275, 4275, 4275, 4275, 4275, 4275, 4275, 4275, 4275, 4275, 4275, 4275, 4275, 4275, 4275, 4275, 4275, 4275, 4275, 4275, 4275, 4275, 4275, 4275, 4275, 4275], [14, 10, 10, 26, 1, 9, 76, 9999, 9999, 9999, 9999, 9999, 9999]]
[3144031.35, [4275, 4275, 4275, 4275, 4275, 4275, 4275, 4275, 4275, 4275, 4275, 4275, 4275, 4275, 4275, 4275, 4275, 4275, 4275, 4275, 4275, 4275, 4275, 4275, 4275, 4275, 4275, 4275, 4275, 4275, 4275, 4275, 4275, 4275, 4275, 4275, 4275, 4275], [14, 10, 10, 26, 2, 10, 76, 9999, 9999, 9999, 9999, 9999, 9999]]
[3144755.01, [4275, 4275, 4275, 4275, 4275, 4275, 4275, 4275, 4275, 4275, 4275, 4275, 4275, 4275, 4275, 4275, 4275, 4275, 4275, 4275, 4275, 4275, 4275, 4275, 4275, 4275, 4275, 4275, 4275, 4275, 4275, 4275, 4275, 4275, 4275, 4275, 4275, 4275], [14, 10, 10, 26, 2, 10, 75, 9999, 9999, 9999, 9999, 9999, 9999]]
[3148652.98, [4270, 4275, 4275, 4275, 4275, 4275, 4275, 4275, 4275, 4275, 4275, 4275, 4275, 4275, 4275, 4275, 4275, 4275, 4275, 4275, 4275, 4275, 4275, 4275, 4275, 4275, 4275, 4275, 4275, 4275, 4275, 4275, 4275, 4275, 4275, 4275, 4275, 4275], [14, 10, 10, 26, 2, 9, 76, 9999, 9999, 9999, 9999, 9999, 9999]]
[3149531.23, [4130, 4130, 4130, 4130, 4130, 4130, 4130, 4130, 4130, 4130, 4130, 4130, 4130, 4130, 4130, 4130, 4130, 4130, 4130, 4130, 4130, 4130, 4130, 4130, 4130, 4130, 4130, 4130, 4130, 4130, 4130, 4130, 4130, 4130, 4130, 4130, 4130, 4130], [14, 10, 10, 25, 1, 10, 75, 9999, 9999, 9999, 9999, 9999, 9999]]
[3149550.77, [4130, 4130, 4130, 4130, 4130, 4130, 4130, 4130, 4130, 4130, 4130, 4130, 4130, 4130, 4130, 4130, 4130, 4130, 4130, 4130, 4130, 4130, 4130, 4130, 4130, 4130, 4130, 4130, 4130, 4130, 4130, 4130, 4130, 4130, 4130, 4130, 4130, 4130], [14, 10, 10, 25, 1, 10, 76, 9999, 9999, 9999, 9999, 9999, 9999]]
[3149803.63, [4275, 4275, 4275, 4275, 4275, 4275, 4275, 4275, 4275, 4275, 4275, 4275, 4275, 4275, 4275, 4275, 4275, 4275, 4275, 4275, 4275, 4275, 4275, 4275, 4275, 4275, 4275, 4275, 4275, 4275, 4275, 4275, 4275, 4275, 4275, 4275, 4275, 4275], [14, 10, 10, 26, 2, 9, 75, 9999, 9999, 9999, 9999, 9999, 9999]]
[3152829.87, [4130, 4130, 4130, 4130, 4130, 4130, 4130, 4130, 4130, 4130, 4130, 4130, 4130, 4130, 4130, 4130, 4130, 4130, 4130, 4130, 4130, 4130, 4130, 4130, 4130, 4130, 4130, 4130, 4130, 4130, 4130, 4130, 4130, 4130, 4130, 4130, 4130, 4130], [14, 10, 10, 25, 1, 9, 75, 9999, 9999, 9999, 9999, 9999, 9999]]
[3153329.14, [4130, 4130, 4130, 4130, 4130, 4130, 4130, 4130, 4130, 4130, 4130, 4130, 4130, 4130, 4130, 4130, 4130, 4130, 4130, 4130, 4130, 4130, 4130, 4130, 4130, 4130, 4130, 4130, 4130, 4130, 4130, 4130, 4130, 4130, 4130, 4130, 4130, 4130], [14, 10, 10, 25, 1, 9, 76, 9999, 9999, 9999, 9999, 9999, 9999]]
[3173634.02, [4130, 4130, 4130, 4130, 4130, 4130, 4130, 4130, 4130, 4130, 4130, 4130, 4130, 4130, 4130, 4130, 4130, 4130, 4130, 4130, 4130, 4130, 4130, 4130, 4130, 4130, 4130, 4130, 4130, 4130, 4130, 4130, 4130, 4130, 4130, 4130, 4130, 4130], [14, 10, 10, 25, 2, 10, 76, 9999, 9999, 9999, 9999, 9999, 9999]]
[3173678.86, [4130, 4130, 4130, 4130, 4130, 4130, 4130, 4130, 4130, 4130, 4130, 4130, 4130, 4130, 4130, 4130, 4130, 4130, 4130, 4130, 4130, 4130, 4130, 4130, 4130, 4130, 4130, 4130, 4130, 4130, 4130, 4130, 4130, 4130, 4130, 4130, 4130, 4130], [14, 10, 10, 25, 2, 10, 75, 9999, 9999, 9999, 9999, 9999, 9999]]
[3174346.97, [4140, 4140, 4140, 4140, 4140, 4140, 4140, 4140, 4140, 4140, 4140, 4140, 4140, 4140, 4140, 4140, 4140, 4140, 4140, 4140, 4140, 4140, 4140, 4140, 4140, 4140, 4140, 4140, 4140, 4140, 4140, 4140, 4140, 4140, 4140, 4140, 4140, 4140], [16, 9, 9, 25, 4, 12, 75, 9999, 9999, 9999, 9999, 9999, 9999]]
[3174729.09, [4135, 4140, 4140, 4140, 4140, 4140, 4140, 4140, 4140, 4140, 4140, 4140, 4140, 4140, 4140, 4140, 4140, 4140, 4140, 4140, 4140, 4140, 4140, 4140, 4140, 4140, 4140, 4140, 4140, 4140, 4140, 4140, 4140, 4140, 4140, 4140, 4140, 4140], [16, 9, 9, 25, 4, 12, 78, 9999, 9999, 9999, 9999, 9999, 9999]]
[3177391.55, [4130, 4130, 4130, 4130, 4130, 4130, 4130, 4130, 4130, 4130, 4130, 4130, 4130, 4130, 4130, 4130, 4130, 4130, 4130, 4130, 4130, 4130, 4130, 4130, 4130, 4130, 4130, 4130, 4130, 4130, 4130, 4130, 4130, 4130, 4130, 4130, 4130, 4130], [14, 10, 10, 25, 2, 9, 76, 9999, 9999, 9999, 9999, 9999, 9999]]
[3177688.84, [4130, 4130, 4130, 4130, 4130, 4130, 4130, 4130, 4130, 4130, 4130, 4130, 4130, 4130, 4130, 4130, 4130, 4130, 4130, 4130, 4130, 4130, 4130, 4130, 4130, 4130, 4130, 4130, 4130, 4130, 4130, 4130, 4130, 4130, 4130, 4130, 4130, 4130], [14, 10, 10, 25, 2, 9, 75, 9999, 9999, 9999, 9999, 9999, 9999]]
[3181662.44, [4130, 4130, 4130, 4130, 4130, 4130, 4130, 4130, 4130, 4130, 4130, 4130, 4130, 4130, 4130, 4130, 4130, 4130, 4130, 4130, 4130, 4130, 4130, 4130, 4130, 4130, 4130, 4130, 4130, 4130, 4130, 4130, 4130, 4130, 4130, 4130, 4130, 4130], [16, 9, 9, 25, 4, 9, 78, 9999, 9999, 9999, 9999, 9999, 9999]]
[3182417.69, [4130, 4130, 4130, 4130, 4130, 4130, 4130, 4130, 4130, 4130, 4130, 4130, 4130, 4130, 4130, 4130, 4130, 4130, 4130, 4130, 4130, 4130, 4130, 4130, 4130, 4130, 4130, 4130, 4130, 4130, 4130, 4130, 4130, 4130, 4130, 4130, 4130, 4130], [16, 9, 9, 25, 4, 9, 75, 9999, 9999, 9999, 9999, 9999, 9999]]
[3183168.15, [4000, 4000, 4000, 4000, 4000, 4000, 4000, 4000, 4000, 4000, 4000, 4000, 4000, 4000, 4000, 4000, 4000, 4000, 4000, 4000, 4000, 4000, 4000, 4000, 4000, 4000, 4000, 4000, 4000, 4000, 4000, 4000, 4000, 4000, 4000, 4000, 4000, 4000], [13, 10, 10, 26, 2, 9, 75, 9999, 9999, 9999, 9999, 9999, 9999]]
[3261129.44, [4140, 4155, 4160, 4165, 4165, 4165, 4165, 4165, 4165, 4165, 4165, 4165, 4165, 4165, 4165, 4165, 4165, 4165, 4165, 4165, 4165, 4165, 4165, 4165, 4165, 4165, 4165, 4165, 4165, 4165, 4165, 4165, 4165, 4165, 4165, 4165, 4165, 4165], [16, 9, 9, 28, 1, 9, 75, 9999, 9999, 9999, 9999, 9999, 9999]]
[3261844.18, [4135, 4150, 4155, 4160, 4160, 4160, 4160, 4165, 4165, 4165, 4165, 4165, 4165, 4165, 4165, 4165, 4165, 4165, 4165, 4165, 4165, 4165, 4165, 4165, 4165, 4165, 4165, 4165, 4165, 4165, 4165, 4165, 4165, 4165, 4165, 4165, 4165, 4165], [16, 9, 9, 28, 1, 9, 78, 9999, 9999, 9999, 9999, 9999, 9999]]
[3267005.56, [4135, 4145, 4155, 4160, 4160, 4165, 4165, 4165, 4165, 4165, 4165, 4165, 4165, 4165, 4165, 4165, 4165, 4165, 4165, 4165, 4165, 4165, 4165, 4165, 4165, 4165, 4165, 4165, 4165, 4165, 4165, 4165, 4165, 4165, 4165, 4165, 4165, 4165], [16, 9, 9, 28, 1, 12, 75, 9999, 9999, 9999, 9999, 9999, 9999]]
[3268892.88, [4110, 4120, 4140, 4145, 4145, 4145, 4150, 4155, 4160, 4160, 4160, 4165, 4165, 4165, 4165, 4165, 4165, 4165, 4165, 4165, 4165, 4165, 4165, 4165, 4165, 4165, 4165, 4165, 4165, 4165, 4165, 4165, 4165, 4165, 4165, 4165, 4165, 4165], [16, 9, 9, 28, 1, 12, 78, 9999, 9999, 9999, 9999, 9999, 9999]]
[3298772.3, [4000, 4000, 4000, 4000, 4000, 4000, 4000, 4000, 4000, 4000, 4000, 4000, 4000, 4000, 4000, 4000, 4000, 4000, 4000, 4000, 4000, 4000, 4000, 4000, 4000, 4000, 4000, 4000, 4000, 4000, 4000, 4000, 4000, 4000, 4000, 4000, 4000, 4000], [13, 12, 9, 25, 4, 12, 75, 9999, 9999, 9999, 9999, 9999, 9999]]
[3318968.25, [4145, 4145, 4145, 4145, 4145, 4145, 4145, 4145, 4145, 4145, 4145, 4145, 4145, 4145, 4145, 4145, 4145, 4145, 4145, 4145, 4145, 4145, 4145, 4145, 4145, 4145, 4145, 4145, 4145, 4145, 4145, 4145, 4145, 4145, 4145, 4145, 4145, 4145], [18, 9, 9, 25, 1, 14, 75, 9999, 9999, 9999, 9999, 9999, 9999]]
[3319133.69, [4145, 4145, 4145, 4145, 4145, 4145, 4145, 4145, 4145, 4145, 4145, 4145, 4145, 4145, 4145, 4145, 4145, 4145, 4145, 4145, 4145, 4145, 4145, 4145, 4145, 4145, 4145, 4145, 4145, 4145, 4145, 4145, 4145, 4145, 4145, 4145, 4145, 4145], [18, 9, 9, 25, 1, 14, 80, 9999, 9999, 9999, 9999, 9999, 9999]]
[3325995.3, [4130, 4130, 4130, 4130, 4130, 4130, 4130, 4130, 4130, 4130, 4130, 4130, 4130, 4130, 4130, 4130, 4130, 4130, 4130, 4130, 4130, 4130, 4130, 4130, 4130, 4130, 4130, 4130, 4130, 4130, 4130, 4130, 4130, 4130, 4130, 4130, 4130, 4130], [18, 9, 9, 25, 1, 9, 80, 9999, 9999, 9999, 9999, 9999, 9999]]
[3326219.5, [4130, 4130, 4130, 4130, 4130, 4130, 4130, 4130, 4130, 4130, 4130, 4130, 4130, 4130, 4130, 4130, 4130, 4130, 4130, 4130, 4130, 4130, 4130, 4130, 4130, 4130, 4130, 4130, 4130, 4130, 4130, 4130, 4130, 4130, 4130, 4130, 4130, 4130], [18, 9, 9, 25, 1, 9, 75, 9999, 9999, 9999, 9999, 9999, 9999]]
[3331404.3, [4150, 4150, 4150, 4155, 4155, 4160, 4160, 4160, 4165, 4165, 4165, 4165, 4165, 4165, 4165, 4165, 4165, 4165, 4165, 4165, 4165, 4165, 4165, 4165, 4165, 4165, 4165, 4165, 4165, 4165, 4165, 4165, 4165, 4165, 4165, 4165, 4165, 4165], [16, 9, 9, 28, 4, 9, 78, 9999, 9999, 9999, 9999, 9999, 9999]]
[3333563.01, [4115, 4120, 4140, 4155, 4155, 4160, 4165, 4165, 4165, 4165, 4165, 4165, 4165, 4165, 4165, 4165, 4165, 4165, 4165, 4165, 4165, 4165, 4165, 4165, 4165, 4165, 4165, 4165, 4165, 4165, 4165, 4165, 4165, 4165, 4165, 4165, 4165, 4165], [16, 9, 9, 28, 4, 9, 75, 9999, 9999, 9999, 9999, 9999, 9999]]
[3340386.99, [4095, 4130, 4135, 4145, 4145, 4155, 4160, 4165, 4165, 4165, 4165, 4165, 4165, 4165, 4165, 4165, 4165, 4165, 4165, 4165, 4165, 4165, 4165, 4165, 4165, 4165, 4165, 4165, 4165, 4165, 4165, 4165, 4165, 4165, 4165, 4165, 4165, 4165], [16, 9, 9, 28, 4, 12, 78, 9999, 9999, 9999, 9999, 9999, 9999]]
[3340629.71, [4060, 4125, 4155, 4160, 4160, 4160, 4160, 4160, 4165, 4165, 4165, 4165, 4165, 4165, 4165, 4165, 4165, 4165, 4165, 4165, 4165, 4165, 4165, 4165, 4165, 4165, 4165, 4165, 4165, 4165, 4165, 4165, 4165, 4165, 4165, 4165, 4165, 4165], [16, 9, 9, 28, 4, 12, 75, 9999, 9999, 9999, 9999, 9999, 9999]]
[3431169.83, [4000, 4000, 4000, 4000, 4000, 4000, 4000, 4000, 4000, 4000, 4000, 4000, 4000, 4000, 4000, 4000, 4000, 4000, 4000, 4000, 4000, 4000, 4000, 4000, 4000, 4000, 4000, 4000, 4000, 4000, 4000, 4000, 4000, 4000, 4000, 4000, 4000, 4000], [13, 9, 12, 28, 1, 9, 78, 9999, 9999, 9999, 9999, 9999, 9999]]
[3433346.13, [4070, 4135, 4140, 4145, 4145, 4145, 4145, 4145, 4145, 4145, 4145, 4145, 4145, 4145, 4145, 4145, 4145, 4145, 4145, 4145, 4145, 4145, 4145, 4145, 4145, 4145, 4145, 4145, 4145, 4145, 4145, 4145, 4145, 4145, 4145, 4145, 4145, 4145], [18, 9, 9, 25, 6, 14, 80, 9999, 9999, 9999, 9999, 9999, 9999]]
[3433888.17, [4120, 4145, 4145, 4145, 4145, 4145, 4145, 4145, 4145, 4145, 4145, 4145, 4145, 4145, 4145, 4145, 4145, 4145, 4145, 4145, 4145, 4145, 4145, 4145, 4145, 4145, 4145, 4145, 4145, 4145, 4145, 4145, 4145, 4145, 4145, 4145, 4145, 4145], [18, 9, 9, 25, 6, 14, 75, 9999, 9999, 9999, 9999, 9999, 9999]]
[3440584.42, [4120, 4120, 4130, 4130, 4130, 4130, 4130, 4130, 4130, 4130, 4130, 4130, 4130, 4130, 4130, 4130, 4130, 4130, 4130, 4130, 4130, 4130, 4130, 4130, 4130, 4130, 4130, 4130, 4130, 4130, 4130, 4130, 4130, 4130, 4130, 4130, 4130, 4130], [18, 9, 9, 25, 6, 9, 75, 9999, 9999, 9999, 9999, 9999, 9999]]
[3440996.25, [4110, 4130, 4130, 4130, 4130, 4130, 4130, 4130, 4130, 4130, 4130, 4130, 4130, 4130, 4130, 4130, 4130, 4130, 4130, 4130, 4130, 4130, 4130, 4130, 4130, 4130, 4130, 4130, 4130, 4130, 4130, 4130, 4130, 4130, 4130, 4130, 4130, 4130], [18, 9, 9, 25, 6, 9, 80, 9999, 9999, 9999, 9999, 9999, 9999]]
[3481655.08, [4135, 4135, 4140, 4140, 4140, 4140, 4140, 4140, 4140, 4140, 4140, 4140, 4140, 4140, 4140, 4140, 4140, 4140, 4140, 4140, 4140, 4140, 4140, 4140, 4140, 4140, 4140, 4140, 4140, 4140, 4140, 4140, 4140, 4140, 4140, 4140, 4140, 4140], [16, 9, 12, 25, 1, 12, 78, 9999, 9999, 9999, 9999, 9999, 9999]]
[3482337.49, [4140, 4140, 4140, 4140, 4140, 4140, 4140, 4140, 4140, 4140, 4140, 4140, 4140, 4140, 4140, 4140, 4140, 4140, 4140, 4140, 4140, 4140, 4140, 4140, 4140, 4140, 4140, 4140, 4140, 4140, 4140, 4140, 4140, 4140, 4140, 4140, 4140, 4140], [16, 9, 12, 25, 1, 12, 75, 9999, 9999, 9999, 9999, 9999, 9999]]
[3489352.42, [4125, 4130, 4130, 4130, 4130, 4130, 4130, 4130, 4130, 4130, 4130, 4130, 4130, 4130, 4130, 4130, 4130, 4130, 4130, 4130, 4130, 4130, 4130, 4130, 4130, 4130, 4130, 4130, 4130, 4130, 4130, 4130, 4130, 4130, 4130, 4130, 4130, 4130], [16, 9, 12, 25, 1, 9, 75, 9999, 9999, 9999, 9999, 9999, 9999]]
[3489563.41, [4130, 4130, 4130, 4130, 4130, 4130, 4130, 4130, 4130, 4130, 4130, 4130, 4130, 4130, 4130, 4130, 4130, 4130, 4130, 4130, 4130, 4130, 4130, 4130, 4130, 4130, 4130, 4130, 4130, 4130, 4130, 4130, 4130, 4130, 4130, 4130, 4130, 4130], [16, 9, 12, 25, 1, 9, 78, 9999, 9999, 9999, 9999, 9999, 9999]]
[3492777.8, [4140, 4140, 4140, 4140, 4140, 4140, 4140, 4140, 4140, 4140, 4140, 4140, 4140, 4140, 4140, 4140, 4140, 4140, 4140, 4140, 4140, 4140, 4140, 4140, 4140, 4140, 4140, 4140, 4140, 4140, 4140, 4140, 4140, 4140, 4140, 4140, 4140, 4140], [16, 12, 9, 25, 1, 12, 75, 9999, 9999, 9999, 9999, 9999, 9999]]
[3493771.7, [4135, 4140, 4140, 4140, 4140, 4140, 4140, 4140, 4140, 4140, 4140, 4140, 4140, 4140, 4140, 4140, 4140, 4140, 4140, 4140, 4140, 4140, 4140, 4140, 4140, 4140, 4140, 4140, 4140, 4140, 4140, 4140, 4140, 4140, 4140, 4140, 4140, 4140], [16, 12, 9, 25, 1, 12, 78, 9999, 9999, 9999, 9999, 9999, 9999]]
[3499454.84, [4130, 4130, 4130, 4130, 4130, 4130, 4130, 4130, 4130, 4130, 4130, 4130, 4130, 4130, 4130, 4130, 4130, 4130, 4130, 4130, 4130, 4130, 4130, 4130, 4130, 4130, 4130, 4130, 4130, 4130, 4130, 4130, 4130, 4130, 4130, 4130, 4130, 4130], [16, 12, 9, 25, 1, 9, 75, 9999, 9999, 9999, 9999, 9999, 9999]]
[3500103.68, [4120, 4130, 4130, 4130, 4130, 4130, 4130, 4130, 4130, 4130, 4130, 4130, 4130, 4130, 4130, 4130, 4130, 4130, 4130, 4130, 4130, 4130, 4130, 4130, 4130, 4130, 4130, 4130, 4130, 4130, 4130, 4130, 4130, 4130, 4130, 4130, 4130, 4130], [16, 12, 9, 25, 1, 9, 78, 9999, 9999, 9999, 9999, 9999, 9999]]
[3509063.16, [4000, 4000, 4000, 4000, 4000, 4000, 4000, 4000, 4000, 4000, 4000, 4000, 4000, 4000, 4000, 4000, 4000, 4000, 4000, 4000, 4000, 4000, 4000, 4000, 4000, 4000, 4000, 4000, 4000, 4000, 4000, 4000, 4000, 4000, 4000, 4000, 4000, 4000], [13, 9, 12, 28, 4, 12, 78, 9999, 9999, 9999, 9999, 9999, 9999]]
[3511859.1, [4000, 4000, 4000, 4000, 4000, 4000, 4000, 4000, 4000, 4000, 4000, 4000, 4000, 4000, 4000, 4000, 4000, 4000, 4000, 4000, 4000, 4000, 4000, 4000, 4000, 4000, 4000, 4000, 4000, 4000, 4000, 4000, 4000, 4000, 4000, 4000, 4000, 4000], [13, 12, 9, 28, 4, 9, 75, 9999, 9999, 9999, 9999, 9999, 9999]]
[3551581.53, [4135, 4140, 4140, 4140, 4140, 4140, 4140, 4140, 4140, 4140, 4140, 4140, 4140, 4140, 4140, 4140, 4140, 4140, 4140, 4140, 4140, 4140, 4140, 4140, 4140, 4140, 4140, 4140, 4140, 4140, 4140, 4140, 4140, 4140, 4140, 4140, 4140, 4140], [16, 9, 12, 25, 4, 12, 78, 9999, 9999, 9999, 9999, 9999, 9999]]
[3551908.39, [4140, 4140, 4140, 4140, 4140, 4140, 4140, 4140, 4140, 4140, 4140, 4140, 4140, 4140, 4140, 4140, 4140, 4140, 4140, 4140, 4140, 4140, 4140, 4140, 4140, 4140, 4140, 4140, 4140, 4140, 4140, 4140, 4140, 4140, 4140, 4140, 4140, 4140], [16, 9, 12, 25, 4, 12, 75, 9999, 9999, 9999, 9999, 9999, 9999]]
[3559385.96, [4100, 4130, 4130, 4130, 4130, 4130, 4130, 4130, 4130, 4130, 4130, 4130, 4130, 4130, 4130, 4130, 4130, 4130, 4130, 4130, 4130, 4130, 4130, 4130, 4130, 4130, 4130, 4130, 4130, 4130, 4130, 4130, 4130, 4130, 4130, 4130, 4130, 4130], [16, 9, 12, 25, 4, 9, 75, 9999, 9999, 9999, 9999, 9999, 9999]]
[3559702.93, [4130, 4130, 4130, 4130, 4130, 4130, 4130, 4130, 4130, 4130, 4130, 4130, 4130, 4130, 4130, 4130, 4130, 4130, 4130, 4130, 4130, 4130, 4130, 4130, 4130, 4130, 4130, 4130, 4130, 4130, 4130, 4130, 4130, 4130, 4130, 4130, 4130, 4130], [16, 9, 12, 25, 4, 9, 78, 9999, 9999, 9999, 9999, 9999, 9999]]
[3561913.1, [4140, 4140, 4140, 4140, 4140, 4140, 4140, 4140, 4140, 4140, 4140, 4140, 4140, 4140, 4140, 4140, 4140, 4140, 4140, 4140, 4140, 4140, 4140, 4140, 4140, 4140, 4140, 4140, 4140, 4140, 4140, 4140, 4140, 4140, 4140, 4140, 4140, 4140], [16, 12, 9, 25, 4, 12, 75, 9999, 9999, 9999, 9999, 9999, 9999]]
[3562188.67, [4140, 4140, 4140, 4140, 4140, 4140, 4140, 4140, 4140, 4140, 4140, 4140, 4140, 4140, 4140, 4140, 4140, 4140, 4140, 4140, 4140, 4140, 4140, 4140, 4140, 4140, 4140, 4140, 4140, 4140, 4140, 4140, 4140, 4140, 4140, 4140, 4140, 4140], [16, 12, 9, 25, 4, 12, 78, 9999, 9999, 9999, 9999, 9999, 9999]]
[3569472.35, [4130, 4130, 4130, 4130, 4130, 4130, 4130, 4130, 4130, 4130, 4130, 4130, 4130, 4130, 4130, 4130, 4130, 4130, 4130, 4130, 4130, 4130, 4130, 4130, 4130, 4130, 4130, 4130, 4130, 4130, 4130, 4130, 4130, 4130, 4130, 4130, 4130, 4130], [16, 12, 9, 25, 4, 9, 78, 9999, 9999, 9999, 9999, 9999, 9999]]
[3570293.13, [4130, 4130, 4130, 4130, 4130, 4130, 4130, 4130, 4130, 4130, 4130, 4130, 4130, 4130, 4130, 4130, 4130, 4130, 4130, 4130, 4130, 4130, 4130, 4130, 4130, 4130, 4130, 4130, 4130, 4130, 4130, 4130, 4130, 4130, 4130, 4130, 4130, 4130], [16, 12, 9, 25, 4, 9, 75, 9999, 9999, 9999, 9999, 9999, 9999]]
[3581821.55, [4000, 4000, 4000, 4000, 4000, 4000, 4000, 4000, 4000, 4000, 4000, 4000, 4000, 4000, 4000, 4000, 4000, 4000, 4000, 4000, 4000, 4000, 4000, 4000, 4000, 4000, 4000, 4000, 4000, 4000, 4000, 4000, 4000, 4000, 4000, 4000, 4000, 4000], [13, 9, 14, 25, 6, 9, 75, 9999, 9999, 9999, 9999, 9999, 9999]]
[3616018.66, [4150, 4150, 4155, 4155, 4165, 4165, 4165, 4165, 4165, 4165, 4165, 4165, 4165, 4165, 4165, 4165, 4165, 4165, 4165, 4165, 4165, 4165, 4165, 4165, 4165, 4165, 4165, 4165, 4165, 4165, 4165, 4165, 4165, 4165, 4165, 4165, 4165, 4165], [18, 9, 9, 30, 1, 9, 75, 9999, 9999, 9999, 9999, 9999, 9999]]
[3616410.47, [4150, 4150, 4155, 4155, 4160, 4165, 4165, 4165, 4165, 4165, 4165, 4165, 4165, 4165, 4165, 4165, 4165, 4165, 4165, 4165, 4165, 4165, 4165, 4165, 4165, 4165, 4165, 4165, 4165, 4165, 4165, 4165, 4165, 4165, 4165, 4165, 4165, 4165], [18, 9, 9, 30, 1, 9, 80, 9999, 9999, 9999, 9999, 9999, 9999]]
[3633211.96, [4140, 4150, 4150, 4150, 4150, 4165, 4165, 4165, 4165, 4165, 4165, 4165, 4165, 4165, 4165, 4165, 4165, 4165, 4165, 4165, 4165, 4165, 4165, 4165, 4165, 4165, 4165, 4165, 4165, 4165, 4165, 4165, 4165, 4165, 4165, 4165, 4165, 4165], [18, 9, 9, 30, 1, 14, 80, 9999, 9999, 9999, 9999, 9999, 9999]]
[3635149.05, [4110, 4120, 4150, 4150, 4155, 4160, 4165, 4165, 4165, 4165, 4165, 4165, 4165, 4165, 4165, 4165, 4165, 4165, 4165, 4165, 4165, 4165, 4165, 4165, 4165, 4165, 4165, 4165, 4165, 4165, 4165, 4165, 4165, 4165, 4165, 4165, 4165, 4165], [18, 9, 9, 30, 1, 14, 75, 9999, 9999, 9999, 9999, 9999, 9999]]
[3637884.09, [4130, 4155, 4160, 4160, 4165, 4165, 4165, 4165, 4165, 4165, 4165, 4165, 4165, 4165, 4165, 4165, 4165, 4165, 4165, 4165, 4165, 4165, 4165, 4165, 4165, 4165, 4165, 4165, 4165, 4165, 4165, 4165, 4165, 4165, 4165, 4165, 4165, 4165], [16, 9, 12, 28, 1, 9, 75, 9999, 9999, 9999, 9999, 9999, 9999]]
[3637930.86, [4140, 4145, 4160, 4160, 4160, 4160, 4165, 4165, 4165, 4165, 4165, 4165, 4165, 4165, 4165, 4165, 4165, 4165, 4165, 4165, 4165, 4165, 4165, 4165, 4165, 4165, 4165, 4165, 4165, 4165, 4165, 4165, 4165, 4165, 4165, 4165, 4165, 4165], [16, 9, 12, 28, 1, 9, 78, 9999, 9999, 9999, 9999, 9999, 9999]]
[3644082.77, [4150, 4165, 4165, 4165, 4165, 4165, 4165, 4165, 4165, 4165, 4165, 4165, 4165, 4165, 4165, 4165, 4165, 4165, 4165, 4165, 4165, 4165, 4165, 4165, 4165, 4165, 4165, 4165, 4165, 4165, 4165, 4165, 4165, 4165, 4165, 4165, 4165, 4165], [16, 9, 12, 28, 1, 12, 75, 9999, 9999, 9999, 9999, 9999, 9999]]
[3644410.19, [4155, 4155, 4155, 4165, 4165, 4165, 4165, 4165, 4165, 4165, 4165, 4165, 4165, 4165, 4165, 4165, 4165, 4165, 4165, 4165, 4165, 4165, 4165, 4165, 4165, 4165, 4165, 4165, 4165, 4165, 4165, 4165, 4165, 4165, 4165, 4165, 4165, 4165], [16, 9, 12, 28, 1, 12, 78, 9999, 9999, 9999, 9999, 9999, 9999]]
[3647381.97, [4150, 4155, 4155, 4160, 4165, 4165, 4165, 4165, 4165, 4165, 4165, 4165, 4165, 4165, 4165, 4165, 4165, 4165, 4165, 4165, 4165, 4165, 4165, 4165, 4165, 4165, 4165, 4165, 4165, 4165, 4165, 4165, 4165, 4165, 4165, 4165, 4165, 4165], [16, 12, 9, 28, 1, 9, 78, 9999, 9999, 9999, 9999, 9999, 9999]]
[3648010.28, [4155, 4165, 4165, 4165, 4165, 4165, 4165, 4165, 4165, 4165, 4165, 4165, 4165, 4165, 4165, 4165, 4165, 4165, 4165, 4165, 4165, 4165, 4165, 4165, 4165, 4165, 4165, 4165, 4165, 4165, 4165, 4165, 4165, 4165, 4165, 4165, 4165, 4165], [16, 12, 9, 28, 1, 9, 75, 9999, 9999, 9999, 9999, 9999, 9999]]
[3653624.21, [4125, 4155, 4165, 4165, 4165, 4165, 4165, 4165, 4165, 4165, 4165, 4165, 4165, 4165, 4165, 4165, 4165, 4165, 4165, 4165, 4165, 4165, 4165, 4165, 4165, 4165, 4165, 4165, 4165, 4165, 4165, 4165, 4165, 4165, 4165, 4165, 4165, 4165], [16, 12, 9, 28, 1, 12, 78, 9999, 9999, 9999, 9999, 9999, 9999]]
[3654913.0, [4145, 4160, 4165, 4165, 4165, 4165, 4165, 4165, 4165, 4165, 4165, 4165, 4165, 4165, 4165, 4165, 4165, 4165, 4165, 4165, 4165, 4165, 4165, 4165, 4165, 4165, 4165, 4165, 4165, 4165, 4165, 4165, 4165, 4165, 4165, 4165, 4165, 4165], [16, 12, 9, 28, 1, 12, 75, 9999, 9999, 9999, 9999, 9999, 9999]]
[3674398.23, [4000, 4000, 4000, 4000, 4000, 4000, 4000, 4000, 4000, 4000, 4000, 4000, 4000, 4000, 4000, 4000, 4000, 4000, 4000, 4000, 4000, 4000, 4000, 4000, 4000, 4000, 4000, 4000, 4000, 4000, 4000, 4000, 4000, 4000, 4000, 4000, 4000, 4000], [13, 12, 12, 25, 4, 12, 75, 9999, 9999, 9999, 9999, 9999, 9999]]
[3707192.32, [4140, 4155, 4160, 4160, 4160, 4165, 4165, 4165, 4165, 4165, 4165, 4165, 4165, 4165, 4165, 4165, 4165, 4165, 4165, 4165, 4165, 4165, 4165, 4165, 4165, 4165, 4165, 4165, 4165, 4165, 4165, 4165, 4165, 4165, 4165, 4165, 4165, 4165], [16, 9, 12, 28, 4, 9, 78, 9999, 9999, 9999, 9999, 9999, 9999]]
[3708719.0, [4150, 4160, 4165, 4165, 4165, 4165, 4165, 4165, 4165, 4165, 4165, 4165, 4165, 4165, 4165, 4165, 4165, 4165, 4165, 4165, 4165, 4165, 4165, 4165, 4165, 4165, 4165, 4165, 4165, 4165, 4165, 4165, 4165, 4165, 4165, 4165, 4165, 4165], [16, 9, 12, 28, 4, 9, 75, 9999, 9999, 9999, 9999, 9999, 9999]]
[3714213.31, [4140, 4140, 4145, 4155, 4160, 4165, 4165, 4165, 4165, 4165, 4165, 4165, 4165, 4165, 4165, 4165, 4165, 4165, 4165, 4165, 4165, 4165, 4165, 4165, 4165, 4165, 4165, 4165, 4165, 4165, 4165, 4165, 4165, 4165, 4165, 4165, 4165, 4165], [16, 9, 12, 28, 4, 12, 78, 9999, 9999, 9999, 9999, 9999, 9999]]
[3714301.17, [4145, 4165, 4165, 4165, 4165, 4165, 4165, 4165, 4165, 4165, 4165, 4165, 4165, 4165, 4165, 4165, 4165, 4165, 4165, 4165, 4165, 4165, 4165, 4165, 4165, 4165, 4165, 4165, 4165, 4165, 4165, 4165, 4165, 4165, 4165, 4165, 4165, 4165], [16, 9, 12, 28, 4, 12, 75, 9999, 9999, 9999, 9999, 9999, 9999]]
[3716787.11, [4165, 4165, 4165, 4165, 4165, 4165, 4165, 4165, 4165, 4165, 4165, 4165, 4165, 4165, 4165, 4165, 4165, 4165, 4165, 4165, 4165, 4165, 4165, 4165, 4165, 4165, 4165, 4165, 4165, 4165, 4165, 4165, 4165, 4165, 4165, 4165, 4165, 4165], [16, 12, 9, 28, 4, 9, 78, 9999, 9999, 9999, 9999, 9999, 9999]]
[3718196.59, [4130, 4135, 4160, 4160, 4160, 4165, 4165, 4165, 4165, 4165, 4165, 4165, 4165, 4165, 4165, 4165, 4165, 4165, 4165, 4165, 4165, 4165, 4165, 4165, 4165, 4165, 4165, 4165, 4165, 4165, 4165, 4165, 4165, 4165, 4165, 4165, 4165, 4165], [16, 12, 9, 28, 4, 9, 75, 9999, 9999, 9999, 9999, 9999, 9999]]
[3723899.74, [4160, 4165, 4165, 4165, 4165, 4165, 4165, 4165, 4165, 4165, 4165, 4165, 4165, 4165, 4165, 4165, 4165, 4165, 4165, 4165, 4165, 4165, 4165, 4165, 4165, 4165, 4165, 4165, 4165, 4165, 4165, 4165, 4165, 4165, 4165, 4165, 4165, 4165], [16, 12, 9, 28, 4, 12, 78, 9999, 9999, 9999, 9999, 9999, 9999]]
[3724981.93, [4140, 4155, 4160, 4160, 4165, 4165, 4165, 4165, 4165, 4165, 4165, 4165, 4165, 4165, 4165, 4165, 4165, 4165, 4165, 4165, 4165, 4165, 4165, 4165, 4165, 4165, 4165, 4165, 4165, 4165, 4165, 4165, 4165, 4165, 4165, 4165, 4165, 4165], [16, 12, 9, 28, 4, 12, 75, 9999, 9999, 9999, 9999, 9999, 9999]]
[3732166.53, [4130, 4160, 4165, 4165, 4165, 4165, 4165, 4165, 4165, 4165, 4165, 4165, 4165, 4165, 4165, 4165, 4165, 4165, 4165, 4165, 4165, 4165, 4165, 4165, 4165, 4165, 4165, 4165, 4165, 4165, 4165, 4165, 4165, 4165, 4165, 4165, 4165, 4165], [18, 9, 9, 30, 6, 9, 80, 9999, 9999, 9999, 9999, 9999, 9999]]
[3732322.71, [4145, 4145, 4155, 4160, 4160, 4165, 4165, 4165, 4165, 4165, 4165, 4165, 4165, 4165, 4165, 4165, 4165, 4165, 4165, 4165, 4165, 4165, 4165, 4165, 4165, 4165, 4165, 4165, 4165, 4165, 4165, 4165, 4165, 4165, 4165, 4165, 4165, 4165], [18, 9, 9, 30, 6, 9, 75, 9999, 9999, 9999, 9999, 9999, 9999]]
[3740593.21, [4000, 4000, 4000, 4000, 4000, 4000, 4000, 4000, 4000, 4000, 4000, 4000, 4000, 4000, 4000, 4000, 4000, 4000, 4000, 4000, 4000, 4000, 4000, 4000, 4000, 4000, 4000, 4000, 4000, 4000, 4000, 4000, 4000, 4000, 4000, 4000, 4000, 4000], [13, 9, 9, 34, 10, 9, 84, 9999, 9999, 9999, 9999, 9999, 9999]]
[3750234.36, [4125, 4140, 4145, 4150, 4155, 4160, 4165, 4165, 4165, 4165, 4165, 4165, 4165, 4165, 4165, 4165, 4165, 4165, 4165, 4165, 4165, 4165, 4165, 4165, 4165, 4165, 4165, 4165, 4165, 4165, 4165, 4165, 4165, 4165, 4165, 4165, 4165, 4165], [18, 9, 9, 30, 6, 14, 75, 9999, 9999, 9999, 9999, 9999, 9999]]
[3750769.33, [4095, 4145, 4145, 4145, 4155, 4165, 4165, 4165, 4165, 4165, 4165, 4165, 4165, 4165, 4165, 4165, 4165, 4165, 4165, 4165, 4165, 4165, 4165, 4165, 4165, 4165, 4165, 4165, 4165, 4165, 4165, 4165, 4165, 4165, 4165, 4165, 4165, 4165], [18, 9, 9, 30, 6, 14, 80, 9999, 9999, 9999, 9999, 9999, 9999]]
[3753056.98, [4125, 4130, 4145, 4155, 4155, 4155, 4155, 4155, 4155, 4155, 4155, 4155, 4155, 4155, 4155, 4155, 4155, 4155, 4155, 4155, 4155, 4155, 4155, 4155, 4155, 4155, 4155, 4155, 4155, 4155, 4155, 4155, 4155, 4155, 4155, 4155, 4155, 4155], [22, 9, 9, 25, 1, 18, 84, 9999, 9999, 9999, 9999, 9999, 9999]]
[3753131.22, [4110, 4150, 4150, 4150, 4155, 4155, 4155, 4155, 4155, 4155, 4155, 4155, 4155, 4155, 4155, 4155, 4155, 4155, 4155, 4155, 4155, 4155, 4155, 4155, 4155, 4155, 4155, 4155, 4155, 4155, 4155, 4155, 4155, 4155, 4155, 4155, 4155, 4155], [22, 9, 9, 25, 1, 18, 75, 9999, 9999, 9999, 9999, 9999, 9999]]
[3753754.86, [4115, 4130, 4130, 4130, 4130, 4130, 4130, 4130, 4130, 4130, 4130, 4130, 4130, 4130, 4130, 4130, 4130, 4130, 4130, 4130, 4130, 4130, 4130, 4130, 4130, 4130, 4130, 4130, 4130, 4130, 4130, 4130, 4130, 4130, 4130, 4130, 4130, 4130], [22, 9, 9, 25, 1, 9, 84, 9999, 9999, 9999, 9999, 9999, 9999]]
[3754201.79, [4130, 4130, 4130, 4130, 4130, 4130, 4130, 4130, 4130, 4130, 4130, 4130, 4130, 4130, 4130, 4130, 4130, 4130, 4130, 4130, 4130, 4130, 4130, 4130, 4130, 4130, 4130, 4130, 4130, 4130, 4130, 4130, 4130, 4130, 4130, 4130, 4130, 4130], [22, 9, 9, 25, 1, 9, 75, 9999, 9999, 9999, 9999, 9999, 9999]]
[3759326.21, [4640, 4640, 4640, 4640, 4640, 4640, 4640, 4640, 4640, 4640, 4640, 4640, 4640, 4640, 4640, 4640, 4640, 4640, 4640, 4640, 4640, 4640, 4640, 4640, 4640, 4640, 4640, 4640, 4640, 4640, 4640, 4640, 4640, 4640, 4640, 4640, 4640, 4640], [16, 12, 12, 28, 1, 12, 78, 9999, 9999, 9999, 9999, 9999, 9999]]
[3761257.3, [4570, 4640, 4640, 4640, 4640, 4640, 4640, 4640, 4640, 4640, 4640, 4640, 4640, 4640, 4640, 4640, 4640, 4640, 4640, 4640, 4640, 4640, 4640, 4640, 4640, 4640, 4640, 4640, 4640, 4640, 4640, 4640, 4640, 4640, 4640, 4640, 4640, 4640], [16, 12, 12, 28, 1, 12, 75, 9999, 9999, 9999, 9999, 9999, 9999]]
[3771386.04, [4560, 4635, 4635, 4635, 4635, 4635, 4635, 4635, 4635, 4635, 4635, 4635, 4635, 4635, 4635, 4635, 4635, 4635, 4635, 4635, 4635, 4635, 4635, 4635, 4635, 4635, 4635, 4635, 4635, 4635, 4635, 4635, 4635, 4635, 4635, 4635, 4635, 4635], [16, 12, 12, 28, 1, 9, 78, 9999, 9999, 9999, 9999, 9999, 9999]]
[3773414.3, [4635, 4635, 4635, 4635, 4635, 4635, 4635, 4635, 4635, 4635, 4635, 4635, 4635, 4635, 4635, 4635, 4635, 4635, 4635, 4635, 4635, 4635, 4635, 4635, 4635, 4635, 4635, 4635, 4635, 4635, 4635, 4635, 4635, 4635, 4635, 4635, 4635, 4635], [16, 12, 12, 28, 1, 9, 75, 9999, 9999, 9999, 9999, 9999, 9999]]
[3829476.06, [4640, 4640, 4640, 4640, 4640, 4640, 4640, 4640, 4640, 4640, 4640, 4640, 4640, 4640, 4640, 4640, 4640, 4640, 4640, 4640, 4640, 4640, 4640, 4640, 4640, 4640, 4640, 4640, 4640, 4640, 4640, 4640, 4640, 4640, 4640, 4640, 4640, 4640], [16, 12, 12, 28, 4, 12, 78, 9999, 9999, 9999, 9999, 9999, 9999]]
[3831350.85, [4640, 4640, 4640, 4640, 4640, 4640, 4640, 4640, 4640, 4640, 4640, 4640, 4640, 4640, 4640, 4640, 4640, 4640, 4640, 4640, 4640, 4640, 4640, 4640, 4640, 4640, 4640, 4640, 4640, 4640, 4640, 4640, 4640, 4640, 4640, 4640, 4640, 4640], [16, 12, 12, 28, 4, 12, 75, 9999, 9999, 9999, 9999, 9999, 9999]]
[3842365.32, [4615, 4630, 4630, 4635, 4635, 4635, 4635, 4635, 4635, 4635, 4635, 4635, 4635, 4635, 4635, 4635, 4635, 4635, 4635, 4635, 4635, 4635, 4635, 4635, 4635, 4635, 4635, 4635, 4635, 4635, 4635, 4635, 4635, 4635, 4635, 4635, 4635, 4635], [16, 12, 12, 28, 4, 9, 78, 9999, 9999, 9999, 9999, 9999, 9999]]
[3843660.9, [4635, 4635, 4635, 4635, 4635, 4635, 4635, 4635, 4635, 4635, 4635, 4635, 4635, 4635, 4635, 4635, 4635, 4635, 4635, 4635, 4635, 4635, 4635, 4635, 4635, 4635, 4635, 4635, 4635, 4635, 4635, 4635, 4635, 4635, 4635, 4635, 4635, 4635], [16, 12, 12, 28, 4, 9, 75, 9999, 9999, 9999, 9999, 9999, 9999]]
[3851872.63, [4000, 4000, 4000, 4000, 4000, 4000, 4000, 4000, 4000, 4000, 4000, 4000, 4000, 4000, 4000, 4000, 4000, 4000, 4000, 4000, 4000, 4000, 4000, 4000, 4000, 4000, 4000, 4000, 4000, 4000, 4000, 4000, 4000, 4000, 4000, 4000, 4000, 4000], [13, 9, 14, 30, 1, 14, 75, 9999, 9999, 9999, 9999, 9999, 9999]]
[3868233.6, [4085, 4140, 4140, 4140, 4140, 4140, 4140, 4140, 4140, 4140, 4140, 4140, 4140, 4140, 4140, 4140, 4140, 4140, 4140, 4140, 4140, 4140, 4140, 4140, 4140, 4140, 4140, 4140, 4140, 4140, 4140, 4140, 4140, 4140, 4140, 4140, 4140, 4140], [16, 12, 12, 25, 1, 12, 75, 9999, 9999, 9999, 9999, 9999, 9999]]
[3868354.19, [4140, 4140, 4140, 4140, 4140, 4140, 4140, 4140, 4140, 4140, 4140, 4140, 4140, 4140, 4140, 4140, 4140, 4140, 4140, 4140, 4140, 4140, 4140, 4140, 4140, 4140, 4140, 4140, 4140, 4140, 4140, 4140, 4140, 4140, 4140, 4140, 4140, 4140], [16, 12, 12, 25, 1, 12, 78, 9999, 9999, 9999, 9999, 9999, 9999]]
[3869211.34, [4000, 4000, 4000, 4000, 4000, 4000, 4000, 4000, 4000, 4000, 4000, 4000, 4000, 4000, 4000, 4000, 4000, 4000, 4000, 4000, 4000, 4000, 4000, 4000, 4000, 4000, 4000, 4000, 4000, 4000, 4000, 4000, 4000, 4000, 4000, 4000, 4000, 4000], [13, 14, 9, 30, 1, 14, 75, 9999, 9999, 9999, 9999, 9999, 9999]]
[3876022.96, [4130, 4130, 4130, 4130, 4130, 4130, 4130, 4130, 4130, 4130, 4130, 4130, 4130, 4130, 4130, 4130, 4130, 4130, 4130, 4130, 4130, 4130, 4130, 4130, 4130, 4130, 4130, 4130, 4130, 4130, 4130, 4130, 4130, 4130, 4130, 4130, 4130, 4130], [16, 12, 12, 25, 1, 9, 78, 9999, 9999, 9999, 9999, 9999, 9999]]
[3876966.57, [4130, 4130, 4130, 4130, 4130, 4130, 4130, 4130, 4130, 4130, 4130, 4130, 4130, 4130, 4130, 4130, 4130, 4130, 4130, 4130, 4130, 4130, 4130, 4130, 4130, 4130, 4130, 4130, 4130, 4130, 4130, 4130, 4130, 4130, 4130, 4130, 4130, 4130], [16, 12, 12, 25, 1, 9, 75, 9999, 9999, 9999, 9999, 9999, 9999]]
[3937250.98, [4140, 4140, 4140, 4140, 4140, 4140, 4140, 4140, 4140, 4140, 4140, 4140, 4140, 4140, 4140, 4140, 4140, 4140, 4140, 4140, 4140, 4140, 4140, 4140, 4140, 4140, 4140, 4140, 4140, 4140, 4140, 4140, 4140, 4140, 4140, 4140, 4140, 4140], [16, 12, 12, 25, 4, 12, 75, 9999, 9999, 9999, 9999, 9999, 9999]]
[3938011.29, [4140, 4140, 4140, 4140, 4140, 4140, 4140, 4140, 4140, 4140, 4140, 4140, 4140, 4140, 4140, 4140, 4140, 4140, 4140, 4140, 4140, 4140, 4140, 4140, 4140, 4140, 4140, 4140, 4140, 4140, 4140, 4140, 4140, 4140, 4140, 4140, 4140, 4140], [16, 12, 12, 25, 4, 12, 78, 9999, 9999, 9999, 9999, 9999, 9999]]
[3946099.02, [4130, 4130, 4130, 4130, 4130, 4130, 4130, 4130, 4130, 4130, 4130, 4130, 4130, 4130, 4130, 4130, 4130, 4130, 4130, 4130, 4130, 4130, 4130, 4130, 4130, 4130, 4130, 4130, 4130, 4130, 4130, 4130, 4130, 4130, 4130, 4130, 4130, 4130], [16, 12, 12, 25, 4, 9, 75, 9999, 9999, 9999, 9999, 9999, 9999]]
[3946613.53, [4130, 4130, 4130, 4130, 4130, 4130, 4130, 4130, 4130, 4130, 4130, 4130, 4130, 4130, 4130, 4130, 4130, 4130, 4130, 4130, 4130, 4130, 4130, 4130, 4130, 4130, 4130, 4130, 4130, 4130, 4130, 4130, 4130, 4130, 4130, 4130, 4130, 4130], [16, 12, 12, 25, 4, 9, 78, 9999, 9999, 9999, 9999, 9999, 9999]]
[3946736.5, [4145, 4145, 4145, 4145, 4145, 4145, 4145, 4145, 4145, 4145, 4145, 4145, 4145, 4145, 4145, 4145, 4145, 4145, 4145, 4145, 4145, 4145, 4145, 4145, 4145, 4145, 4145, 4145, 4145, 4145, 4145, 4145, 4145, 4145, 4145, 4145, 4145, 4145], [18, 9, 14, 25, 1, 14, 80, 9999, 9999, 9999, 9999, 9999, 9999]]
[3947469.95, [4145, 4145, 4145, 4145, 4145, 4145, 4145, 4145, 4145, 4145, 4145, 4145, 4145, 4145, 4145, 4145, 4145, 4145, 4145, 4145, 4145, 4145, 4145, 4145, 4145, 4145, 4145, 4145, 4145, 4145, 4145, 4145, 4145, 4145, 4145, 4145, 4145, 4145], [18, 9, 14, 25, 1, 14, 75, 9999, 9999, 9999, 9999, 9999, 9999]]
[3948798.33, [4000, 4000, 4000, 4000, 4000, 4000, 4000, 4000, 4000, 4000, 4000, 4000, 4000, 4000, 4000, 4000, 4000, 4000, 4000, 4000, 4000, 4000, 4000, 4000, 4000, 4000, 4000, 4000, 4000, 4000, 4000, 4000, 4000, 4000, 4000, 4000, 4000, 4000], [13, 9, 14, 30, 6, 9, 80, 9999, 9999, 9999, 9999, 9999, 9999]]
[3954182.26, [4130, 4130, 4130, 4130, 4130, 4130, 4130, 4130, 4130, 4130, 4130, 4130, 4130, 4130, 4130, 4130, 4130, 4130, 4130, 4130, 4130, 4130, 4130, 4130, 4130, 4130, 4130, 4130, 4130, 4130, 4130, 4130, 4130, 4130, 4130, 4130, 4130, 4130], [18, 9, 14, 25, 1, 9, 80, 9999, 9999, 9999, 9999, 9999, 9999]]
[3954228.47, [4125, 4130, 4130, 4130, 4130, 4130, 4130, 4130, 4130, 4130, 4130, 4130, 4130, 4130, 4130, 4130, 4130, 4130, 4130, 4130, 4130, 4130, 4130, 4130, 4130, 4130, 4130, 4130, 4130, 4130, 4130, 4130, 4130, 4130, 4130, 4130, 4130, 4130], [18, 9, 14, 25, 1, 9, 75, 9999, 9999, 9999, 9999, 9999, 9999]]
[3957452.64, [4110, 4125, 4130, 4130, 4130, 4130, 4130, 4130, 4130, 4130, 4130, 4130, 4130, 4130, 4130, 4130, 4130, 4130, 4130, 4130, 4130, 4130, 4130, 4130, 4130, 4130, 4130, 4130, 4130, 4130, 4130, 4130, 4130, 4130, 4130, 4130, 4130, 4130], [22, 9, 9, 25, 10, 9, 84, 9999, 9999, 9999, 9999, 9999, 9999]]
[3957536.32, [4085, 4095, 4150, 4155, 4155, 4155, 4155, 4155, 4155, 4155, 4155, 4155, 4155, 4155, 4155, 4155, 4155, 4155, 4155, 4155, 4155, 4155, 4155, 4155, 4155, 4155, 4155, 4155, 4155, 4155, 4155, 4155, 4155, 4155, 4155, 4155, 4155, 4155], [22, 9, 9, 25, 10, 18, 84, 9999, 9999, 9999, 9999, 9999, 9999]]
[3957680.93, [4100, 4135, 4135, 4145, 4145, 4155, 4155, 4155, 4155, 4155, 4155, 4155, 4155, 4155, 4155, 4155, 4155, 4155, 4155, 4155, 4155, 4155, 4155, 4155, 4155, 4155, 4155, 4155, 4155, 4155, 4155, 4155, 4155, 4155, 4155, 4155, 4155, 4155], [22, 9, 9, 25, 10, 18, 75, 9999, 9999, 9999, 9999, 9999, 9999]]
[3959131.64, [4130, 4130, 4130, 4130, 4130, 4130, 4130, 4130, 4130, 4130, 4130, 4130, 4130, 4130, 4130, 4130, 4130, 4130, 4130, 4130, 4130, 4130, 4130, 4130, 4130, 4130, 4130, 4130, 4130, 4130, 4130, 4130, 4130, 4130, 4130, 4130, 4130, 4130], [22, 9, 9, 25, 10, 9, 75, 9999, 9999, 9999, 9999, 9999, 9999]]
[3963633.03, [4145, 4145, 4145, 4145, 4145, 4145, 4145, 4145, 4145, 4145, 4145, 4145, 4145, 4145, 4145, 4145, 4145, 4145, 4145, 4145, 4145, 4145, 4145, 4145, 4145, 4145, 4145, 4145, 4145, 4145, 4145, 4145, 4145, 4145, 4145, 4145, 4145, 4145], [18, 14, 9, 25, 1, 14, 80, 9999, 9999, 9999, 9999, 9999, 9999]]
[3964743.01, [4070, 4140, 4145, 4145, 4145, 4145, 4145, 4145, 4145, 4145, 4145, 4145, 4145, 4145, 4145, 4145, 4145, 4145, 4145, 4145, 4145, 4145, 4145, 4145, 4145, 4145, 4145, 4145, 4145, 4145, 4145, 4145, 4145, 4145, 4145, 4145, 4145, 4145], [18, 14, 9, 25, 1, 14, 75, 9999, 9999, 9999, 9999, 9999, 9999]]
[3969659.13, [4000, 4000, 4000, 4000, 4000, 4000, 4000, 4000, 4000, 4000, 4000, 4000, 4000, 4000, 4000, 4000, 4000, 4000, 4000, 4000, 4000, 4000, 4000, 4000, 4000, 4000, 4000, 4000, 4000, 4000, 4000, 4000, 4000, 4000, 4000, 4000, 4000, 4000], [13, 9, 18, 25, 1, 9, 84, 9999, 9999, 9999, 9999, 9999, 9999]]
[3971122.68, [4130, 4130, 4130, 4130, 4130, 4130, 4130, 4130, 4130, 4130, 4130, 4130, 4130, 4130, 4130, 4130, 4130, 4130, 4130, 4130, 4130, 4130, 4130, 4130, 4130, 4130, 4130, 4130, 4130, 4130, 4130, 4130, 4130, 4130, 4130, 4130, 4130, 4130], [18, 14, 9, 25, 1, 9, 80, 9999, 9999, 9999, 9999, 9999, 9999]]
[3972245.25, [4065, 4130, 4130, 4130, 4130, 4130, 4130, 4130, 4130, 4130, 4130, 4130, 4130, 4130, 4130, 4130, 4130, 4130, 4130, 4130, 4130, 4130, 4130, 4130, 4130, 4130, 4130, 4130, 4130, 4130, 4130, 4130, 4130, 4130, 4130, 4130, 4130, 4130], [18, 14, 9, 25, 1, 9, 75, 9999, 9999, 9999, 9999, 9999, 9999]]
[4000803.78, [4000, 4000, 4000, 4000, 4000, 4000, 4000, 4000, 4000, 4000, 4000, 4000, 4000, 4000, 4000, 4000, 4000, 4000, 4000, 4000, 4000, 4000, 4000, 4000, 4000, 4000, 4000, 4000, 4000, 4000, 4000, 4000, 4000, 4000, 4000, 4000, 4000, 4000], [13, 18, 9, 25, 1, 9, 75, 9999, 9999, 9999, 9999, 9999, 9999]]
[4061419.71, [4135, 4145, 4145, 4145, 4145, 4145, 4145, 4145, 4145, 4145, 4145, 4145, 4145, 4145, 4145, 4145, 4145, 4145, 4145, 4145, 4145, 4145, 4145, 4145, 4145, 4145, 4145, 4145, 4145, 4145, 4145, 4145, 4145, 4145, 4145, 4145, 4145, 4145], [18, 9, 14, 25, 6, 14, 80, 9999, 9999, 9999, 9999, 9999, 9999]]
[4061767.12, [4145, 4145, 4145, 4145, 4145, 4145, 4145, 4145, 4145, 4145, 4145, 4145, 4145, 4145, 4145, 4145, 4145, 4145, 4145, 4145, 4145, 4145, 4145, 4145, 4145, 4145, 4145, 4145, 4145, 4145, 4145, 4145, 4145, 4145, 4145, 4145, 4145, 4145], [18, 9, 14, 25, 6, 14, 75, 9999, 9999, 9999, 9999, 9999, 9999]]
[4069009.61, [4130, 4130, 4130, 4130, 4130, 4130, 4130, 4130, 4130, 4130, 4130, 4130, 4130, 4130, 4130, 4130, 4130, 4130, 4130, 4130, 4130, 4130, 4130, 4130, 4130, 4130, 4130, 4130, 4130, 4130, 4130, 4130, 4130, 4130, 4130, 4130, 4130, 4130], [18, 9, 14, 25, 6, 9, 75, 9999, 9999, 9999, 9999, 9999, 9999]]
[4069811.79, [4130, 4130, 4130, 4130, 4130, 4130, 4130, 4130, 4130, 4130, 4130, 4130, 4130, 4130, 4130, 4130, 4130, 4130, 4130, 4130, 4130, 4130, 4130, 4130, 4130, 4130, 4130, 4130, 4130, 4130, 4130, 4130, 4130, 4130, 4130, 4130, 4130, 4130], [18, 9, 14, 25, 6, 9, 80, 9999, 9999, 9999, 9999, 9999, 9999]]
[4078522.26, [4145, 4145, 4145, 4145, 4145, 4145, 4145, 4145, 4145, 4145, 4145, 4145, 4145, 4145, 4145, 4145, 4145, 4145, 4145, 4145, 4145, 4145, 4145, 4145, 4145, 4145, 4145, 4145, 4145, 4145, 4145, 4145, 4145, 4145, 4145, 4145, 4145, 4145], [18, 14, 9, 25, 6, 14, 80, 9999, 9999, 9999, 9999, 9999, 9999]]
[4079347.13, [4130, 4145, 4145, 4145, 4145, 4145, 4145, 4145, 4145, 4145, 4145, 4145, 4145, 4145, 4145, 4145, 4145, 4145, 4145, 4145, 4145, 4145, 4145, 4145, 4145, 4145, 4145, 4145, 4145, 4145, 4145, 4145, 4145, 4145, 4145, 4145, 4145, 4145], [18, 14, 9, 25, 6, 14, 75, 9999, 9999, 9999, 9999, 9999, 9999]]
[4086205.81, [4130, 4130, 4130, 4130, 4130, 4130, 4130, 4130, 4130, 4130, 4130, 4130, 4130, 4130, 4130, 4130, 4130, 4130, 4130, 4130, 4130, 4130, 4130, 4130, 4130, 4130, 4130, 4130, 4130, 4130, 4130, 4130, 4130, 4130, 4130, 4130, 4130, 4130], [18, 14, 9, 25, 6, 9, 80, 9999, 9999, 9999, 9999, 9999, 9999]]
[4087135.3, [4130, 4130, 4130, 4130, 4130, 4130, 4130, 4130, 4130, 4130, 4130, 4130, 4130, 4130, 4130, 4130, 4130, 4130, 4130, 4130, 4130, 4130, 4130, 4130, 4130, 4130, 4130, 4130, 4130, 4130, 4130, 4130, 4130, 4130, 4130, 4130, 4130, 4130], [18, 14, 9, 25, 6, 9, 75, 9999, 9999, 9999, 9999, 9999, 9999]]
[4223300.07, [4000, 4000, 4000, 4000, 4000, 4000, 4000, 4000, 4000, 4000, 4000, 4000, 4000, 4000, 4000, 4000, 4000, 4000, 4000, 4000, 4000, 4000, 4000, 4000, 4000, 4000, 4000, 4000, 4000, 4000, 4000, 4000, 4000, 4000, 4000, 4000, 4000, 4000], [13, 18, 9, 25, 10, 18, 75, 9999, 9999, 9999, 9999, 9999, 9999]]
[4227858.14, [4000, 4000, 4000, 4000, 4000, 4000, 4000, 4000, 4000, 4000, 4000, 4000, 4000, 4000, 4000, 4000, 4000, 4000, 4000, 4000, 4000, 4000, 4000, 4000, 4000, 4000, 4000, 4000, 4000, 4000, 4000, 4000, 4000, 4000, 4000, 4000, 4000, 4000], [13, 14, 14, 25, 6, 9, 75, 9999, 9999, 9999, 9999, 9999, 9999]]
[4234217.72, [4000, 4000, 4000, 4000, 4000, 4000, 4000, 4000, 4000, 4000, 4000, 4000, 4000, 4000, 4000, 4000, 4000, 4000, 4000, 4000, 4000, 4000, 4000, 4000, 4000, 4000, 4000, 4000, 4000, 4000, 4000, 4000, 4000, 4000, 4000, 4000, 4000, 4000], [13, 14, 14, 25, 6, 14, 75, 9999, 9999, 9999, 9999, 9999, 9999]]
[4243287.12, [4150, 4155, 4160, 4165, 4165, 4165, 4165, 4165, 4165, 4165, 4165, 4165, 4165, 4165, 4165, 4165, 4165, 4165, 4165, 4165, 4165, 4165, 4165, 4165, 4165, 4165, 4165, 4165, 4165, 4165, 4165, 4165, 4165, 4165, 4165, 4165, 4165, 4165], [18, 9, 14, 30, 1, 9, 75, 9999, 9999, 9999, 9999, 9999, 9999]]
[4243355.4, [4150, 4165, 4165, 4165, 4165, 4165, 4165, 4165, 4165, 4165, 4165, 4165, 4165, 4165, 4165, 4165, 4165, 4165, 4165, 4165, 4165, 4165, 4165, 4165, 4165, 4165, 4165, 4165, 4165, 4165, 4165, 4165, 4165, 4165, 4165, 4165, 4165, 4165], [18, 9, 14, 30, 1, 9, 80, 9999, 9999, 9999, 9999, 9999, 9999]]
[4261268.34, [4140, 4165, 4165, 4165, 4165, 4165, 4165, 4165, 4165, 4165, 4165, 4165, 4165, 4165, 4165, 4165, 4165, 4165, 4165, 4165, 4165, 4165, 4165, 4165, 4165, 4165, 4165, 4165, 4165, 4165, 4165, 4165, 4165, 4165, 4165, 4165, 4165, 4165], [18, 9, 14, 30, 1, 14, 75, 9999, 9999, 9999, 9999, 9999, 9999]]
[4261646.0, [4125, 4165, 4165, 4165, 4165, 4165, 4165, 4165, 4165, 4165, 4165, 4165, 4165, 4165, 4165, 4165, 4165, 4165, 4165, 4165, 4165, 4165, 4165, 4165, 4165, 4165, 4165, 4165, 4165, 4165, 4165, 4165, 4165, 4165, 4165, 4165, 4165, 4165], [18, 14, 9, 30, 1, 9, 75, 9999, 9999, 9999, 9999, 9999, 9999]]
[4261995.16, [4110, 4130, 4140, 4155, 4160, 4165, 4165, 4165, 4165, 4165, 4165, 4165, 4165, 4165, 4165, 4165, 4165, 4165, 4165, 4165, 4165, 4165, 4165, 4165, 4165, 4165, 4165, 4165, 4165, 4165, 4165, 4165, 4165, 4165, 4165, 4165, 4165, 4165], [18, 9, 14, 30, 1, 14, 80, 9999, 9999, 9999, 9999, 9999, 9999]]
[4264815.86, [4110, 4115, 4125, 4150, 4150, 4155, 4160, 4160, 4165, 4165, 4165, 4165, 4165, 4165, 4165, 4165, 4165, 4165, 4165, 4165, 4165, 4165, 4165, 4165, 4165, 4165, 4165, 4165, 4165, 4165, 4165, 4165, 4165, 4165, 4165, 4165, 4165, 4165], [18, 14, 9, 30, 1, 9, 80, 9999, 9999, 9999, 9999, 9999, 9999]]
[4277875.01, [4165, 4165, 4165, 4165, 4165, 4165, 4165, 4165, 4165, 4165, 4165, 4165, 4165, 4165, 4165, 4165, 4165, 4165, 4165, 4165, 4165, 4165, 4165, 4165, 4165, 4165, 4165, 4165, 4165, 4165, 4165, 4165, 4165, 4165, 4165, 4165, 4165, 4165], [18, 14, 9, 30, 1, 14, 80, 9999, 9999, 9999, 9999, 9999, 9999]]
[4278812.85, [4115, 4155, 4160, 4165, 4165, 4165, 4165, 4165, 4165, 4165, 4165, 4165, 4165, 4165, 4165, 4165, 4165, 4165, 4165, 4165, 4165, 4165, 4165, 4165, 4165, 4165, 4165, 4165, 4165, 4165, 4165, 4165, 4165, 4165, 4165, 4165, 4165, 4165], [18, 14, 9, 30, 1, 14, 75, 9999, 9999, 9999, 9999, 9999, 9999]]
[4359559.9, [4155, 4165, 4165, 4165, 4165, 4165, 4165, 4165, 4165, 4165, 4165, 4165, 4165, 4165, 4165, 4165, 4165, 4165, 4165, 4165, 4165, 4165, 4165, 4165, 4165, 4165, 4165, 4165, 4165, 4165, 4165, 4165, 4165, 4165, 4165, 4165, 4165, 4165], [18, 9, 14, 30, 6, 9, 80, 9999, 9999, 9999, 9999, 9999, 9999]]
[4360299.94, [4135, 4145, 4155, 4165, 4165, 4165, 4165, 4165, 4165, 4165, 4165, 4165, 4165, 4165, 4165, 4165, 4165, 4165, 4165, 4165, 4165, 4165, 4165, 4165, 4165, 4165, 4165, 4165, 4165, 4165, 4165, 4165, 4165, 4165, 4165, 4165, 4165, 4165], [18, 9, 14, 30, 6, 9, 75, 9999, 9999, 9999, 9999, 9999, 9999]]
[4368365.1, [4135, 4145, 4155, 4160, 4160, 4165, 4165, 4165, 4165, 4165, 4165, 4165, 4165, 4165, 4165, 4165, 4165, 4165, 4165, 4165, 4165, 4165, 4165, 4165, 4165, 4165, 4165, 4165, 4165, 4165, 4165, 4165, 4165, 4165, 4165, 4165, 4165, 4165], [22, 9, 9, 34, 1, 9, 75, 9999, 9999, 9999, 9999, 9999, 9999]]
[4369333.28, [4105, 4155, 4160, 4160, 4165, 4165, 4165, 4165, 4165, 4165, 4165, 4165, 4165, 4165, 4165, 4165, 4165, 4165, 4165, 4165, 4165, 4165, 4165, 4165, 4165, 4165, 4165, 4165, 4165, 4165, 4165, 4165, 4165, 4165, 4165, 4165, 4165, 4165], [22, 9, 9, 34, 1, 9, 84, 9999, 9999, 9999, 9999, 9999, 9999]]
[4377104.53, [4145, 4150, 4155, 4160, 4165, 4165, 4165, 4165, 4165, 4165, 4165, 4165, 4165, 4165, 4165, 4165, 4165, 4165, 4165, 4165, 4165, 4165, 4165, 4165, 4165, 4165, 4165, 4165, 4165, 4165, 4165, 4165, 4165, 4165, 4165, 4165, 4165, 4165], [18, 9, 14, 30, 6, 14, 75, 9999, 9999, 9999, 9999, 9999, 9999]]
[4377731.72, [4140, 4155, 4160, 4165, 4165, 4165, 4165, 4165, 4165, 4165, 4165, 4165, 4165, 4165, 4165, 4165, 4165, 4165, 4165, 4165, 4165, 4165, 4165, 4165, 4165, 4165, 4165, 4165, 4165, 4165, 4165, 4165, 4165, 4165, 4165, 4165, 4165, 4165], [18, 9, 14, 30, 6, 14, 80, 9999, 9999, 9999, 9999, 9999, 9999]]
[4377836.62, [4160, 4160, 4165, 4165, 4165, 4165, 4165, 4165, 4165, 4165, 4165, 4165, 4165, 4165, 4165, 4165, 4165, 4165, 4165, 4165, 4165, 4165, 4165, 4165, 4165, 4165, 4165, 4165, 4165, 4165, 4165, 4165, 4165, 4165, 4165, 4165, 4165, 4165], [18, 14, 9, 30, 6, 9, 80, 9999, 9999, 9999, 9999, 9999, 9999]]
[4378026.05, [4115, 4145, 4155, 4155, 4165, 4165, 4165, 4165, 4165, 4165, 4165, 4165, 4165, 4165, 4165, 4165, 4165, 4165, 4165, 4165, 4165, 4165, 4165, 4165, 4165, 4165, 4165, 4165, 4165, 4165, 4165, 4165, 4165, 4165, 4165, 4165, 4165, 4165], [18, 14, 9, 30, 6, 9, 75, 9999, 9999, 9999, 9999, 9999, 9999]]
[4393683.32, [4145, 4155, 4165, 4165, 4165, 4165, 4165, 4165, 4165, 4165, 4165, 4165, 4165, 4165, 4165, 4165, 4165, 4165, 4165, 4165, 4165, 4165, 4165, 4165, 4165, 4165, 4165, 4165, 4165, 4165, 4165, 4165, 4165, 4165, 4165, 4165, 4165, 4165], [18, 14, 9, 30, 6, 14, 75, 9999, 9999, 9999, 9999, 9999, 9999]]
[4394871.82, [4125, 4150, 4160, 4160, 4160, 4165, 4165, 4165, 4165, 4165, 4165, 4165, 4165, 4165, 4165, 4165, 4165, 4165, 4165, 4165, 4165, 4165, 4165, 4165, 4165, 4165, 4165, 4165, 4165, 4165, 4165, 4165, 4165, 4165, 4165, 4165, 4165, 4165], [18, 14, 9, 30, 6, 14, 80, 9999, 9999, 9999, 9999, 9999, 9999]]
[4399539.37, [4935, 4935, 4935, 4935, 4935, 4935, 4935, 4935, 4935, 4935, 4935, 4935, 4935, 4935, 4935, 4935, 4935, 4935, 4935, 4935, 4935, 4935, 4935, 4935, 4935, 4935, 4935, 4935, 4935, 4935, 4935, 4935, 4935, 4935, 4935, 4935, 4935, 4935], [18, 14, 14, 30, 1, 14, 80, 9999, 9999, 9999, 9999, 9999, 9999]]
[4402315.93, [4935, 4935, 4935, 4935, 4935, 4935, 4935, 4935, 4935, 4935, 4935, 4935, 4935, 4935, 4935, 4935, 4935, 4935, 4935, 4935, 4935, 4935, 4935, 4935, 4935, 4935, 4935, 4935, 4935, 4935, 4935, 4935, 4935, 4935, 4935, 4935, 4935, 4935], [18, 14, 14, 30, 1, 14, 75, 9999, 9999, 9999, 9999, 9999, 9999]]
[4405708.84, [4155, 4155, 4160, 4160, 4165, 4165, 4165, 4165, 4165, 4165, 4165, 4165, 4165, 4165, 4165, 4165, 4165, 4165, 4165, 4165, 4165, 4165, 4165, 4165, 4165, 4165, 4165, 4165, 4165, 4165, 4165, 4165, 4165, 4165, 4165, 4165, 4165, 4165], [22, 9, 9, 34, 1, 18, 84, 9999, 9999, 9999, 9999, 9999, 9999]]
[4406898.2, [4125, 4145, 4145, 4160, 4165, 4165, 4165, 4165, 4165, 4165, 4165, 4165, 4165, 4165, 4165, 4165, 4165, 4165, 4165, 4165, 4165, 4165, 4165, 4165, 4165, 4165, 4165, 4165, 4165, 4165, 4165, 4165, 4165, 4165, 4165, 4165, 4165, 4165], [22, 9, 9, 34, 1, 18, 75, 9999, 9999, 9999, 9999, 9999, 9999]]
[4422047.85, [4920, 4920, 4920, 4920, 4920, 4920, 4920, 4920, 4920, 4920, 4920, 4920, 4920, 4920, 4920, 4920, 4920, 4920, 4920, 4920, 4920, 4920, 4920, 4920, 4920, 4920, 4920, 4920, 4920, 4920, 4920, 4920, 4920, 4920, 4920, 4920, 4920, 4920], [18, 14, 14, 30, 1, 9, 80, 9999, 9999, 9999, 9999, 9999, 9999]]
[4424913.48, [4920, 4920, 4920, 4920, 4920, 4920, 4920, 4920, 4920, 4920, 4920, 4920, 4920, 4920, 4920, 4920, 4920, 4920, 4920, 4920, 4920, 4920, 4920, 4920, 4920, 4920, 4920, 4920, 4920, 4920, 4920, 4920, 4920, 4920, 4920, 4920, 4920, 4920], [18, 14, 14, 30, 1, 9, 75, 9999, 9999, 9999, 9999, 9999, 9999]]
[4515266.45, [4935, 4935, 4935, 4935, 4935, 4935, 4935, 4935, 4935, 4935, 4935, 4935, 4935, 4935, 4935, 4935, 4935, 4935, 4935, 4935, 4935, 4935, 4935, 4935, 4935, 4935, 4935, 4935, 4935, 4935, 4935, 4935, 4935, 4935, 4935, 4935, 4935, 4935], [18, 14, 14, 30, 6, 14, 80, 9999, 9999, 9999, 9999, 9999, 9999]]
[4517914.33, [4935, 4935, 4935, 4935, 4935, 4935, 4935, 4935, 4935, 4935, 4935, 4935, 4935, 4935, 4935, 4935, 4935, 4935, 4935, 4935, 4935, 4935, 4935, 4935, 4935, 4935, 4935, 4935, 4935, 4935, 4935, 4935, 4935, 4935, 4935, 4935, 4935, 4935], [18, 14, 14, 30, 6, 14, 75, 9999, 9999, 9999, 9999, 9999, 9999]]
[4538130.77, [4920, 4920, 4920, 4920, 4920, 4920, 4920, 4920, 4920, 4920, 4920, 4920, 4920, 4920, 4920, 4920, 4920, 4920, 4920, 4920, 4920, 4920, 4920, 4920, 4920, 4920, 4920, 4920, 4920, 4920, 4920, 4920, 4920, 4920, 4920, 4920, 4920, 4920], [18, 14, 14, 30, 6, 9, 80, 9999, 9999, 9999, 9999, 9999, 9999]]
[4540144.58, [4920, 4920, 4920, 4920, 4920, 4920, 4920, 4920, 4920, 4920, 4920, 4920, 4920, 4920, 4920, 4920, 4920, 4920, 4920, 4920, 4920, 4920, 4920, 4920, 4920, 4920, 4920, 4920, 4920, 4920, 4920, 4920, 4920, 4920, 4920, 4920, 4920, 4920], [18, 14, 14, 30, 6, 9, 75, 9999, 9999, 9999, 9999, 9999, 9999]]
[4575053.86, [4125, 4145, 4155, 4165, 4165, 4165, 4165, 4165, 4165, 4165, 4165, 4165, 4165, 4165, 4165, 4165, 4165, 4165, 4165, 4165, 4165, 4165, 4165, 4165, 4165, 4165, 4165, 4165, 4165, 4165, 4165, 4165, 4165, 4165, 4165, 4165, 4165, 4165], [22, 9, 9, 34, 10, 9, 75, 9999, 9999, 9999, 9999, 9999, 9999]]
[4576024.07, [4125, 4145, 4150, 4160, 4165, 4165, 4165, 4165, 4165, 4165, 4165, 4165, 4165, 4165, 4165, 4165, 4165, 4165, 4165, 4165, 4165, 4165, 4165, 4165, 4165, 4165, 4165, 4165, 4165, 4165, 4165, 4165, 4165, 4165, 4165, 4165, 4165, 4165], [22, 9, 9, 34, 10, 9, 84, 9999, 9999, 9999, 9999, 9999, 9999]]
[4590973.62, [4145, 4145, 4145, 4145, 4145, 4145, 4145, 4145, 4145, 4145, 4145, 4145, 4145, 4145, 4145, 4145, 4145, 4145, 4145, 4145, 4145, 4145, 4145, 4145, 4145, 4145, 4145, 4145, 4145, 4145, 4145, 4145, 4145, 4145, 4145, 4145, 4145, 4145], [18, 14, 14, 25, 1, 14, 80, 9999, 9999, 9999, 9999, 9999, 9999]]
[4591035.98, [4145, 4145, 4145, 4145, 4145, 4145, 4145, 4145, 4145, 4145, 4145, 4145, 4145, 4145, 4145, 4145, 4145, 4145, 4145, 4145, 4145, 4145, 4145, 4145, 4145, 4145, 4145, 4145, 4145, 4145, 4145, 4145, 4145, 4145, 4145, 4145, 4145, 4145], [18, 14, 14, 25, 1, 14, 75, 9999, 9999, 9999, 9999, 9999, 9999]]
[4599103.37, [4130, 4130, 4130, 4130, 4130, 4130, 4130, 4130, 4130, 4130, 4130, 4130, 4130, 4130, 4130, 4130, 4130, 4130, 4130, 4130, 4130, 4130, 4130, 4130, 4130, 4130, 4130, 4130, 4130, 4130, 4130, 4130, 4130, 4130, 4130, 4130, 4130, 4130], [18, 14, 14, 25, 1, 9, 75, 9999, 9999, 9999, 9999, 9999, 9999]]
[4600251.77, [4055, 4130, 4130, 4130, 4130, 4130, 4130, 4130, 4130, 4130, 4130, 4130, 4130, 4130, 4130, 4130, 4130, 4130, 4130, 4130, 4130, 4130, 4130, 4130, 4130, 4130, 4130, 4130, 4130, 4130, 4130, 4130, 4130, 4130, 4130, 4130, 4130, 4130], [18, 14, 14, 25, 1, 9, 80, 9999, 9999, 9999, 9999, 9999, 9999]]
[4613393.27, [4125, 4135, 4145, 4155, 4160, 4160, 4165, 4165, 4165, 4165, 4165, 4165, 4165, 4165, 4165, 4165, 4165, 4165, 4165, 4165, 4165, 4165, 4165, 4165, 4165, 4165, 4165, 4165, 4165, 4165, 4165, 4165, 4165, 4165, 4165, 4165, 4165, 4165], [22, 9, 9, 34, 10, 18, 75, 9999, 9999, 9999, 9999, 9999, 9999]]
[4614477.42, [4125, 4140, 4155, 4155, 4160, 4165, 4165, 4165, 4165, 4165, 4165, 4165, 4165, 4165, 4165, 4165, 4165, 4165, 4165, 4165, 4165, 4165, 4165, 4165, 4165, 4165, 4165, 4165, 4165, 4165, 4165, 4165, 4165, 4165, 4165, 4165, 4165, 4165], [22, 9, 9, 34, 10, 18, 84, 9999, 9999, 9999, 9999, 9999, 9999]]
[4704872.1, [4145, 4145, 4145, 4145, 4145, 4145, 4145, 4145, 4145, 4145, 4145, 4145, 4145, 4145, 4145, 4145, 4145, 4145, 4145, 4145, 4145, 4145, 4145, 4145, 4145, 4145, 4145, 4145, 4145, 4145, 4145, 4145, 4145, 4145, 4145, 4145, 4145, 4145], [18, 14, 14, 25, 6, 14, 80, 9999, 9999, 9999, 9999, 9999, 9999]]
[4705833.82, [4145, 4145, 4145, 4145, 4145, 4145, 4145, 4145, 4145, 4145, 4145, 4145, 4145, 4145, 4145, 4145, 4145, 4145, 4145, 4145, 4145, 4145, 4145, 4145, 4145, 4145, 4145, 4145, 4145, 4145, 4145, 4145, 4145, 4145, 4145, 4145, 4145, 4145], [18, 14, 14, 25, 6, 14, 75, 9999, 9999, 9999, 9999, 9999, 9999]]
[4714252.53, [4130, 4130, 4130, 4130, 4130, 4130, 4130, 4130, 4130, 4130, 4130, 4130, 4130, 4130, 4130, 4130, 4130, 4130, 4130, 4130, 4130, 4130, 4130, 4130, 4130, 4130, 4130, 4130, 4130, 4130, 4130, 4130, 4130, 4130, 4130, 4130, 4130, 4130], [18, 14, 14, 25, 6, 9, 75, 9999, 9999, 9999, 9999, 9999, 9999]]
[4715555.67, [4130, 4130, 4130, 4130, 4130, 4130, 4130, 4130, 4130, 4130, 4130, 4130, 4130, 4130, 4130, 4130, 4130, 4130, 4130, 4130, 4130, 4130, 4130, 4130, 4130, 4130, 4130, 4130, 4130, 4130, 4130, 4130, 4130, 4130, 4130, 4130, 4130, 4130], [18, 14, 14, 25, 6, 9, 80, 9999, 9999, 9999, 9999, 9999, 9999]]
[4882942.4, [4125, 4150, 4155, 4155, 4155, 4155, 4155, 4155, 4155, 4155, 4155, 4155, 4155, 4155, 4155, 4155, 4155, 4155, 4155, 4155, 4155, 4155, 4155, 4155, 4155, 4155, 4155, 4155, 4155, 4155, 4155, 4155, 4155, 4155, 4155, 4155, 4155, 4155], [22, 9, 18, 25, 1, 18, 84, 9999, 9999, 9999, 9999, 9999, 9999]]
[4883805.52, [4155, 4155, 4155, 4155, 4155, 4155, 4155, 4155, 4155, 4155, 4155, 4155, 4155, 4155, 4155, 4155, 4155, 4155, 4155, 4155, 4155, 4155, 4155, 4155, 4155, 4155, 4155, 4155, 4155, 4155, 4155, 4155, 4155, 4155, 4155, 4155, 4155, 4155], [22, 9, 18, 25, 1, 18, 75, 9999, 9999, 9999, 9999, 9999, 9999]]
[4883973.23, [4130, 4130, 4130, 4130, 4130, 4130, 4130, 4130, 4130, 4130, 4130, 4130, 4130, 4130, 4130, 4130, 4130, 4130, 4130, 4130, 4130, 4130, 4130, 4130, 4130, 4130, 4130, 4130, 4130, 4130, 4130, 4130, 4130, 4130, 4130, 4130, 4130, 4130], [22, 9, 18, 25, 1, 9, 84, 9999, 9999, 9999, 9999, 9999, 9999]]
[4884315.46, [4055, 4130, 4130, 4130, 4130, 4130, 4130, 4130, 4130, 4130, 4130, 4130, 4130, 4130, 4130, 4130, 4130, 4130, 4130, 4130, 4130, 4130, 4130, 4130, 4130, 4130, 4130, 4130, 4130, 4130, 4130, 4130, 4130, 4130, 4130, 4130, 4130, 4130], [22, 9, 18, 25, 1, 9, 75, 9999, 9999, 9999, 9999, 9999, 9999]]
[4909857.61, [4000, 4000, 4000, 4000, 4000, 4000, 4000, 4000, 4000, 4000, 4000, 4000, 4000, 4000, 4000, 4000, 4000, 4000, 4000, 4000, 4000, 4000, 4000, 4000, 4000, 4000, 4000, 4000, 4000, 4000, 4000, 4000, 4000, 4000, 4000, 4000, 4000, 4000], [13, 9, 18, 34, 10, 18, 75, 9999, 9999, 9999, 9999, 9999, 9999]]
[4913881.37, [4155, 4155, 4155, 4155, 4155, 4155, 4155, 4155, 4155, 4155, 4155, 4155, 4155, 4155, 4155, 4155, 4155, 4155, 4155, 4155, 4155, 4155, 4155, 4155, 4155, 4155, 4155, 4155, 4155, 4155, 4155, 4155, 4155, 4155, 4155, 4155, 4155, 4155], [22, 18, 9, 25, 1, 18, 75, 9999, 9999, 9999, 9999, 9999, 9999]]
[4914322.83, [4135, 4155, 4155, 4155, 4155, 4155, 4155, 4155, 4155, 4155, 4155, 4155, 4155, 4155, 4155, 4155, 4155, 4155, 4155, 4155, 4155, 4155, 4155, 4155, 4155, 4155, 4155, 4155, 4155, 4155, 4155, 4155, 4155, 4155, 4155, 4155, 4155, 4155], [22, 18, 9, 25, 1, 18, 84, 9999, 9999, 9999, 9999, 9999, 9999]]
[4915825.7, [4130, 4130, 4130, 4130, 4130, 4130, 4130, 4130, 4130, 4130, 4130, 4130, 4130, 4130, 4130, 4130, 4130, 4130, 4130, 4130, 4130, 4130, 4130, 4130, 4130, 4130, 4130, 4130, 4130, 4130, 4130, 4130, 4130, 4130, 4130, 4130, 4130, 4130], [22, 18, 9, 25, 1, 9, 75, 9999, 9999, 9999, 9999, 9999, 9999]]
[4915886.91, [4125, 4130, 4130, 4130, 4130, 4130, 4130, 4130, 4130, 4130, 4130, 4130, 4130, 4130, 4130, 4130, 4130, 4130, 4130, 4130, 4130, 4130, 4130, 4130, 4130, 4130, 4130, 4130, 4130, 4130, 4130, 4130, 4130, 4130, 4130, 4130, 4130, 4130], [22, 18, 9, 25, 1, 9, 84, 9999, 9999, 9999, 9999, 9999, 9999]]
[5087510.02, [4130, 4155, 4155, 4155, 4155, 4155, 4155, 4155, 4155, 4155, 4155, 4155, 4155, 4155, 4155, 4155, 4155, 4155, 4155, 4155, 4155, 4155, 4155, 4155, 4155, 4155, 4155, 4155, 4155, 4155, 4155, 4155, 4155, 4155, 4155, 4155, 4155, 4155], [22, 9, 18, 25, 10, 18, 75, 9999, 9999, 9999, 9999, 9999, 9999]]
[5087790.23, [4155, 4155, 4155, 4155, 4155, 4155, 4155, 4155, 4155, 4155, 4155, 4155, 4155, 4155, 4155, 4155, 4155, 4155, 4155, 4155, 4155, 4155, 4155, 4155, 4155, 4155, 4155, 4155, 4155, 4155, 4155, 4155, 4155, 4155, 4155, 4155, 4155, 4155], [22, 9, 18, 25, 10, 18, 84, 9999, 9999, 9999, 9999, 9999, 9999]]
[5089408.22, [4130, 4130, 4130, 4130, 4130, 4130, 4130, 4130, 4130, 4130, 4130, 4130, 4130, 4130, 4130, 4130, 4130, 4130, 4130, 4130, 4130, 4130, 4130, 4130, 4130, 4130, 4130, 4130, 4130, 4130, 4130, 4130, 4130, 4130, 4130, 4130, 4130, 4130], [22, 9, 18, 25, 10, 9, 84, 9999, 9999, 9999, 9999, 9999, 9999]]
[5089748.49, [4120, 4130, 4130, 4130, 4130, 4130, 4130, 4130, 4130, 4130, 4130, 4130, 4130, 4130, 4130, 4130, 4130, 4130, 4130, 4130, 4130, 4130, 4130, 4130, 4130, 4130, 4130, 4130, 4130, 4130, 4130, 4130, 4130, 4130, 4130, 4130, 4130, 4130], [22, 9, 18, 25, 10, 9, 75, 9999, 9999, 9999, 9999, 9999, 9999]]
[5119163.85, [4115, 4155, 4155, 4155, 4155, 4155, 4155, 4155, 4155, 4155, 4155, 4155, 4155, 4155, 4155, 4155, 4155, 4155, 4155, 4155, 4155, 4155, 4155, 4155, 4155, 4155, 4155, 4155, 4155, 4155, 4155, 4155, 4155, 4155, 4155, 4155, 4155, 4155], [22, 18, 9, 25, 10, 18, 84, 9999, 9999, 9999, 9999, 9999, 9999]]
[5119171.19, [4125, 4150, 4155, 4155, 4155, 4155, 4155, 4155, 4155, 4155, 4155, 4155, 4155, 4155, 4155, 4155, 4155, 4155, 4155, 4155, 4155, 4155, 4155, 4155, 4155, 4155, 4155, 4155, 4155, 4155, 4155, 4155, 4155, 4155, 4155, 4155, 4155, 4155], [22, 18, 9, 25, 10, 18, 75, 9999, 9999, 9999, 9999, 9999, 9999]]
[5119463.3, [4130, 4130, 4130, 4130, 4130, 4130, 4130, 4130, 4130, 4130, 4130, 4130, 4130, 4130, 4130, 4130, 4130, 4130, 4130, 4130, 4130, 4130, 4130, 4130, 4130, 4130, 4130, 4130, 4130, 4130, 4130, 4130, 4130, 4130, 4130, 4130, 4130, 4130], [22, 18, 9, 25, 10, 9, 75, 9999, 9999, 9999, 9999, 9999, 9999]]
[5120141.69, [4130, 4130, 4130, 4130, 4130, 4130, 4130, 4130, 4130, 4130, 4130, 4130, 4130, 4130, 4130, 4130, 4130, 4130, 4130, 4130, 4130, 4130, 4130, 4130, 4130, 4130, 4130, 4130, 4130, 4130, 4130, 4130, 4130, 4130, 4130, 4130, 4130, 4130], [22, 18, 9, 25, 10, 9, 84, 9999, 9999, 9999, 9999, 9999, 9999]]
[5497510.2, [4165, 4165, 4165, 4165, 4165, 4165, 4165, 4165, 4165, 4165, 4165, 4165, 4165, 4165, 4165, 4165, 4165, 4165, 4165, 4165, 4165, 4165, 4165, 4165, 4165, 4165, 4165, 4165, 4165, 4165, 4165, 4165, 4165, 4165, 4165, 4165, 4165, 4165], [22, 9, 18, 34, 1, 9, 75, 9999, 9999, 9999, 9999, 9999, 9999]]
[5498764.25, [4155, 4160, 4160, 4160, 4165, 4165, 4165, 4165, 4165, 4165, 4165, 4165, 4165, 4165, 4165, 4165, 4165, 4165, 4165, 4165, 4165, 4165, 4165, 4165, 4165, 4165, 4165, 4165, 4165, 4165, 4165, 4165, 4165, 4165, 4165, 4165, 4165, 4165], [22, 9, 18, 34, 1, 9, 84, 9999, 9999, 9999, 9999, 9999, 9999]]
[5529824.55, [4145, 4160, 4165, 4165, 4165, 4165, 4165, 4165, 4165, 4165, 4165, 4165, 4165, 4165, 4165, 4165, 4165, 4165, 4165, 4165, 4165, 4165, 4165, 4165, 4165, 4165, 4165, 4165, 4165, 4165, 4165, 4165, 4165, 4165, 4165, 4165, 4165, 4165], [22, 18, 9, 34, 1, 9, 84, 9999, 9999, 9999, 9999, 9999, 9999]]
[5530442.95, [4145, 4150, 4150, 4160, 4165, 4165, 4165, 4165, 4165, 4165, 4165, 4165, 4165, 4165, 4165, 4165, 4165, 4165, 4165, 4165, 4165, 4165, 4165, 4165, 4165, 4165, 4165, 4165, 4165, 4165, 4165, 4165, 4165, 4165, 4165, 4165, 4165, 4165], [22, 18, 9, 34, 1, 9, 75, 9999, 9999, 9999, 9999, 9999, 9999]]
[5537209.64, [4135, 4140, 4145, 4165, 4165, 4165, 4165, 4165, 4165, 4165, 4165, 4165, 4165, 4165, 4165, 4165, 4165, 4165, 4165, 4165, 4165, 4165, 4165, 4165, 4165, 4165, 4165, 4165, 4165, 4165, 4165, 4165, 4165, 4165, 4165, 4165, 4165, 4165], [22, 9, 18, 34, 1, 18, 75, 9999, 9999, 9999, 9999, 9999, 9999]]
[5537526.65, [4130, 4145, 4160, 4165, 4165, 4165, 4165, 4165, 4165, 4165, 4165, 4165, 4165, 4165, 4165, 4165, 4165, 4165, 4165, 4165, 4165, 4165, 4165, 4165, 4165, 4165, 4165, 4165, 4165, 4165, 4165, 4165, 4165, 4165, 4165, 4165, 4165, 4165], [22, 9, 18, 34, 1, 18, 84, 9999, 9999, 9999, 9999, 9999, 9999]]
[5567365.44, [4155, 4155, 4160, 4160, 4160, 4165, 4165, 4165, 4165, 4165, 4165, 4165, 4165, 4165, 4165, 4165, 4165, 4165, 4165, 4165, 4165, 4165, 4165, 4165, 4165, 4165, 4165, 4165, 4165, 4165, 4165, 4165, 4165, 4165, 4165, 4165, 4165, 4165], [22, 18, 9, 34, 1, 18, 75, 9999, 9999, 9999, 9999, 9999, 9999]]
[5569682.28, [4130, 4140, 4145, 4145, 4165, 4165, 4165, 4165, 4165, 4165, 4165, 4165, 4165, 4165, 4165, 4165, 4165, 4165, 4165, 4165, 4165, 4165, 4165, 4165, 4165, 4165, 4165, 4165, 4165, 4165, 4165, 4165, 4165, 4165, 4165, 4165, 4165, 4165], [22, 18, 9, 34, 1, 18, 84, 9999, 9999, 9999, 9999, 9999, 9999]]
[5704559.42, [4160, 4160, 4160, 4165, 4165, 4165, 4165, 4165, 4165, 4165, 4165, 4165, 4165, 4165, 4165, 4165, 4165, 4165, 4165, 4165, 4165, 4165, 4165, 4165, 4165, 4165, 4165, 4165, 4165, 4165, 4165, 4165, 4165, 4165, 4165, 4165, 4165, 4165], [22, 9, 18, 34, 10, 9, 75, 9999, 9999, 9999, 9999, 9999, 9999]]
[5705193.87, [4155, 4165, 4165, 4165, 4165, 4165, 4165, 4165, 4165, 4165, 4165, 4165, 4165, 4165, 4165, 4165, 4165, 4165, 4165, 4165, 4165, 4165, 4165, 4165, 4165, 4165, 4165, 4165, 4165, 4165, 4165, 4165, 4165, 4165, 4165, 4165, 4165, 4165], [22, 9, 18, 34, 10, 9, 84, 9999, 9999, 9999, 9999, 9999, 9999]]
[5705233.44, [5595, 5595, 5595, 5595, 5595, 5595, 5595, 5595, 5595, 5595, 5595, 5595, 5595, 5595, 5595, 5595, 5595, 5595, 5595, 5595, 5595, 5595, 5595, 5595, 5595, 5595, 5595, 5595, 5595, 5595, 5595, 5595, 5595, 5595, 5595, 5595, 5595, 5595], [22, 18, 18, 34, 1, 18, 84, 9999, 9999, 9999, 9999, 9999, 9999]]
[5715844.58, [5595, 5595, 5595, 5595, 5595, 5595, 5595, 5595, 5595, 5595, 5595, 5595, 5595, 5595, 5595, 5595, 5595, 5595, 5595, 5595, 5595, 5595, 5595, 5595, 5595, 5595, 5595, 5595, 5595, 5595, 5595, 5595, 5595, 5595, 5595, 5595, 5595, 5595], [22, 18, 18, 34, 1, 18, 75, 9999, 9999, 9999, 9999, 9999, 9999]]
[5736517.37, [4135, 4140, 4160, 4160, 4165, 4165, 4165, 4165, 4165, 4165, 4165, 4165, 4165, 4165, 4165, 4165, 4165, 4165, 4165, 4165, 4165, 4165, 4165, 4165, 4165, 4165, 4165, 4165, 4165, 4165, 4165, 4165, 4165, 4165, 4165, 4165, 4165, 4165], [22, 18, 9, 34, 10, 9, 75, 9999, 9999, 9999, 9999, 9999, 9999]]
[5736763.59, [4160, 4160, 4165, 4165, 4165, 4165, 4165, 4165, 4165, 4165, 4165, 4165, 4165, 4165, 4165, 4165, 4165, 4165, 4165, 4165, 4165, 4165, 4165, 4165, 4165, 4165, 4165, 4165, 4165, 4165, 4165, 4165, 4165, 4165, 4165, 4165, 4165, 4165], [22, 18, 9, 34, 10, 9, 84, 9999, 9999, 9999, 9999, 9999, 9999]]
[5743538.28, [4095, 4155, 4165, 4165, 4165, 4165, 4165, 4165, 4165, 4165, 4165, 4165, 4165, 4165, 4165, 4165, 4165, 4165, 4165, 4165, 4165, 4165, 4165, 4165, 4165, 4165, 4165, 4165, 4165, 4165, 4165, 4165, 4165, 4165, 4165, 4165, 4165, 4165], [22, 9, 18, 34, 10, 18, 75, 9999, 9999, 9999, 9999, 9999, 9999]]
[5743655.79, [4165, 4165, 4165, 4165, 4165, 4165, 4165, 4165, 4165, 4165, 4165, 4165, 4165, 4165, 4165, 4165, 4165, 4165, 4165, 4165, 4165, 4165, 4165, 4165, 4165, 4165, 4165, 4165, 4165, 4165, 4165, 4165, 4165, 4165, 4165, 4165, 4165, 4165], [22, 9, 18, 34, 10, 18, 84, 9999, 9999, 9999, 9999, 9999, 9999]]
[5754139.56, [5540, 5570, 5570, 5570, 5570, 5570, 5570, 5570, 5570, 5570, 5570, 5570, 5570, 5570, 5570, 5570, 5570, 5570, 5570, 5570, 5570, 5570, 5570, 5570, 5570, 5570, 5570, 5570, 5570, 5570, 5570, 5570, 5570, 5570, 5570, 5570, 5570, 5570], [22, 18, 18, 34, 1, 9, 84, 9999, 9999, 9999, 9999, 9999, 9999]]
[5765479.52, [5545, 5570, 5570, 5570, 5570, 5570, 5570, 5570, 5570, 5570, 5570, 5570, 5570, 5570, 5570, 5570, 5570, 5570, 5570, 5570, 5570, 5570, 5570, 5570, 5570, 5570, 5570, 5570, 5570, 5570, 5570, 5570, 5570, 5570, 5570, 5570, 5570, 5570], [22, 18, 18, 34, 1, 9, 75, 9999, 9999, 9999, 9999, 9999, 9999]]
[5774857.07, [4135, 4155, 4160, 4165, 4165, 4165, 4165, 4165, 4165, 4165, 4165, 4165, 4165, 4165, 4165, 4165, 4165, 4165, 4165, 4165, 4165, 4165, 4165, 4165, 4165, 4165, 4165, 4165, 4165, 4165, 4165, 4165, 4165, 4165, 4165, 4165, 4165, 4165], [22, 18, 9, 34, 10, 18, 75, 9999, 9999, 9999, 9999, 9999, 9999]]
[5775969.42, [4120, 4135, 4160, 4160, 4165, 4165, 4165, 4165, 4165, 4165, 4165, 4165, 4165, 4165, 4165, 4165, 4165, 4165, 4165, 4165, 4165, 4165, 4165, 4165, 4165, 4165, 4165, 4165, 4165, 4165, 4165, 4165, 4165, 4165, 4165, 4165, 4165, 4165], [22, 18, 9, 34, 10, 18, 84, 9999, 9999, 9999, 9999, 9999, 9999]]
[5911965.16, [5595, 5595, 5595, 5595, 5595, 5595, 5595, 5595, 5595, 5595, 5595, 5595, 5595, 5595, 5595, 5595, 5595, 5595, 5595, 5595, 5595, 5595, 5595, 5595, 5595, 5595, 5595, 5595, 5595, 5595, 5595, 5595, 5595, 5595, 5595, 5595, 5595, 5595], [22, 18, 18, 34, 10, 18, 84, 9999, 9999, 9999, 9999, 9999, 9999]]
[5924464.91, [5595, 5595, 5595, 5595, 5595, 5595, 5595, 5595, 5595, 5595, 5595, 5595, 5595, 5595, 5595, 5595, 5595, 5595, 5595, 5595, 5595, 5595, 5595, 5595, 5595, 5595, 5595, 5595, 5595, 5595, 5595, 5595, 5595, 5595, 5595, 5595, 5595, 5595], [22, 18, 18, 34, 10, 18, 75, 9999, 9999, 9999, 9999, 9999, 9999]]
[5961015.57, [5565, 5570, 5570, 5570, 5570, 5570, 5570, 5570, 5570, 5570, 5570, 5570, 5570, 5570, 5570, 5570, 5570, 5570, 5570, 5570, 5570, 5570, 5570, 5570, 5570, 5570, 5570, 5570, 5570, 5570, 5570, 5570, 5570, 5570, 5570, 5570, 5570, 5570], [22, 18, 18, 34, 10, 9, 84, 9999, 9999, 9999, 9999, 9999, 9999]]
[5971432.71, [5550, 5570, 5570, 5570, 5570, 5570, 5570, 5570, 5570, 5570, 5570, 5570, 5570, 5570, 5570, 5570, 5570, 5570, 5570, 5570, 5570, 5570, 5570, 5570, 5570, 5570, 5570, 5570, 5570, 5570, 5570, 5570, 5570, 5570, 5570, 5570, 5570, 5570], [22, 18, 18, 34, 10, 9, 75, 9999, 9999, 9999, 9999, 9999, 9999]]
[6041009.19, [4155, 4155, 4155, 4155, 4155, 4155, 4155, 4155, 4155, 4155, 4155, 4155, 4155, 4155, 4155, 4155, 4155, 4155, 4155, 4155, 4155, 4155, 4155, 4155, 4155, 4155, 4155, 4155, 4155, 4155, 4155, 4155, 4155, 4155, 4155, 4155, 4155, 4155], [22, 18, 18, 25, 1, 18, 84, 9999, 9999, 9999, 9999, 9999, 9999]]
[6041199.33, [4155, 4155, 4155, 4155, 4155, 4155, 4155, 4155, 4155, 4155, 4155, 4155, 4155, 4155, 4155, 4155, 4155, 4155, 4155, 4155, 4155, 4155, 4155, 4155, 4155, 4155, 4155, 4155, 4155, 4155, 4155, 4155, 4155, 4155, 4155, 4155, 4155, 4155], [22, 18, 18, 25, 1, 18, 75, 9999, 9999, 9999, 9999, 9999, 9999]]
[6046276.21, [4130, 4130, 4130, 4130, 4130, 4130, 4130, 4130, 4130, 4130, 4130, 4130, 4130, 4130, 4130, 4130, 4130, 4130, 4130, 4130, 4130, 4130, 4130, 4130, 4130, 4130, 4130, 4130, 4130, 4130, 4130, 4130, 4130, 4130, 4130, 4130, 4130, 4130], [22, 18, 18, 25, 1, 9, 75, 9999, 9999, 9999, 9999, 9999, 9999]]
[6046498.05, [4130, 4130, 4130, 4130, 4130, 4130, 4130, 4130, 4130, 4130, 4130, 4130, 4130, 4130, 4130, 4130, 4130, 4130, 4130, 4130, 4130, 4130, 4130, 4130, 4130, 4130, 4130, 4130, 4130, 4130, 4130, 4130, 4130, 4130, 4130, 4130, 4130, 4130], [22, 18, 18, 25, 1, 9, 84, 9999, 9999, 9999, 9999, 9999, 9999]]
[6073021.06, [4000, 4000, 4000, 4000, 4000, 4000, 4000, 4000, 4000, 4000, 4000, 4000, 4000, 4000, 4000, 4000, 4000, 4000, 4000, 4000, 4000, 4000, 4000, 4000, 4000, 4000, 4000, 4000, 4000, 4000, 4000, 4000, 4000, 4000, 4000, 4000, 4000, 4000], [13, 18, 18, 34, 10, 18, 84, 9999, 9999, 9999, 9999, 9999, 9999]]
[6245256.95, [4155, 4155, 4155, 4155, 4155, 4155, 4155, 4155, 4155, 4155, 4155, 4155, 4155, 4155, 4155, 4155, 4155, 4155, 4155, 4155, 4155, 4155, 4155, 4155, 4155, 4155, 4155, 4155, 4155, 4155, 4155, 4155, 4155, 4155, 4155, 4155, 4155, 4155], [22, 18, 18, 25, 10, 18, 84, 9999, 9999, 9999, 9999, 9999, 9999]]
[6246346.96, [4155, 4155, 4155, 4155, 4155, 4155, 4155, 4155, 4155, 4155, 4155, 4155, 4155, 4155, 4155, 4155, 4155, 4155, 4155, 4155, 4155, 4155, 4155, 4155, 4155, 4155, 4155, 4155, 4155, 4155, 4155, 4155, 4155, 4155, 4155, 4155, 4155, 4155], [22, 18, 18, 25, 10, 18, 75, 9999, 9999, 9999, 9999, 9999, 9999]]
[6250501.32, [4130, 4130, 4130, 4130, 4130, 4130, 4130, 4130, 4130, 4130, 4130, 4130, 4130, 4130, 4130, 4130, 4130, 4130, 4130, 4130, 4130, 4130, 4130, 4130, 4130, 4130, 4130, 4130, 4130, 4130, 4130, 4130, 4130, 4130, 4130, 4130, 4130, 4130], [22, 18, 18, 25, 10, 9, 84, 9999, 9999, 9999, 9999, 9999, 9999]]
[6251368.2, [4130, 4130, 4130, 4130, 4130, 4130, 4130, 4130, 4130, 4130, 4130, 4130, 4130, 4130, 4130, 4130, 4130, 4130, 4130, 4130, 4130, 4130, 4130, 4130, 4130, 4130, 4130, 4130, 4130, 4130, 4130, 4130, 4130, 4130, 4130, 4130, 4130, 4130], [22, 18, 18, 25, 10, 9, 75, 9999, 9999, 9999, 9999, 9999, 9999]]
